   128      10390       2964       2573
   256      20758       5838       5056
   384      31126       9045       7835
   512      41494      11929      10322
   640      51862      14919      13071
   768      62230      17573      15311
   896      72598      22202      19061
  1024      82966      26182      22318
  1152      93334      28521      24440
  1280     103702      29381      25456
  1408     114070      32043      27715
  1536     124438      35769      30780
  1664     134806      37987      32817
  1792     145174      40799      35434
  1920     155542      43738      37839
  2048     165910      47572      41048
  2176     176278      49462      42786
  2304     186646      52454      45355
  2432     197014      55513      48160
  2560     207382      58308      50442
  2688     217750      61372      53178
  2816     228118      64692      55990
  2944     238486      67294      58338
  3072     248854      70063      58982
  3200     259222      73057      62825
  3328     269590      76498      65551
  3456     279958      80755      68789
  3584     290326      81428      69981
  3712     300694      84726      72731
  3840     311062      87133      74658
  3968     321430      93701      78911
  4096     331798      93180      79716
  4224     342166      96857      84106
  4352     352534      99011      84366
  4480     362902     101714      86815
  4608     373270     105089      90061
  4736     383638     108909      93122
  4864     394006     111913      96720
  4992     404374     113521      97343
  5120     414742     116500      99004
  5248     425110     121331     103854
  5376     435478     125296     106294
  5504     445846     124823     106103
  5632     456214     128036     109675
  5760     466582     134811     114418
  5888     476950     133916     113747
  6016     487318     138238     117124
  6144     497686     139868     119119
  6272     508054     145321     123312
  6400     518422     146096     123917
  6528     528790     148532     126061
  6656     539158     151224     128481
  6784     549526     154285     130793
  6912     559894     157532     133497
  7040     570262     159964     135932
  7168     580630     164030     138974
  7296     590998     166018     140687
  7424     601366     168850     143437
  7552     611734     171687     145557
  7680     622102     176145     149066
  7808     632470     180123     152775
  7936     642838     180160     152521
  8064     653206     188931     159607
  8192     663574     192017     162798
  8320     673942     193922     163915
  8448     684310     191972     162716
