   128       1349        436        397
   256       2597        826        706
   384       3845       1256       1147
   512       5093       1645       1435
   640       6341       2042       1778
   768       7589       2486       2164
   896       8837       2841       2472
  1024      10085       3275       2821
  1152      11333       3652       3138
  1280      12581       4037       3495
  1408      13829       4456       3816
  1536      15077       4790       4120
  1664      16325       5231       4503
  1792      17573       5623       4835
  1920      18821       6011       5191
  2048      20069       6415       5518
  2176      21317       7148       6243
  2304      22565       8002       7431
  2432      23813       8069       7061
  2560      25061       7993       6881
  2688      26309       8437       7258
  2816      27557       8976       8310
  2944      28805       9221       7939
  3072      30053       9611       8249
  3200      31301      10017       8573
  3328      32549      10576       9127
  3456      33797      10816       9301
  3584      35045      11323       9760
  3712      36293      12373      10633
  3840      37541      12106      10405
  3968      38789      12372      10636
  4096      40037      13595      11821
  4224      41285      13240      11365
  4352      42533      14773      12560
  4480      43781      14103      12307
  4608      45029      14394      12408
  4736      46277      14999      12885
  4864      47525      15395      13272
  4992      48773      15804      13587
  5120      50021      16068      13860
  5248      51269      16456      14143
  5376      52517      16807      14430
  5504      53765      17277      14884
  5632      55013      18507      15788
  5760      56261      18745      16055
  5888      57509      18657      16079
  6016      58757      18958      16341
  6144      60005      19908      17105
  6272      61253      19727      17110
  6400      62501      20240      17460
  6528      63749      20656      17776
  6656      64997      21004      18047
  6784      66245      21331      18340
  6912      67493      21895      18803
  7040      68741      22126      19000
  7168      69989      22496      19353
  7296      71237      23086      19841
  7424      72485      23377      20113
  7552      73733      23717      20370
  7680      74981      25754      22190
  7808      76229      26047      22862
  7936      77477      24991      21702
  8064      78725      26850      22810
  8192      79973      25818      22634
  8320      81221      26146      22844
  8448      82469      26600      22907
