   128        475        189        160
   256        891        348        297
   384       1307        504        427
   512       1723        627        541
   640       2139        799        673
   768       2555        943        801
   896       2971       1101        946
  1024       3387       1260       1072
  1152       3803       1426       1204
  1280       4219       1596       1351
  1408       4635       1680       1427
  1536       5051       1855       1560
  1664       5467       2007       1721
  1792       5883       2149       1810
  1920       6299       2289       1924
  2048       6715       2458       2076
  2176       7131       2614       2204
  2304       7547       2745       2325
  2432       7963       2910       2470
  2560       8379       3097       2636
  2688       8795       3512       2973
  2816       9211       3360       2835
  2944       9627       3541       2985
  3072      10043       3679       3120
  3200      10459       3883       3287
  3328      10875       3965       3340
  3456      11291       4171       3540
  3584      11707       4429       3748
  3712      12123       4452       3758
  3840      12539       4603       3999
  3968      12955       4794       4062
  4096      13371       4923       4159
  4224      13787       5074       4303
  4352      14203       5245       4433
  4480      14619       5368       4519
  4608      15035       5550       4678
  4736      15451       5715       4823
  4864      15867       5849       4928
  4992      16283       6047       5141
  5120      16699       6205       5246
  5248      17115       6329       5348
  5376      17531       6558       5544
  5504      17947       6710       5662
  5632      18363       6940       5868
  5760      18779       7012       5923
  5888      19195       7184       6080
  6016      19611       7394       6236
  6144      20027       7512       6352
  6272      20443       7703       6482
  6400      20859       7845       6632
  6528      21275       8187       6897
  6656      21691       8211       6931
  6784      22107       8903       7526
  6912      22523       8539       7199
  7040      22939       8677       7342
  7168      23355       8831       7474
  7296      23771       8993       7592
  7424      24187       9187       7731
  7552      24603       9314       7848
  7680      25019       9490       7998
  7808      25435       9674       8154
  7936      25851       9818       8294
  8064      26267      10051       8510
  8192      26683      10262       8669
  8320      27099      10254       8652
  8448      27515      10408       8786
