   128        253        102         85
   256        469        281        257
   384        685        276        232
   512        901        366        320
   640       1117        474        413
   768       1333        551        465
   896       1549        651        563
  1024       1765        718        607
  1152       1981        804        712
  1280       2197        892        753
  1408       2413        977        849
  1536       2629       1059        912
  1664       2845       1393       1184
  1792       3061       1228       1070
  1920       3277       1348       1158
  2048       3493       1436       1252
  2176       3709       1468       1252
  2304       3925       1567       1361
  2432       4141       1654       1426
  2560       4357       1729       1484
  2688       4573       1834       1579
  2816       4789       1899       1654
  2944       5005       2002       1704
  3072       5221       2110       1816
  3200       5437       2192       1916
  3328       5653       2285       2039
  3456       5869       2368       2092
  3584       6085       2430       2088
  3712       6301       2521       2179
  3840       6517       2599       2235
  3968       6733       2699       2337
  4096       6949       2855       2441
  4224       7165       2858       2453
  4352       7381       2939       2527
  4480       7597       3071       2647
  4608       7813       3365       2905
  4736       8029       3436       2970
  4864       8245       3584       3073
  4992       8461       3677       3116
  5120       8677       3732       3147
  5248       8893       3712       3162
  5376       9109       3969       3412
  5504       9325       4216       3554
  5632       9541       4156       3506
  5760       9757       4412       3736
  5888       9973       4124       3551
  6016      10189       4253       3648
  6144      10405       4585       3955
  6272      10621       4439       3827
  6400      10837       4611       3976
  6528      11053       4811       4094
  6656      11269       4809       4128
  6784      11485       5103       4396
  6912      11701       5004       4301
  7040      11917       5294       4569
  7168      12133       5387       4627
  7296      12349       5317       4551
  7424      12565       5447       4674
  7552      12781       5508       4756
  7680      12997       5587       4792
  7808      13213       5695       4895
  7936      13429       5744       4949
  8064      13645       5986       5159
  8192      13861       6576       5629
  8320      14077       5997       5152
  8448      14293       6118       5246
