   128         66         16         15
   256        126         32         26
   384        186         51         43
   512        246         66         56
   640        306         87         73
   768        366         98         83
   896        426        114         96
  1024        486        128        109
  1152        546        162        137
  1280        606        185        161
  1408        666        212        179
  1536        726        211        180
  1664        786        227        196
  1792        846        243        206
  1920        906        259        218
  2048        966        274        231
  2176       1026        292        246
  2304       1086        307        275
  2432       1146        325        278
  2560       1206        341        288
  2688       1266        433        366
  2816       1326        372        330
  2944       1386        387        339
  3072       1446        449        386
  3200       1506        420        357
  3328       1566        477        400
  3456       1626        452        384
  3584       1686        479        404
  3712       1746        496        418
  3840       1806        564        493
  3968       1866        527        444
  4096       1926        546        473
  4224       1986        564        475
  4352       2046        575        484
  4480       2106        707        621
  4608       2166        594        543
  4736       2226        676        577
  4864       2286        627        531
  4992       2346        646        545
  5120       2406        707        612
  5248       2466        716        605
  5376       2526       1082        932
  5504       2586        860        726
  5632       2646       1475       1251
  5760       2706       1394       1188
  5888       2766       1470       1238
  6016       2826       1551       1308
  6144       2886       1628       1373
  6272       2946       2003       1697
  6400       3006       1984       1671
  6528       3066       2385       2022
  6656       3126       2257       1929
  6784       3186       2332       1968
  6912       3246       2379       2004
  7040       3306       2610       2199
  7168       3366       2597       2191
  7296       3426       2571       2175
  7424       3486       2619       2226
  7552       3546       2624       2215
  7680       3606       2658       2238
  7808       3666       2695       2282
  7936       3726       2722       2293
  8064       3786       2790       2392
  8192       3846       2851       2403
  8320       3906       2939       2474
  8448       3966       2855       2407
