   128        126         33         29
   256        246         65         55
   384        366         97         82
   512        486        130        111
   640        606        187        162
   768        726        209        180
   896        846        243        207
  1024        966        274        233
  1152       1086        308        267
  1280       1206        340        290
  1408       1326        402        345
  1536       1446        404        342
  1664       1566        448        383
  1792       1686        477        402
  1920       1806        511        434
  2048       1926        530        455
  2176       2046        564        482
  2304       2166        598        511
  2432       2286        629        534
  2560       2406        666        567
  2688       2526        773        663
  2816       2646        724        626
  2944       2766        773        667
  3072       2886        789        676
  3200       3006        822        699
  3328       3126        854        732
  3456       3246        885        747
  3584       3366        917        781
  3712       3486        949        803
  3840       3606       1056        893
  3968       3726       1013        859
  4096       3846       1047        882
  4224       3966       1078        912
  4352       4086       1110        939
  4480       4206       1142        974
  4608       4326       1174        990
  4736       4446       1282       1097
  4864       4566       1238       1047
  4992       4686       1270       1075
  5120       4806       1325       1120
  5248       4926       1365       1157
  5376       5046       1575       1339
  5504       5166       1642       1384
  5632       5286       2202       1856
  5760       5406       2300       1951
  5888       5526       2580       2175
  6016       5646       2769       2373
  6144       5766       2845       2399
  6272       5886       3430       2892
  6400       6006       3408       2872
  6528       6126       3911       3296
  6656       6246       4009       3405
  6784       6366       4114       3464
  6912       6486       4202       3569
  7040       6606       4251       3595
  7168       6726       4417       3745
  7296       6846       4439       3738
  7424       6966       4652       3918
  7552       7086       4909       4145
  7680       7206       4721       3988
  7808       7326       4605       3890
  7936       7446       4900       4153
  8064       7566       4875       4131
  8192       7686       4962       4189
  8320       7806       5003       4231
  8448       7926       5122       4310
