   128        262         71         65
   256        518        139        117
   384        774        220        188
   512       1030        285        241
   640       1286        357        309
   768       1542        429        370
   896       1798        503        439
  1024       2054        670        572
  1152       2310        633        538
  1280       2566        697        588
  1408       2822        767        674
  1536       3078        839        725
  1664       3334        898        767
  1792       3590       1019        870
  1920       3846       1111        936
  2048       4102       1463       1254
  2176       4358       1241       1048
  2304       4614       1397       1185
  2432       4870       1388       1167
  2560       5126       1566       1324
  2688       5382       1741       1555
  2816       5638       1642       1388
  2944       5894       1593       1385
  3072       6150       1971       1685
  3200       6406       1765       1527
  3328       6662       1876       1611
  3456       6918       1947       1648
  3584       7174       1946       1702
  3712       7430       1994       1725
  3840       7686       2050       1759
  3968       7942       2129       1840
  4096       8198       2628       2247
  4224       8454       2629       2258
  4352       8710       2502       2113
  4480       8966       2619       2208
  4608       9222       2671       2248
  4736       9478       2869       2418
  4864       9734       2893       2436
  4992       9990       2834       2419
  5120      10246       3322       2870
  5248      10502       2827       2423
  5376      10758       2974       2565
  5504      11014       2965       2553
  5632      11270       3138       2701
  5760      11526       3124       2690
  5888      11782       3292       2828
  6016      12038       3313       2860
  6144      12294       3973       3429
  6272      12550       3460       2981
  6400      12806       3528       3030
  6528      13062       3601       3092
  6656      13318       3790       3260
  6784      13574       3748       3226
  6912      13830       3884       3331
  7040      14086       3901       3366
  7168      14342       4728       4079
  7296      14598       4111       3510
  7424      14854       4495       3784
  7552      15110       4461       3755
  7680      15366       4681       3941
  7808      15622       4851       4096
  7936      15878       4744       4012
  8064      16134       4982       4208
  8192      16390       5814       4898
  8320      16646       5016       4255
  8448      16902       5235       4421
