   128         53         30         29
   256        101         59         50
   384        149         85         72
   512        197        113         96
   640        245        109         95
   768        293        110         93
   896        341        124        108
  1024        389        136        117
  1152        437        153        131
  1280        485        166        143
  1408        533        185        161
  1536        581        200        170
  1664        629        271        229
  1792        677        222        189
  1920        725        236        203
  2048        773        270        229
  2176        821        335        286
  2304        869        368        311
  2432        917        308        263
  2560        965        306        257
  2688       1013        320        271
  2816       1061        334        285
  2944       1109        349        307
  3072       1157        394        332
  3200       1205        376        324
  3328       1253        396        348
  3456       1301        409        362
  3584       1349        422        357
  3712       1397        436        370
  3840       1445        451        381
  3968       1493        465        407
  4096       1541        534        463
  4224       1589        561        479
  4352       1637        508        442
  4480       1685        520        441
  4608       1733        535        452
  4736       1781        551        496
  4864       1829        564        486
  4992       1877        578        498
  5120       1925        673        570
  5248       1973        605        511
  5376       2021        628        555
  5504       2069        644        550
  5632       2117        706        608
  5760       2165       1012        856
  5888       2213       1244       1086
  6016       2261       1246       1074
  6144       2309       1365       1192
  6272       2357       1894       1617
  6400       2405       1654       1428
  6528       2453       2070       1774
  6656       2501       1954       1662
  6784       2549       2040       1785
  6912       2597       2110       1819
  7040       2645       2264       1956
  7168       2693       2283       1983
  7296       2741       2359       2026
  7424       2789       2393       2067
  7552       2837       2409       2066
  7680       2885       2501       2162
  7808       2933       2552       2205
  7936       2981       2522       2174
  8064       3029       2477       2146
  8192       3077       2522       2155
  8320       3125       2624       2259
  8448       3173       2801       2420
