   128        210        100         90
   256        410        204        176
   384        610        307        264
   512        810        407        342
   640       1010        510        444
   768       1210        607        516
   896       1410        707        604
  1024       1610        810        685
  1152       1810        917        777
  1280       2010       1024        890
  1408       2210       1109        944
  1536       2410       1222       1036
  1664       2610       1322       1109
  1792       2810       1425       1223
  1920       3010       1524       1282
  2048       3210       1626       1373
  2176       3410       1731       1486
  2304       3610       1830       1549
  2432       3810       1932       1769
  2560       4010       2034       1748
  2688       4210       2140       1805
  2816       4410       2236       1886
  2944       4610       2338       1972
  3072       4810       2437       2068
  3200       5010       2538       2137
  3328       5210       2654       2253
  3456       5410       2744       2316
  3584       5610       2842       2418
  3712       5810       2942       2483
  3840       6010       3108       2621
  3968       6210       3146       2665
  4096       6410       3247       2734
  4224       6610       3349       2838
  4352       6810       3453       2907
  4480       7010       3553       3084
  4608       7210       3653       3075
  4736       7410       3760       3195
  4864       7610       3853       3357
  4992       7810       3955       3539
  5120       8010       4062       3449
  5248       8210       4167       3529
  5376       8410       4271       3599
  5504       8610       4268       3806
  5632       8810       4467       3917
  5760       9010       4567       4100
  5888       9210       4669       4051
  6016       9410       4775       4027
  6144       9610       4876       4115
  6272       9810       4977       4190
  6400      10010       5080       4287
  6528      10210       5179       4390
  6656      10410       5286       4470
  6784      10610       5387       4537
  6912      10810       5486       4652
  7040      11010       5588       4726
  7168      11210       5692       4803
  7296      11410       5797       4894
  7424      11610       5909       4969
  7552      11810       6010       5052
  7680      12010       6108       5132
  7808      12210       6211       5217
  7936      12410       6308       5487
  8064      12610       6311       5326
  8192      12810       6502       5478
  8320      13010       6601       5555
  8448      13210       6700       5655
