   128        101         34         31
   256        197         66         61
   384        293        111        103
   512        389        139        128
   640        485        166        140
   768        581        194        164
   896        677        222        204
  1024        773        258        234
  1152        869        278        234
  1280        965        307        264
  1408       1061        335        285
  1536       1157        363        312
  1664       1253        395        367
  1792       1349        430        400
  1920       1445        488        411
  2048       1541        532        467
  2176       1637        505        451
  2304       1733        531        454
  2432       1829        563        505
  2560       1925        589        540
  2688       2021        615        539
  2816       2117        656        580
  2944       2213        673        582
  3072       2309        724        625
  3200       2405        729        634
  3328       2501        756        636
  3456       2597        796        712
  3584       2693        812        684
  3712       2789        848        735
  3840       2885        869        742
  3968       2981        898        790
  4096       3077       1040        889
  4224       3173        953        808
  4352       3269        986        862
  4480       3365       1014        858
  4608       3461       1044        925
  4736       3557       1076        940
  4864       3653       1093        925
  4992       3749       1121        981
  5120       3845       1180       1015
  5248       3941       1177       1006
  5376       4037       1205       1030
  5504       4133       1245       1070
  5632       4229       1384       1202
  5760       4325       1470       1258
  5888       4421       1607       1381
  6016       4517       1547       1315
  6144       4613       2100       1803
  6272       4709       1773       1551
  6400       4805       1972       1696
  6528       4901       2142       1839
  6656       4997       2166       1874
  6784       5093       2262       1902
  6912       5189       2402       2021
  7040       5285       2466       2121
  7168       5381       2676       2293
  7296       5477       2401       2081
  7424       5573       2385       2039
  7552       5669       2437       2095
  7680       5765       2549       2176
  7808       5861       2616       2252
  7936       5957       2587       2214
  8064       6053       2577       2208
  8192       6149       3050       2621
  8320       6245       3000       2580
  8448       6341       2730       2350
