#int double real img int16 real16 img16 error
0 0.0000000000 -0.0000000000 0.0000000000 0.0000002384 -0.0004882962 0.0000000000 0.0000002384
0 0.0000000000 0.0000002384 0.0000000000 1 0.0000265984 -0.0000632887 0.0051569707 0.0000200107 -0.0003967406 0.0044557024 0.0000006030
1 0.0000265984 0.0000200107 6.9677558037 2 0.0001073925 -0.0002543217 0.0103599156 0.0000977064 -0.0007324442 0.0098574786 0.0000004810
2 0.0001073925 0.0000977064 28.1414098929 3 0.0002454501 -0.0005766531 0.0156562310 0.0002253761 -0.0009155553 0.0149845882 0.0000005660
3 0.0002454501 0.0002253761 64.3378009636 4 0.0004461259 -0.0010363924 0.0210962511 0.0004346971 -0.0012207404 0.0208136235 0.0000001139
4 0.0004461259 0.0004346971 116.9358001032 5 0.0007174559 -0.0016424985 0.0267349611 0.0006984042 -0.0017700735 0.0263679922 0.0000001509
5 0.0007174559 0.0006984042 188.0720645001 6 0.0010707750 -0.0024072311 0.0326340356 0.0010509406 -0.0025330363 0.0323191015 0.0000001150
6 0.0010707750 0.0010509406 280.7044231755 7 0.0015216402 -0.0033467993 0.0388643681 0.0014933235 -0.0035096286 0.0384838404 0.0000001713
7 0.0015216402 0.0014933235 398.7709816222 8 0.0020911896 -0.0044822774 0.0455093266 0.0020732245 -0.0046998505 0.0452894681 0.0000000957
8 0.0020911896 0.0020732245 548.0963948241 9 0.0028081467 -0.0058408896 0.0526690675 0.0027804824 -0.0058900723 0.0524002808 0.0000000747
9 0.0028081467 0.0027804824 736.0073053825 10 0.0037118057 -0.0074578202 0.0604664091 0.0036737367 -0.0076906644 0.0601214637 0.0000001732
10 0.0037118057 0.0036737367 973.0583159781 11 0.0048565595 -0.0093787977 0.0690550335 0.0048273339 -0.0095522935 0.0688192389 0.0000000857
11 0.0048565595 0.0048273339 1272.9282765133 12 0.0063189155 -0.0116638412 0.0786312302 0.0062768062 -0.0118106632 0.0783410138 0.0000001058
12 0.0063189155 0.0062768062 1656.3196471269 13 0.0082086642 -0.0143928144 0.0894511658 0.0081586695 -0.0145573290 0.0891445662 0.0000001211
13 0.0082086642 0.0081586695 2151.6142499017 14 0.0106872198 -0.0176738709 0.1018570275 0.0106175736 -0.0177312540 0.1015045625 0.0000001275
14 0.0106872198 0.0106175736 2801.3048138469 15 0.0139988686 -0.0216566965 0.1163179095 0.0139296827 -0.0217596973 0.1160008545 0.0000001111
15 0.0139988686 0.0139296827 3669.4840680765 16 0.0185263540 -0.0265540461 0.1334962045 0.0185109499 -0.0266121403 0.1334269234 0.0000000082
16 0.0185263540 0.0185109499 4856.2030867276 17 0.0248949651 -0.0326783195 0.1543602686 0.0248604726 -0.0327158422 0.1542405469 0.0000000157
17 0.0248949651 0.0248604726 6525.3175221568 18 0.0341799242 -0.0405070283 0.1803859886 0.0341323333 -0.0405590991 0.1802423170 0.0000000234
18 0.0341799242 0.0341323333 8959.5178834288 19 0.0483524178 -0.0508077907 0.2139415486 0.0482717571 -0.0508133183 0.2137516404 0.0000000361
19 0.0483524178 0.0482717571 12674.0847903041 20 0.0713363840 -0.0648972651 0.2590844051 0.0712606749 -0.0649739067 0.2589190344 0.0000000332
20 0.0713363840 0.0712606749 18698.7577982771 21 0.1118515936 -0.0852378351 0.3233977506 0.1117730560 -0.0853297525 0.3232520524 0.0000000297
21 0.1118515936 0.1117730560 29317.7278908522 22 0.1925297445 -0.1170287879 0.4228877006 0.1924750384 -0.1170995209 0.4228034303 0.0000000121
22 0.1925297445 0.1924750384 50466.0077111650 23 0.3879129120 -0.1734694574 0.5981816274 0.3877176522 -0.1734977264 0.5980101932 0.0000000302
23 0.3879129120 0.3877176522 101677.6671319562 24 1.0734691695 -0.3007591855 0.9914701619 1.0731366249 -0.3007599109 0.9913022248 0.0000000282
24 1.0734691695 1.0731366249 281377.1804450643 25 7.9793180631 -0.8530969451 2.6928690398 1.7275959318 -0.8529923399 1.0000000000 2.8658055968
25 7.9793180631 1.7275959318 452915.4037461705 26 18.7232759153 1.3573134653 -4.1086465012 2.0000610380 1.0000000000 -1.0000305185 9.7911662406
26 18.7232759153 2.0000610380 524319.9702129969 27 1.5906189882 0.4102805084 -1.1925975401 1.1682994557 0.4101687674 -1.0000305185 0.0370820703
27 1.5906189882 1.1682994557 306281.2808037675 28 0.5621968143 0.2525992874 -0.7059677148 0.5622342481 0.2525406659 -0.7060151982 0.0000000057
28 0.5621968143 0.5622342481 147362.6289999453 29 0.2904571378 0.1877770267 -0.5051701951 0.2904382012 0.1877193518 -0.5051728874 0.0000000033
29 0.2904571378 0.2904382012 76131.4651480070 30 0.1795429063 0.1524965374 -0.3953324074 0.1794474172 0.1524094363 -0.3952452162 0.0000000152
30 0.1795429063 0.1794474172 47056.5267533677 31 0.1232202214 0.1303425017 -0.3259310566 0.1232131615 0.1302224799 -0.3259681997 0.0000000158
31 0.1232202214 0.1232131615 32297.6235848178 32 0.0905564158 0.1151593681 -0.2780193082 0.0905657562 0.1151158177 -0.2780541398 0.0000000031
32 0.0905564158 0.0905657562 23737.1358303191 33 0.0698370043 0.1041190624 -0.2428913856 0.0697951643 0.1039765618 -0.2428662984 0.0000000209
33 0.0698370043 0.0697951643 18305.6304736343 34 0.0558164823 0.0957403357 -0.2159867366 0.0558976049 0.0957670827 -0.2161626026 0.0000000316
34 0.0558164823 0.0558976049 14631.6938200449 35 0.0458540191 0.0891723586 -0.1946851548 0.0458525540 0.0891140477 -0.1947080905 0.0000000039
35 0.0458540191 0.0458525540 12019.3410465265 36 0.0384993210 0.0838916275 -0.1773739435 0.0385539761 0.0838953825 -0.1775261696 0.0000000232
36 0.0384993210 0.0385539761 10091.5011537374 37 0.0329005086 0.0795583948 -0.1630060441 0.0329241144 0.0794701987 -0.1631214331 0.0000000211
37 0.0329005086 0.0329241144 8623.7692509888 38 0.0285296256 0.0759425687 -0.1508719719 0.0091421317 -0.0000305185 -0.0956144902 0.0088252993
38 0.0285296256 0.0091421317 2390.8987048563 39 0.0250448091 0.0728827925 -0.1404738684 0.0250408110 0.0729087191 -0.1404461806 0.0000000014
39 0.0250448091 0.0250408110 6564.3274489132 40 0.0222164660 0.0702625746 -0.1314520314 0.0222412558 0.0702841273 -0.1315347758 0.0000000073
40 0.0222164660 0.0222412558 5823.6412336903 41 0.0198855663 0.0679957192 -0.1235400682 0.0199135347 0.0681478317 -0.1235694449 0.0000000240
41 0.0198855663 0.0199135347 5213.0527215666 42 0.0179390012 0.0660170866 -0.1165364555 0.0179303280 0.0659810175 -0.1165196692 0.0000000016
42 0.0179390012 0.0179303280 4701.0378378999 43 0.0162944547 0.0642765410 -0.1102859057 0.0162664931 0.0641499069 -0.1102328562 0.0000000189
43 0.0162944547 0.0162664931 4270.7884661687 44 0.0148908049 0.0627348710 -0.1046668089 0.0148806090 0.0626850185 -0.1046479690 0.0000000028
44 0.0148908049 0.0148806090 3903.1608496898 45 0.0136818548 0.0613609725 -0.0995825581 0.0136658583 0.0612811670 -0.0995513779 0.0000000073
45 0.0136818548 0.0136658583 3586.1426201804 46 0.0126321329 0.0601298601 -0.0949554255 0.0126257096 0.0599993896 -0.0950041200 0.0000000194
46 0.0126321329 0.0126257096 3310.9598824083 47 0.0117140158 0.0590212363 -0.0907221555 0.0117139674 0.0590533158 -0.0907010102 0.0000000015
47 0.0117140158 0.0117139674 3070.4290471902 48 0.0109057168 0.0580184439 -0.0868307374 0.0109150310 0.0580156865 -0.0868861965 0.0000000031
48 0.0109057168 0.0109150310 2858.6226808442 49 0.0101898536 0.0571076873 -0.0832380063 0.0102085928 0.0570696127 -0.0833765679 0.0000000206
49 0.0101898536 0.0102085928 2670.8872563963 50 0.0095524125 0.0562774450 -0.0799078323 0.0095661757 0.0561540574 -0.0800805689 0.0000000451
50 0.0095524125 0.0095661757 2504.0824875262 51 0.0089819866 0.0555180215 -0.0768097384 0.0089807422 0.0553300577 -0.0769371624 0.0000000516
51 0.0089819866 0.0089807422 2354.3143564615 52 0.0084692099 0.0548212006 -0.0739178322 0.0084813655 0.0548112430 -0.0740073855 0.0000000081
52 0.0084692099 0.0084813655 2219.9457797433 53 0.0080063296 0.0541799747 -0.0712099705 0.0080452647 0.0542313913 -0.0714438307 0.0000000573
53 0.0080063296 0.0080452647 2098.5655347689 54 0.0075868801 0.0535883319 -0.0686671014 0.0075819435 0.0536210211 -0.0686056093 0.0000000048
54 0.0075868801 0.0075819435 1988.5379692137 55 0.0072054328 0.0530410857 -0.0662727397 0.0072274792 0.0530411695 -0.0664387951 0.0000000276
55 0.0072054328 0.0072274792 1888.5361430618 56 0.0068573998 0.0525337392 -0.0640125464 0.0068471439 0.0524918363 -0.0639667959 0.0000000038
56 0.0068573998 0.0068471439 1797.3311265934 57 0.0065388812 0.0520623747 -0.0618739876 0.0065456647 0.0520340587 -0.0619525742 0.0000000070
57 0.0065388812 0.0065456647 1713.7387450465 58 0.0062465430 0.0516235642 -0.0598460575 0.0062495717 0.0515457625 -0.0599383526 0.0000000146
58 0.0062465430 0.0062495717 1637.5126013498 59 0.0059775204 0.0512142954 -0.0579190501 0.0059683063 0.0511185034 -0.0579241310 0.0000000092
59 0.0059775204 0.0059683063 1566.8500619538 60 0.0057293399 0.0508319113 -0.0560843714 0.0057325006 0.0507522813 -0.0561845759 0.0000000164
60 0.0057293399 0.0057325006 1501.7654755418 61 0.0054998559 0.0504740597 -0.0543343832 0.0055091698 0.0504470962 -0.0544450209 0.0000000130
61 0.0054998559 0.0055091698 1441.5018371929 62 0.0052871993 0.0501386512 -0.0526622722 0.0052861221 0.0500503555 -0.0527359844 0.0000000132
62 0.0052871993 0.0052861221 1385.9075372205 63 0.0050897351 0.0498238235 -0.0510619403 0.0050968807 0.0498062075 -0.0511490219 0.0000000079
63 0.0050897351 0.0050968807 1334.1066427518 64 0.0049060282 0.0495279123 -0.0495279123 0.0049037248 0.0495010224 -0.0495315409 0.0000000007
64 0.0049060282 0.0049037248 1285.9570059901 65 0.0047348136 0.0492494252 -0.0480552571 0.0047335683 0.0491958373 -0.0480971709 0.0000000046
65 0.0047348136 0.0047335683 1240.9826175169 66 0.0045749731 0.0489870209 -0.0466395210 0.0045766737 0.0489822077 -0.0466628010 0.0000000006
66 0.0045749731 0.0045766737 1199.2240885791 67 0.0044255148 0.0487394906 -0.0452766703 0.0044180355 0.0487075411 -0.0452284310 0.0000000033
67 0.0044255148 0.0044180355 1159.9854969629 68 0.0042855561 0.0485057422 -0.0439630422 0.0042770517 0.0484328745 -0.0439466536 0.0000000056
68 0.0042855561 0.0042770517 1123.2678389156 69 0.0041543095 0.0482847870 -0.0426953021 0.0041535433 0.0482497635 -0.0427259133 0.0000000022
69 0.0041543095 0.0041535433 1088.8052213892 70 0.0040310703 0.0480757274 -0.0414704076 0.0040221555 0.0480056154 -0.0414441359 0.0000000056
70 0.0040310703 0.0040221555 1056.4137896809 71 0.0039152063 0.0478777474 -0.0402855759 0.0039053792 0.0478530229 -0.0401928770 0.0000000092
71 0.0039152063 0.0039053792 1026.2354564049 72 0.0038061491 0.0476901034 -0.0391382564 0.0038066008 0.0477309488 -0.0390942106 0.0000000036
72 0.0038061491 0.0038066008 997.6125016066 73 0.0037033860 0.0475121165 -0.0380261063 0.0036882299 0.0474257637 -0.0379345073 0.0000000158
73 0.0037033860 0.0036882299 970.6783078126 74 0.0036064539 0.0473431659 -0.0369469693 0.0036047969 0.0473647267 -0.0368968780 0.0000000030
74 0.0036064539 0.0036047969 945.1245802011 75 0.0035149335 0.0471826827 -0.0358988572 0.0035062346 0.0471205786 -0.0358592486 0.0000000054
75 0.0035149335 0.0035062346 921.0587955277 76 0.0034284442 0.0470301450 -0.0348799327 0.0034256591 0.0469985046 -0.0348826563 0.0000000010
76 0.0034284442 0.0034256591 898.1827949541 77 0.0033466402 0.0468850730 -0.0338884957 0.0033436829 0.0469069491 -0.0338145085 0.0000000060
77 0.0033466402 0.0033436829 879.3034838837 78 0.0032692063 0.0467470251 -0.0329229697 0.0032617671 0.0466628010 -0.0329294717 0.0000000071
78 0.0032692063 0.0032617671 857.3125807764 79 0.0031958549 0.0466155944 -0.0319818903 0.0031877699 0.0466322825 -0.0318308054 0.0000000231
79 0.0031958549 0.0031877699 837.9061264573 80 0.0031263234 0.0464904051 -0.0310638956 0.0031246336 0.0464491714 -0.0310983612 0.0000000029
80 0.0031263234 0.0031246336 819.5930295570 81 0.0030603709 0.0463711100 -0.0301677162 0.0030488566 0.0462965789 -0.0300912503 0.0000000114
81 0.0030603709 0.0030488566 802.2674005433 82 0.0029977770 0.0462573879 -0.0292921678 0.0029922334 0.0461745048 -0.0293282876 0.0000000082
82 0.0029977770 0.0029922334 785.8861352819 83 0.0029383390 0.0461489411 -0.0284361434 0.0029235665 0.0460219123 -0.0283822138 0.0000000190
83 0.0029383390 0.0029235665 770.2226136951 84 0.0028818706 0.0460454935 -0.0275986067 0.0028780313 0.0459913938 -0.0276192511 0.0000000034
84 0.0028818706 0.0028780313 755.4345752875 85 0.0028282001 0.0459467889 -0.0267785865 0.0028119546 0.0457777642 -0.0267647328 0.0000000288
85 0.0028282001 0.0028119546 741.3635169110 86 0.0027771694 0.0458525892 -0.0259751709 0.0027697380 0.0458082827 -0.0259102145 0.0000000062
86 0.0027771694 0.0027697380 727.9385983833 87 0.0027286325 0.0457626728 -0.0251875031 0.0027226875 0.0456862087 -0.0252082888 0.0000000063
87 0.0027286325 0.0027226875 715.1989647831 88 0.0026824544 0.0456768334 -0.0244147761 0.0026762498 0.0456251717 -0.0243842891 0.0000000036
88 0.0026824544 0.0026762498 703.0608356827 89 0.0026385102 0.0455948789 -0.0236562297 0.0026257225 0.0454725791 -0.0236213263 0.0000000162
89 0.0026385102 0.0026257225 691.3765268872 90 0.0025966842 0.0455166301 -0.0229111462 1.0011392968 0.0337534715 -1.0000000000 0.9548410001
90 0.0025966842 1.0011392968 299.4990070885 91 0.0025568693 0.0454419197 -0.0221788474 0.0025531159 0.0454115421 -0.0221564379 0.0000000014
91 0.0025568693 0.0025531159 670.2564479684 92 0.0025189660 0.0453705916 -0.0214586917 0.0025086686 0.0452589496 -0.0214545122 0.0000000125
92 0.0025189660 0.0025086686 660.2974563081 93 0.0024828819 0.0453024998 -0.0207500709 0.0024724892 0.0452284310 -0.0206610309 0.0000000134
93 0.0024828819 0.0024724892 650.8389870543 94 0.0024485312 0.0452375082 -0.0200524083 0.0024408996 0.0451673940 -0.0200201422 0.0000000060
94 0.0024485312 0.0024408996 641.8407303256 95 0.0024158341 0.0451754889 -0.0193651559 0.0024038465 0.0450758385 -0.0192876980 0.0000000159
95 0.0024158341 0.0024038465 633.2748076213 96 0.0023847162 0.0451163228 -0.0186877928 0.0023779234 0.0450453200 -0.0186773278 0.0000000052
96 0.0023847162 0.0023779234 625.0947109776 97 0.0023551084 0.0450598981 -0.0180198227 0.0023500007 0.0449842830 -0.0180669576 0.0000000079
97 0.0023551084 0.0023500007 617.3194389738 98 0.0023269464 0.0450061103 -0.0173607725 0.0023245088 0.0449537645 -0.0174260689 0.0000000070
98 0.0023269464 0.0023245088 609.9955773933 99 0.0023001700 0.0449548613 -0.0167101905 0.0022950539 0.0448927274 -0.0167241432 0.0000000041
99 0.0023001700 0.0022950539 602.9465781115 100 0.0022747234 0.0449060596 -0.0160676450 0.0022732559 0.0448622089 -0.0161442915 0.0000000078
100 0.0022747234 0.0022732559 596.2525280653 101 0.0022505544 0.0448596192 -0.0154327229 0.0022418563 0.0448011719 -0.0153202918 0.0000000161
101 0.0022505544 0.0022418563 589.8897465370 102 0.0022276143 0.0448154597 -0.0148050281 0.0020872110 0.0448622089 -0.0086367382 0.0000380500
102 0.0022276143 0.0020872110 545.9187224959 103 0.0022058578 0.0447735058 -0.0141841807 0.0022127880 0.0447706534 -0.0144352550 0.0000000630
103 0.0022058578 0.0022127880 578.2429998703 104 0.0021852426 0.0447336870 -0.0135698156 0.0021781798 0.0446790979 -0.0134891812 0.0000000095
104 0.0021852426 0.0021781798 572.7922609242 105 0.0021657294 0.0446959374 -0.0129615816 0.0021411156 0.0444349498 -0.0129093295 0.0000000708
105 0.0021657294 0.0021411156 567.6760400043 106 0.0021472814 0.0446601952 -0.0123591405 0.0021276925 0.0444654683 -0.0122684408 0.0000000461
106 0.0021472814 0.0021276925 562.9410294130 107 0.0021298644 0.0446264030 -0.0117621659 0.0021205283 0.0445570238 -0.0116275521 0.0000000229
107 0.0021298644 0.0021205283 558.2893472215 108 0.0021134466 0.0445945068 -0.0111703425 0.0021121320 0.0445875423 -0.0111392560 0.0000000010
108 0.0021134466 0.0021121320 553.9876720832 109 0.0020979984 0.0445644565 -0.0105833654 0.0020886789 0.0444654683 -0.0105594043 0.0000000104
109 0.0020979984 0.0020886789 549.9588855883 110 0.0020834924 0.0445362054 -0.0100009394 0.0020767693 0.0444654683 -0.0099795526 0.0000000055
110 0.0020834924 0.0020767693 546.1418103693 111 0.0020699030 0.0445097099 -0.0094227779 0.0020682472 0.0444959868 -0.0093997009 0.0000000007
111 0.0020699030 0.0020682472 542.5831652691 112 0.0020572067 0.0444849298 -0.0088486027 0.0020555069 0.0444654683 -0.0088503677 0.0000000004
112 0.0020572067 0.0020555069 539.2560769320 113 0.0020453818 0.0444618276 -0.0082781431 0.0020438795 0.0444349498 -0.0083315531 0.0000000036
113 0.0020453818 0.0020438795 536.1357230494 114 0.0020344080 0.0444403688 -0.0077111355 0.0020267906 0.0443739128 -0.0075991089 0.0000000170
114 0.0020344080 0.0020267906 533.2824176627 115 0.0020242670 0.0444205216 -0.0071473225 0.0020141946 0.0443128758 -0.0071108127 0.0000000129
115 0.0020242670 0.0020141946 530.6086993572 116 0.0020149418 0.0444022569 -0.0065864526 0.0020031829 0.0442823572 -0.0065004425 0.0000000218
116 0.0020149418 0.0020031829 528.1665103624 117 0.0020064170 0.0443855480 -0.0060282800 0.0019943711 0.0442518387 -0.0060121464 0.0000000181
117 0.0020064170 0.0019943711 525.9260293155 118 0.0019986787 0.0443703706 -0.0054725632 0.0019769460 0.0441297647 -0.0054322947 0.0000000595
118 0.0019986787 0.0019769460 523.9356928492 119 0.0019917143 0.0443567029 -0.0049190657 0.0019833036 0.0442823572 -0.0047303690 0.0000000411
119 0.0019917143 0.0019833036 522.0293668095 120 0.0019855125 0.0443445253 -0.0043675545 0.0019802402 0.0442823572 -0.0043946654 0.0000000046
120 0.0019855125 0.0019802402 520.4316193342 121 0.0019800632 0.0443338205 -0.0038178004 0.0019754800 0.0442823572 -0.0038148137 0.0000000027
121 0.0019800632 0.0019754800 518.9511659235 122 0.0019753579 0.0443245733 -0.0032695770 0.0019690888 0.0442518387 -0.0032959990 0.0000000060
122 0.0019753579 0.0019690888 517.8244911283 123 0.0019713890 0.0443167706 -0.0027226607 0.0019632379 0.0442213202 -0.0027771844 0.0000000121
123 0.0019713890 0.0019632379 516.7438617172 124 0.0019681503 0.0443104015 -0.0021768304 0.0019572613 0.0441908017 -0.0021057772 0.0000000194
124 0.0019681503 0.0019572613 515.9070033650 125 0.0019656365 0.0443054569 -0.0016318666 0.0019553454 0.0441908017 -0.0015869625 0.0000000152
125 0.0019656365 0.0019553454 515.2446891840 126 0.0019638438 0.0443019300 -0.0010875513 0.0019512073 0.0441602832 -0.0010376293 0.0000000226
126 0.0019638438 0.0019512073 514.7433934475 127 0.0019627693 0.0442998158 -0.0005436678 0.0019477053 0.0441297647 -0.0005188147 0.0000000295
127 0.0019627693 0.0019477053 514.4978703446 128 0.0019624113 0.0442991114 0.0000000000 0.0019339917 0.0439771722 0.0000000000 0.0000001036
128 0.0019624113 0.0019339917 509.8827793933 129 0.0019627693 0.0442998158 0.0005436678 0.0019584944 0.0442518387 0.0005188147 0.0000000029
129 0.0019627693 0.0019584944 514.4896491283 130 0.0019638438 0.0443019300 0.0010875513 0.0019567322 0.0442213202 0.0010986663 0.0000000066
130 0.0019638438 0.0019567322 514.7925078897 131 0.0019656365 0.0443054569 0.0016318666 0.0019636431 0.0442823572 0.0016479995 0.0000000008
131 0.0019656365 0.0019636431 515.2401852715 132 0.0019681503 0.0443104015 0.0021768304 0.0019602202 0.0442213202 0.0021668142 0.0000000080
132 0.0019681503 0.0019602202 515.9102491505 133 0.0019713890 0.0443167706 0.0027226607 0.0019625748 0.0442213202 0.0026551103 0.0000000137
133 0.0019713890 0.0019625748 516.7305242595 134 0.0019753579 0.0443245733 0.0032695770 0.0019686902 0.0442518387 0.0032349620 0.0000000065
134 0.0019753579 0.0019686902 517.7927891225 135 0.0019800632 0.0443338205 0.0038178004 0.0019730118 0.0442518387 0.0038453322 0.0000000075
135 0.0019800632 0.0019730118 519.0134338861 136 0.0019855125 0.0443445253 0.0043675545 0.0019848534 0.0443433943 0.0043031098 0.0000000042
136 0.0019855125 0.0019848534 520.4544315554 137 0.0019917143 0.0443567029 0.0049190657 0.0019880741 0.0443128758 0.0049439985 0.0000000025
137 0.0019917143 0.0019880741 522.0894241663 138 0.0019986787 0.0443703706 0.0054725632 0.0019955158 0.0443433943 0.0054017762 0.0000000057
138 0.0019986787 0.0019955158 523.9051096499 139 0.0020064170 0.0443855480 0.0060282800 0.0020102446 0.0444349498 0.0059816279 0.0000000046
139 0.0020064170 0.0020102446 525.8895061852 140 0.0020149418 0.0444022569 0.0065864526 0.0020062844 0.0443128758 0.0065309610 0.0000000111
140 0.0020149418 0.0020062844 528.1839845753 141 0.0020242670 0.0444205216 0.0071473225 0.0020137615 0.0443128758 0.0070802942 0.0000000161
141 0.0020242670 0.0020137615 530.6211446242 142 0.0020344080 0.0444403688 0.0077111355 0.0020340814 0.0444349498 0.0077211829 0.0000000001
142 0.0020344080 0.0020340814 533.2847063683 143 0.0020453818 0.0444618276 0.0082781431 0.0020443890 0.0444349498 0.0083620716 0.0000000078
143 0.0020453818 0.0020443890 536.1628691094 144 0.0020572067 0.0444849298 0.0088486027 0.0020495433 0.0444044313 0.0088198492 0.0000000073
144 0.0020572067 0.0020495433 539.2430200719 145 0.0020699030 0.0445097099 0.0094227779 0.0020541182 0.0443433943 0.0093691824 0.0000000305
145 0.0020699030 0.0020541182 542.5667375579 146 0.0020834924 0.0445362054 0.0100009394 0.0020794843 0.0444959868 0.0099795526 0.0000000021
146 0.0020834924 0.0020794843 546.1056695991 147 0.0020979984 0.0445644565 0.0105833654 0.0020920393 0.0444959868 0.0105899228 0.0000000047
147 0.0020979984 0.0020920393 549.9464394757 148 0.0021134466 0.0445945068 0.0111703425 0.0021039759 0.0444959868 0.0111392560 0.0000000107
148 0.0021134466 0.0021039759 553.9873090371 149 0.0021298644 0.0446264030 0.0117621659 0.0021206634 0.0445265053 0.0117496261 0.0000000101
149 0.0021298644 0.0021206634 558.2726452349 150 0.0021472814 0.0446601952 0.0123591405 0.0021350951 0.0445570238 0.0122379223 0.0000000253
150 0.0021472814 0.0021350951 562.9322351748 151 0.0021657294 0.0446959374 0.0129615816 0.0021543514 0.0445570238 0.0130008850 0.0000000208
151 0.0021657294 0.0021543514 567.5723676711 152 0.0021852426 0.0447336870 0.0135698156 0.0021752078 0.0446180609 0.0135807367 0.0000000135
152 0.0021852426 0.0021752078 572.7657320371 153 0.0022058578 0.0447735058 0.0141841807 0.0021920434 0.0445875423 0.0142826624 0.0000000443
153 0.0022058578 0.0021920434 578.0202700378 154 0.0022276143 0.0448154597 0.0148050281 1.0043173245 0.0657063509 -1.0000000000 1.0302656744
154 0.0022276143 1.0043173245 1215.2607499745 155 0.0022505544 0.0448596192 0.0154327229 0.0022336611 0.0447096164 0.0153202918 0.0000000351
155 0.0022505544 0.0022336611 590.0070342272 156 0.0022747234 0.0449060596 0.0160676450 0.0022677832 0.0448011719 0.0161442915 0.0000000169
156 0.0022747234 0.0022677832 596.3202223105 157 0.0023001700 0.0449548613 0.0167101905 0.0022977950 0.0449232459 0.0167241432 0.0000000012
157 0.0023001700 0.0022977950 602.9638472253 158 0.0023269464 0.0450061103 0.0173607725 0.0023124856 0.0448316904 0.0173955504 0.0000000316
158 0.0023269464 0.0023124856 610.0304394633 159 0.0023551084 0.0450598981 0.0180198227 0.0023532940 0.0450453200 0.0180059206 0.0000000004
159 0.0023551084 0.0023532940 617.3684389309 160 0.0023847162 0.0451163228 0.0186877928 0.0023806738 0.0450758385 0.0186773278 0.0000000017
160 0.0023847162 0.0023806738 625.0961208709 161 0.0024158341 0.0451754889 0.0193651559 0.0024188045 0.0452284310 0.0193182165 0.0000000050
161 0.0024158341 0.0024188045 633.2526143455 162 0.0024485312 0.0452375082 0.0200524083 0.0024357034 0.0451368755 0.0199591052 0.0000000188
162 0.0024485312 0.0024357034 641.8001281250 163 0.0024828819 0.0453024998 0.0207500709 0.0024858386 0.0453199866 0.0207831050 0.0000000014
163 0.0024828819 0.0024858386 650.8229493266 164 0.0025189660 0.0453705916 0.0214586917 0.0025182749 0.0453505051 0.0214850307 0.0000000011
164 0.0025189660 0.0025182749 660.2746575332 165 0.0025568693 0.0454419197 0.0221788474 0.0025530535 0.0453810236 0.0222174749 0.0000000052
165 0.0025568693 0.0025530535 670.1927344854 166 0.0025966842 0.0455166301 0.0229111462 1.0000000009 -1.0000000000 -0.0000305185 1.0936313437
166 0.0025966842 1.0000000009 966.6146102263 167 0.0026385102 0.0455948789 0.0236562297 0.0026300562 0.0454725791 0.0237128819 0.0000000182
167 0.0026385102 0.0026300562 691.6445840763 168 0.0026824544 0.0456768334 0.0244147761 0.0026875931 0.0457167272 0.0244453261 0.0000000025
168 0.0026824544 0.0026875931 703.1995901141 169 0.0027286325 0.0457626728 0.0251875031 0.0027198999 0.0456556902 0.0252082888 0.0000000119
169 0.0027286325 0.0027198999 715.2821705323 170 0.0027771694 0.0458525892 0.0259751709 0.0027673164 0.0457472457 0.0259712516 0.0000000111
170 0.0027771694 0.0027673164 727.9878690634 171 0.0028282001 0.0459467889 0.0267785865 0.0028324981 0.0459303568 0.0268868068 0.0000000120
171 0.0028282001 0.0028324981 741.3548924596 172 0.0028818706 0.0460454935 0.0275986067 0.0028830971 0.0459913938 0.0277108066 0.0000000155
172 0.0028818706 0.0028830971 755.4748480294 173 0.0029383390 0.0461489411 0.0284361434 0.0029259638 0.0459913938 0.0284737693 0.0000000262
173 0.0029383390 0.0029259638 770.2962665240 174 0.0029977770 0.0462573879 0.0292921678 0.0029940244 0.0461745048 0.0293588061 0.0000000113
174 0.0029977770 0.0029940244 785.8122713931 175 0.0030603709 0.0463711100 0.0301677162 0.0030422251 0.0462050233 0.0301217689 0.0000000297
175 0.0030603709 0.0030422251 802.2625302858 176 0.0031263234 0.0464904051 0.0310638956 0.0031170699 0.0463881344 0.0310678426 0.0000000105
176 0.0031263234 0.0031170699 819.6075521604 177 0.0031958549 0.0466155944 0.0319818903 0.0031831289 0.0465407270 0.0318918424 0.0000000137
177 0.0031958549 0.0031831289 837.8320624234 178 0.0032692063 0.0467470251 0.0329229697 0.0032617671 0.0466628010 0.0329294717 0.0000000071
178 0.0032692063 0.0032617671 857.3019210709 179 0.0033466402 0.0468850730 0.0338884957 0.0033433727 0.0468153935 0.0339365825 0.0000000072
179 0.0033466402 0.0033433727 879.3175717388 180 0.0034284442 0.0470301450 0.0348799327 0.0034306588 0.0470290231 0.0349131748 0.0000000011
180 0.0034284442 0.0034306588 898.1228990761 181 0.0035149335 0.0471826827 0.0358988572 0.0035026758 0.0470595416 0.0358897671 0.0000000152
181 0.0035149335 0.0035026758 921.1142057809 182 0.0036064539 0.0473431659 0.0369469693 0.0035977557 0.0472426527 0.0369579150 0.0000000102
182 0.0036064539 0.0035977557 945.0360594533 183 0.0037033860 0.0475121165 0.0380261063 0.0037038771 0.0475173193 0.0380260628 0.0000000000
183 0.0037033860 0.0037038771 970.6120890828 184 0.0038061491 0.0476901034 0.0391382564 0.0037978691 0.0476393933 0.0390942106 0.0000000045
184 0.0038061491 0.0037978691 997.5283819591 185 0.0039152063 0.0478777474 0.0402855759 0.0039093692 0.0477919858 0.0403149510 0.0000000082
185 0.0039152063 0.0039093692 1026.0701407368 186 0.0040310703 0.0480757274 0.0414704076 0.0040334848 0.0480971709 0.0414746544 0.0000000005
186 0.0040310703 0.0040334848 1056.5549075332 187 0.0041543095 0.0482847870 0.0426953021 0.0041545716 0.0483413190 0.0426343577 0.0000000069
187 0.0041543095 0.0041545716 1088.8225791200 188 0.0042855561 0.0485057422 0.0439630422 0.0042794649 0.0484023560 0.0440076907 0.0000000127
188 0.0042855561 0.0042794649 1123.3219345361 189 0.0044255148 0.0487394906 0.0452766703 0.0044207971 0.0487075411 0.0452589496 0.0000000013
189 0.0044255148 0.0044207971 1160.0099742326 190 0.0045749731 0.0489870209 0.0466395210 0.0045763980 0.0489211707 0.0467238380 0.0000000114
190 0.0045749731 0.0045763980 1199.2806475444 191 0.0047348136 0.0492494252 0.0480552571 0.0047336372 0.0492263558 0.0480666524 0.0000000007
191 0.0047348136 0.0047336372 1240.9902003620 192 0.0049060282 0.0495279123 0.0495279123 0.0049007024 0.0495010224 0.0495010224 0.0000000014
192 0.0049060282 0.0049007024 1285.9554582731 193 0.0050897351 0.0498238235 0.0510619403 0.0050812941 0.0498062075 0.0509964293 0.0000000046
193 0.0050897351 0.0050812941 1334.1455194695 194 0.0052871993 0.0501386512 0.0526622722 0.0052824348 0.0501419111 0.0526139103 0.0000000023
194 0.0052871993 0.0052824348 1385.8246335223 195 0.0054998559 0.0504740597 0.0543343832 0.0054894991 0.0504165777 0.0542924284 0.0000000051
195 0.0054998559 0.0054894991 1441.6277303754 196 0.0057293399 0.0508319113 0.0560843714 0.0057249974 0.0508133183 0.0560625019 0.0000000008
196 0.0057293399 0.0057249974 1501.7379792030 197 0.0059775204 0.0512142954 0.0579190501 0.0059639521 0.0511795404 0.0578325755 0.0000000087
197 0.0059775204 0.0059639521 1566.7914219404 198 0.0062465430 0.0516235642 0.0598460575 0.0062313027 0.0515457625 0.0597857601 0.0000000097
198 0.0062465430 0.0062313027 1637.2784410330 199 0.0065388812 0.0520623747 0.0618739876 0.0065412826 0.0520645772 0.0618915372 0.0000000003
199 0.0065388812 0.0065412826 1714.0669380061 200 0.0068573998 0.0525337392 0.0640125464 0.0068613679 0.0525528733 0.0640278329 0.0000000006
200 0.0068573998 0.0068613679 1797.4156636265 201 0.0072054328 0.0530410857 0.0662727397 0.0072088506 0.0529801325 0.0663472396 0.0000000093
201 0.0072054328 0.0072088506 1888.4819536105 202 0.0075868801 0.0535883319 0.0686671014 0.0075954364 0.0535905026 0.0687276833 0.0000000037
202 0.0075868801 0.0075954364 1988.7120517011 203 0.0080063296 0.0541799747 0.0712099705 0.0080048634 0.0541398358 0.0712302011 0.0000000020
203 0.0080063296 0.0080048634 2098.6532387817 204 0.0084692099 0.0548212006 0.0739178322 0.0084768492 0.0548112430 0.0739768670 0.0000000036
204 0.0084692099 0.0084768492 2219.9422763382 205 0.0089819866 0.0555180215 0.0768097384 0.0089754967 0.0554521317 0.0768150884 0.0000000044
205 0.0089819866 0.0089754967 2354.2352927308 206 0.0095524125 0.0562774450 0.0799078323 0.0095540426 0.0563066500 0.0798974578 0.0000000010
206 0.0095524125 0.0095540426 2503.7997481604 207 0.0101898536 0.0571076873 0.0832380063 0.0101780920 0.0570696127 0.0831934568 0.0000000034
207 0.0101898536 0.0101780920 2671.0094835912 208 0.0109057168 0.0580184439 0.0868307374 0.0108955894 0.0579851680 0.0867946409 0.0000000024
208 0.0109057168 0.0108955894 2858.6009980966 209 0.0117140158 0.0590212363 0.0907221555 0.0116796563 0.0588091678 0.0906704917 0.0000000476
209 0.0117140158 0.0116796563 3070.4108044264 210 0.0126321329 0.0601298601 0.0949554255 0.0126351724 0.0600299081 0.0950346385 0.0000000163
210 0.0126321329 0.0126351724 3310.9132935784 211 0.0136818548 0.0613609725 0.0995825581 0.0136597829 0.0612811670 0.0995208594 0.0000000102
211 0.0136818548 0.0136597829 3586.2221466642 212 0.0148908049 0.0627348710 0.1046668089 0.0148576300 0.0626545000 0.1045564135 0.0000000186
212 0.0148908049 0.0148576300 3903.0312485601 213 0.0162944547 0.0642765410 0.1102859057 0.0162956304 0.0642719810 0.1102938932 0.0000000001
213 0.0162944547 0.0162956304 4270.8331662971 214 0.0179390012 0.0660170866 0.1165364555 0.0179120813 0.0659504990 0.1164586322 0.0000000105
214 0.0179390012 0.0179120813 4701.5405328235 215 0.0198855663 0.0679957192 0.1235400682 0.0198954063 0.0679036836 0.1236304819 0.0000000166
215 0.0198855663 0.0198954063 5212.6486302251 216 0.0222164660 0.0702625746 0.1314520314 0.0222091567 0.0702841273 0.1314127018 0.0000000020
216 0.0222164660 0.0222091567 5823.3941950934 217 0.0250448091 0.0728827925 0.1404738684 0.0250277903 0.0728782006 0.1404156621 0.0000000034
217 0.0250448091 0.0250277903 6564.6449907371 218 0.0285296256 0.0759425687 0.1508719719 2.0000000000 -1.0000000000 -1.0000000000 2.4821587068
218 0.0285296256 2.0000000000 3542.8562261162 219 0.0329005086 0.0795583948 0.1630060441 0.0328644093 0.0794701987 0.1629383221 0.0000000124
219 0.0329005086 0.0328644093 8623.7721542727 220 0.0384993210 0.0838916275 0.1773739435 0.0384679344 0.0838343455 0.1773125401 0.0000000071
220 0.0384993210 0.0384679344 10091.1752487225 221 0.0458540191 0.0891723586 0.1946851548 0.0458050313 0.0891140477 0.1945860164 0.0000000132
221 0.0458540191 0.0458050313 12018.7423290224 222 0.0558164823 0.0957403357 0.2159867366 0.0557687467 0.0956450087 0.2159184545 0.0000000137
222 0.0558164823 0.0557687467 14629.3276274540 223 0.0698370043 0.1041190624 0.2428913856 0.0697930380 0.1040375988 0.2428357799 0.0000000097
223 0.0698370043 0.0697930380 18304.7185673782 224 0.0905564158 0.1151593681 0.2780193082 0.0905318167 0.1151158177 0.2779931028 0.0000000026
224 0.0905564158 0.0905318167 23736.7639915619 225 0.1232202214 0.1303425017 0.3259310566 0.1230858708 0.1301919614 0.3257850887 0.0000000440
225 0.1232202214 0.1230858708 32298.0491796145 226 0.1795429063 0.1524965374 0.3953324074 0.1794325971 0.1524399548 0.3952146977 0.0000000171
226 0.1795429063 0.1794325971 47061.5058166875 227 0.2904571378 0.1877770267 0.5051701951 0.2902919671 0.1876583148 0.5050508133 0.0000000283
227 0.2904571378 0.2902919671 76133.8137104246 228 0.5621968143 0.2525992874 0.7059677148 0.5621018310 0.2524491104 0.7059541612 0.0000000227
228 0.5621968143 0.5621018310 147361.2083945443 229 1.5906189882 0.4102805084 1.1925975401 1.1681273144 0.4101077303 0.9999694815 0.0371055988
229 1.5906189882 1.1681273144 306278.1980724034 230 18.7232759153 1.3573134653 4.1086465012 1.9998168936 0.9999694815 0.9999389630 9.7917572812
230 18.7232759153 1.9998168936 524311.9385037831 231 7.9793180631 -0.8530969451 -2.6928690398 1.7277000638 -0.8530533769 -1.0000000000 2.8658055877
231 7.9793180631 1.7277000638 452919.1124248698 232 1.0734691695 -0.3007591855 -0.9914701619 1.0733786643 -0.3007599109 -0.9914242988 0.0000000021
232 1.0734691695 1.0733786643 281373.6017298413 233 0.3879129120 -0.1734694574 -0.5981816274 0.3878424943 -0.1734366894 -0.5981322672 0.0000000035
233 0.3879129120 0.3878424943 101674.2611535170 234 0.1925297445 -0.1170287879 -0.4228877006 0.1925195090 -0.1170690023 -0.4228644673 0.0000000022
234 0.1925297445 0.1925195090 50468.7621333370 235 0.1118515936 -0.0852378351 -0.3233977506 0.1118977957 -0.0854823450 -0.3234046449 0.0000000598
235 0.1118515936 0.1118977957 29317.8388462977 236 0.0713363840 -0.0648972651 -0.2590844051 0.0713673812 -0.0649433882 -0.2591326640 0.0000000045
236 0.0713363840 0.0713673812 18698.2133554576 237 0.0483524178 -0.0508077907 -0.2139415486 0.0483656019 -0.0509659108 -0.2139347514 0.0000000250
237 0.0483524178 0.0483656019 12673.6446287425 238 0.0341799242 -0.0405070283 -0.1803859886 0.0341458123 -0.0405896176 -0.1802728355 0.0000000196
238 0.0341799242 0.0341458123 8957.8681016714 239 0.0248949651 -0.0326783195 -0.1543602686 0.0249189903 -0.0327463607 -0.1544236579 0.0000000086
239 0.0248949651 0.0249189903 6525.1825994269 240 0.0185263540 -0.0265540461 -0.1334962045 0.0185272416 -0.0266121403 -0.1334879604 0.0000000034
240 0.0185263540 0.0185272416 4856.1179702852 241 0.0139988686 -0.0216566965 -0.1163179095 0.0139863851 -0.0217596973 -0.1162450026 0.0000000159
241 0.0139988686 0.0139863851 3669.3346118077 242 0.0106872198 -0.0176738709 -0.1018570275 0.0106734088 -0.0177312540 -0.1017792291 0.0000000093
242 0.0106872198 0.0106734088 2801.4493146435 243 0.0082086642 -0.0143928144 -0.0894511658 0.0081878105 -0.0144352550 -0.0893276772 0.0000000171
243 0.0082086642 0.0081878105 2151.9228977152 244 0.0063189155 -0.0116638412 -0.0786312302 0.0063336008 -0.0117801447 -0.0787072359 0.0000000193
244 0.0063189155 0.0063336008 1656.2393031341 245 0.0048565595 -0.0093787977 -0.0690550335 0.0048575330 -0.0093691824 -0.0690633869 0.0000000002
245 0.0048565595 0.0048575330 1272.8485494803 246 0.0037118057 -0.0074578202 -0.0604664091 0.0037165066 -0.0075991089 -0.0604876858 0.0000000204
246 0.0037118057 0.0037165066 972.5778101690 247 0.0028081467 -0.0058408896 -0.0526690675 0.0028136460 -0.0059816279 -0.0527054659 0.0000000211
247 0.0028081467 0.0028136460 736.1582194957 248 0.0020911896 -0.0044822774 -0.0455093266 0.0020876087 -0.0044557024 -0.0454725791 0.0000000021
248 0.0020911896 0.0020876087 548.0529572932 249 0.0015216402 -0.0033467993 -0.0388643681 0.0015257569 -0.0034180731 -0.0389110996 0.0000000073
249 0.0015216402 0.0015257569 398.8076227555 250 0.0010707750 -0.0024072311 -0.0326340356 0.0010678759 -0.0023499252 -0.0325937681 0.0000000049
250 0.0010707750 0.0010678759 280.6164032183 251 0.0007174559 -0.0016424985 -0.0267349611 0.0007125472 -0.0016479995 -0.0266426588 0.0000000085
251 0.0007174559 0.0007125472 188.0296769085 252 0.0004461259 -0.0010363924 -0.0210962511 0.0004484350 -0.0010681478 -0.0211493271 0.0000000038
252 0.0004461259 0.0004484350 116.9404038520 253 0.0002454501 -0.0005766531 -0.0156562310 0.0002446482 -0.0007019257 -0.0156254769 0.0000000166
253 0.0002454501 0.0002446482 64.3364356033 254 0.0001073925 -0.0002543217 -0.0103599156 0.0001065386 -0.0003662221 -0.0103152562 0.0000000145
254 0.0001073925 0.0001065386 28.1269779303 255 0.0000265984 -0.0000632887 -0.0051569707 0.0000259985 -0.0001525925 -0.0050965911 0.0000000116
255 0.0000265984 0.0000259985 6.9755226438 