#int double real img int16 real16 img16 error
0 0.0323396500 0.1798322829 0.0000000000 0.0321799823 0.1793877987 0.0000000000 0.0000001976
0 0.0323396500 0.0321799823 0.0321799823 1 0.0354226799 0.1821579856 0.0473407660 0.0353484802 0.1820429090 0.0469985046 0.0000001304
1 0.0354226799 0.0353484802 0.0353427466 2 0.0464879057 0.1898906790 0.1021246087 0.0463942862 0.1897640919 0.1019013031 0.0000000659
2 0.0464879057 0.0463942862 0.0463942862 3 0.0735737162 0.2060063730 0.1764513826 0.0733940172 0.2058778649 0.1760917997 0.0000001458
3 0.0735737162 0.0733940172 0.0734029519 4 0.1470646267 0.2394205424 0.2995704100 0.1469604895 0.2393566698 0.2994476150 0.0000000192
4 0.1470646267 0.1469604895 0.1469604895 5 0.4439470154 0.3254641410 0.5813949676 0.4437752951 0.3254493851 0.5812555315 0.0000000197
5 0.4439470154 0.4437752951 0.4437909106 6 5.6807530225 0.8547469958 2.2248956370 1.7304622753 0.8546708579 1.0000000000 1.5003693274
6 5.6807530225 1.7304622753 5.6797348395 7 2.6595220475 -0.3870098411 -1.5842176083 1.1498576998 -0.3870357372 -1.0000305185 0.3412745565
7 2.6595220475 1.1498576998 2.6597298434 8 0.3954095516 -0.0785895894 -0.6238855889 0.3954571004 -0.0786156804 -0.6239204077 0.0000000019
8 0.3954095516 0.3954571004 0.3954618998 9 0.1585017646 -0.0084236254 -0.3980336759 0.1585910034 -0.0084841456 -0.3981444746 0.0000000159
9 0.1585017646 0.1585910034 0.1585424040 10 0.0875061808 0.0221604722 -0.2949832102 0.0875665142 0.0221869564 -0.2950834681 0.0000000108
10 0.0875061808 0.0875665142 0.0875304959 11 0.0566919513 0.0390529170 -0.2348761823 0.0566900998 0.0390636921 -0.2348704489 0.0000000001
11 0.0566919513 0.0566900998 0.0567163917 12 0.0404308674 0.0496367535 -0.1948513796 0.0404718568 0.0496536149 -0.1949522385 0.0000000105
12 0.0404308674 0.0404718568 0.0404718568 13 0.0307418427 0.0568114854 -0.1658743436 0.0307205825 0.0566423536 -0.1658680990 0.0000000286
13 0.0307418427 0.0307205825 0.0307171261 14 0.0244714594 0.0619446333 -0.1436465167 0.0244610757 0.0619220557 -0.1436201056 0.0000000012
14 0.0244714594 0.0244610757 0.0244698428 15 0.0201644324 0.0657635979 -0.1258553995 0.0201766894 0.0656758324 -0.1259498886 0.0000000166
15 0.0201644324 0.0201766894 0.0201806990 16 0.0170709385 0.0686898198 -0.1111424631 0.0170648874 0.0686361278 -0.1111484115 0.0000000029
16 0.0170709385 0.0170648874 0.0170648874 17 0.0147714202 0.0709836071 -0.0986546892 0.0147386919 0.0708639790 -0.0985747856 0.0000000207
17 0.0147714202 0.0147386919 0.0147473463 18 0.0130155720 0.0728139307 -0.0878276919 0.0130070433 0.0727866451 -0.0878017518 0.0000000014
18 0.0130155720 0.0130070433 0.0130177654 19 0.0116462159 0.0742949017 -0.0782718564 0.0116362680 0.0742515336 -0.0782494583 0.0000000024
19 0.0116462159 0.0116362680 0.0116314928 20 0.0105604497 0.0755060980 -0.0697085281 0.0105501445 0.0754417554 -0.0697042756 0.0000000042
20 0.0105604497 0.0105501445 0.0105501445 21 0.0096885467 0.0765044960 -0.0619322921 0.0096816677 0.0764183477 -0.0619830927 0.0000000100
21 0.0096885467 0.0096816677 0.0096816677 22 0.0089818922 0.0773317829 -0.0547876587 0.0089572854 0.0772423475 -0.0546891690 0.0000000177
22 0.0089818922 0.0089572854 0.0089686809 23 0.0084057815 0.0780190009 -0.0481540961 0.0083915842 0.0779442732 -0.0481276894 0.0000000063
23 0.0084057815 0.0083915842 0.0083838910 24 0.0079349598 0.0785895894 -0.0419360968 0.0079339565 0.0785851619 -0.0419324320 0.0000000000
24 0.0079349598 0.0079339565 0.0079365169 25 0.0075507725 0.0790614278 -0.0360563885 0.0075345736 0.0789513840 -0.0360728782 0.0000000124
25 0.0075507725 0.0075345736 0.0075345736 26 0.0072392961 0.0794482383 -0.0304511670 0.0072487556 0.0794701987 -0.0305490280 0.0000000101
26 0.0072392961 0.0072487556 0.0072450301 27 0.0069900850 0.0797605637 -0.0250666607 0.0069821650 0.0797143468 -0.0250556963 0.0000000023
27 0.0069900850 0.0069821650 0.0069709093 28 0.0067953176 0.0800064586 -0.0198565910 0.0067771116 0.0798974578 -0.0198370312 0.0000000123
28 0.0067953176 0.0067771116 0.0067771116 29 0.0066492092 0.0801919796 -0.0147802428 0.0066546408 0.0802331614 -0.0147404401 0.0000000033
29 0.0066492092 0.0066546408 0.0066555414 30 0.0065476071 0.0803215314 -0.0098009536 0.0065278372 0.0802026429 -0.0097659230 0.0000000154
30 0.0065476071 0.0065278372 0.0065315450 31 0.0064877177 0.0803981066 -0.0048848878 0.0064799214 0.0803552355 -0.0047914060 0.0000000106
31 0.0064877177 0.0064799214 0.0064802148 32 0.0064679300 0.0804234418 0.0000000000 0.0064373602 0.0802331614 0.0000000000 0.0000000362
32 0.0064679300 0.0064373602 0.0064373602 33 0.0064877177 0.0803981066 0.0048848878 0.0064848270 0.0803857540 0.0047914060 0.0000000089
33 0.0064877177 0.0064848270 0.0064854156 34 0.0065476071 0.0803215314 0.0098009536 0.0065425316 0.0802941984 0.0097659230 0.0000000020
34 0.0065476071 0.0065425316 0.0065425316 35 0.0066492092 0.0801919796 0.0147802428 0.0066484639 0.0801721244 0.0148625141 0.0000000072
35 0.0066492092 0.0066484639 0.0066515477 36 0.0067953176 0.0800064586 0.0198565910 0.0067856588 0.0799584948 0.0198065126 0.0000000048
36 0.0067953176 0.0067856588 0.0067856588 37 0.0069900850 0.0797605637 0.0250666607 0.0069870315 0.0797448653 0.0250556963 0.0000000004
37 0.0069900850 0.0069870315 0.0069806366 38 0.0072392961 0.0794482383 0.0304511670 0.0072237825 0.0793481246 0.0304574725 0.0000000101
38 0.0072392961 0.0072237825 0.0072249123 39 0.0075507725 0.0790614278 0.0360563885 0.0075569239 0.0791344951 0.0359813227 0.0000000110
39 0.0075507725 0.0075569239 0.0075709840 40 0.0079349598 0.0785895894 0.0419360968 0.0079365169 0.0785851619 0.0419629505 0.0000000007
40 0.0079349598 0.0079365169 0.0079413144 41 0.0084057815 0.0780190009 0.0481540961 0.0084022215 0.0779747917 0.0481887265 0.0000000032
41 0.0084057815 0.0084022215 0.0083963426 42 0.0089818922 0.0773317829 0.0547876587 0.0089726337 0.0772118290 0.0548722800 0.0000000215
42 0.0089818922 0.0089726337 0.0089659389 43 0.0096885467 0.0765044960 0.0619322921 0.0096694414 0.0763878292 0.0619220557 0.0000000137
43 0.0096885467 0.0096694414 0.0096816677 44 0.0105604497 0.0755060980 0.0697085281 0.0105551041 0.0755027924 0.0696737571 0.0000000012
44 0.0105604497 0.0105551041 0.0105551041 45 0.0116462159 0.0742949017 0.0782718564 0.0116267195 0.0742515336 0.0781884213 0.0000000088
45 0.0116462159 0.0116267195 0.0116312525 46 0.0130155720 0.0728139307 0.0878276919 0.0130026016 0.0727561266 0.0878017518 0.0000000040
46 0.0130155720 0.0130026016 0.0130079617 47 0.0147714202 0.0709836071 0.0986546892 0.0147757580 0.0709555345 0.0986968596 0.0000000026
47 0.0147714202 0.0147757580 0.0147748257 48 0.0170709385 0.0686898198 0.1111424631 0.0170581042 0.0686361278 0.1111178930 0.0000000035
48 0.0170709385 0.0170581042 0.0170581042 49 0.0201644324 0.0657635979 0.1258553995 0.0201620034 0.0657979064 0.1258278146 0.0000000019
49 0.0201644324 0.0201620034 0.0201539749 50 0.0244714594 0.0619446333 0.1436465167 0.0244359918 0.0618610187 0.1435590686 0.0000000146
50 0.0244714594 0.0244359918 0.0244535204 51 0.0307418427 0.0568114854 0.1658743436 0.0306968817 0.0566118351 0.1658070620 0.0000000444
51 0.0307418427 0.0306968817 0.0306867622 52 0.0404308674 0.0496367535 0.1948513796 0.0404331375 0.0496230964 0.1948606830 0.0000000003
52 0.0404308674 0.0404331375 0.0404331375 53 0.0566919513 0.0390529170 0.2348761823 0.0566519095 0.0389416181 0.2348094119 0.0000000168
53 0.0566919513 0.0566519095 0.0566566670 54 0.0875061808 0.0221604722 0.2949832102 0.0875277912 0.0221259194 0.2950224311 0.0000000027
54 0.0875061808 0.0875277912 0.0875264416 55 0.1585017646 -0.0084236254 0.3980336759 0.1584922669 -0.0083925901 0.3980224006 0.0000000011
55 0.1585017646 0.1584922669 0.1584684870 56 0.3954095516 -0.0785895894 0.6238855889 0.3953428620 -0.0786156804 0.6238288522 0.0000000039
56 0.3954095516 0.3953428620 0.3953809396 57 2.6595220475 -0.3870098411 1.5842176083 1.1497356258 -0.3870357372 0.9999694815 0.3413458743
57 2.6595220475 1.1497356258 2.6592463690 58 5.6807530225 0.8547469958 -2.2248956370 1.7304101097 0.8546403394 -1.0000000000 1.5003693330
58 5.6807530225 1.7304101097 5.6800064223 59 0.4439470154 0.3254641410 -0.5813949676 0.4438420126 0.3253883480 -0.5813470870 0.0000000080
59 0.4439470154 0.4438420126 0.4439172224 60 0.1470646267 0.2394205424 -0.2995704100 0.1469824393 0.2393261513 -0.2995086520 0.0000000127
60 0.1470646267 0.1469824393 0.1469824393 61 0.0735737162 0.2060063730 -0.1764513826 0.0735249263 0.2059083834 -0.1764275033 0.0000000102
61 0.0735737162 0.0735249263 0.0735141586 62 0.0464879057 0.1898906790 -0.1021246087 0.0464485772 0.1898251289 -0.1020538957 0.0000000093
62 0.0464879057 0.0464485772 0.0464494536 63 0.0354226799 0.1821579856 -0.0473407660 0.0353579290 0.1819818720 -0.0473342082 0.0000000311
63 0.0354226799 0.0353579290 0.0353830381 