#int double real img int16 real16 img16 error
0 0.0000000000 -0.0000000003 0.0000000000 0.0000000037 -0.0000610370 0.0000000000 0.0000000037
0 0.0000000000 0.0000000037 0.0000000037 1 4.2155548123 -0.0251956973 2.0530270308 0.0000008233 -0.0006103702 -0.0006714072 4.2182817125
1 4.2155548123 0.0000008233 0.0000038149 2 17.0205691469 -0.1012472742 4.1243566936 0.0000006753 -0.0007629627 0.0003051851 17.0178979419
2 17.0205691469 0.0000006753 59.6069513555 3 38.9012188462 -0.2295697476 6.2328578178 0.0000004592 -0.0005493332 0.0003967406 38.8960214291
3 38.9012188462 0.0000004592 0.0000021729 4 70.7061930649 -0.4125952290 8.3985688210 0.0000033679 -0.0001220740 0.0018311106 70.6753382822
4 70.7061930649 0.0000033679 0.0000000000 5 113.7091049028 -0.6538904304 10.6433797361 0.0000055371 -0.0001220740 0.0023499252 113.6589285006
5 113.7091049028 0.0000055371 0.0000000000 6 169.7064070808 -0.9583359555 12.9918435673 0.0000081011 -0.0002136296 0.0028382214 169.6322582678
6 169.7064070808 0.0000081011 611.5669039656 7 241.1637153612 -1.3323847909 15.4721836251 0.0000111784 -0.0003357036 0.0033265175 241.0598949867
7 241.1637153612 0.0000111784 0.0000000568 8 331.4312197077 -1.7844267924 18.1175892638 0.0000199548 -0.0006103702 0.0044251839 331.2687140130
8 331.4312197077 0.0000199548 0.0000000000 9 445.0612526537 -2.3253000285 20.9679334325 0.0000222534 -0.0006714072 0.0046693319 444.8623399777
9 445.0612526537 0.0000222534 0.0000000000 10 588.2815612075 -2.9690117179 24.0721110546 0.0000312962 -0.0008850368 0.0055238502 588.0103956629
10 588.2815612075 0.0000312962 2203.4753967497 11 769.7128094685 -3.7337666084 27.4913040139 0.0000393349 -0.0009765923 0.0061952574 769.3649246575
11 769.7128094685 0.0000393349 0.0000000093 12 1001.4806232805 -4.6434588087 31.3036565528 0.0000519086 -0.0011597034 0.0071108127 1001.0247162419
12 1001.4806232805 0.0000519086 0.0000000000 13 1300.9855961116 -5.7298826370 35.6111505161 0.0000619973 -0.0000305185 0.0078737754 1300.4245199690
13 1300.9855961116 0.0000619973 0.0000000000 14 1693.8101857674 -7.0360947202 40.5500130315 0.0000866416 -0.0016785180 0.0091555528 1693.0441364112
14 1693.8101857674 0.0000866416 0.0000000047 15 2218.6711507819 -8.6216861499 46.3069938423 0.0001052850 -0.0018005921 0.0101016266 2217.7046558627
15 2218.6711507819 0.0001052850 0.0000002179 16 2936.2292288132 -10.5713561469 53.1457962404 0.0001444383 -0.0023804437 0.0117801447 2934.9269138791
16 2936.2292288132 0.0001444383 0.0000000037 17 3945.5860696116 -13.0094733335 61.4519297760 0.0001828531 -0.0028687399 0.0132145146 3943.8874960276
17 3945.5860696116 0.0001828531 0.0000000000 18 5417.1529205165 -16.1261384279 71.8129555158 0.0002479649 -0.0035096286 0.0153508103 5414.8352008589
18 5417.1529205165 0.0002479649 24837.8455143411 19 7663.3417807623 -20.2269458133 85.1716645595 0.0003253839 -0.0043031098 0.0175176244 7660.1840181420
19 7663.3417807623 0.0003253839 0.0000000047 20 11306.0549366837 -25.8360665757 103.1433594595 0.0004528525 -0.0052186651 0.0206305124 11301.5299292634
20 11306.0549366837 0.0004528525 0.0000000000 21 17727.2829301265 -33.9337933706 128.7469634501 0.0006644275 -0.0066530351 0.0249031037 17720.4196711474
21 17727.2829301265 0.0006644275 0.0000000000 22 30513.9081459623 -46.5899996053 168.3546259618 0.0010566239 -0.0087282937 0.0313119907 30502.5528632128
22 30513.9081459623 0.0010566239 159762.0628851812 23 61480.0533453465 -69.0594348556 238.1403951512 0.0019756662 -0.0123599963 0.0426953948 61458.0131759318
23 61480.0533453465 0.0019756662 0.0000000233 24 170133.3979127713 -119.7343883593 394.7113808303 0.0049802907 -0.0205694754 0.0675069430 170075.1856286098
24 170133.3979127713 0.0049802907 0.0000000000 25 1264636.6878761232 -339.6240110195 1072.0504740987 0.0336373881 -0.0553910947 0.1748405408 1264224.2214527116
25 1264636.6878761232 0.0336373881 0.0000000000 26 2967439.2538753548 540.3562232310 -1635.6816334149 0.0706463035 0.0833460494 -0.2523880734 2966523.5983365341
26 2967439.2538753548 0.0706463035 524319.9702129969 27 252096.1206230487 163.3356123336 -474.7816322970 0.0052897378 0.0235297708 -0.0688192389 252023.0911926143
27 252096.1206230487 0.0052897378 0.0000000373 28 89102.1903848780 100.5615875978 -281.0508094361 0.0016063035 0.0134586627 -0.0377513962 89078.2650212787
28 89102.1903848780 0.0016063035 0.0000000000 29 46034.3540337328 74.7553807978 -201.1118770126 0.0007039887 0.0091555528 -0.0249031037 46022.9692641730
29 46034.3540337328 0.0007039887 0.0000000000 30 28455.6329882405 60.7099650102 -157.3846661422 0.0003596326 0.0068056276 -0.0177007355 28449.2353603515
30 28455.6329882405 0.0003596326 210004.7664478068 31 19529.0890068954 51.8902845485 -129.7554907369 0.0001940408 0.0051576281 -0.0129398480 19525.1959066974
31 19529.0890068954 0.0001940408 0.0000000075 32 14352.2246903044 45.8457701798 -110.6814801443 0.0001090925 0.0039368877 -0.0096743675 14349.7222734678
32 14352.2246903044 0.0001090925 0.0000000000 33 11068.4192770921 41.4505453489 -96.6968022603 0.0000603804 0.0029908139 -0.0071718497 11066.7844058660
33 11068.4192770921 0.0000603804 0.0000000000 34 8846.3162798600 38.1149141725 -85.9858685918 0.0000318094 0.0023499252 -0.0051271096 8845.2554593293
34 8846.3162798600 0.0000318094 80673.3150113563 35 7267.3722643210 35.5001553635 -77.5055561459 0.0000140117 0.0015259255 -0.0034180731 7266.7340978428
35 7267.3722643210 0.0000140117 0.0000000019 36 6101.7311773823 33.3978584397 -70.6138387926 0.0000048404 0.0008850368 -0.0020142216 6101.3876017145
36 6101.7311773823 0.0000048404 0.0000000000 37 5214.3792119816 31.6727674472 -64.8938750131 0.0000004182 0.0002136296 -0.0006103702 5214.2864613470
37 5214.3792119816 0.0000004182 0.0000000000 38 4521.6409454982 30.2332811577 -60.0632138329 0.0000002468 -0.0003662221 0.0003357036 4521.7034168120
38 4521.6409454982 0.0000002468 8476.7180525722 39 3969.3347516690 29.0151623052 -55.9236542804 0.0000033017 -0.0008850368 0.0015869625 3969.5636114257
39 3969.3347516690 0.0000033017 0.0000000047 40 3521.0725660266 27.9720347853 -52.3319962929 0.0000080657 -0.0013428144 0.0025025178 3521.4096200975
40 3521.0725660266 0.0000080657 0.0000000000 41 3151.6498619630 27.0695833650 -49.1821870031 0.0000151722 -0.0019226661 0.0033875546 3152.0871833585
41 3151.6498619630 0.0000151722 0.0000000000 42 2843.1400846935 26.2818755518 -46.3939985577 0.0000246275 -0.0024719993 0.0043031098 2843.6693238183
42 2843.1400846935 0.0000246275 43165.6154190558 43 2582.4970359329 25.5889518689 -43.9056098715 0.0000366069 -0.0031128880 0.0051881466 2583.1119611026
43 2582.4970359329 0.0000366069 0.0000000233 44 2360.0335359719 24.9752019844 -41.6686071499 0.0000501501 -0.0036927396 0.0060426649 2360.7216188168
44 2360.0335359719 0.0000501501 0.0000000000 45 2168.4278568923 24.4282431307 -39.6445304480 0.0000685272 -0.0045777764 0.0068971831 2169.1984506644
45 2168.4278568923 0.0000685272 0.0000000000 46 2002.0581449538 23.9381284538 -37.8024357824 0.0000856133 -0.0050050356 0.0077822199 2002.8862266724
46 2002.0581449538 0.0000856133 41235.5236151154 47 1856.5463932539 23.4967773678 -36.1171406202 0.0001085709 -0.0058290353 0.0086367382 1857.4442974895
47 1856.5463932539 0.0001085709 0.0000000047 48 1728.4396308990 23.0975585324 -34.5679392030 0.0001305794 -0.0064088870 0.0094607379 1729.3898971908
48 1728.4396308990 0.0001305794 0.0000000037 49 1614.9829660389 22.7349797941 -33.1376471675 0.0001614500 -0.0072023682 0.0104678488 1616.0043786385
49 1614.9829660389 0.0001614500 0.0000000000 50 1513.9553499803 22.4044544019 -31.8118810028 0.0001942112 -0.0079958495 0.0114139225 1515.0400261733
50 1513.9553499803 0.0001942112 48106.0969436310 51 1423.5489468251 22.1021224733 -30.5785076320 0.0002313966 -0.0086062197 0.0125431074 1424.6967086745
51 1423.5489468251 0.0002313966 0.0000000093 52 1342.2793193341 21.8247130604 -29.4272190185 0.0002711925 -0.0098269601 0.0132145146 1343.4862645242
52 1342.2793193341 0.0002711925 0.0000000000 53 1268.9177210753 21.5694364401 -28.3491998606 0.0003079606 -0.0106509598 0.0139469588 1270.1682696837
53 1268.9177210753 0.0003079606 0.0000000000 54 1202.4394659875 21.3338991774 -27.3368654362 0.0003856740 -0.0120548112 0.0155034028 1203.8018327899
54 1202.4394659875 0.0003856740 47923.1118995355 55 1141.9841395091 21.1160365399 -26.3836529001 0.0004405956 -0.0131534776 0.0163579211 1143.4032421551
55 1141.9841395091 0.0004405956 0.0000000019 56 1086.8246339432 20.9140582640 -25.4838537289 0.0005302622 -0.0146183660 0.0177922910 1088.3434552075
56 1086.8246339432 0.0005302622 0.0000000000 57 1036.3428311991 20.7264046976 -24.6324781439 0.0006114506 -0.0159916990 0.0188604389 1037.9355021947
57 1036.3428311991 0.0006114506 0.0000000000 58 990.0103437122 20.5517110756 -23.8251446077 0.0007436208 -0.0177617725 0.0206915494 991.7271152812
58 990.0103437122 0.0007436208 68194.9385556674 59 947.3731405528 20.3887782218 -23.0579891399 0.0008728487 -0.0197149571 0.0220038453 949.1926700317
59 947.3731405528 0.0008728487 0.0000000037 60 908.0391840951 20.2365483713 -22.3275904233 0.0010376135 -0.0216681417 0.0238349559 909.9815527712
60 908.0391840951 0.0010376135 0.0000000000 61 871.6684185978 20.0940850971 -21.6309075794 0.0012372863 -0.0239875484 0.0257271035 873.7466727594
61 871.6684185978 0.0012372863 0.0000000000 62 837.9646104916 19.9605565540 -20.9652281778 0.0014929379 -0.0266731773 0.0279549547 840.2030903638
62 837.9646104916 0.0014929379 101208.5818754800 63 806.6686570500 19.8352214154 -20.3281245680 0.0018019630 -0.0297250282 0.0303048799 809.0817467937
63 806.6686570500 0.0018019630 0.0000000084 64 777.5530674847 19.7174170150 -19.7174170149 1.0000000000 -1.0000000000 0.0000000000 817.9879015147
64 777.5530674847 1.0000000000 0.0000000009 65 750.4173861786 19.6065492979 -19.1311424334 0.0027120176 -0.0373241371 0.0363170263 753.2732656688
65 750.4173861786 0.0027120176 0.0000000000 66 725.0843776304 19.5020842698 -18.5675277504 0.0033966681 -0.0421460616 0.0402539140 728.2264777184
66 725.0843776304 0.0033966681 179404.8089549810 67 701.3968307884 19.4035406892 -18.0249671154 0.0043043234 -0.0481276894 0.0445875423 704.8762082416
67 701.3968307884 0.0043043234 0.0000000009 68 679.2148698018 19.3104837978 -17.5020023225 0.0055854461 -0.0553910947 0.0501724296 683.1159488793
68 679.2148698018 0.0055854461 0.0000000000 69 658.4136809696 19.2225199209 -16.9973059295 0.0074123086 -0.0645161290 0.0570085757 662.8394028328
69 658.4136809696 0.0074123086 0.0000000000 70 638.8815834287 19.1392918010 -16.5096666467 0.0101038061 -0.0761741997 0.0655842769 643.9730768010
70 638.8815834287 0.0101038061 436470.1146073666 71 620.5183850758 19.0604745508 -16.0379766484 0.0144753360 -0.0920133061 0.0775170141 626.5269270921
71 620.5183850758 0.0144753360 0.0000000019 72 603.2339762254 18.9857721320 -15.5812205162 0.0220118673 -0.1146885586 0.0941190832 610.5438701536
72 603.2339762254 0.0220118673 0.0000000000 73 586.9471222778 18.9149142831 -15.1384655741 0.0364647580 -0.1492049928 0.1191747795 596.2362329294
73 586.9471222778 0.0364647580 0.0000000000 74 571.5844236378 18.8476538291 -14.7088534147 0.0697984241 -0.2082277902 0.1626026185 584.2868288352
74 571.5844236378 0.0697984241 524311.9697554512 75 557.0794167463 18.7837643208 -14.2915924475 0.1749872694 -0.3329264199 0.2532731101 577.0009789660
75 557.0794167463 0.1749872694 0.0000000009 76 543.3717946509 18.7230379572 -13.8859513288 0.9188207788 -0.7699209571 0.5710013123 588.9789268982
76 543.3717946509 0.9188207788 0.0000000000 77 530.4067291289 18.6652837514 -13.4912531519 1.0000000009 -0.0000305185 -1.0000000000 504.4253620994
77 530.4067291289 1.0000000009 0.0000000000 78 518.1342794545 18.6103259093 -13.1068702979 0.4376464124 0.5409100620 -0.3808709983 488.4548472370
78 518.1342794545 0.4376464124 524311.9697554512 79 506.5088752834 18.5580023906 -12.7322198596 0.1347217355 0.3026825770 -0.2076174200 490.1223677690
79 506.5088752834 0.1347217355 0.0000000037 80 495.4888631621 18.5081636314 -12.3667595656 0.0659195902 0.2134769738 -0.1426435133 484.1245731627
80 495.4888631621 0.0659195902 0.0000000000 81 485.0361078139 18.4606714055 -12.0099841412 0.0395239649 0.1666920988 -0.1083407086 476.3187952715
81 485.0361078139 0.0395239649 0.0000000000 82 475.1156407179 18.4153978083 -11.6614220522 0.0266978654 0.1379741813 -0.0875270852 468.0192591474
82 475.1156407179 0.0266978654 474235.6029913295 83 465.6953496455 18.3722243484 -11.3206325856 0.0193771663 0.1184118168 -0.0731833857 459.7067854432
83 465.6953496455 0.0193771663 0.0000000019 84 456.7457037534 18.3310411333 -10.9872032257 0.0148461451 0.1044648579 -0.0627155370 451.5525139826
84 456.7457037534 0.0148461451 0.0000000000 85 448.2395096321 18.2917461389 -10.6607472920 0.0118182111 0.0939359722 -0.0547196875 443.6481164103
85 448.2395096321 0.0118182111 0.0000000000 86 440.1516943656 18.2542445516 -10.3409018086 0.0096968566 0.0856349376 -0.0486159856 436.0295227696
86 440.1516943656 0.0096968566 242794.5990865129 87 432.4591122279 18.2184481772 -10.0273255778 0.0081390686 0.0790429395 -0.0434888760 428.7150176634
87 432.4591122279 0.0081390686 0.0000000009 88 425.1403720994 18.1842749057 -9.7196974363 0.0069660335 0.0736106449 -0.0393383587 421.7055118401
88 425.1403720994 0.0069660335 0.0000000000 89 418.1756831062 18.1516482294 -9.4177146729 0.0060622117 0.0690633869 -0.0359508042 414.9973678755
89 418.1756831062 0.0060622117 0.0000000000 90 411.5467163030 18.1204968057 -9.1210915913 0.0053257188 0.0652180548 -0.0327463607 408.5911098064
90 411.5467163030 0.0053257188 38242.0721239659 91 405.2364805021 18.0907540606 -8.8295582008 0.0047547488 0.0619830927 -0.0302133244 402.4650528652
91 405.2364805021 0.0047547488 0.0000000037 92 399.2292106780 18.0623578302 -8.5428590232 0.0042813025 0.0591448714 -0.0279854732 396.6187484154
92 399.2292106780 0.0042813025 0.0000000000 93 393.5102674322 18.0352500335 -8.2607520033 0.0038608518 0.0564897610 -0.0258796960 391.0489428528
93 393.5102674322 0.0038608518 0.0000000000 94 388.0660463520 18.0093763753 -7.9830075113 0.0035569846 0.0545365764 -0.0241401410 385.7198420203
94 388.0660463520 0.0035569846 75689.6141180156 95 382.8838961416 17.9846860754 -7.7094074294 0.0032681675 0.0525833918 -0.0224311045 380.6499116728
95 382.8838961416 0.0032681675 0.0000000009 96 377.9520445836 17.9611316218 -7.4397443133 0.0030342041 0.0508743553 -0.0211188086 375.8133197327
96 377.9520445836 0.0030342041 0.0000000000 97 373.2595314940 17.9386685454 -7.1738206217 0.0028251513 0.0493484298 -0.0197454756 371.2085653931
97 373.2595314940 0.0028251513 0.0000000000 98 368.7961479347 17.9172552135 -6.9114480066 0.0026576353 0.0480971709 -0.0185552538 366.8187796534
98 368.7961479347 0.0026576353 52872.4658558470 99 364.5523810388 17.8968526420 -6.6524466590 0.0024764568 0.0466017640 -0.0174565874 362.6545496571
99 364.5523810388 0.0024764568 0.0000000037 100 360.5193638749 17.8774243222 -6.3966447048 0.0023540242 0.0456556902 -0.0164189581 358.6792531244
100 360.5193638749 0.0023540242 0.0000000000 101 356.6888298468 17.8589360634 -6.1438776462 0.0022328071 0.0446790979 -0.0153813288 354.9062183452
101 356.6888298468 0.0022328071 0.0000000000 102 353.0530711781 17.8413558476 -5.8939878434 0.0021157010 0.0437330241 -0.0142521439 351.3266700632
102 353.0530711781 0.0021157010 216265.9291044938 103 349.6049010961 17.8246536970 -5.6468240346 0.0020122639 0.0426648762 -0.0138554033 347.9294620230
103 349.6049010961 0.0020122639 0.0000000009 104 346.3376193261 17.8088015514 -5.4022408896 0.0019287499 0.0420239875 -0.0127567370 344.7049244346
104 346.3376193261 0.0019287499 0.0000000000 105 343.2449806570 17.7937731569 -5.1600985938 0.0018336970 0.0411694693 -0.0117801447 341.6601205434
105 343.2449806570 0.0018336970 0.0000000000 106 340.3211662090 17.7795439629 -4.9202624606 0.0017765587 0.0406506546 -0.0111392560 338.7678264399
106 340.3211662090 0.0017765587 32405.0611514557 107 337.5607572158 17.7660910273 -4.6826025698 0.0017025290 0.0398876919 -0.0105594043 336.0462720278
107 337.5607572158 0.0017025290 0.0000000000 108 334.9587110873 17.7533929303 -4.4469934282 0.0016657609 0.0396130253 -0.0098269601 333.4664447881
108 334.9587110873 0.0016657609 0.0000000000 109 332.5103395381 17.7414296945 -4.2133136522 0.0016121815 0.0390942106 -0.0091555528 331.0476269089
109 332.5103395381 0.0016121815 0.0000000000 110 330.2112886217 17.7301827120 -3.9814456696 0.0015555992 0.0384838404 -0.0086367382 328.7794197680
110 330.2112886217 0.0015555992 27473.0087161355 111 328.0575205049 17.7196346771 -3.7512754383 0.0015170243 0.0380870998 -0.0081484420 326.6481244386
111 328.0575205049 0.0015170243 0.0000000158 112 326.0452968424 17.7097695251 -3.5226921820 0.0014916833 0.0378734703 -0.0075685904 324.6520040388
112 326.0452968424 0.0014916833 0.0000000009 113 324.1711636243 17.7005723760 -3.2955881397 0.0014573573 0.0375072481 -0.0071108127 322.7979528407
113 324.1711636243 0.0014573573 0.0000000000 114 322.4319373837 17.6920294830 -3.0698583285 0.0014239795 0.0371715445 -0.0065004425 321.0781703640
114 322.4319373837 0.0014239795 2443.0147259227 115 320.8246926620 17.6841281857 -2.8454003189 0.0013613805 0.0368968780 -0.0000305185 319.5209021289
115 320.8246926620 0.0013613805 0.0000000037 116 319.3467506436 17.6768568674 -2.6221140200 0.0013738592 0.0366832484 -0.0053102206 318.0233874323
116 319.3467506436 0.0013738592 0.0000000000 117 317.9956688777 17.6702049163 -2.3999014758 0.0013469097 0.0363780633 -0.0048524430 316.6881093513
117 317.9956688777 0.0013469097 0.0000000000 118 316.7692320139 17.6641626906 -2.1786666691 0.0013225010 0.0361033967 -0.0043641469 315.4760659260
118 316.7692320139 0.0013225010 28362.6398880352 119 315.6654434922 17.6587214867 -1.9583153343 0.0013052891 0.0359202857 -0.0038758507 314.3829558655
119 315.6654434922 0.0013052891 0.0000000047 120 314.6825181229 17.6538735112 -1.7387547768 0.0012944805 0.0357982116 -0.0036011841 313.4073352516
120 314.6825181229 0.0012944805 0.0000000000 121 313.8188755186 17.6496118559 -1.5198936987 0.0012773804 0.0356151006 -0.0029908139 312.5538760583
121 313.8188755186 0.0012773804 0.0000000000 122 313.0731343225 17.6459304755 -1.3016420302 0.0012726788 0.0355845820 -0.0025330363 311.8119666666
122 313.0731343225 0.0012726788 20921.4996778093 123 312.4441071976 17.6428241687 -1.0839107662 0.0012624177 0.0354625080 -0.0021973327 311.1892886034
123 312.4441071976 0.0012624177 0.0000000000 124 311.9307965567 17.6402885615 -0.8666118061 0.0012498162 0.0353099155 -0.0017395550 310.6832771393
124 311.9307965567 0.0012498162 0.0000000000 125 311.5323909846 17.6383200938 -0.6496577981 0.0012397498 0.0351878414 -0.0012512589 310.2906961333
125 311.5323909846 0.0012397498 0.0000000000 126 311.2482623465 17.6369160078 -0.4329619862 0.0012278794 0.0350352489 -0.0006408887 310.0131077815
126 311.2482623465 0.0012278794 20336.1242058127 127 311.0779635566 17.6360743399 -0.2164380589 0.0012382969 0.0351878414 -0.0003357036 309.8379057610
127 311.0779635566 0.0012382969 0.0000000009 128 311.0212269938 17.6357939145 0.0000000000 1.0000000000 -1.0000000000 0.0000000000 347.2928148228
128 311.0212269938 1.0000000000 262155.9692518915 129 311.0779635565 17.6360743399 0.2164380589 0.0012384534 0.0351878414 0.0005188147 309.8378266528
129 311.0779635565 0.0012384534 0.0000000000 130 311.2482623465 17.6369160078 0.4329619862 0.0012453148 0.0352793970 0.0008239998 310.0043546184
130 311.2482623465 0.0012453148 20334.8597881284 131 311.5323909847 17.6383200938 0.6496577981 0.0012398271 0.0351878414 0.0012817774 310.2906565575
131 311.5323909847 0.0012398271 0.0000000000 132 311.9307965565 17.6402885615 0.8666118061 0.0012541303 0.0353709525 0.0017395550 310.6811280320
132 311.9307965565 0.0012541303 0.0000000000 133 312.4441071972 17.6428241687 1.0839107662 0.0012524566 0.0353099155 0.0023804437 311.1942660168
133 312.4441071972 0.0012524566 0.0000000000 134 313.0731343217 17.6459304755 1.3016420302 0.0012688107 0.0355235450 0.0026245918 311.8138785628
134 313.0731343217 0.0012688107 20924.1710197113 135 313.8188755191 17.6496118559 1.5198936987 0.0012886417 0.0357676931 0.0030518509 312.5483153821
135 313.8188755191 0.0012886417 0.0000000009 136 314.6825181229 17.6538735112 1.7387547768 0.0012984184 0.0358592486 0.0035401471 313.4053963667
136 314.6825181229 0.0012984184 0.0000000000 137 315.6654434917 17.6587214867 1.9583153343 0.0013099153 0.0359813227 0.0039063692 314.3806852900
137 315.6654434917 0.0013099153 0.0000000000 138 316.7692320145 17.6641626906 2.1786666691 0.0013354528 0.0362559893 0.0045777764 315.4697571840
138 316.7692320145 0.0013354528 1410.6738005695 139 317.9956688780 17.6702049163 2.3999014758 0.0013550835 0.0364696188 0.0050050356 316.6841495014
139 317.9956688780 0.0013550835 0.0000000009 140 319.3467506437 17.6768568674 2.6221140200 0.0013722730 0.0366527299 0.0053712577 318.0241446969
140 319.3467506437 0.0013722730 0.0000000000 141 320.8246926618 17.6841281857 2.8454003189 0.0013546327 0.0368053224 -0.0000305185 319.5244808898
141 320.8246926618 0.0013546327 0.0000000000 142 322.4319373836 17.6920294830 3.0698583285 0.0014186557 0.0371105075 0.0064394055 321.0806995277
142 322.4319373836 0.0014186557 3142.5250740552 143 324.1711636244 17.7005723760 3.2955881397 0.0014629400 0.0375988037 0.0070192572 322.7953207116
143 324.1711636244 0.0014629400 0.0000000037 144 326.0452968423 17.7097695251 3.5226921820 0.0014866026 0.0378124332 0.0075380718 324.6543758757
144 326.0452968423 0.0014866026 0.0000000009 145 328.0575205046 17.7196346771 3.7512754382 0.0015151988 0.0380565813 0.0081789605 326.6489751998
145 328.0575205046 0.0015151988 0.0000000000 146 330.2112886215 17.7301827120 3.9814456695 0.0015689571 0.0386364330 0.0087282937 328.7732930914
146 330.2112886215 0.0015689571 27474.4442016862 147 332.5103395380 17.7414296945 4.2133136522 0.0016173860 0.0391247291 0.0093081454 331.0452633889
147 332.5103395380 0.0016173860 0.0000000009 148 334.9587110870 17.7533929303 4.4469934282 0.0016687832 0.0396130253 0.0099795526 333.4650906539
148 334.9587110870 0.0016687832 0.0000000000 149 337.5607572152 17.7660910273 4.6826025698 0.0017227110 0.0401318400 0.0105899228 336.0373312832
149 337.5607572152 0.0017227110 0.0000000000 150 340.3211662079 17.7795439628 4.9202624606 0.0017867452 0.0407422102 0.0112613300 338.7633797216
150 340.3211662079 0.0017867452 32406.6047622339 151 343.2449806571 17.7937731569 5.1600985938 0.0018384685 0.0411389508 0.0120853298 341.6580618235
151 343.2449806571 0.0018384685 0.0000000009 152 346.3376193255 17.8088015514 5.4022408896 0.0019310941 0.0420239875 0.0128482925 344.7039375682
152 346.3376193255 0.0019310941 0.0000000000 153 349.6049010939 17.8246536969 5.6468240346 0.0020245543 0.0428479873 0.0137333293 347.9243251901
153 349.6049010939 0.0020245543 0.0000000000 154 353.0530711811 17.8413558477 5.8939878434 0.0021221713 0.0438856166 0.0140079958 351.3241096323
154 353.0530711811 0.0021221713 58493.1403044861 155 356.6888298478 17.8589360634 6.1438776462 0.0021927652 0.0443128758 0.0151371807 354.9222590108
155 356.6888298478 0.0021927652 0.0000000000 156 360.5193638754 17.8774243222 6.3966447048 0.0023428924 0.0455336161 0.0164189581 358.6836067318
156 360.5193638754 0.0023428924 0.0000000000 157 364.5523810389 17.8968526420 6.6524466590 0.0024946234 0.0467848750 0.0174871059 362.6476075551
157 364.5523810389 0.0024946234 0.0000000000 158 368.7961479348 17.9172552135 6.9114480066 0.0026330776 0.0478530229 0.0185247353 366.8279258768
158 368.7961479348 0.0026330776 52872.4851242850 159 373.2595314942 17.9386685454 7.1738206217 0.0028281643 0.0493789483 0.0197454756 371.2074734835
159 373.2595314942 0.0028281643 0.0000000037 160 377.9520445836 17.9611316218 7.4397443133 0.0030373103 0.0509048738 0.0211188086 375.8122265449
160 377.9520445836 0.0030373103 0.0000000000 161 382.8838961413 17.9846860754 7.7094074294 0.0032759604 0.0526444288 0.0224616230 380.6472534428
161 382.8838961413 0.0032759604 0.0000000000 162 388.0660463517 18.0093763753 7.9830075113 0.0035566074 0.0545060579 0.0242011780 385.7199663635
162 388.0660463517 0.0035566074 75691.2738999082 163 393.5102674320 18.0352500335 8.2607520033 0.0038900757 0.0567339091 0.0259102145 391.0396613217
163 393.5102674320 0.0038900757 0.0000000009 164 399.2292106773 18.0623578302 8.5428590232 0.0042953738 0.0592059084 0.0281075472 396.6144718184
164 399.2292106773 0.0042953738 0.0000000000 165 405.2364805007 18.0907540606 8.8295582007 0.0047528115 0.0619525742 0.0302438429 402.4656162023
165 405.2364805007 0.0047528115 0.0000000000 166 411.5467162982 18.1204968056 9.1210915913 0.0053158154 0.0650959807 0.0328379162 408.5938538100
166 411.5467162982 0.0053158154 10985.3134975676 167 418.1756831097 18.1516482295 9.4177146730 0.0060561652 0.0689718314 0.0360423597 414.9989611123
167 418.1756831097 0.0060561652 0.0000000019 168 425.1403721006 18.1842749057 9.7196974363 0.0069753333 0.0736411634 0.0393993957 421.7032247045
168 425.1403721006 0.0069753333 0.0000000000 169 432.4591122281 18.2184481772 10.0273255778 0.0081566931 0.0791039766 0.0435804315 428.7109751744
169 432.4591122281 0.0081566931 0.0000000000 170 440.1516943668 18.2542445517 10.3409018086 0.0097221743 0.0856959746 0.0487685781 436.0241638301
170 440.1516943668 0.0097221743 242787.2781915146 171 448.2395096330 18.2917461389 10.6607472920 0.0118077023 0.0938444166 0.0547807245 443.6501539230
171 448.2395096330 0.0118077023 0.0000000000 172 456.7457037540 18.3310411333 10.9872032257 0.0148576300 0.1045564135 0.0626545000 451.5505101040
172 456.7457037540 0.0148576300 0.0000000000 173 465.6953496457 18.3722243484 11.3206325856 0.0193221534 0.1181981872 0.0731528672 459.7152711089
173 465.6953496457 0.0193221534 0.0000000000 174 475.1156407181 18.4153978083 11.6614220522 0.0266153489 0.1377910703 0.0873439741 468.0301914277
174 475.1156407181 0.0266153489 474242.8551313980 175 485.0361078145 18.4606714055 12.0099841412 0.0396238051 0.1667531358 0.1087069308 476.3078448999
175 485.0361078145 0.0396238051 0.0000000019 176 495.4888631625 18.5081636315 12.3667595656 0.0658848283 0.2134159368 0.1426129948 484.1275525976
176 495.4888631625 0.0658848283 0.0000000009 177 506.5088752833 18.5580023906 12.7322198596 0.1347782367 0.3027130955 0.2077089755 490.1189601348
177 506.5088752833 0.1347782367 0.0000000000 178 518.1342794545 18.6103259093 13.1068702979 0.4376366460 0.5408795434 0.3809015168 488.4551733851
178 518.1342794545 0.4376366460 524312.0010071192 179 530.4067291293 18.6652837514 13.4912531519 1.9998779278 0.9999694815 0.9999694815 468.0954959897
179 530.4067291293 1.9998779278 0.0000000000 180 543.3717946508 18.7230379572 13.8859513288 0.9185525573 -0.7698599200 -0.5708487197 588.9721352944
180 543.3717946508 0.9185525573 0.0000000000 181 557.0794167459 18.7837643208 14.2915924475 0.1750067464 -0.3330484939 -0.2531510361 577.0020951976
181 557.0794167459 0.1750067464 0.0000000000 182 571.5844236364 18.8476538291 14.7088534147 0.0696936700 -0.2081667531 -0.1623584704 584.2772409939
182 571.5844236364 0.0696936700 524311.9385037831 183 586.9471222792 18.9149142832 15.1384655741 0.0364538226 -0.1491439558 -0.1192052980 596.2348369823
183 586.9471222792 0.0364538226 0.0000000009 184 603.2339762258 18.9857721321 15.5812205162 0.0220106137 -0.1146580401 -0.0941496017 610.5436610966
184 603.2339762258 0.0220106137 0.0000000000 185 620.5183850753 19.0604745508 16.0379766484 0.0144939812 -0.0921658986 -0.0774559771 626.5308048891
185 620.5183850753 0.0144939812 0.0000000000 186 638.8815834297 19.1392918010 16.5096666467 0.0101424574 -0.0762962737 -0.0657368694 643.9828267788
186 638.8815834297 0.0101424574 436443.4955717347 187 658.4136809705 19.2225199209 16.9973059295 0.0074176445 -0.0646382031 -0.0569170202 662.8409889162
187 658.4136809705 0.0074176445 0.0000000037 188 679.2148698022 19.3104837978 17.5020023225 0.0055661330 -0.0552995392 -0.0500808741 683.1091887934
188 679.2148698022 0.0055661330 0.0000000000 189 701.3968307884 19.4035406892 18.0249671153 0.0042959475 -0.0480971709 -0.0445265053 704.8728151510
189 701.3968307884 0.0042959475 0.0000000000 190 725.0843776303 19.5020842698 18.5675277504 0.0033766975 -0.0420545061 -0.0401013215 728.2172201677
190 725.0843776303 0.0033766975 179401.7296837902 191 750.4173861792 19.6065492979 19.1311424334 0.0027120809 -0.0373546556 -0.0362865078 753.2732947501
191 750.4173861792 0.0027120809 0.0000000037 192 777.5530674847 19.7174170150 19.7174170149 1.0000000000 -1.0000000000 0.0000000000 817.9879015147
192 777.5530674847 1.0000000000 0.0000000009 193 806.6686570497 19.8352214154 20.3281245680 0.0018149102 -0.0297555467 -0.0304879910 809.0904150321
193 806.6686570497 0.0018149102 0.0000000000 194 837.9646104912 19.9605565540 20.9652281778 0.0014914784 -0.0265816218 -0.0280159917 840.2019932154
194 837.9646104912 0.0014914784 101207.7083812819 195 871.6684185983 20.0940850972 21.6309075793 0.0012371820 -0.0240180670 -0.0256965850 873.7465788525
195 871.6684185983 0.0012371820 0.0000000047 196 908.0391840947 20.2365483713 22.3275904233 0.0010392052 -0.0216376232 -0.0238959929 909.9830448030
196 908.0391840947 0.0010392052 0.0000000000 197 947.3731405517 20.3887782218 23.0579891399 0.0008764662 -0.0195318461 -0.0222479934 949.1964659541
197 947.3731405517 0.0008764662 0.0000000000 198 990.0103437091 20.5517110755 23.8251446077 0.0007479722 -0.0178838466 -0.0206915494 991.7321372902
198 990.0103437091 0.0007479722 68193.9761451992 199 1036.3428312016 20.7264046976 24.6324781439 0.0006248233 -0.0160832545 -0.0191351054 1037.9528422411
199 1036.3428312016 0.0006248233 0.0000000009 200 1086.8246339439 20.9140582640 25.4838537289 0.0005293709 -0.0145878475 -0.0177922910 1088.3421777851
200 1086.8246339439 0.0005293709 0.0000000000 201 1141.9841395083 21.1160365399 26.3836529001 0.0004462136 -0.0132145146 -0.0164799951 1143.4122670103
201 1141.9841395083 0.0004462136 0.0000000000 202 1202.4394659887 21.3338991774 27.3368654362 0.0003805709 -0.0121158483 -0.0152897732 1203.7927520778
202 1202.4394659887 0.0003805709 21677.8352708374 203 1268.9177210768 21.5694364401 28.3491998606 0.0003240316 -0.0109561449 -0.0142826624 1270.2004849543
203 1268.9177210768 0.0003240316 0.0000000037 204 1342.2793193347 21.8247130605 29.4272190185 0.0002732378 -0.0097659230 -0.0133365886 1343.4907869382
204 1342.2793193347 0.0002732378 0.0000000000 205 1423.5489468249 22.1021224733 30.5785076320 0.0002313966 -0.0086062197 -0.0125431074 1424.6967086743
205 1423.5489468249 0.0002313966 0.0000000000 206 1513.9553499796 22.4044544019 31.8118810028 0.0001894510 -0.0077822199 -0.0113528855 1515.0265654998
206 1513.9553499796 0.0001894510 3142.5216524280 207 1614.9829660400 22.7349797942 33.1376471675 0.0001593497 -0.0072328867 -0.0103457747 1615.9976737220
207 1614.9829660400 0.0001593497 0.0000000000 208 1728.4396308989 23.0975585324 34.5679392030 0.0001317380 -0.0064088870 -0.0095217750 1729.3941181973
208 1728.4396308989 0.0001317380 0.0000000000 209 1856.5463932530 23.4967773679 36.1171406202 0.0001048966 -0.0056459243 -0.0085451827 1857.4290753270
209 1856.5463932530 0.0001048966 0.0000000000 210 2002.0581449521 23.9381284538 37.8024357824 0.0000876614 -0.0050660726 -0.0078737754 2002.8960729868
210 2002.0581449521 0.0000876614 41236.6785304560 211 2168.4278568929 24.4282431307 39.6445304480 0.0000655663 -0.0042420728 -0.0068971831 2169.1820464057
211 2168.4278568929 0.0000655663 0.0000000009 212 2360.0335359701 24.9752019844 41.6686071498 0.0000519495 -0.0037842952 -0.0061342204 2360.7338238328
212 2360.0335359701 0.0000519495 0.0000000000 213 2582.4970359293 25.5889518689 43.9056098714 0.0000362437 -0.0032044435 -0.0050965911 2583.1086067532
213 2582.4970359293 0.0000362437 0.0000000000 214 2843.1400846819 26.2818755518 46.3939985576 0.0000264232 -0.0027161473 -0.0043641469 2843.6878224438
214 2843.1400846819 0.0000264232 43167.1986004415 215 3151.6498619705 27.0695833651 49.1821870031 0.0000160141 -0.0019226661 -0.0035096286 3152.0991919442
215 3151.6498619705 0.0000160141 0.0000000000 216 3521.0725660272 27.9720347853 52.3319962929 0.0000086153 -0.0013733329 -0.0025940733 3521.4209105445
216 3521.0725660272 0.0000086153 0.0000000000 217 3969.3347516606 29.0151623052 55.9236542803 0.0000035541 -0.0009155553 -0.0016479995 3969.5722094950
217 3969.3347516606 0.0000035541 0.0000000000 218 4521.6409455126 30.2332811578 60.0632138330 0.0000002915 -0.0003662221 -0.0003967406 4521.7107490302
218 4521.6409455126 0.0000002915 8066.9297636059 219 5214.3792119924 31.6727674473 64.8938750132 0.0000004489 0.0003357036 0.0005798517 5214.2826894720
219 5214.3792119924 0.0000004489 0.0000000037 220 6101.7311773881 33.3978584397 70.6138387926 0.0000037628 0.0007934812 0.0017700735 6101.4281966256
220 6101.7311773881 0.0000037628 0.0000000000 221 7267.3722643235 35.5001553636 77.5055561459 0.0000136820 0.0016174810 0.0033265175 7266.7417891689
221 7267.3722643235 0.0000136820 0.0000000000 222 8846.3162798563 38.1149141726 85.9858685917 0.0000303602 0.0021668142 0.0050660726 8845.2799130430
222 8846.3162798563 0.0000303602 80659.7129350493 223 11068.4192771050 41.4505453490 96.6968022603 0.0000601271 0.0030213324 0.0071413312 11066.7877776924
223 11068.4192771050 0.0000601271 0.0000000084 224 14352.2246903070 45.8457701798 110.6814801443 0.0001079152 0.0039368877 0.0096133305 14349.7357836284
224 14352.2246903070 0.0001079152 0.0000000000 225 19529.0890068963 51.8902845486 129.7554907369 0.0001940408 0.0051576281 0.0129398480 19525.1959066983
225 19529.0890068963 0.0001940408 0.0000000000 226 28455.6329882179 60.7099650102 157.3846661421 0.0003543461 0.0066530351 0.0176091800 28449.2827016914
226 28455.6329882179 0.0003543461 210016.6181694900 227 46034.3540337808 74.7553807979 201.1118770126 0.0007083271 0.0093081454 0.0249336222 46022.9341790620
227 46034.3540337808 0.0007083271 0.0000000000 228 89102.1903848866 100.5615875979 281.0508094361 0.0015962809 0.0134281442 0.0376293222 89078.3397672585
228 89102.1903848866 0.0015962809 0.0000000000 229 252096.1206230949 163.3356123339 474.7816322970 0.0052576303 0.0235602893 0.0685750908 252023.3130250782
229 252096.1206230949 0.0052576303 0.0000000000 230 2967439.2538755499 540.3562232317 1635.6816334147 0.0705846984 0.0833460494 0.2522659993 2966523.9976236476
230 2967439.2538755499 0.0705846984 524311.9385037831 231 1264636.6878760159 -339.6240110199 -1072.0504740985 0.0337121359 -0.0553910947 -0.1750541704 1264223.7634839965
231 1264636.6878760159 0.0337121359 0.0000000084 232 170133.3979127668 -119.7343883595 -394.7113808303 0.0049942800 -0.0205084384 -0.0676290170 170075.1038910309
232 170133.3979127668 0.0049942800 0.0000000000 233 61480.0533453262 -69.0594348557 -238.1403951511 0.0019857643 -0.0124515519 -0.0427869503 61457.9569343240
233 61480.0533453262 0.0019857643 0.0000000000 234 30513.9081458971 -46.5899996053 -168.3546259616 0.0010733682 -0.0086977752 -0.0315866573 30502.4632408262
234 30513.9081458971 0.0010733682 159770.8120720705 235 17727.2829301343 -33.9337933706 -128.7469634501 0.0006628180 -0.0065309610 -0.0249031037 17720.4279544162
235 17727.2829301343 0.0006628180 0.0000000168 236 11306.0549366791 -25.8360665757 -103.1433594594 0.0004598080 -0.0051576281 -0.0208136235 11301.4953167482
236 11306.0549366791 0.0004598080 0.0000000000 237 7663.3417807580 -20.2269458133 -85.1716645594 0.0003257332 -0.0040894803 -0.0175786615 7660.1822633854
237 7663.3417807580 0.0003257332 0.0000000000 238 5417.1529205039 -16.1261384279 -71.8129555158 0.0002440186 -0.0034791101 -0.0152287362 5414.8537141863
238 5417.1529205039 0.0002440186 24831.6492983715 239 3945.5860696133 -13.0094733335 -61.4519297760 0.0001911880 -0.0028992584 -0.0135196997 3943.8492018787
239 3945.5860696133 0.0001911880 0.0000000037 240 2936.2292288126 -10.5713561469 -53.1457962404 0.0001458801 -0.0023804437 -0.0118411817 2934.9204275983
240 2936.2292288126 0.0001458801 0.0000000037 241 2218.6711507803 -8.6216861499 -46.3069938423 0.0001149145 -0.0020142216 -0.0105288858 2217.6614116245
241 2218.6711507803 0.0001149145 0.0000000000 242 1693.8101857619 -7.0360947202 -40.5500130314 0.0000927002 -0.0016174810 -0.0094912564 1693.0177758178
242 1693.8101857619 0.0000927002 90125.8962259993 243 1300.9855961117 -5.7298826370 -35.6111505161 0.0000725004 -0.0000305185 -0.0085146641 1300.3788849044
243 1300.9855961117 0.0000725004 0.0000000373 244 1001.4806232788 -4.6434588087 -31.3036565527 0.0000577800 -0.0011902219 -0.0075075533 1000.9995998243
244 1001.4806232788 0.0000577800 0.0000000000 245 769.7128094669 -3.7337666084 -27.4913040138 0.0000439481 -0.0009460738 -0.0065614795 769.3450213201
245 769.7128094669 0.0000439481 0.0000000000 246 588.2815612011 -2.9690117179 -24.0721110545 0.0000354232 -0.0008545183 -0.0058900723 587.9929495243
246 588.2815612011 0.0000354232 2985.5233300863 247 445.0612526565 -2.3253000285 -20.9679334326 0.0000277709 -0.0007324442 -0.0052186651 444.8390248766
247 445.0612526565 0.0000277709 0.0000000037 248 331.4312197089 -1.7844267924 -18.1175892638 0.0000205835 -0.0004272591 -0.0045167394 331.2660506085
248 331.4312197089 0.0000205835 0.0000000000 249 241.1637153624 -1.3323847909 -15.4721836252 0.0000149207 -0.0003662221 -0.0038453322 241.0437630139
249 241.1637153624 0.0000149207 0.0000000000 250 169.7064070787 -0.9583359555 -12.9918435672 0.0000103439 -0.0002746666 -0.0032044435 169.6226277197
250 169.7064070787 0.0000103439 611.2758959754 251 113.7091049027 -0.6538904304 -10.6433797361 0.0000072126 0.0000000000 -0.0026856288 113.6519437803
251 113.7091049027 0.0000072126 0.0000000019 252 70.7061930647 -0.4125952290 -8.3985688210 0.0000047100 -0.0001220740 -0.0021668142 70.6697007645
252 70.7061930647 0.0000047100 0.0000000000 253 38.9012188462 -0.2295697476 -6.2328578178 0.0000024225 0.0000000000 -0.0015564440 38.8818190806
253 38.9012188462 0.0000024225 0.0000000000 254 17.0205691465 -0.1012472742 -4.1243566936 0.0000015666 -0.0000305185 -0.0012512589 17.0102432573
254 17.0205691465 0.0000015666 59.6314910117 255 4.2155548123 -0.0251956973 -2.0530270308 0.0000001723 -0.0001220740 -0.0003967406 4.2139197946
255 4.2155548123 0.0000001723 0.0000005821 