#int double real img int16 real16 img16 error
0 0.0000000000 -0.0000000011 0.0000000000 0.0000000009 -0.0000305185 0.0000000000 0.0000000009
0 0.0000000000 0.0000000009 0.0000000009 1 66.8120412439 -0.1003058776 8.1732478229 0.0000000019 -0.0000305185 0.0000305185 66.8115362527
1 66.8120412439 0.0000000019 0.0000000149 2 269.7578417267 -0.4030726586 16.4193597366 0.0000000633 -0.0000610370 0.0002441481 269.7497750752
2 269.7578417267 0.0000000633 10.0891954605 3 616.5427692785 -0.9139336264 24.8134539032 0.0000001378 0.0000610370 0.0003662221 616.5247065128
3 616.5427692785 0.0000001378 0.0000000093 4 1120.6176405347 -1.6425711922 33.4353047005 0.0047294553 -0.0625019074 -0.0286873989 1122.3353861719
4 1120.6176405347 0.0047294553 0.0000000009 5 1802.1678628123 -2.6031846911 42.3720579188 0.0000005402 -0.0000610370 0.0007324442 1802.1054752328
5 1802.1678628123 0.0000005402 0.0000000000 6 2689.6652929941 -3.8152041567 51.7214608285 0.0000008466 -0.0000915555 0.0009155553 2689.5698875211
6 2689.6652929941 0.0000008466 9.0384077924 7 3822.1873074462 -5.3043193919 61.5958724529 0.0000012220 -0.0001220740 0.0010986663 3822.0506670052
7 3822.1873074462 0.0000012220 0.0000000009 8 5252.8308388388 -7.1039310136 72.1274219905 0.0042379710 -0.0183111057 0.0624713889 5243.5631146880
8 5252.8308388388 0.0042379710 0.0000000000 9 7053.7454955900 -9.2571861502 83.4748465118 0.0000020909 -0.0001831111 0.0014343699 7053.5026398726
9 7053.7454955900 0.0000020909 0.0000000000 10 9323.6344160812 -11.8198485435 95.8328002121 0.0000027615 -0.0002136296 0.0016479995 9323.3135038886
10 9323.6344160812 0.0000027615 69.8951518431 11 12199.1259187679 -14.8643925997 109.4448525579 0.0000036557 -0.0002746666 0.0018921476 12198.7035852922
11 12199.1259187679 0.0000036557 0.0000000009 12 15872.3982221903 -18.4859424790 124.6221013819 0.0039026754 -0.0000305185 0.0624713889 15856.8303650175
12 15872.3982221903 0.0039026754 0.0000000019 13 20619.2321476729 -22.8110736420 141.7705437211 0.0000000019 -0.0000305185 -0.0000305185 20619.2394086061
13 20619.2321476729 0.0000000019 0.0000000000 14 26845.0823274408 -28.0111976080 161.4325095388 0.0000076159 -0.0004882962 0.0027161473 26844.1780305729
14 26845.0823274408 0.0000076159 27.4339118110 15 35163.5680318410 -34.3235507853 184.3514629541 0.0000098736 -0.0006103702 0.0030823695 35162.3896629326
15 35163.5680318410 0.0000098736 0.0000000047 16 46536.0971625138 -42.0853268457 211.5772256809 0.0078129769 -0.0625019074 -0.0625019074 46557.2921094251
16 46536.0971625138 0.0078129769 0.0000000009 17 62533.3250199686 -51.7916461919 244.6445388818 0.0000167667 -0.0008850368 0.0039979247 62531.2772208026
17 62533.3250199686 0.0000167667 0.0000000000 18 85856.0878624748 -64.1993134149 285.8925252950 0.0000223773 -0.0010681478 0.0046082949 85853.3157819871
18 85856.0878624748 0.0000223773 1031.3749493866 19 121455.7821983302 -80.5249216666 339.0745038910 0.0000304934 -0.0012817774 0.0053712577 121451.9332857165
19 121455.7821983302 0.0000304934 0.0000000009 20 179188.8950274132 -102.8552336267 410.6211099578 0.0078129769 -0.0625019074 -0.0625019074 179227.3747490010
20 179188.8950274132 0.0078129769 0.0000000000 21 280958.5003678954 -135.0928646490 512.5508933646 0.0000658234 -0.0020752586 0.0078432569 280949.8995917502
21 280958.5003678954 0.0000658234 0.0000000000 22 483612.8529591937 -185.4781291894 670.2318379125 0.0001080847 -0.0028077029 0.0100100711 483598.3933956136
22 483612.8529591937 0.0001080847 64.9587367110 23 974393.1801918581 -274.9305621040 948.0539890813 0.0002065129 -0.0040284433 0.0137943663 974364.8097060730
23 974393.1801918581 0.0002065129 0.0000000009 24 2696432.6416222919 -476.6711856769 1571.3743100763 0.0078091629 -0.0625019074 0.0624713889 2696176.7318435768
24 2696432.6416222919 0.0078091629 0.0000000000 25 20043140.7755143866 -1352.0675407899 4267.9098093396 0.0038062217 -0.0186468093 0.0588091678 20042588.3713815250
25 20043140.7755143866 0.0038062217 0.0000000000 26 47030742.7250893861 2151.1968712146 -6511.7658700514 0.0047294553 0.0286873989 -0.0625019074 47029805.3097583652
26 47030742.7250893861 0.0047294553 2048.1230524790 27 3995454.2542132577 650.2507847676 -1890.1397226455 0.0006630304 0.0083620716 -0.0243537706 3995351.3159307814
27 3995454.2542132577 0.0006630304 0.0000000009 28 1412174.5497436740 400.3428910492 -1118.8834252638 0.0042112209 -0.0625019074 -0.0174565874 1412185.5345708570
28 1412174.5497436740 0.0042112209 0.0000000009 29 729595.3432740797 297.6065313305 -800.6408032217 0.0034925583 -0.0222479934 0.0547502060 729696.2595607493
29 729595.3432740797 0.0034925583 0.0000000000 30 450991.3901023423 241.6907239461 -626.5596412639 0.0000579411 0.0027161473 -0.0071108127 450981.1665285292
30 450991.3901023423 0.0000579411 1451.0800016084 31 309515.2022199572 206.5789436084 -516.5659128104 0.0000356793 0.0021973327 -0.0055543687 309508.5560152073
31 309515.2022199572 0.0000356793 0.0000000009 32 227467.4320833572 182.5152984813 -440.6309089291 0.0078129769 -0.0625019074 -0.0625019074 227435.1744603651
32 227467.4320833572 0.0078129769 0.0000000000 33 175422.6236356871 165.0175932677 -384.9569034942 0.0000158344 0.0015564440 -0.0036622211 175419.2903756234
33 175422.6236356871 0.0000158344 0.0000000000 34 140204.6645030807 151.7382063712 -342.3159085265 0.0000108506 0.0013122959 -0.0030213324 140202.1977627598
34 140204.6645030807 0.0000108506 1011.2640682615 35 115180.0882880308 141.3286640598 -308.5551765942 0.0000316567 0.0017700735 -0.0053407392 115176.2921699990
35 115180.0882880308 0.0000316567 0.0000000009 36 96705.9220526096 132.9592692596 -281.1187556364 0.0078129769 -0.0625019074 -0.0625019074 96687.4093645886
36 96705.9220526096 0.0078129769 0.0000000000 37 82642.3411598034 126.0915583201 -258.3471696772 0.0000034470 0.0007934812 -0.0016785180 82641.2737799166
37 82642.3411598034 0.0000034470 0.0000000000 38 71663.1795327356 120.3608601825 -239.1159611336 0.0000022139 0.0006408887 -0.0013428144 71662.3830823995
38 71663.1795327356 0.0000022139 0.0000000466 39 62909.7162651958 115.5114416849 -222.6360777257 0.0000012834 0.0005188147 -0.0010071108 62909.1479700179
39 62909.7162651958 0.0000012834 0.0000000009 40 55805.2394005709 111.3586762299 -208.3374297357 0.0078129769 -0.0625019074 -0.0625019074 55793.1244994037
40 55805.2394005709 0.0078129769 0.0000000000 41 49950.2841124624 107.7659524151 -195.7978130944 0.0000002980 0.0002441481 -0.0004882962 49950.0402764233
41 49950.2841124624 0.0000002980 0.0000000000 42 45060.7336544404 104.6300311277 -184.6978349648 0.0000000745 0.0001220740 -0.0002441481 45060.6179220522
42 45060.7336544404 0.0000000745 473.2161051207 43 40929.8197180103 101.8714522594 -174.7913811736 0.0000000009 0.0000000000 -0.0000305185 40929.8090492663
43 40929.8197180103 0.0000000009 0.0000000019 44 37404.0108514175 99.4280699602 -165.8857129333 0.0039561878 -0.0625019074 -0.0070497757 37414.1047815175
44 37404.0108514175 0.0039561878 0.0000000009 45 34367.2654873162 97.2505875435 -157.8277184456 0.0000002328 -0.0002746666 0.0003967406 34367.4441438573
45 34367.2654873162 0.0000002328 0.0000000000 46 31730.4832484866 95.2994058710 -150.4942074936 0.0000005300 -0.0003967406 0.0006103702 31730.7425816638
46 31730.4832484866 0.0000005300 678.6666317309 47 29424.2774015628 93.5423555504 -143.7849266079 0.0000009807 -0.0005493332 0.0008239998 29424.6171318699
47 29424.2774015628 0.0000009807 0.0000000000 48 27393.9220459185 91.9530367404 -137.6174446796 0.0039064884 -0.0625019074 0.0000000000 27405.4204327832
48 27393.9220459185 0.0039064884 0.0000000019 49 25595.7550881569 90.5095847844 -131.9233495266 0.0000022204 -0.0008545183 0.0012207404 25596.2318628834
49 25595.7550881569 0.0000022204 0.0000000000 50 23994.5752787382 89.1937394972 -126.6453793600 0.0000031341 -0.0010376293 0.0014343699 23995.1236946030
50 23994.5752787382 0.0000031341 8.5153977849 51 22561.7303495832 87.9901344106 -121.7352315313 0.0004900769 0.0204474013 -0.0084841456 22556.0668616078
51 22561.7303495832 0.0004900769 0.0000000019 52 21273.6935559388 86.8857476464 -117.1518690072 0.0036109217 -0.0600909452 0.0000000000 21284.1392602542
52 21273.6935559388 0.0036109217 0.0000000000 53 20110.9905792545 85.8694731159 -112.8601974394 0.0000066994 -0.0015869625 0.0020447401 20111.7246687708
53 20110.9905792545 0.0000066994 0.0000000000 54 19057.3812399020 84.9317823839 -108.8300215060 0.0000087326 -0.0018311106 0.0023194067 19058.1971297697
54 19057.3812399020 0.0000087326 779.6990064526 55 18099.2288860655 84.0644556020 -105.0352140494 0.0000107230 -0.0020752586 0.0025330363 18100.1099237819
55 18099.2288860655 0.0000107230 0.0000000009 56 17225.0096373561 83.2603656025 -101.4530490280 0.0003352966 -0.0183111057 0.0000000000 17228.0591513606
56 17225.0096373561 0.0003352966 0.0000000000 57 16424.9269822339 82.5133032991 -98.0636617759 0.0000163895 -0.0026245918 0.0030823695 16425.9646629761
57 16424.9269822339 0.0000163895 0.0000000000 58 15690.6065421557 81.8178354633 -94.8496090781 0.0000202389 -0.0029602954 0.0033875546 15691.7335887716
58 15690.6065421557 0.0000202389 386.6717273031 59 15014.8524118259 81.1691880892 -91.7955081513 0.0000249284 -0.0033265175 0.0037232582 15016.0760149577
59 15014.8524118259 0.0000249284 0.0000000019 60 14391.4512136028 80.5631501386 -88.8877384871 0.0008229669 -0.0286873989 0.0000000000 14396.0743310202
60 14391.4512136028 0.0008229669 0.0000000019 61 13815.0134271907 79.9959936289 -86.1141941292 0.0000317870 -0.0032044435 0.0046388134 13816.3250796229
61 13815.0134271907 0.0000317870 0.0000000000 62 13280.8440669145 79.4644069237 -83.4640766987 0.0000459319 -0.0046998505 0.0048829615 13282.4061582542
62 13280.8440669145 0.0000459319 15.8351308185 63 12784.8366313026 78.9654387499 -80.9277215442 0.0000567257 -0.0052797021 0.0053712577 12786.5398833098
63 12784.8366313026 0.0000567257 0.0000000019 64 12323.3856343378 78.4964509847 -78.4964509844 0.0039064884 -0.0625019074 0.0000000000 12333.2018966486
64 12323.3856343378 0.0039064884 0.0000000000 65 11893.3140685888 78.0550786531 -76.1624498362 0.0000889551 -0.0067751091 0.0065614795 11895.3712976041
65 11893.3140685888 0.0000889551 0.0000000000 66 11491.8129406633 77.6391958855 -73.9186593690 0.0001127938 -0.0076906644 0.0073244423 11494.0900733620
66 11491.8129406633 0.0001127938 4.9721119929 67 11116.3906233034 77.2468868251 -71.7586865761 0.0001012782 -0.0073854793 0.0068361461 11118.5128408818
67 11116.3906233034 0.0001012782 0.0000000009 68 10764.8302336718 76.8764206677 -69.6767262362 0.0047294553 -0.0625019074 -0.0286873989 10770.4471208995
68 10764.8302336718 0.0047294553 0.0000000000 69 10435.1536079191 76.5262301662 -67.6674937061 0.0002559971 -0.0119937742 0.0105899228 10438.4227276371
69 10435.1536079191 0.0002559971 0.0000000000 70 10125.5907236493 76.1948930529 -65.7261667550 0.0003552588 -0.0142826624 0.0122989593 10129.3843376838
70 10125.5907236493 0.0003552588 2048.0918007057 71 9834.5536430360 75.8811159281 -63.8483350491 0.0005124012 -0.0173345134 0.0145573290 9839.0438023176
71 9834.5536430360 0.0005124012 0.0000000009 72 9560.6142238085 75.5837202426 -62.0299561349 0.0016764830 -0.0183111057 -0.0366222114 9558.8405949406
72 9560.6142238085 0.0016764830 0.0000000000 73 9302.4849843279 75.3016300652 -60.2673169624 0.0013179857 -0.0283516953 0.0226752525 9309.4893133207
73 9302.4849843279 0.0013179857 0.0000000000 74 9059.0026194042 75.0338613748 -58.5570001502 0.0025427264 -0.0397656178 0.0310068056 9068.6040288882
74 9059.0026194042 0.0025427264 599.0509819156 75 8829.1137526150 74.7795126611 -56.8958543199 0.0062640715 -0.0625019074 0.0485549486 8843.9928916004
75 8829.1137526150 0.0062640715 0.0000000009 76 8611.8625831758 74.5377566530 -55.2809679394 0.0008229678 -0.0000305185 -0.0286873989 8608.6962213475
76 8611.8625831758 0.0008229678 0.0000000019 77 8406.3801423203 74.3078330186 -53.7096461951 0.0039064894 -0.0000305185 -0.0625019074 8399.6746736716
77 8406.3801423203 0.0039064894 0.0000000000 78 8211.8749228821 74.0890419082 -52.1793904910 0.0078091629 0.0624713889 -0.0625019074 8196.1032184788
78 8211.8749228821 0.0078091629 2048.0918007057 79 8027.6246835772 73.8807382285 -50.6878802318 0.0050947945 0.0588396863 -0.0404065065 8014.8392991254
79 8027.6246835772 0.0050947945 0.0000000019 80 7852.9692616594 73.6823265546 -49.2329565958 0.0078129769 -0.0625019074 -0.0625019074 7856.0333391509
80 7852.9692616594 0.0078129769 0.0000000000 81 7687.3042537204 73.4932565977 -47.8126080484 0.0015135288 0.0325937681 -0.0212408826 7680.4837589330
81 7687.3042537204 0.0015135288 0.0000000000 82 7530.0754460562 73.3130191608 -46.4249573784 0.0010252997 0.0270393994 -0.0171514023 7524.5192851001
82 7530.0754460562 0.0010252997 1781.6092076333 83 7380.7738941392 73.1411425211 -45.0682500753 0.0007488384 0.0232856227 -0.0143742180 7376.0727271764
83 7380.7738941392 0.0007488384 0.0000000009 84 7238.9315656465 72.9771891889 -43.7408438846 0.0067198541 -0.0625019074 -0.0530411695 7243.4205815171
84 7238.9315656465 0.0067198541 0.0000000000 85 7104.1174740796 72.8207529982 -42.4411994040 0.0004598826 0.0185247353 -0.0108035524 7100.5029321824
85 7104.1174740796 0.0004598826 0.0000000000 86 6975.9342405026 72.6714564904 -41.1678715999 0.0003798920 0.0169377728 -0.0096438490 6972.6788016880
86 6975.9342405026 0.0003798920 1973.9588946292 87 6854.0150298773 72.5289485569 -39.9195021400 0.0003197034 0.0156559954 -0.0086367382 6851.0547752398
87 6854.0150298773 0.0003197034 0.0000000009 88 6738.0208158077 72.3929023128 -38.6948124499 0.0052476748 -0.0625019074 -0.0366222114 6744.2412732360
88 6738.0208158077 0.0052476748 0.0000000000 89 6627.6379340781 72.2630131751 -37.4925974152 0.0002408789 0.0137638478 -0.0071718497 6625.1111581819
89 6627.6379340781 0.0002408789 0.0000000000 90 6522.5758904837 72.1389971234 -36.3117196578 0.0002120760 0.0130008850 -0.0065614795 6520.2238437322
90 6522.5758904837 0.0002120760 1024.0332044084 91 6422.5653928470 72.0205891225 -35.1511043254 0.0001904084 0.0123905148 -0.0060731834 6420.3538806922
91 6422.5653928470 0.0001904084 0.0000000009 92 6327.3565823522 71.9075416932 -34.0097343418 0.0078129769 -0.0625019074 -0.0625019074 6332.1017658211
92 6327.3565823522 0.0078129769 0.0000000009 93 6236.7174401683 71.7996236107 -32.8866460670 0.0033220367 -0.0502334666 -0.0282601398 6242.0754877645
93 6236.7174401683 0.0033220367 0.0000000000 94 6150.4323508854 71.6966187219 -31.7809253284 0.0001429155 0.0109256264 -0.0048524430 6148.5574026037
94 6150.4323508854 0.0001429155 933.3753423030 95 6068.3008049785 71.5983248675 -30.6917037836 0.0001321786 0.0105594043 -0.0045472579 6066.5097396555
95 6068.3008049785 0.0001321786 0.0000000009 96 5990.1362253736 71.5045528990 -29.6181555821 0.0078129769 -0.0625019074 -0.0625019074 5995.3799978038
96 5990.1362253736 0.0078129769 0.0000000000 97 5915.7649048603 71.4151257810 -28.5594942977 0.0001149667 0.0099490341 -0.0039979247 5914.1156393675
97 5915.7649048603 0.0001149667 0.0000000000 98 5845.0250426761 71.3298777714 -27.5149701033 0.0001076842 0.0096743675 -0.0037537767 5843.4384373517
98 5845.0250426761 0.0001076842 1172.0893836829 99 5777.7658700396 71.2486536711 -26.4838671666 0.0001273997 0.0101016266 -0.0050355541 5776.0598209539
99 5777.7658700396 0.0001273997 0.0000000019 100 5713.8468555575 71.1713081368 -25.4655012448 0.0078129769 -0.0625019074 -0.0625019074 5719.5680687550
100 5713.8468555575 0.0078129769 0.0000000000 101 5653.1369825105 71.0977050528 -24.4592174595 0.0000912938 0.0090334788 -0.0031128880 5651.7002769736
101 5653.1369825105 0.0000912938 0.0000000000 102 5595.5140908758 71.0277169532 -23.4643882360 0.0000870924 0.0088503677 -0.0029602954 5594.1180120955
102 5595.5140908758 0.0000870924 1024.0468770127 103 5540.8642779831 70.9612244941 -22.4804113905 0.0000828341 0.0086672567 -0.0027771844 5539.5094180276
103 5540.8642779831 0.0000828341 0.0000000009 104 5489.0813516313 70.8981159657 -21.5067083522 0.0078129769 -0.0625019074 -0.0625019074 5495.2632789788
104 5489.0813516313 0.0078129769 0.0000000000 105 5440.0663318969 70.8382868497 -20.5427225094 0.0000758851 0.0083620716 -0.0024414808 5438.7813888057
105 5440.0663318969 0.0000758851 0.0000000000 106 5393.7269957506 70.7816394079 -19.5879176658 0.0000736404 0.0082705161 -0.0022888882 5392.4665989114
106 5393.7269957506 0.0000736404 147.3561140606 107 5349.9774615338 70.7280823066 -18.6417765989 0.0000710922 0.0081484420 -0.0021668142 5348.7440987373
107 5349.9774615338 0.0000710922 0.0000000000 108 5308.7378095788 70.6775302720 -17.7037997117 0.0075837318 -0.0625019074 -0.0606402783 5315.4332275322
108 5308.7378095788 0.0075837318 0.0000000019 109 5269.9337355682 70.6299037727 -16.7735037674 0.0000671431 0.0079653310 -0.0019226661 5268.7441218969
109 5269.9337355682 0.0000671431 0.0000000000 110 5233.4962341037 70.5851287288 -15.8504207022 0.0000651295 0.0078737754 -0.0017700735 5232.3286435056
110 5233.4962341037 0.0000651295 766.9312729742 111 5199.3613098391 70.5431362456 -14.9340965069 0.0000633804 0.0077822199 -0.0016785180 5198.2132745196
111 5199.3613098391 0.0000633804 0.0000000019 112 5167.4697139951 70.5038623681 -14.0240901730 0.0078129769 -0.0625019074 -0.0625019074 5174.5377139561
112 5167.4697139951 0.0078129769 0.0000000019 113 5137.7667042042 70.4672478579 -13.1199726960 0.0000602686 0.0076296274 -0.0014343699 5136.6538489980
113 5137.7667042042 0.0000602686 0.0000000000 114 5110.2018259144 70.4332379882 -12.2213261317 0.0000590867 0.0075685904 -0.0013428144 5109.1029024045
114 5110.2018259144 0.0000590867 11.2066690755 115 5084.7287137345 70.4017823570 -11.3277427004 0.0007883205 -0.0280770287 -0.0000305185 5088.6821563734
115 5084.7287137345 0.0007883205 0.0000000009 116 5061.3049112965 70.3728347175 -10.4388239337 0.0068907212 -0.0546281320 -0.0625019074 5067.6955822068
116 5061.3049112965 0.0068907212 0.0000000000 117 5039.8917083633 70.3463528233 -9.5541798612 0.0000560113 0.0074159978 -0.0010071108 5038.8291433430
117 5039.8917083633 0.0000560113 0.0000000000 118 5020.4539940003 70.3222982894 -8.6734282321 0.0000553835 0.0073854793 -0.0009155553 5019.3994396220
118 5020.4539940003 0.0000553835 1036.0440824162 119 5002.9601248604 70.3006364665 -7.7961937680 0.0000547744 0.0073549608 -0.0008239998 5001.9132146628
119 5002.9601248604 0.0000547744 0.0000000009 120 4987.3818075947 70.2813363285 -6.9221074448 0.0042417850 -0.0183111057 -0.0625019074 4989.0946174971
120 4987.3818075947 0.0042417850 0.0000000000 121 4973.6939947523 70.2643703731 -6.0508057992 0.0000536121 0.0072939238 -0.0006408887 4972.6612866564
121 4973.6939947523 0.0000536121 0.0000000000 122 4961.8747933016 70.2497145340 -5.1819302572 0.0000530588 0.0072634053 -0.0005493332 4960.8486488566
122 4961.8747933016 0.0000530588 28.4532633886 123 4951.9053852212 70.2373481038 -4.3151264825 0.0000525242 0.0072328867 -0.0004577776 4950.8854494402
123 4951.9053852212 0.0000525242 0.0000000009 124 4943.7699598167 70.2272536698 -3.4500437408 0.0047294553 -0.0286873989 -0.0625019074 4947.3726951235
124 4943.7699598167 0.0047294553 0.0000000019 125 4937.4556570260 70.2194170584 -2.5863342785 0.0000400353 0.0062257759 -0.0011291849 4936.5755154489
125 4937.4556570260 0.0000400353 0.0000000000 126 4932.9525215838 70.2138272914 -1.7236527130 0.0000519076 0.0072023682 -0.0001831111 4931.9405305728
126 4932.9525215838 0.0000519076 656.5558102448 127 4930.2534676560 70.2104765514 -0.8616554322 0.0000518825 0.0072023682 -0.0000915555 4929.2419983475
127 4930.2534676560 0.0000518825 0.0000000009 128 4929.3542537343 70.2093601576 0.0000000000 0.0039064884 -0.0625019074 0.0000000000 4938.1345980781
128 4929.3542537343 0.0039064884 1024.0468769670 129 4930.2534676530 70.2104765514 0.8616554321 0.0000518825 0.0072023682 0.0000915555 4929.2419983445
129 4930.2534676530 0.0000518825 0.0000000000 130 4932.9525215828 70.2138272914 1.7236527130 0.0000518974 0.0072023682 0.0001525925 4931.9406357682
130 4932.9525215828 0.0000518974 411.3886545864 131 4937.4556570271 70.2194170584 2.5863342784 0.0001002611 0.0100100711 0.0002441481 4936.0486916753
131 4937.4556570271 0.0001002611 0.0000000009 132 4943.7699598139 70.2272536698 3.4500437407 0.0047294553 -0.0625019074 -0.0286873989 4952.7513094438
132 4943.7699598139 0.0047294553 0.0000000009 133 4951.9053852149 70.2373481038 4.3151264825 0.0000524972 0.0072328867 0.0004272591 4950.8857127894
133 4951.9053852149 0.0000524972 0.0000000000 134 4961.8747932901 70.2497145339 5.1819302572 0.0000530262 0.0072634053 0.0005188147 4960.8489651021
134 4961.8747932901 0.0000530262 1024.4055026021 135 4973.6939947597 70.2643703732 6.0508057992 0.0000535739 0.0072939238 0.0006103702 4972.6616559488
135 4973.6939947597 0.0000535739 0.0000000009 136 4987.3818075943 70.2813363285 6.9221074448 0.0042379710 -0.0183111057 0.0624713889 4989.0950361874
136 4987.3818075943 0.0042379710 0.0000000000 137 5002.9601248523 70.3006364664 7.7961937680 0.0000543264 0.0073244423 0.0008239998 5001.9175051479
137 5002.9601248523 0.0000543264 0.0000000000 138 5020.4539940096 70.3222982895 8.6734282321 0.0000553835 0.0073854793 0.0009155553 5019.3994396314
138 5020.4539940096 0.0000553835 114.1096267387 139 5039.8917083683 70.3463528234 9.5541798612 0.0000559508 0.0074159978 0.0009765923 5038.8297264461
139 5039.8917083683 0.0000559508 0.0000000009 140 5061.3049112979 70.3728347175 10.4388239337 0.0039026754 -0.0000305185 0.0624713889 5060.0088536621
140 5061.3049112979 0.0039026754 0.0000000019 141 5084.7287137319 70.4017823570 11.3277427004 0.0078129769 -0.0625019074 -0.0625019074 5094.9530291239
141 5084.7287137319 0.0078129769 0.0000000000 142 5110.2018259133 70.4332379882 12.2213261317 0.0000594686 0.0075991089 0.0013122959 5109.0993497038
142 5110.2018259133 0.0000594686 0.0000000009 143 5137.7667042056 70.4672478579 13.1199726960 0.0000601820 0.0076296274 0.0014038514 5136.6546497169
143 5137.7667042056 0.0000601820 0.0000000009 144 5167.4697139927 70.5038623680 14.0240901730 0.0078129769 -0.0625019074 -0.0625019074 5178.0438434955
144 5167.4697139927 0.0078129769 0.0000000009 145 5199.3613098342 70.5431362455 14.9340965069 0.0000632788 0.0077822199 0.0016479995 5198.2141859458
145 5199.3613098342 0.0000632788 0.0000000000 146 5233.4962341001 70.5851287288 15.8504207021 0.0000651295 0.0078737754 0.0017700735 5232.3286435020
146 5233.4962341001 0.0000651295 883.0380555540 147 5269.9337355669 70.6299037727 16.7735037673 0.0000670267 0.0079653310 0.0018921476 5268.7451455840
147 5269.9337355669 0.0000670267 0.0000000009 148 5308.7378095727 70.6775302720 17.7037997116 0.0078129769 -0.0625019074 -0.0625019074 5319.7936259558
148 5308.7378095727 0.0078129769 0.0000000000 149 5349.9774615234 70.7280823065 18.6417765989 0.0000709609 0.0081484420 0.0021362957 5348.7452364342
149 5349.9774615234 0.0000709609 0.0000000000 150 5393.7269957325 70.7816394078 19.5879176657 0.0000735017 0.0082705161 0.0022583697 5392.4677943426
150 5393.7269957325 0.0000735017 402.3901386780 151 5440.0663318995 70.8382868497 20.5427225094 0.0000762483 0.0083925901 0.0024109622 5438.7783192803
151 5440.0663318995 0.0000762483 0.0000000009 152 5489.0813516213 70.8981159656 21.5067083521 0.0078091629 -0.0625019074 0.0624713889 5495.2645878603
152 5489.0813516213 0.0078091629 0.0000000000 153 5540.8642779484 70.9612244939 22.4804113904 0.0000826655 0.0086672567 0.0027466659 5539.5107899617
153 5540.8642779484 0.0000826655 0.0000000000 154 5595.5140909243 71.0277169535 23.4643882360 0.0000867347 0.0088503677 0.0028992584 5594.1208761790
154 5595.5140909243 0.0000867347 182.7839303882 155 5653.1369825272 71.0977050529 24.4592174595 0.0000905543 0.0090029603 0.0030823695 5651.7061087604
155 5653.1369825272 0.0000905543 0.0000000019 156 5713.8468555653 71.1713081369 25.4655012448 0.0042112209 -0.0625019074 -0.0174565874 5723.6368333059
156 5713.8468555653 0.0042112209 0.0000000009 157 5777.7658700411 71.2486536711 26.4838671666 0.0043913618 0.0358592486 -0.0557267983 5775.6121372769
157 5777.7658700411 0.0043913618 0.0000000000 158 5845.0250426774 71.3298777715 27.5149701033 0.0001074560 0.0096743675 0.0037232582 5843.4401165566
158 5845.0250426774 0.0001074560 1089.3173186662 159 5915.7649048644 71.4151257811 28.5594942977 0.0001147236 0.0099490341 0.0039674062 5914.1173823150
159 5915.7649048644 0.0001147236 0.0000000019 160 5990.1362253729 71.5045528990 29.6181555821 0.0078129769 -0.0625019074 -0.0625019074 6002.7847626742
160 5990.1362253729 0.0078129769 0.0000000000 161 6068.3008049737 71.5983248675 30.6917037836 0.0001319020 0.0105594043 0.0045167394 6066.5116127041
161 6068.3008049737 0.0001319020 0.0000000000 162 6150.4323508805 71.6966187219 31.7809253284 0.0001429155 0.0109256264 0.0048524430 6148.5574025988
162 6150.4323508805 0.0001429155 1252.2645740135 163 6236.7174401656 71.7996236107 32.8866460669 0.0001277303 0.0106814783 0.0036927396 6234.9408320068
163 6236.7174401656 0.0001277303 0.0000000009 164 6327.3565823410 71.9075416931 34.0097343417 0.0078129769 -0.0625019074 -0.0625019074 6340.6044588768
164 6327.3565823410 0.0078129769 0.0000000000 165 6422.5653928242 72.0205891224 35.1511043253 0.0001892833 0.0123599963 0.0060426649 6420.3604209850
165 6422.5653928242 0.0001892833 0.0000000000 166 6522.5758904081 72.1389971230 36.3117196576 0.0002116765 0.0130008850 0.0065309610 6520.2260596162
166 6522.5758904081 0.0002116765 0.0000000913 167 6627.6379341328 72.2630131754 37.4925974153 0.0002396029 0.0137333293 0.0071413312 6625.1178561159
167 6627.6379341328 0.0002396029 0.0000000009 168 6738.0208158263 72.3929023129 38.6948124500 0.0078129769 -0.0625019074 -0.0625019074 6751.9150169275
168 6738.0208158263 0.0078129769 0.0000000000 169 6854.0150298803 72.5289485569 39.9195021400 0.0003197034 0.0156559954 0.0086367382 6851.0547752427
169 6854.0150298803 0.0003197034 0.0000000000 170 6975.9342405221 72.6714564905 41.1678716000 0.0003793043 0.0169377728 0.0096133305 6972.6813138841
170 6975.9342405221 0.0003793043 226.3830326135 171 7104.1174740948 72.8207529983 42.4411994041 0.0004610142 0.0185552538 0.0108035524 7100.4984885676
171 7104.1174740948 0.0004610142 0.0000000009 172 7238.9315656558 72.9771891889 43.7408438847 0.0039561878 -0.0625019074 -0.0070497757 7248.6746751623
172 7238.9315656558 0.0039561878 0.0000000009 173 7380.7738941428 73.1411425211 45.0682500753 0.0007479619 0.0232856227 0.0143436995 7376.0754771352
173 7380.7738941428 0.0007479619 0.0000000000 174 7530.0754460600 73.3130191608 46.4249573784 0.0010242538 0.0270393994 0.0171208838 7524.5221176989
174 7530.0754460600 0.0010242538 1830.0491487756 175 7687.3042537296 73.4932565978 47.8126080484 0.0015122333 0.0325937681 0.0212103641 7680.4866759857
175 7687.3042537296 0.0015122333 0.0000000009 176 7852.9692616647 73.6823265546 49.2329565958 0.0039064884 -0.0625019074 0.0000000000 7862.1837400568
176 7852.9692616647 0.0039064884 0.0000000019 177 8027.6246835768 73.8807382285 50.6878802317 0.0050923291 0.0588396863 0.0403759880 8014.8423904967
177 8027.6246835768 0.0050923291 0.0000000000 178 8211.8749228819 74.0890419082 52.1793904910 0.0078053489 0.0624713889 0.0624713889 8196.1063995390
178 8211.8749228819 0.0078053489 2048.0937539341 179 8406.3801423263 74.3078330186 53.7096461951 0.0078053489 0.0624713889 0.0624713889 8390.3930882160
179 8406.3801423263 0.0078053489 0.0000000009 180 8611.8625831741 74.5377566530 55.2809679394 0.0036109217 -0.0600909452 0.0000000000 8620.8242825903
180 8611.8625831741 0.0036109217 0.0000000000 181 8829.1137526074 74.7795126611 56.8958543198 0.0062640715 -0.0625019074 -0.0485549486 8843.9928915928
181 8829.1137526074 0.0062640715 0.0000000000 182 9059.0026193808 75.0338613747 58.5570001501 0.0025427264 -0.0397656178 -0.0310068056 9068.6040288648
182 9059.0026193808 0.0025427264 2048.0898474773 183 9302.4849843497 75.3016300653 60.2673169625 0.0013193707 -0.0283516953 -0.0227057711 9309.4929932648
183 9302.4849843497 0.0013193707 0.0000000009 184 9560.6142238145 75.5837202427 62.0299561349 0.0003352966 -0.0183111057 0.0000000000 9563.3826020901
184 9560.6142238145 0.0003352966 0.0000000000 185 9834.5536430285 75.8811159281 63.8483350490 0.0005143496 -0.0173650319 -0.0145878475 9839.0523329277
185 9834.5536430285 0.0005143496 0.0000000000 186 10125.5907236650 76.1948930530 65.7261667550 0.0003552588 -0.0142826624 -0.0122989593 10129.3843376995
186 10125.5907236650 0.0003552588 1604.4028704447 187 10435.1536079336 76.5262301663 67.6674937061 0.0002567301 -0.0120242927 -0.0105899228 10438.4273993176
187 10435.1536079336 0.0002567301 0.0000000009 188 10764.8302336788 76.8764206677 69.6767262362 0.0008229669 -0.0286873989 0.0000000000 10769.2418257382
188 10764.8302336788 0.0008229669 0.0000000019 189 11116.3906233033 77.2468868251 71.7586865761 0.0000080043 -0.0011291849 -0.0025940733 11116.9373779229
189 11116.3906233033 0.0000080043 0.0000000000 190 11491.8129406623 77.6391958856 73.9186593690 0.0001132641 -0.0077211829 -0.0073244423 11494.0948126964
190 11491.8129406623 0.0001132641 25.9748784599 191 11893.3140685988 78.0550786532 76.1624498362 0.0000889439 -0.0067445906 -0.0065919980 11895.3711820825
191 11893.3140685988 0.0000889439 0.0000000009 192 12323.3856343378 78.4964509847 78.4964509844 0.0039064884 -0.0625019074 0.0000000000 12333.2018966486
192 12323.3856343378 0.0039064884 0.0000000009 193 12784.8366312982 78.9654387500 80.9277215441 0.0000570544 -0.0052797021 -0.0054017762 12786.5448232211
193 12784.8366312982 0.0000570544 0.0000000000 194 13280.8440669084 79.4644069238 83.4640766987 0.0000462309 -0.0046998505 -0.0049134800 13282.4112529455
194 13280.8440669084 0.0000462309 47.7116510133 195 13815.0134271973 79.9959936289 86.1141941292 0.0000174252 -0.0027466659 -0.0031434065 13815.9942729816
195 13815.0134271973 0.0000174252 0.0000000019 196 14391.4512135960 80.5631501386 88.8877384871 0.0047294553 -0.0625019074 -0.0286873989 14406.6265601759
196 14391.4512135960 0.0047294553 0.0000000000 197 15014.8524118094 81.1691880892 91.7955081513 0.0000251566 -0.0033265175 -0.0037537767 15016.0816180936
197 15014.8524118094 0.0000251566 0.0000000000 198 15690.6065421058 81.8178354632 94.8496090779 0.0000204466 -0.0029602954 -0.0034180731 15691.7393782667
198 15690.6065421058 0.0000204466 84.0296607128 199 16424.9269822733 82.5133032992 98.0636617760 0.0000167397 -0.0026551103 -0.0031128880 16425.9756852453
199 16424.9269822733 0.0000167397 0.0000000009 200 17225.0096373666 83.2603656026 101.4530490281 0.0016764830 -0.0183111057 -0.0366222114 17235.4913625690
200 17225.0096373666 0.0016764830 0.0000000000 201 18099.2288860532 84.0644556020 105.0352140494 0.0000110359 -0.0020752586 -0.0025940733 18100.1227461553
201 18099.2288860532 0.0000110359 0.0000000000 202 19057.3812399204 84.9317823840 108.8300215060 0.0000088751 -0.0018311106 -0.0023499252 19058.2037725907
202 19057.3812399204 0.0000088751 599.0521550802 203 20110.9905792787 85.8694731160 112.8601974394 0.0000070505 -0.0016174810 -0.0021057772 20111.7436876628
203 20110.9905792787 0.0000070505 0.0000000000 204 21273.6935559484 86.8857476464 117.1518690072 0.0008229678 -0.0000305185 -0.0286873989 21280.4212469611
204 21273.6935559484 0.0008229678 0.0000000019 205 22561.7303495799 87.9901344107 121.7352315313 0.0078129769 -0.0625019074 -0.0625019074 22587.9546333627
205 22561.7303495799 0.0078129769 0.0000000000 206 23994.5752787274 89.1937394972 126.6453793600 0.0000031602 -0.0010071108 -0.0014648885 23995.1259805547
206 23994.5752787274 0.0000031602 27.4335921150 207 25595.7550881750 90.5095847845 131.9233495266 0.0000022959 -0.0008545183 -0.0012512589 25596.2399151850
207 25595.7550881750 0.0000022959 0.0000000019 208 27393.9220459166 91.9530367404 137.6174446795 0.0078129769 -0.0625019074 -0.0625019074 27422.6270448395
208 27393.9220459166 0.0078129769 0.0000000000 209 29424.2774015487 93.5423555504 143.7849266079 0.0000010152 -0.0005798517 -0.0008239998 29424.6228414368
209 29424.2774015487 0.0000010152 0.0000000000 210 31730.4832484588 95.2994058710 150.4942074935 0.0000005933 -0.0004272591 -0.0006408887 31730.7575842088
210 31730.4832484588 0.0000005933 709.0568144548 211 34367.2654873267 97.2505875436 157.8277184456 0.0000002580 -0.0002746666 -0.0004272591 34367.4537772265
211 34367.2654873267 0.0000002580 0.0000000009 212 37404.0108513896 99.4280699602 165.8857129332 0.0067198541 -0.0625019074 -0.0530411695 37434.0440037127
212 37404.0108513896 0.0067198541 0.0000000000 213 40929.8197179540 101.8714522595 174.7913811734 0.0000000000 0.0000000000 0.0000000000 40929.8197179540
213 40929.8197179540 0.0000000000 0.0000000000 214 45060.7336542561 104.6300311275 184.6978349643 0.0000000745 0.0001220740 0.0002441481 45060.6179218678
214 45060.7336542561 0.0000000745 410.9415678919 215 49950.2841125799 107.7659524153 195.7978130945 0.0000002692 0.0002441481 0.0004577776 49950.0522274268
215 49950.2841125799 0.0000002692 0.0000000009 216 55805.2394005817 111.3586762300 208.3374297357 0.0052476748 -0.0625019074 -0.0366222114 55834.4244623745
216 55805.2394005817 0.0052476748 0.0000000000 217 62909.7162650617 115.5114416849 222.6360777254 0.0000012527 0.0004882962 0.0010071108 62909.1550203272
217 62909.7162650617 0.0000012527 0.0000000000 218 71663.1795329639 120.3608601828 239.1159611340 0.0000021329 0.0006408887 0.0013122959 71662.3976774721
218 71663.1795329639 0.0000021329 261.0176652844 219 82642.3411599745 126.0915583204 258.3471696774 0.0000031984 0.0007629627 0.0016174810 82641.3130135741
219 82642.3411599745 0.0000031984 0.0000000019 220 96705.9220527011 132.9592692598 281.1187556365 0.0078129769 -0.0625019074 -0.0625019074 96757.6911984205
220 96705.9220527011 0.0078129769 0.0000000009 221 115180.0882880707 141.3286640600 308.5551765942 0.0046951293 0.0620136113 0.0291451765 115144.5785913413
221 115180.0882880707 0.0046951293 0.0000000000 222 140204.6645030219 151.7382063713 342.3159085264 0.0000106671 0.0013122959 0.0029908139 140202.2186564601
222 140204.6645030219 0.0000106671 944.9521405991 223 175422.6236358909 165.0175932680 384.9569034943 0.0000152970 0.0015259255 0.0036011841 175419.3474407154
223 175422.6236358909 0.0000152970 0.0000000009 224 227467.4320833997 182.5152984814 440.6309089291 0.0078129769 -0.0625019074 -0.0625019074 227545.3355494896
224 227467.4320833997 0.0078129769 0.0000000000 225 309515.2022199706 206.5789436086 516.5659128103 0.0000353412 0.0021973327 0.0055238502 309508.5875445261
225 309515.2022199706 0.0000353412 0.0000000000 226 450991.3901019850 241.6907239462 626.5596412636 0.0000575080 0.0027161473 0.0070802942 450981.2047710714
226 450991.3901019850 0.0000575080 1544.3732310950 227 729595.3432748404 297.6065313311 800.6408032220 0.0000519132 0.0028382214 0.0066225166 729583.0494663629
227 729595.3432748404 0.0000519132 0.0000000019 228 1412174.5497438088 400.3428910496 1118.8834252637 0.0078129769 -0.0625019074 -0.0625019074 1412364.4666418901
228 1412174.5497438088 0.0078129769 0.0000000000 229 3995454.2542139911 650.2507847686 1890.1397226454 0.0006615448 0.0083620716 0.0243232521 3995351.4312985237
229 3995454.2542139911 0.0006615448 0.0000000000 230 47030742.7250924855 2151.1968712177 6511.7658700506 0.0047256413 0.0286873989 0.0624713889 47029805.7072164118
230 47030742.7250924855 0.0047256413 2048.0937539341 231 20043140.7755126953 -1352.0675407918 -4267.9098093387 0.0038098122 -0.0186468093 -0.0588396863 20042588.1108829305
231 20043140.7755126953 0.0038098122 0.0000000009 232 2696432.6416222216 -476.6711856774 -1571.3743100761 0.0078129769 -0.0625019074 -0.0625019074 2696176.6359353173
232 2696432.6416222216 0.0078129769 0.0000000000 233 974393.1801915359 -274.9305621044 -948.0539890810 0.0002073558 -0.0040284433 -0.0138248848 974364.7518402045
233 974393.1801915359 0.0002073558 0.0000000000 234 483612.8529581608 -185.4781291895 -670.2318379117 0.0001085262 -0.0027771844 -0.0100405896 483598.3638071009
234 483612.8529581608 0.0001085262 943.8986300442 235 280958.5003680194 -135.0928646493 -512.5508933646 0.0000658234 -0.0020752586 -0.0078432569 280949.8995918743
235 280958.5003680194 0.0000658234 0.0000000009 236 179188.8950273411 -102.8552336268 -410.6211099577 0.0075837318 -0.0625019074 -0.0606402783 179126.2449577050
236 179188.8950273411 0.0075837318 0.0000000019 237 121455.7821982626 -80.5249216668 -339.0745038908 0.0000311528 -0.0012817774 -0.0054322947 121451.8918941145
237 121455.7821982626 0.0000311528 0.0000000000 238 85856.0878622742 -64.1993134149 -285.8925252946 0.0000226595 -0.0010681478 -0.0046388134 85853.2983320413
238 85856.0878622742 0.0000226595 1027.4221866308 239 62533.3250199950 -51.7916461921 -244.6445388818 0.0000170116 -0.0008850368 -0.0040284433 62531.2622887006
239 62533.3250199950 0.0000170116 0.0000000009 240 46536.0971625042 -42.0853268457 -211.5772256808 0.0078129769 -0.0625019074 -0.0625019074 46504.3961887398
240 46536.0971625042 0.0078129769 0.0000000019 241 35163.5680318163 -34.3235507854 -184.3514629541 0.0000100626 -0.0006103702 -0.0031128880 35162.3784108332
241 35163.5680318163 0.0000100626 0.0000000000 242 26845.0823273541 -28.0111976080 -161.4325095386 0.0000079512 -0.0004882962 -0.0027771844 26844.1583241032
242 26845.0823273541 0.0000079512 235.4412880221 243 20619.2321476743 -22.8110736421 -141.7705437211 0.0017685824 -0.0000305185 -0.0420545061 20607.3083435572
243 20619.2321476743 0.0017685824 0.0000000019 244 15872.3982221633 -18.4859424791 -124.6221013818 0.0068907212 -0.0546281320 -0.0625019074 15854.8071697914
244 15872.3982221633 0.0068907212 0.0000000000 245 12199.1259187428 -14.8643925997 -109.4448525577 0.0000038904 -0.0002746666 -0.0019531846 12198.6902251268
245 12199.1259187428 0.0000038904 0.0000000000 246 9323.6344159802 -11.8198485435 -95.8328002116 0.0000029804 -0.0002441481 -0.0017090365 9323.3010838613
246 9323.6344159802 0.0000029804 605.0296326671 247 7053.7454956353 -9.2571861503 -83.4748465121 0.0000023620 -0.0001831111 -0.0015259255 7053.4873550216
247 7053.7454956353 0.0000023620 0.0000000009 248 5252.8308388569 -7.1039310137 -72.1274219906 0.0042417850 -0.0183111057 -0.0625019074 5243.5587160773
248 5252.8308388569 0.0042417850 0.0000000000 249 3822.1873074643 -5.3043193919 -61.5958724531 0.0000012900 -0.0001220740 -0.0011291849 3822.0469074628
249 3822.1873074643 0.0000012900 0.0000000000 250 2689.6652929609 -3.8152041567 -51.7214608282 0.0000009621 -0.0000915555 -0.0009765923 2689.5635737558
250 2689.6652929609 0.0000009621 58.5938034681 251 1802.1678628111 -2.6031846911 -42.3720579188 0.0000006333 -0.0000610370 -0.0007934812 1802.1003027965
251 1802.1678628111 0.0000006333 0.0000000009 252 1120.6176405314 -1.6425711922 -33.4353047004 0.0047294553 -0.0286873989 -0.0625019074 1116.3485871596
252 1120.6176405314 0.0047294553 0.0000000019 253 616.5427692780 -0.9139336264 -24.8134539032 0.0000333248 -0.0019531846 -0.0054322947 616.2696444529
253 616.5427692780 0.0000333248 0.0000000000 254 269.7578417210 -0.4030726586 -16.4193597364 0.0000001136 -0.0000305185 -0.0003357036 269.7467931558
254 269.7578417210 0.0000001136 9.9789512377 255 66.8120412439 -0.1003058776 -8.1732478229 0.0000000242 -0.0000305185 -0.0001525925 66.8095407924
255 66.8120412439 0.0000000242 0.0000000093 