#int double real img int16 real16 img16 error
0 0.0000000000 -0.0000000000 0.0000000000 0.0000152597 -0.0039063692 0.0000000000 0.0000152597
0 0.0000000000 0.0000152597 0.0000000000 1 0.0000000266 -0.0000020014 0.0001630777 0.0000023620 0.0001831111 -0.0015259255 0.0000028870
1 0.0000000266 0.0000023620 0.0067156005 2 0.0000001074 -0.0000080424 0.0003276093 0.0000007647 -0.0007629627 -0.0004272591 0.0000011397
2 0.0000001074 0.0000007647 0.0278511105 3 0.0000002455 -0.0000182354 0.0004950935 0.0000010143 0.0000000000 -0.0010071108 0.0000022570
3 0.0000002455 0.0000010143 0.0635720335 4 0.0000004461 -0.0000327736 0.0006671220 0.0000000373 -0.0000610370 0.0001831111 0.0000002351
4 0.0000004461 0.0000000373 0.1165513575 5 0.0000007175 -0.0000519404 0.0008454337 0.0000001211 -0.0000915555 0.0003357036 0.0000002614
5 0.0000007175 0.0000001211 0.1873661615 6 0.0000010708 -0.0000761233 0.0010319788 0.0000003446 -0.0002746666 0.0005188147 0.0000003028
6 0.0000010708 0.0000003446 0.2797655309 7 0.0000015216 -0.0001058351 0.0012289992 0.0000006529 -0.0001525925 0.0007934812 0.0000001919
7 0.0000015216 0.0000006529 0.3976845762 8 0.0000020912 -0.0001417421 0.0014391313 0.0000016588 -0.0003051851 0.0012512589 0.0000000620
8 0.0000020912 0.0000016588 0.5472182724 9 0.0000028081 -0.0001847051 0.0016655422 0.0000017184 -0.0002746666 0.0012817774 0.0000001554
9 0.0000028081 0.0000017184 0.7343498931 10 0.0000037118 -0.0002358370 0.0019121157 0.0000023284 -0.0004272591 0.0014648885 0.0000002367
10 0.0000037118 0.0000023284 0.9709928138 11 0.0000048566 -0.0002965836 0.0021837119 0.0000037563 -0.0002441481 0.0019226661 0.0000000709
11 0.0000048566 0.0000037563 1.2701673335 12 0.0000063189 -0.0003688430 0.0024865378 0.0000044194 -0.0003357036 0.0020752586 0.0000001702
12 0.0000063189 0.0000044194 1.6531650649 13 0.0000082087 -0.0004551408 0.0028286942 0.0000064116 -0.0006714072 0.0024414808 0.0000001967
13 0.0000082087 0.0000064116 2.1475713338 14 0.0000106872 -0.0005588969 0.0032210020 0.0000077137 -0.0005798517 0.0027161473 0.0000002553
14 0.0000106872 0.0000077137 2.7961003431 15 0.0000139989 -0.0006848449 0.0036782953 0.0000111142 -0.0006714072 0.0032654805 0.0000001706
15 0.0000139989 0.0000111142 3.6636738301 16 0.0000185264 -0.0008397127 0.0042215207 0.0000179570 -0.0008545183 0.0041505173 0.0000000053
16 0.0000185264 0.0000179570 4.8495941266 17 0.0000248950 -0.0010333792 0.0048813003 0.0000241646 -0.0010986663 0.0047914060 0.0000000123
17 0.0000248950 0.0000241646 6.5159325522 18 0.0000341799 -0.0012809447 0.0057043058 0.0000342915 -0.0013122959 0.0057069613 0.0000000010
18 0.0000341799 0.0000342915 8.9464520204 19 0.0000483524 -0.0016066834 0.0067654258 0.0000469788 -0.0016479995 0.0066530351 0.0000000143
19 0.0000483524 0.0000469788 12.6577490480 20 0.0000713364 -0.0020522317 0.0081929683 0.0000684974 -0.0021362957 0.0079958495 0.0000000459
20 0.0000713364 0.0000684974 18.6734194192 21 0.0001118516 -0.0026954570 0.0102267348 0.0001070900 -0.0026245918 0.0100100711 0.0000000520
21 0.0001118516 0.0001070900 29.2776947159 22 0.0001925297 -0.0037007752 0.0133728833 0.0001891762 -0.0038148137 0.0132145146 0.0000000381
22 0.0001925297 0.0001891762 50.3974414676 23 0.0003879129 -0.0054855859 0.0189161640 0.0003900291 -0.0055543687 0.0189519944 0.0000000060
23 0.0003879129 0.0003900291 101.5394375958 24 0.0010734692 -0.0095108405 0.0313530394 0.0010716871 -0.0095522935 0.0313119907 0.0000000034
24 0.0010734692 0.0010716871 280.9973050136 25 0.0079793181 -0.0269772941 0.0851559961 0.0079673921 -0.0269783624 0.0850856044 0.0000000050
25 0.0079793181 0.0079673921 2088.6936691959 26 0.0187232759 0.0429220205 -0.1299268104 0.0188917742 0.0430616169 -0.1305276650 0.0000003805
26 0.0187232759 0.0188917742 4901.0289023250 27 0.0015906190 0.0129742089 -0.0377132456 0.0016079381 0.0127262185 -0.0380260628 0.0000001594
27 0.0015906190 0.0016079381 416.3540578104 28 0.0005621968 0.0079878908 -0.0223246593 0.0005647475 0.0079348125 -0.0224005860 0.0000000086
28 0.0005621968 0.0005647475 147.1627562197 29 0.0002904571 0.0059380310 -0.0159748842 0.0002847637 0.0057374798 -0.0158696249 0.0000000513
29 0.0002904571 0.0002847637 76.0265862153 30 0.0001795429 0.0048223639 -0.0125015084 0.0001827832 0.0047303690 -0.0126651814 0.0000000353
30 0.0001795429 0.0001827832 46.9915569273 31 0.0001232202 0.0041217918 -0.0103068450 0.0001225341 0.0039368877 -0.0103457747 0.0000000357
31 0.0001232202 0.0001225341 32.2531723470 32 0.0000905564 0.0036416590 -0.0087917425 0.0000912975 0.0036011841 -0.0088503677 0.0000000051
32 0.0000905564 0.0000912975 23.7040698232 33 0.0000698370 0.0032925339 -0.0076809000 0.0000740074 0.0031739250 -0.0079958495 0.0000001133
33 0.0000698370 0.0000740074 18.2809940865 34 0.0000558165 0.0030275752 -0.0068301003 0.0000579709 0.0030213324 -0.0069887387 0.0000000252
34 0.0000558165 0.0000579709 14.6105094112 35 0.0000458540 0.0028198776 -0.0061564852 0.0000446326 0.0027161473 -0.0061037019 0.0000000135
35 0.0000458540 0.0000446326 12.0028286338 36 0.0000384993 0.0026528862 -0.0056090566 0.0000403939 0.0025330363 -0.0058290353 0.0000000628
36 0.0000384993 0.0000403939 10.0773260058 37 0.0000329005 0.0025158573 -0.0051547037 0.0000330472 0.0024109622 -0.0052186651 0.0000000151
37 0.0000329005 0.0000330472 8.6125161771 38 0.0000285296 0.0024015149 -0.0047709907 0.0000307169 0.0023804437 -0.0050050356 0.0000000552
38 0.0000285296 0.0000307169 7.4679330503 39 0.0000250448 0.0023047563 -0.0044421738 0.0000260870 0.0024414808 -0.0044862209 0.0000000206
39 0.0000250448 0.0000260870 6.5541416432 40 0.0000222165 0.0022218977 -0.0041568782 0.0000225813 0.0022583697 -0.0041810358 0.0000000019
40 0.0000222165 0.0000225813 5.8151763636 41 0.0000198856 0.0021502134 -0.0039066800 0.0000207819 0.0020752586 -0.0040589618 0.0000000288
41 0.0000198856 0.0000207819 5.2050043922 42 0.0000179390 0.0020876436 -0.0036852063 0.0000168067 0.0020142216 -0.0035706656 0.0000000185
42 0.0000179390 0.0000168067 4.6936821765 43 0.0000162945 0.0020326027 -0.0034875466 0.0000163746 0.0020142216 -0.0035096286 0.0000000008
43 0.0000162945 0.0000163746 4.2638691167 44 0.0000148908 0.0019838508 -0.0033098551 0.0000147354 0.0018616291 -0.0033570360 0.0000000172
44 0.0000148908 0.0000147354 3.8971529612 45 0.0000136819 0.0019404043 -0.0031490770 0.0000138887 0.0019531846 -0.0031739250 0.0000000008
45 0.0000136819 0.0000138887 3.5797851637 46 0.0000126321 0.0019014731 -0.0030027542 0.0000119459 0.0016785180 -0.0030213324 0.0000000501
46 0.0000126321 0.0000119459 3.3062911274 47 0.0000117140 0.0018664154 -0.0028688865 0.0000112557 0.0017395550 -0.0028687399 0.0000000161
47 0.0000117140 0.0000112557 3.0646189021 48 0.0000109057 0.0018347043 -0.0027458290 0.0000112362 0.0018311106 -0.0028077029 0.0000000038
48 0.0000109057 0.0000112362 2.8540481190 49 0.0000101899 0.0018059036 -0.0026322169 0.0000095466 0.0016785180 -0.0025940733 0.0000000177
49 0.0000101899 0.0000095466 2.6655045709 50 0.0000095524 0.0017796491 -0.0025269075 0.0000096500 0.0017090365 -0.0025940733 0.0000000095
50 0.0000095524 0.0000096500 2.5003228846 51 0.0000089820 0.0017556340 -0.0024289372 0.0000076615 0.0015564440 -0.0022888882 0.0000000593
51 0.0000089820 0.0000076615 2.3499619726 52 0.0000084692 0.0017335986 -0.0023374871 0.0000092886 0.0017395550 -0.0025025178 0.0000000273
52 0.0000084692 0.0000092886 2.2161448226 53 0.0000080063 0.0017133212 -0.0022518570 0.0000109092 0.0019226661 -0.0026856288 0.0000002320
53 0.0000080063 0.0000109092 2.0965188792 54 0.0000075869 0.0016946118 -0.0021714444 0.0000071902 0.0017700735 -0.0020142216 0.0000000304
54 0.0000075869 0.0000071902 1.9847577914 55 0.0000072054 0.0016773064 -0.0020957280 0.0000101520 0.0018921476 -0.0025635548 0.0000002650
55 0.0000072054 0.0000101520 1.8861272348 56 0.0000068574 0.0016612627 -0.0020242545 0.0000070831 0.0017395550 -0.0020142216 0.0000000062
56 0.0000068574 0.0000070831 1.7938618238 57 0.0000065389 0.0016463568 -0.0019566273 0.0000079372 0.0018005921 -0.0021668142 0.0000000680
57 0.0000065389 0.0000079372 1.7104389841 58 0.0000062465 0.0016324804 -0.0018924985 0.0000060987 0.0015869625 -0.0018921476 0.0000000021
58 0.0000062465 0.0000060987 1.6341912623 59 0.0000059775 0.0016195382 -0.0018315612 0.0000067525 0.0016785180 -0.0019837031 0.0000000266
59 0.0000059775 0.0000067525 1.5640970507 60 0.0000057293 0.0016074462 -0.0017735435 0.0000063129 0.0016174810 -0.0019226661 0.0000000223
60 0.0000057293 0.0000063129 1.4984434643 61 0.0000054999 0.0015961299 -0.0017182041 0.0000054989 0.0014648885 -0.0018311106 0.0000000300
61 0.0000054999 0.0000054989 1.4387804088 62 0.0000052872 0.0015855234 -0.0016653273 0.0000056423 0.0016174810 -0.0017395550 0.0000000065
62 0.0000052872 0.0000056423 1.3824247114 63 0.0000050897 0.0015755676 -0.0016147203 0.0000051384 0.0016479995 -0.0015564440 0.0000000086
63 0.0000050897 0.0000051384 1.3306305007 64 0.0000049060 0.0015662101 -0.0015662101 0.0000049410 0.0015564440 -0.0015869625 0.0000000005
64 0.0000049060 0.0000049410 1.2825306241 65 0.0000047348 0.0015574036 -0.0015196407 0.0000053321 0.0016174810 -0.0016479995 0.0000000201
65 0.0000047348 0.0000053321 1.2377098327 66 0.0000045750 0.0015491056 -0.0014748712 0.0000046737 0.0016174810 -0.0014343699 0.0000000063
66 0.0000045750 0.0000046737 1.1954138516 67 0.0000044255 0.0015412780 -0.0014317740 0.0000048525 0.0014954070 -0.0016174810 0.0000000366
67 0.0000044255 0.0000048525 1.1562103780 68 0.0000042856 0.0015338863 -0.0013902335 0.0000043933 0.0015564440 -0.0014038514 0.0000000007
68 0.0000042856 0.0000043933 1.1192611761 69 0.0000041543 0.0015268990 -0.0013501440 0.0000033874 0.0014038514 -0.0011902219 0.0000000407
69 0.0000041543 0.0000033874 1.0846207688 70 0.0000040311 0.0015202880 -0.0013114094 0.0000043859 0.0015259255 -0.0014343699 0.0000000152
70 0.0000040311 0.0000043859 1.0520534574 71 0.0000039152 0.0015140273 -0.0012739418 0.0000045191 0.0016479995 -0.0013428144 0.0000000227
71 0.0000039152 0.0000045191 1.0212705787 72 0.0000038061 0.0015080935 -0.0012376603 0.0000039882 0.0015564440 -0.0012512589 0.0000000025
72 0.0000038061 0.0000039882 0.9919638833 73 0.0000037034 0.0015024650 -0.0012024911 0.0000036734 0.0015259255 -0.0011597034 0.0000000024
73 0.0000037034 0.0000036734 0.9637291497 74 0.0000036065 0.0014971224 -0.0011683658 0.0000033763 0.0015564440 -0.0009765923 0.0000000403
74 0.0000036065 0.0000033763 0.9365598126 75 0.0000035149 0.0014920474 -0.0011352215 0.0000035355 0.0015259255 -0.0010986663 0.0000000025
75 0.0000035149 0.0000035355 0.9083015989 76 0.0000034284 0.0014872238 -0.0011030003 0.0000049643 0.0018005921 -0.0013122959 0.0000001420
76 0.0000034284 0.0000049643 0.8710600230 77 0.0000033466 0.0014826362 -0.0010716483 0.0000000047 0.0000610370 -0.0000305185 0.0000031049
77 0.0000033466 0.0000000047 0.9857826310 78 0.0000032692 0.0014782707 -0.0010411157 0.0000024523 0.0013122959 -0.0008545183 0.0000000624
78 0.0000032692 0.0000024523 0.8732178652 79 0.0000031959 0.0014741145 -0.0010113562 0.0000024812 0.0012817774 -0.0009155553 0.0000000462
79 0.0000031959 0.0000024812 0.8460754199 80 0.0000031263 0.0014701557 -0.0009823266 0.0000025604 0.0013122959 -0.0009155553 0.0000000294
80 0.0000031263 0.0000025604 0.8250194412 81 0.0000030604 0.0014663833 -0.0009539870 0.0000021198 0.0012207404 -0.0007934812 0.0000000861
81 0.0000030604 0.0000021198 0.8062383848 82 0.0000029978 0.0014627870 -0.0009262997 0.0000024821 0.0013428144 -0.0008239998 0.0000000249
82 0.0000029978 0.0000024821 0.7887985780 83 0.0000029383 0.0014593577 -0.0008992298 0.0000025864 0.0013428144 -0.0008850368 0.0000000138
83 0.0000029383 0.0000025864 0.7724536515 84 0.0000028819 0.0014560864 -0.0008727446 0.0000023219 0.0012817774 -0.0008239998 0.0000000328
84 0.0000028819 0.0000023219 0.7572404628 85 0.0000028282 0.0014529650 -0.0008468133 0.0000025864 0.0013428144 -0.0008850368 0.0000000136
85 0.0000028282 0.0000025864 0.7423163463 86 0.0000027772 0.0014499862 -0.0008214070 0.0000024635 0.0014038514 -0.0007019257 0.0000000164
86 0.0000027772 0.0000024635 0.7290726050 87 0.0000027286 0.0014471428 -0.0007964988 0.0000023042 0.0013122959 -0.0007629627 0.0000000193
87 0.0000027286 0.0000023042 0.7161891753 88 0.0000026825 0.0014444283 -0.0007720630 0.0000026004 0.0014038514 -0.0007934812 0.0000000021
88 0.0000026825 0.0000026004 0.7039677385 89 0.0000026385 0.0014418367 -0.0007480757 0.0000023368 0.0013733329 -0.0006714072 0.0000000106
89 0.0000026385 0.0000023368 0.6923480127 90 0.0000025967 0.0014393622 -0.0007245141 0.0000022400 0.0014038514 -0.0005188147 0.0000000436
90 0.0000025967 0.0000022400 0.6817307418 91 0.0000025569 0.0014369997 -0.0007013567 0.0000022968 0.0013733329 -0.0006408887 0.0000000077
91 0.0000025569 0.0000022968 0.6705879271 92 0.0000025190 0.0014347441 -0.0006785834 0.0000021729 0.0013122959 -0.0006714072 0.0000000150
92 0.0000025190 0.0000021729 0.6607783158 93 0.0000024829 0.0014325908 -0.0006561749 0.0000026870 0.0014343699 -0.0007934812 0.0000000189
93 0.0000024829 0.0000026870 0.6512239799 94 0.0000024485 0.0014305356 -0.0006341128 0.0000016141 0.0011597034 -0.0005188147 0.0000000866
94 0.0000024485 0.0000016141 0.6422184862 95 0.0000024158 0.0014285744 -0.0006123800 0.0000020686 0.0013733329 -0.0004272591 0.0000000373
95 0.0000024158 0.0000020686 0.6332355776 96 0.0000023847 0.0014267034 -0.0005909599 0.0000021394 0.0013428144 -0.0005798517 0.0000000072
96 0.0000023847 0.0000021394 0.6253307295 97 0.0000023551 0.0014249191 -0.0005698368 0.0000021878 0.0013733329 -0.0005493332 0.0000000031
97 0.0000023551 0.0000021878 0.6176519234 98 0.0000023269 0.0014232182 -0.0005489958 0.0000022959 0.0013428144 -0.0007019257 0.0000000299
98 0.0000023269 0.0000022959 0.6102225938 99 0.0000023002 0.0014215975 -0.0005284226 0.0000021757 0.0013428144 -0.0006103702 0.0000000129
99 0.0000023002 0.0000021757 0.6030066684 100 0.0000022747 0.0014200543 -0.0005081035 0.0000020127 0.0013428144 -0.0004577776 0.0000000085
100 0.0000022747 0.0000020127 0.5963680642 101 0.0000022506 0.0014185857 -0.0004880255 0.0000030111 0.0015869625 -0.0007019257 0.0000000741
101 0.0000022506 0.0000030111 0.5901768675 102 0.0000022276 0.0014171893 -0.0004681761 0.0000022959 0.0014343699 -0.0004882962 0.0000000007
102 0.0000022276 0.0000022959 0.5841224841 103 0.0000022059 0.0014158626 -0.0004485432 0.0000031387 0.0017395550 -0.0003357036 0.0000001175
103 0.0000022059 0.0000031387 0.5786951024 104 0.0000021852 0.0014146034 -0.0004291152 0.0000021701 0.0014343699 -0.0003357036 0.0000000091
104 0.0000021852 0.0000021701 0.5728026588 105 0.0000021657 0.0014134096 -0.0004098812 0.0000012983 0.0010681478 -0.0003967406 0.0000001194
105 0.0000021657 0.0000012983 0.5673139951 106 0.0000021473 0.0014122794 -0.0003908303 0.0000017454 0.0013122959 -0.0001525925 0.0000000668
106 0.0000021473 0.0000017454 0.5627049570 107 0.0000021299 0.0014112108 -0.0003719523 0.0000008289 0.0008850368 -0.0002136296 0.0000003019
107 0.0000021299 0.0000008289 0.5575247764 108 0.0000021134 0.0014102021 -0.0003532372 0.0000019373 0.0013428144 -0.0003662221 0.0000000047
108 0.0000021134 0.0000019373 0.5540567638 109 0.0000020980 0.0014092519 -0.0003346754 0.0000016998 0.0012512589 -0.0003662221 0.0000000260
109 0.0000020980 0.0000016998 0.5497567740 110 0.0000020835 0.0014083585 -0.0003162575 0.0000013682 0.0011597034 -0.0001525925 0.0000000886
110 0.0000020835 0.0000013682 0.5459546336 111 0.0000020699 0.0014075206 -0.0002979744 0.0000018255 0.0012817774 -0.0004272591 0.0000000325
111 0.0000020699 0.0000018255 0.5422107417 112 0.0000020572 0.0014067370 -0.0002798174 0.0000019457 0.0013733329 -0.0002441481 0.0000000024
112 0.0000020572 0.0000019457 0.5392627572 113 0.0000020454 0.0014060064 -0.0002617779 0.0000016253 0.0012512589 -0.0002441481 0.0000000243
113 0.0000020454 0.0000016253 0.5361848621 114 0.0000020344 0.0014053279 -0.0002438475 0.0000019093 0.0013733329 -0.0001525925 0.0000000094
114 0.0000020344 0.0000019093 0.5333774610 115 0.0000020243 0.0014047002 -0.0002260182 0.0000014986 0.0012207404 -0.0000915555 0.0000000519
115 0.0000020243 0.0000014986 0.5300780979 116 0.0000020149 0.0014041227 -0.0002082819 0.0000017305 0.0013122959 -0.0000915555 0.0000000221
116 0.0000020149 0.0000017305 0.5280537903 117 0.0000020064 0.0014035943 -0.0001906310 0.0000014176 0.0011902219 -0.0000305185 0.0000000712
117 0.0000020064 0.0000014176 0.5258135462 118 0.0000019987 0.0014031143 -0.0001730576 0.0000011223 0.0010376293 -0.0002136296 0.0000001352
118 0.0000019987 0.0000011223 0.5238297527 119 0.0000019917 0.0014026821 -0.0001555545 0.0000018032 0.0013428144 0.0000000000 0.0000000278
119 0.0000019917 0.0000018032 0.5218036151 120 0.0000019855 0.0014022970 -0.0001381142 0.0000016579 0.0012817774 -0.0001220740 0.0000000148
120 0.0000019855 0.0000016579 0.5203178823 121 0.0000019801 0.0014019585 -0.0001207294 0.0000014902 0.0012207404 0.0000000000 0.0000000474
121 0.0000019801 0.0000014902 0.5185675717 122 0.0000019754 0.0014016661 -0.0001033931 0.0000015656 0.0012512589 0.0000000000 0.0000000333
122 0.0000019754 0.0000015656 0.5176769187 123 0.0000019714 0.0014014193 -0.0000860981 0.0000016430 0.0012817774 0.0000000000 0.0000000217
123 0.0000019714 0.0000016430 0.5167341793 124 0.0000019682 0.0014012179 -0.0000688374 0.0000013598 0.0011597034 0.0001220740 0.0000000948
124 0.0000019682 0.0000013598 0.5157718827 125 0.0000019656 0.0014010616 -0.0000516042 0.0000012834 0.0011291849 0.0000915555 0.0000000944
125 0.0000019656 0.0000012834 0.5151355010 126 0.0000019638 0.0014009500 -0.0000343914 0.0000014939 0.0012207404 0.0000610370 0.0000000416
126 0.0000019638 0.0000014939 0.5144871379 127 0.0000019628 0.0014008832 -0.0000171923 0.0000016886 0.0012817774 0.0002136296 0.0000000675
127 0.0000019628 0.0000016886 0.5141694593 128 0.0000019624 0.0014008609 0.0000000000 0.0000003362 0.0005798517 0.0000000000 0.0000006741
128 0.0000019624 0.0000003362 0.3809059893 129 0.0000019628 0.0014008832 0.0000171923 0.0000015666 0.0012512589 0.0000305185 0.0000000226
129 0.0000019628 0.0000015666 0.5143899243 130 0.0000019638 0.0014009500 0.0000343914 0.0000018041 0.0013428144 0.0000305185 0.0000000034
130 0.0000019638 0.0000018041 0.5147519217 131 0.0000019656 0.0014010616 0.0000516042 0.0000014176 0.0011902219 -0.0000305185 0.0000000512
131 0.0000019656 0.0000014176 0.5152230618 132 0.0000019682 0.0014012179 0.0000688374 0.0000014166 0.0011902219 0.0000000000 0.0000000493
132 0.0000019682 0.0000014166 0.5157259508 133 0.0000019714 0.0014014193 0.0000860981 0.0000018041 0.0013428144 -0.0000305185 0.0000000170
133 0.0000019714 0.0000018041 0.5168763422 134 0.0000019754 0.0014016661 0.0001033931 0.0000018069 0.0013428144 0.0000610370 0.0000000053
134 0.0000019754 0.0000018069 0.5175828755 135 0.0000019801 0.0014019585 0.0001207294 0.0000023517 0.0015259255 0.0001525925 0.0000000164
135 0.0000019801 0.0000023517 0.5189179641 136 0.0000019855 0.0014022970 0.0001381142 0.0000019009 0.0013733329 0.0001220740 0.0000000011
136 0.0000019855 0.0000019009 0.5204493382 137 0.0000019917 0.0014026821 0.0001555545 0.0000021915 0.0014648885 0.0002136296 0.0000000072
137 0.0000019917 0.0000021915 0.5218182200 138 0.0000019987 0.0014031143 0.0001730576 0.0000018944 0.0013733329 0.0000915555 0.0000000075
138 0.0000019987 0.0000018944 0.5240267954 139 0.0000020064 0.0014035943 0.0001906310 0.0000013682 0.0011291849 0.0003051851 0.0000000884
139 0.0000020064 0.0000013682 0.5257637323 140 0.0000020149 0.0014041227 0.0002082819 0.0000018264 0.0013428144 0.0001525925 0.0000000069
140 0.0000020149 0.0000018264 0.5281285242 141 0.0000020243 0.0014047002 0.0002260182 0.0000017231 0.0012512589 0.0003967406 0.0000000527
141 0.0000020243 0.0000017231 0.5303539920 142 0.0000020344 0.0014053279 0.0002438475 0.0000015833 0.0012207404 0.0003051851 0.0000000378
142 0.0000020344 0.0000015833 0.5332152268 143 0.0000020454 0.0014060064 0.0002617779 0.0000017557 0.0013122959 0.0001831111 0.0000000150
143 0.0000020454 0.0000017557 0.5363554489 144 0.0000020572 0.0014067370 0.0002798174 0.0000017678 0.0013122959 0.0002136296 0.0000000133
144 0.0000020572 0.0000017678 0.5391660959 145 0.0000020699 0.0014075206 0.0002979744 0.0000017557 0.0013122959 0.0001831111 0.0000000223
145 0.0000020699 0.0000017557 0.5425159948 146 0.0000020835 0.0014083585 0.0003162575 0.0000018367 0.0013428144 0.0001831111 0.0000000220
146 0.0000020835 0.0000018367 0.5461845577 147 0.0000020980 0.0014092519 0.0003346754 0.0000011642 0.0010681478 0.0001525925 0.0000001495
147 0.0000020980 0.0000011642 0.5499202535 148 0.0000021134 0.0014102021 0.0003532372 0.0000016783 0.0012512589 0.0003357036 0.0000000256
148 0.0000021134 0.0000016783 0.5537592579 149 0.0000021299 0.0014112108 0.0003719523 0.0000019317 0.0013122959 0.0004577776 0.0000000172
149 0.0000021299 0.0000019317 0.5582301213 150 0.0000021473 0.0014122794 0.0003908303 0.0000022092 0.0014038514 0.0004882962 0.0000000096
150 0.0000021473 0.0000022092 0.5630749847 151 0.0000021657 0.0014134096 0.0004098812 0.0000016998 0.0012512589 0.0003662221 0.0000000282
151 0.0000021657 0.0000016998 0.5672314265 152 0.0000021852 0.0014146034 0.0004291152 0.0000019158 0.0013428144 0.0003357036 0.0000000139
152 0.0000021852 0.0000019158 0.5727276557 153 0.0000022059 0.0014158626 0.0004485432 0.0000012536 0.0010681478 0.0003357036 0.0000001336
153 0.0000022059 0.0000012536 0.5776700262 154 0.0000022276 0.0014171893 0.0004681761 0.0000026526 0.0015869625 0.0003662221 0.0000000392
154 0.0000022276 0.0000026526 0.5845212439 155 0.0000022506 0.0014185857 0.0004880255 0.0000014166 0.0010986663 0.0004577776 0.0000001033
155 0.0000022506 0.0000014166 0.5898346089 156 0.0000022747 0.0014200543 0.0005081035 0.0000016858 0.0011902219 0.0005188147 0.0000000529
156 0.0000022747 0.0000016858 0.5963236849 157 0.0000023002 0.0014215975 0.0005284226 0.0000020583 0.0013122959 0.0005798517 0.0000000146
157 0.0000023002 0.0000020583 0.6031502527 158 0.0000023269 0.0014232182 0.0005489958 0.0000017920 0.0012207404 0.0005493332 0.0000000410
158 0.0000023269 0.0000017920 0.6098667771 159 0.0000023551 0.0014249191 0.0005698368 0.0000022539 0.0013428144 0.0006714072 0.0000000171
159 0.0000023551 0.0000022539 0.6175271959 160 0.0000023847 0.0014267034 0.0005909599 0.0000022223 0.0013733329 0.0005798517 0.0000000030
160 0.0000023847 0.0000022223 0.6253753230 161 0.0000024158 0.0014285744 0.0006123800 0.0000020956 0.0013733329 0.0004577776 0.0000000270
161 0.0000024158 0.0000020956 0.6334843034 162 0.0000024485 0.0014305356 0.0006341128 0.0000020937 0.0012817774 0.0006714072 0.0000000235
162 0.0000024485 0.0000020937 0.6421290589 163 0.0000024829 0.0014325908 0.0006561749 0.0000021394 0.0013428144 0.0005798517 0.0000000139
163 0.0000024829 0.0000021394 0.6511624334 164 0.0000025190 0.0014347441 0.0006785834 0.0000025073 0.0014038514 0.0007324442 0.0000000039
164 0.0000025190 0.0000025073 0.6609316684 165 0.0000025569 0.0014369997 0.0007013567 0.0000021794 0.0012817774 0.0007324442 0.0000000251
165 0.0000025569 0.0000021794 0.6705847501 166 0.0000025967 0.0014393622 0.0007245141 0.0000018274 0.0011902219 0.0006408887 0.0000000691
166 0.0000025967 0.0000018274 0.6810774174 167 0.0000026385 0.0014418367 0.0007480757 0.0000022586 0.0013122959 0.0007324442 0.0000000170
167 0.0000026385 0.0000022586 0.6920625598 168 0.0000026825 0.0014444283 0.0007720630 0.0000025939 0.0014343699 0.0007324442 0.0000000017
168 0.0000026825 0.0000025939 0.7042418686 169 0.0000027286 0.0014471428 0.0007964988 0.0000026870 0.0014343699 0.0007934812 0.0000000002
169 0.0000027286 0.0000026870 0.7167618042 170 0.0000027772 0.0014499862 0.0008214070 0.0000026423 0.0012512589 0.0010376293 0.0000000862
170 0.0000027772 0.0000026423 0.7292660563 171 0.0000028282 0.0014529650 0.0008468133 0.0000034023 0.0014343699 0.0011597034 0.0000000982
171 0.0000028282 0.0000034023 0.7429977584 172 0.0000028819 0.0014560864 0.0008727446 0.0000028174 0.0013428144 0.0010071108 0.0000000309
172 0.0000028819 0.0000028174 0.7575957682 173 0.0000029383 0.0014593577 0.0008992298 0.0000023489 0.0012512589 0.0008850368 0.0000000435
173 0.0000029383 0.0000023489 0.7729141274 174 0.0000029978 0.0014627870 0.0009262997 0.0000026414 0.0013428144 0.0009155553 0.0000000145
174 0.0000029978 0.0000026414 0.7886489836 175 0.0000030604 0.0014663833 0.0009539870 0.0000031117 0.0014038514 0.0010681478 0.0000000169
175 0.0000030604 0.0000031117 0.8060685039 176 0.0000031263 0.0014701557 0.0009823266 0.0000023489 0.0012512589 0.0008850368 0.0000000574
176 0.0000031263 0.0000023489 0.8248964516 177 0.0000031959 0.0014741145 0.0010113562 0.0000023284 0.0012207404 0.0009155553 0.0000000734
177 0.0000031959 0.0000023284 0.8460091923 178 0.0000032692 0.0014782707 0.0010411157 0.0000022959 0.0012512589 0.0008545183 0.0000000864
178 0.0000032692 0.0000022959 0.8733683212 179 0.0000033466 0.0014826362 0.0010716483 0.0000000633 0.0000610370 0.0002441481 0.0000027057
179 0.0000033466 0.0000000633 0.9858453603 180 0.0000034284 0.0014872238 0.0011030003 0.0000054104 0.0018311106 0.0014343699 0.0000002281
180 0.0000034284 0.0000054104 0.8710482057 181 0.0000035149 0.0014920474 0.0011352215 0.0000039351 0.0015869625 0.0011902219 0.0000000120
181 0.0000035149 0.0000039351 0.9084314425 182 0.0000036065 0.0014971224 0.0011683658 0.0000033027 0.0013733329 0.0011902219 0.0000000158
182 0.0000036065 0.0000033027 0.9360522052 183 0.0000037034 0.0015024650 0.0012024911 0.0000034740 0.0014343699 0.0011902219 0.0000000048
183 0.0000037034 0.0000034740 0.9642064360 184 0.0000038061 0.0015080935 0.0012376603 0.0000037115 0.0014648885 0.0012512589 0.0000000021
184 0.0000038061 0.0000037115 0.9917710644 185 0.0000039152 0.0015140273 0.0012739418 0.0000041316 0.0015259255 0.0013428144 0.0000000049
185 0.0000039152 0.0000041316 1.0210743222 186 0.0000040311 0.0015202880 0.0013114094 0.0000036082 0.0013122959 0.0013733329 0.0000000471
186 0.0000040311 0.0000036082 1.0518768679 187 0.0000041543 0.0015268990 0.0013501440 0.0000039490 0.0014648885 0.0013428144 0.0000000039
187 0.0000041543 0.0000039490 1.0844944318 188 0.0000042856 0.0015338863 0.0013902335 0.0000046569 0.0015259255 0.0015259255 0.0000000185
188 0.0000042856 0.0000046569 1.1195169459 189 0.0000044255 0.0015412780 0.0014317740 0.0000044725 0.0014954070 0.0014954070 0.0000000062
189 0.0000044255 0.0000044725 1.1565814247 190 0.0000045750 0.0015491056 0.0014748712 0.0000044743 0.0014648885 0.0015259255 0.0000000097
190 0.0000045750 0.0000044743 1.1958740834 191 0.0000047348 0.0015574036 0.0015196407 0.0000042816 0.0012512589 0.0016479995 0.0000001102
191 0.0000047348 0.0000042816 1.2373234220 192 0.0000049060 0.0015662101 0.0015662101 0.0000048450 0.0015564440 0.0015564440 0.0000000002
192 0.0000049060 0.0000048450 1.2824817462 193 0.0000050897 0.0015755676 0.0016147203 0.0000048525 0.0016174810 0.0014954070 0.0000000160
193 0.0000050897 0.0000048525 1.3304781149 194 0.0000052872 0.0015855234 0.0016653273 0.0000049521 0.0014954070 0.0016479995 0.0000000084
194 0.0000052872 0.0000049521 1.3824791850 195 0.0000054999 0.0015961299 0.0017182041 0.0000057494 0.0016174810 0.0017700735 0.0000000031
195 0.0000054999 0.0000057494 1.4380945848 196 0.0000057293 0.0016074462 0.0017735435 0.0000058584 0.0016174810 0.0018005921 0.0000000008
196 0.0000057293 0.0000058584 1.4981562855 197 0.0000059775 0.0016195382 0.0018315612 0.0000057857 0.0014038514 0.0019531846 0.0000000613
197 0.0000059775 0.0000057857 1.5631274400 198 0.0000062465 0.0016324804 0.0018924985 0.0000060987 0.0015869625 0.0018921476 0.0000000021
198 0.0000062465 0.0000060987 1.6339527053 199 0.0000065389 0.0016463568 0.0019566273 0.0000064125 0.0016479995 0.0019226661 0.0000000012
199 0.0000065389 0.0000064125 1.7108472068 200 0.0000068574 0.0016612627 0.0020242545 0.0000068745 0.0016785180 0.0020142216 0.0000000004
200 0.0000068574 0.0000068745 1.7938504927 201 0.0000072054 0.0016773064 0.0020957280 0.0000071018 0.0017090365 0.0020447401 0.0000000036
201 0.0000072054 0.0000071018 1.8846615788 202 0.0000075869 0.0016946118 0.0021714444 0.0000069984 0.0016785180 0.0020447401 0.0000000163
202 0.0000075869 0.0000069984 1.9853216680 203 0.0000080063 0.0017133212 0.0022518570 0.0000082381 0.0016479995 0.0023499252 0.0000000139
203 0.0000080063 0.0000082381 2.0943268879 204 0.0000084692 0.0017335986 0.0023374871 0.0000084057 0.0017395550 0.0023194067 0.0000000004
204 0.0000084692 0.0000084057 2.2160718369 205 0.0000089820 0.0017556340 0.0024289372 0.0000087810 0.0015869625 0.0025025178 0.0000000339
205 0.0000089820 0.0000087810 2.3498313317 206 0.0000095524 0.0017796491 0.0025269075 0.0000098819 0.0018616291 0.0025330363 0.0000000068
206 0.0000095524 0.0000098819 2.5000250630 207 0.0000101899 0.0018059036 0.0026322169 0.0000112930 0.0018921476 0.0027771844 0.0000000285
207 0.0000101899 0.0000112930 2.6669771730 208 0.0000109057 0.0018347043 0.0027458290 0.0000106196 0.0018005921 0.0027161473 0.0000000020
208 0.0000109057 0.0000106196 2.8537336257 209 0.0000117140 0.0018664154 0.0028688865 0.0000116357 0.0018921476 0.0028382214 0.0000000016
209 0.0000117140 0.0000116357 3.0652728646 210 0.0000126321 0.0019014731 0.0030027542 0.0000115044 0.0017090365 0.0029297769 0.0000000424
210 0.0000126321 0.0000115044 3.3052941090 211 0.0000136819 0.0019404043 0.0031490770 0.0000134268 0.0018311106 0.0031739250 0.0000000126
211 0.0000136819 0.0000134268 3.5805191121 212 0.0000148908 0.0019838508 0.0033098551 0.0000134268 0.0018311106 0.0031739250 0.0000000418
212 0.0000148908 0.0000134268 3.8963675810 213 0.0000162945 0.0020326027 0.0034875466 0.0000150362 0.0018311106 0.0034180731 0.0000000454
213 0.0000162945 0.0000150362 4.2637147899 214 0.0000179390 0.0020876436 0.0036852063 0.0000179011 0.0018921476 0.0037842952 0.0000000480
214 0.0000179390 0.0000179011 4.6946984800 215 0.0000198856 0.0021502134 0.0039066800 0.0000189675 0.0020447401 0.0038453322 0.0000000149
215 0.0000198856 0.0000189675 5.2049921212 216 0.0000222165 0.0022218977 0.0041568782 0.0000228235 0.0021973327 0.0042420728 0.0000000079
216 0.0000222165 0.0000228235 5.8149167472 217 0.0000250448 0.0023047563 0.0044421738 0.0000240165 0.0021057772 0.0044251839 0.0000000399
217 0.0000250448 0.0000240165 6.5545473325 218 0.0000285296 0.0024015149 0.0047709907 0.0000286716 0.0021973327 0.0048829615 0.0000000542
218 0.0000285296 0.0000286716 7.4660712061 219 0.0000329005 0.0025158573 0.0051547037 0.0000314778 0.0024109622 0.0050660726 0.0000000189
219 0.0000329005 0.0000314778 8.6117151573 220 0.0000384993 0.0026528862 0.0056090566 0.0000369292 0.0025330363 0.0055238502 0.0000000216
220 0.0000384993 0.0000369292 10.0756667981 221 0.0000458540 0.0028198776 0.0061564852 0.0000461908 0.0026551103 0.0062562944 0.0000000371
221 0.0000458540 0.0000461908 12.0014271126 222 0.0000558165 0.0030275752 0.0068301003 0.0000553165 0.0029297769 0.0068361461 0.0000000096
222 0.0000558165 0.0000553165 14.6099882904 223 0.0000698370 0.0032925339 0.0076809000 0.0000687451 0.0030213324 0.0077211829 0.0000000752
223 0.0000698370 0.0000687451 18.2801716878 224 0.0000905564 0.0036416590 0.0087917425 0.0000902209 0.0036011841 0.0087893307 0.0000000016
224 0.0000905564 0.0000902209 23.7032461811 225 0.0001232202 0.0041217918 0.0103068450 0.0001205075 0.0039979247 0.0102237007 0.0000000223
225 0.0001232202 0.0001205075 32.2527862334 226 0.0001795429 0.0048223639 0.0125015084 0.0001807621 0.0047608875 0.0125736259 0.0000000090
226 0.0001795429 0.0001807621 46.9958233026 227 0.0002904571 0.0059380310 0.0159748842 0.0002852117 0.0058595538 0.0158391064 0.0000000246
227 0.0002904571 0.0002852117 76.0260740908 228 0.0005621968 0.0079878908 0.0223246593 0.0005620167 0.0079348125 0.0223395489 0.0000000030
228 0.0005621968 0.0005620167 147.1607159092 229 0.0015906190 0.0129742089 0.0377132456 0.0015779654 0.0128177740 0.0375988037 0.0000000376
229 0.0015906190 0.0015779654 416.3536904194 230 0.0187232759 0.0429220205 0.1299268104 0.0188228447 0.0430005799 0.1302835170 0.0000001334
230 0.0187232759 0.0188228447 4900.9625717654 231 0.0079793181 -0.0269772941 -0.0851559961 0.0079928942 -0.0271614734 -0.0851771599 0.0000000344
231 0.0079793181 0.0079928942 2088.6686295687 232 0.0010734692 -0.0095108405 -0.0313530394 0.0010780130 -0.0095828120 -0.0314035463 0.0000000077
232 0.0010734692 0.0010780130 280.9976020221 233 0.0003879129 -0.0054855859 -0.0189161640 0.0003847426 -0.0054933317 -0.0188299203 0.0000000075
233 0.0003879129 0.0003847426 101.5343871676 234 0.0001925297 -0.0037007752 -0.0133728833 0.0001945475 -0.0036622211 -0.0134586627 0.0000000088
234 0.0001925297 0.0001945475 50.4013156129 235 0.0001118516 -0.0026954570 -0.0102267348 0.0001086966 -0.0028077029 -0.0100405896 0.0000000472
235 0.0001118516 0.0001086966 29.2781998514 236 0.0000713364 -0.0020522317 -0.0081929683 0.0000710764 -0.0020447401 -0.0081789605 0.0000000003
236 0.0000713364 0.0000710764 18.6734199585 237 0.0000483524 -0.0016066834 -0.0067654258 0.0000476158 -0.0018311106 -0.0066530351 0.0000000630
237 0.0000483524 0.0000476158 12.6578995822 238 0.0000341799 -0.0012809447 -0.0057043058 0.0000346268 -0.0014343699 -0.0057069613 0.0000000235
238 0.0000341799 0.0000346268 8.9464920278 239 0.0000248950 -0.0010333792 -0.0048813003 0.0000252599 -0.0011902219 -0.0048829615 0.0000000246
239 0.0000248950 0.0000252599 6.5157567748 240 0.0000185264 -0.0008397127 -0.0042215207 0.0000184674 -0.0008545183 -0.0042115543 0.0000000003
240 0.0000185264 0.0000184674 4.8498577927 241 0.0000139989 -0.0006848449 -0.0036782953 0.0000135981 -0.0007934812 -0.0036011841 0.0000000177
241 0.0000139989 0.0000135981 3.6643978565 242 0.0000106872 -0.0005588969 -0.0032210020 0.0000104175 -0.0007324442 -0.0031434065 0.0000000361
242 0.0000106872 0.0000104175 2.7977926613 243 0.0000082087 -0.0004551408 -0.0028286942 0.0000096211 -0.0007019257 -0.0030213324 0.0000000980
243 0.0000082087 0.0000096211 2.1493835951 244 0.0000063189 -0.0003688430 -0.0024865378 0.0000059953 -0.0004272591 -0.0024109622 0.0000000091
244 0.0000063189 0.0000059953 1.6538637979 245 0.0000048566 -0.0002965836 -0.0021837119 0.0000058276 -0.0001220740 -0.0024109622 0.0000000821
245 0.0000048566 0.0000058276 1.2710873845 246 0.0000037118 -0.0002358370 -0.0019121157 0.0000042937 -0.0003357036 -0.0020447401 0.0000000276
246 0.0000037118 0.0000042937 0.9711866404 247 0.0000028081 -0.0001847051 -0.0016655422 0.0000023489 -0.0003357036 -0.0014954070 0.0000000517
247 0.0000028081 0.0000023489 0.7352398335 248 0.0000020912 -0.0001417421 -0.0014391313 0.0000021692 -0.0001525925 -0.0014648885 0.0000000008
248 0.0000020912 0.0000021692 0.5472410633 249 0.0000015216 -0.0001058351 -0.0012289992 0.0000014623 -0.0002136296 -0.0011902219 0.0000000131
249 0.0000015216 0.0000014623 0.3985167237 250 0.0000010708 -0.0000761233 -0.0010319788 0.0000009575 -0.0000610370 -0.0009765923 0.0000000033
250 0.0000010708 0.0000009575 0.2801794666 251 0.0000007175 -0.0000519404 -0.0008454337 0.0000005821 0.0000000000 -0.0007629627 0.0000000095
251 0.0000007175 0.0000005821 0.1876709499 252 0.0000004461 -0.0000327736 -0.0006671220 0.0000004191 -0.0000915555 -0.0006408887 0.0000000041
252 0.0000004461 0.0000004191 0.1167606021 253 0.0000002455 -0.0000182354 -0.0004950935 0.0000001527 -0.0002441481 -0.0003051851 0.0000000871
253 0.0000002455 0.0000001527 0.0642064379 254 0.0000001074 -0.0000080424 -0.0003276093 0.0000000838 -0.0000915555 -0.0002746666 0.0000000098
254 0.0000001074 0.0000000838 0.0281000915 255 0.0000000266 -0.0000020014 -0.0001630777 0.0000000168 -0.0000915555 0.0000915555 0.0000000729
255 0.0000000266 0.0000000168 0.0069577563 