#int double real img int16 real16 img16 error
0 0.0000005125 0.0007159252 0.0000000000 0.0000004927 0.0007019257 0.0000000000 0.0000000002
0 0.0000005125 0.0000004927 0.0000004927 1 0.0000005614 0.0007251840 0.0001884670 0.0000005076 0.0007019257 0.0001220740 0.0000000049
1 0.0000005614 0.0000005076 0.0000005076 2 0.0000007368 0.0007559684 0.0004065654 0.0000006268 0.0007019257 0.0003662221 0.0000000045
2 0.0000007368 0.0000006268 0.0000006268 3 0.0000011661 0.0008201261 0.0007024656 0.0000010404 0.0007934812 0.0006408887 0.0000000045
3 0.0000011661 0.0000010404 0.0000010404 4 0.0000023308 0.0009531503 0.0011926113 0.0000021832 0.0009155553 0.0011597034 0.0000000025
4 0.0000023308 0.0000021832 0.0000021832 5 0.0000070361 0.0012956961 0.0023145751 0.0000068047 0.0012512589 0.0022888882 0.0000000026
5 0.0000070361 0.0000068047 0.0000068047 6 0.0000900339 0.0034028091 0.0088574691 0.0000879865 0.0033570360 0.0087588122 0.0000000118
6 0.0000900339 0.0000879865 0.0000879865 7 0.0000421506 -0.0015407139 -0.0063068839 0.0000419465 -0.0015564440 -0.0062868130 0.0000000007
7 0.0000421506 0.0000419465 0.0000419465 8 0.0000062668 -0.0003128708 -0.0024837333 0.0000062235 -0.0003357036 -0.0024719993 0.0000000007
8 0.0000062668 0.0000062235 0.0000062235 9 0.0000025121 -0.0000335351 -0.0015846006 0.0000025222 -0.0000610370 -0.0015869625 0.0000000008
9 0.0000025121 0.0000025222 0.0000025222 10 0.0000013869 0.0000882224 -0.0011743493 0.0000014204 0.0000610370 -0.0011902219 0.0000000010
10 0.0000013869 0.0000014204 0.0000014204 11 0.0000008985 0.0001554725 -0.0009350589 0.0000009100 0.0001220740 -0.0009460738 0.0000000012
11 0.0000008985 0.0000009100 0.0000009100 12 0.0000006408 0.0001976075 -0.0007757173 0.0000006631 0.0001831111 -0.0007934812 0.0000000005
12 0.0000006408 0.0000006631 0.0000006631 13 0.0000004872 0.0002261706 -0.0006603577 0.0000005383 0.0002136296 -0.0007019257 0.0000000019
13 0.0000004872 0.0000005383 0.0000005383 14 0.0000003878 0.0002466060 -0.0005718671 0.0000004182 0.0002136296 -0.0006103702 0.0000000026
14 0.0000003878 0.0000004182 0.0000004182 15 0.0000003196 0.0002618096 -0.0005010394 0.0000003288 0.0002441481 -0.0005188147 0.0000000006
15 0.0000003196 0.0000003288 0.0000003288 16 0.0000002706 0.0002734591 -0.0004424661 0.0000002692 0.0002441481 -0.0004577776 0.0000000011
16 0.0000002706 0.0000002692 0.0000002692 17 0.0000002341 0.0002825908 -0.0003927514 0.0000002328 0.0002746666 -0.0003967406 0.0000000001
17 0.0000002341 0.0000002328 0.0000002328 18 0.0000002063 0.0002898775 -0.0003496483 0.0000002096 0.0002746666 -0.0003662221 0.0000000005
18 0.0000002063 0.0000002096 0.0000002096 19 0.0000001846 0.0002957733 -0.0003116059 0.0000001686 0.0002746666 -0.0003051851 0.0000000005
19 0.0000001846 0.0000001686 0.0000001686 20 0.0000001674 0.0003005952 -0.0002775146 0.0000001686 0.0002746666 -0.0003051851 0.0000000014
20 0.0000001674 0.0000001686 0.0000001686 21 0.0000001536 0.0003045699 -0.0002465569 0.0000001509 0.0002746666 -0.0002746666 0.0000000017
21 0.0000001536 0.0000001509 0.0000001509 22 0.0000001424 0.0003078634 -0.0002181136 0.0000001351 0.0002746666 -0.0002441481 0.0000000018
22 0.0000001424 0.0000001351 0.0000001351 23 0.0000001332 0.0003105992 -0.0001917049 0.0000001267 0.0003051851 -0.0001831111 0.0000000001
23 0.0000001332 0.0000001267 0.0000001267 24 0.0000001258 0.0003128708 -0.0001669506 0.0000001267 0.0003051851 -0.0001831111 0.0000000003
24 0.0000001258 0.0000001267 0.0000001267 25 0.0000001197 0.0003147492 -0.0001435431 0.0000000987 0.0002746666 -0.0001525925 0.0000000017
25 0.0000001197 0.0000000987 0.0000000987 26 0.0000001147 0.0003162891 -0.0001212283 0.0000001080 0.0003051851 -0.0001220740 0.0000000001
26 0.0000001147 0.0000001080 0.0000001080 27 0.0000001108 0.0003175325 -0.0000997922 0.0000000838 0.0002746666 -0.0000915555 0.0000000019
27 0.0000001108 0.0000000838 0.0000000838 28 0.0000001077 0.0003185114 -0.0000790505 0.0000001015 0.0003051851 -0.0000915555 0.0000000003
28 0.0000001077 0.0000001015 0.0000001015 29 0.0000001054 0.0003192500 -0.0000588412 0.0000000969 0.0003051851 -0.0000610370 0.0000000002
29 0.0000001054 0.0000000969 0.0000000969 30 0.0000001038 0.0003197658 -0.0000390183 0.0000000969 0.0003051851 -0.0000610370 0.0000000007
30 0.0000001038 0.0000000969 0.0000000969 31 0.0000001028 0.0003200706 -0.0000194471 0.0000000941 0.0003051851 -0.0000305185 0.0000000003
31 0.0000001028 0.0000000941 0.0000000941 32 0.0000001025 0.0003201715 0.0000000000 0.0000001127 0.0003357036 0.0000000000 0.0000000002
32 0.0000001025 0.0000001127 0.0000001127 33 0.0000001028 0.0003200706 0.0000194471 0.0000000931 0.0003051851 0.0000000000 0.0000000006
33 0.0000001028 0.0000000931 0.0000000931 34 0.0000001038 0.0003197658 0.0000390183 0.0000000941 0.0003051851 0.0000305185 0.0000000003
34 0.0000001038 0.0000000941 0.0000000941 35 0.0000001054 0.0003192500 0.0000588412 0.0000000941 0.0003051851 0.0000305185 0.0000000010
35 0.0000001054 0.0000000941 0.0000000941 36 0.0000001077 0.0003185114 0.0000790505 0.0000000969 0.0003051851 0.0000610370 0.0000000005
36 0.0000001077 0.0000000969 0.0000000969 37 0.0000001108 0.0003175325 0.0000997922 0.0000001015 0.0003051851 0.0000915555 0.0000000002
37 0.0000001108 0.0000001015 0.0000001015 38 0.0000001147 0.0003162891 0.0001212283 0.0000000838 0.0002746666 0.0000915555 0.0000000026
38 0.0000001147 0.0000000838 0.0000000838 39 0.0000001197 0.0003147492 0.0001435431 0.0000001080 0.0003051851 0.0001220740 0.0000000006
39 0.0000001197 0.0000001080 0.0000001080 40 0.0000001258 0.0003128708 0.0001669506 0.0000001164 0.0003051851 0.0001525925 0.0000000003
40 0.0000001258 0.0000001164 0.0000001164 41 0.0000001332 0.0003105992 0.0001917049 0.0000001090 0.0002746666 0.0001831111 0.0000000014
41 0.0000001332 0.0000001090 0.0000001090 42 0.0000001424 0.0003078634 0.0002181136 0.0000001211 0.0002746666 0.0002136296 0.0000000011
42 0.0000001424 0.0000001211 0.0000001211 43 0.0000001536 0.0003045699 0.0002465569 0.0000001351 0.0002746666 0.0002441481 0.0000000009
43 0.0000001536 0.0000001351 0.0000001351 44 0.0000001674 0.0003005952 0.0002775146 0.0000001509 0.0002746666 0.0002746666 0.0000000007
44 0.0000001674 0.0000001509 0.0000001509 45 0.0000001846 0.0002957733 0.0003116059 0.0000001527 0.0002441481 0.0003051851 0.0000000027
45 0.0000001846 0.0000001527 0.0000001527 46 0.0000002063 0.0002898775 0.0003496483 0.0000001881 0.0002746666 0.0003357036 0.0000000004
46 0.0000002063 0.0000001881 0.0000001881 47 0.0000002341 0.0002825908 0.0003927514 0.0000002170 0.0002441481 0.0003967406 0.0000000015
47 0.0000002341 0.0000002170 0.0000002170 48 0.0000002706 0.0002734591 0.0004424661 0.0000002422 0.0002441481 0.0004272591 0.0000000011
48 0.0000002706 0.0000002422 0.0000002422 49 0.0000003196 0.0002618096 0.0005010394 0.0000002980 0.0002441481 0.0004882962 0.0000000005
49 0.0000003196 0.0000002980 0.0000002980 50 0.0000003878 0.0002466060 0.0005718671 0.0000003474 0.0002136296 0.0005493332 0.0000000016
50 0.0000003878 0.0000003474 0.0000003474 51 0.0000004872 0.0002261706 0.0006603577 0.0000004564 0.0002136296 0.0006408887 0.0000000005
51 0.0000004872 0.0000004564 0.0000004564 52 0.0000006408 0.0001976075 0.0007757173 0.0000006156 0.0001831111 0.0007629627 0.0000000004
52 0.0000006408 0.0000006156 0.0000006156 53 0.0000008985 0.0001554725 0.0009350589 0.0000008066 0.0001525925 0.0008850368 0.0000000025
53 0.0000008985 0.0000008066 0.0000008066 54 0.0000013869 0.0000882224 0.0011743493 0.0000013486 0.0000610370 0.0011597034 0.0000000010
54 0.0000013869 0.0000013486 0.0000013486 55 0.0000025121 -0.0000335351 0.0015846006 0.0000024234 -0.0000305185 0.0015564440 0.0000000008
55 0.0000025121 0.0000024234 0.0000024234 56 0.0000062668 -0.0003128708 0.0024837333 0.0000060735 -0.0003357036 0.0024414808 0.0000000023
56 0.0000062668 0.0000060735 0.0000060735 57 0.0000421506 -0.0015407139 0.0063068839 0.0000410887 -0.0015259255 0.0062257759 0.0000000068
57 0.0000421506 0.0000410887 0.0000410887 58 0.0000900339 0.0034028091 -0.0088574691 0.0000885220 0.0033570360 -0.0087893307 0.0000000067
58 0.0000900339 0.0000885220 0.0000885220 59 0.0000070361 0.0012956961 -0.0023145751 0.0000069453 0.0012512589 -0.0023194067 0.0000000020
59 0.0000070361 0.0000069453 0.0000069453 60 0.0000023308 0.0009531503 -0.0011926113 0.0000022549 0.0009155553 -0.0011902219 0.0000000014
60 0.0000023308 0.0000022549 0.0000022549 61 0.0000011661 0.0008201261 -0.0007024656 0.0000011223 0.0007934812 -0.0007019257 0.0000000007
61 0.0000011661 0.0000011223 0.0000011223 62 0.0000007368 0.0007559684 -0.0004065654 0.0000006939 0.0007324442 -0.0003967406 0.0000000006
62 0.0000007368 0.0000006939 0.0000006939 63 0.0000005614 0.0007251840 -0.0001884670 0.0000005262 0.0007019257 -0.0001831111 0.0000000006
63 0.0000005614 0.0000005262 0.0000005262 