#int double real img int16 real16 img16 error
0 0.0000000000 -0.0000000002 0.0000000000 0.0000000009 -0.0000305185 0.0000000000 0.0000000009
0 0.0000000000 0.0000000009 0.0000000009 1 2.6598352699 -0.0200136537 1.6307773372 0.0002613460 0.0030823695 0.0158696249 2.6084603454
1 2.6598352699 0.0002613460 14.7045184883 2 10.7392531104 -0.0804235686 3.2760929718 0.0037966425 0.0000610370 -0.0616168706 11.1467847642
2 10.7392531104 0.0037966425 10.0891954605 3 24.5450097403 -0.1823537323 4.9509349477 0.0004020299 0.0200506607 -0.0000305185 24.5530265861
3 24.5450097403 0.0004020299 0.0577014158 4 44.6125918146 -0.3277360399 6.6712203458 0.0002530744 -0.0046998505 -0.0151982177 44.8125455868
4 44.6125918146 0.0002530744 87.8996399277 5 71.7455948727 -0.5194036313 8.4543370373 0.0074299201 -0.0593585009 -0.0625019074 72.7481871322
5 71.7455948727 0.0074299201 66.5444017382 6 107.0775039530 -0.7612333078 10.3197881666 0.0008626967 -0.0033875546 -0.0291756951 107.6753831962
6 107.0775039530 0.0008626967 9.0384077924 7 152.1640174293 -1.0583508589 12.2899923063 0.0039983187 -0.0625019074 -0.0095828120 152.2712632241
7 152.1640174293 0.0039983187 143.6826184964 8 209.1189622646 -1.4174205840 14.3913126973 0.0002136976 -0.0000305185 -0.0146183660 209.5398444006
8 209.1189622646 0.0002136976 192.7971180986 9 280.8146661054 -1.8470514668 16.6554215493 0.0061182174 -0.0625019074 0.0470290231 279.0233194337
9 280.8146661054 0.0061182174 50.1207563623 10 371.1805716661 -2.3583698368 19.1211574801 0.0039064894 -0.0000305185 -0.0625019074 373.5745518363
10 371.1805716661 0.0039064894 69.8951518431 11 485.6559502747 -2.9658362389 21.8371189876 0.0067718921 -0.0625019074 0.0535294656 482.9541227026
11 485.6559502747 0.0067718921 272.7279129473 12 631.8915546135 -3.6884304385 24.8653782500 0.0000000019 -0.0000305185 -0.0000305185 631.8928471931
12 631.8915546135 0.0000000019 0.0000000019 13 820.8664169296 -4.5514075602 28.2869423259 0.0000000019 -0.0000305185 -0.0000305185 820.8678656777
13 820.8664169296 0.0000000019 0.0000000019 14 1068.7219768653 -5.5889686984 32.2100202694 0.0022781261 0.0081484420 -0.0470290231 1071.8449493411
14 1068.7219768653 0.0022781261 27.4339118110 15 1399.8868575722 -6.8484487398 36.7829526742 0.0001912327 -0.0069887387 -0.0119327372 1400.6691673836
15 1399.8868575722 0.0001912327 1024.0625028621 16 1852.6353969971 -8.3971266668 42.2152065107 0.0053224543 -0.0376293222 -0.0625019074 1857.2858249389
16 1852.6353969971 0.0053224543 1024.0605496188 17 2489.4965089002 -10.3337919877 48.8130028994 0.0004447169 -0.0000305185 -0.0210882900 2491.5550883997
17 2489.4965089002 0.0004447169 1024.0625028621 18 3417.9924213722 -12.8094470704 57.0430581852 0.0042564719 0.0187078463 -0.0625019074 3425.6065520601
18 3417.9924213722 0.0042564719 1031.3749493866 19 4835.2417798339 -16.0668341617 67.6542579580 0.0078129769 -0.0625019074 -0.0625019074 4841.6982175817
19 4835.2417798339 0.0078129769 10.5179860333 20 7133.6383993971 -20.5223171553 81.9296826430 0.0039359983 -0.0054322947 -0.0625019074 7143.6608917233
20 7133.6383993971 0.0039359983 1127.2652396872 21 11185.1593624416 -26.9545701855 102.2673482034 0.0009033794 -0.0053712577 -0.0295724357 11190.9192950917
21 11185.1593624416 0.0009033794 1308.5468786729 22 19252.9744534889 -37.0077521423 133.7288328479 0.0039133769 -0.0625019074 0.0026245918 19247.6502894701
22 19252.9744534889 0.0039133769 64.9587367110 23 38791.2911972804 -54.8558589799 189.1616396970 0.0043866369 -0.0625019074 -0.0219122898 38792.7283216175
23 38791.2911972804 0.0043866369 1173.6425617163 24 107346.9169544342 -95.1084053413 313.5303943605 0.0078091629 0.0624713889 -0.0625019074 107398.0003673071
24 107346.9169544342 0.0078091629 2048.1230524790 25 797931.8063145456 -269.7729411431 851.5599606261 0.0041800942 -0.0625019074 -0.0165410321 797926.2592092124
25 797931.8063145456 0.0041800942 2048.1230524790 26 1872327.5915314797 429.2202049213 -1299.2681044414 0.0073576040 -0.0587786493 0.0624713889 1872540.3910229057
26 1872327.5915314797 0.0073576040 2048.1230524790 27 159061.8988220773 129.7420886126 -377.1324558620 0.0078091629 -0.0625019074 0.0624713889 159125.2448638905
27 159061.8988220773 0.0078091629 1331.8629284743 28 56219.6814326113 79.8789083576 -223.2465933272 0.0042507859 -0.0625019074 -0.0185552538 56221.3860572839
28 56219.6814326113 0.0042507859 1985.9766274265 29 29045.7137759851 59.3803096652 -159.7488422495 0.0040909248 -0.0135807367 -0.0625019074 29027.3615089202
29 29045.7137759851 0.0040909248 2048.1230524790 30 17954.2906257632 48.2236393367 -125.0150840294 0.0071144889 -0.0566728721 0.0624713889 17975.3834164053
30 17954.2906257632 0.0071144889 1451.0800016084 31 12322.0221399081 41.2179181248 -103.0684499028 0.0071948548 -0.0573442793 -0.0625019074 12313.8726089567
31 12322.0221399081 0.0071948548 1296.8591975910 32 9055.6415779775 36.4165896965 -87.9174247397 0.0043157934 0.0203253273 0.0624713889 9065.1501828241
32 9055.6415779775 0.0043157934 1111.9167240034 33 6983.7004346674 32.9253385154 -76.8090002429 0.0005994842 -0.0126956999 0.0209356975 6987.7531545770
33 6983.7004346674 0.0005994842 1059.6788645986 34 5581.6482283724 30.2757524913 -68.3010032097 0.0041631999 -0.0160222175 -0.0625019074 5574.0846749967
34 5581.6482283724 0.0041631999 1011.2640682615 35 4585.4019052450 28.1987757424 -61.5648515947 0.0056367762 -0.0625019074 0.0415967284 4594.0542893856
35 4585.4019052450 0.0056367762 6.8798353300 36 3849.9321004131 26.5288619380 -56.0905659152 0.0060076841 -0.0625019074 0.0458388012 3858.3965656462
36 3849.9321004131 0.0060076841 541.9090091893 37 3290.0508607046 25.1585734552 -51.5470371836 0.0039064894 -0.0000305185 -0.0625019074 3283.6127265080
37 3290.0508607046 0.0039064894 0.0000000466 38 2852.9625636645 24.0151488519 -47.7099066158 0.0039064894 -0.0000305185 -0.0625019074 2847.0040156355
38 2852.9625636645 0.0039064894 0.0000000466 39 2504.4809142660 23.0475626542 -44.4217375839 0.0065227109 -0.0625019074 0.0511490219 2511.9127270862
39 2504.4809142660 0.0065227109 3.8914897952 40 2221.6465959822 22.2189770126 -41.5687822349 0.0001373384 -0.0000305185 -0.0117191076 2220.6737914339
40 2221.6465959822 0.0001373384 66.5319595616 41 1988.5566276356 21.5021343691 -39.0667997821 0.0008400670 0.0078737754 0.0278939177 1990.3983139401
41 1988.5566276356 0.0008400670 227.6999246884 42 1793.9001178234 20.8764358123 -36.8520629762 0.0039875417 -0.0625019074 -0.0090029603 1795.8501841618
42 1793.9001178234 0.0039875417 473.2161051207 43 1629.4454719202 20.3260269664 -34.8754655837 0.0078091629 -0.0625019074 0.0624713889 1636.3515495408
43 1629.4454719202 0.0078091629 79.2022755380 44 1489.0804927410 19.8385081042 -33.0985511608 0.0040258577 -0.0625019074 -0.0109256264 1490.8411629838
44 1489.0804927410 0.0040258577 866.2849138368 45 1368.1854822816 19.4040432434 -31.4907698872 0.0025234021 -0.0502334666 -0.0000305185 1370.1355482973
45 1368.1854822816 0.0025234021 7.4819159809 46 1263.2132906350 19.0147313173 -30.0275420833 0.0030006968 -0.0293282876 0.0462660604 1267.1101424988
46 1263.2132906350 0.0030006968 678.6666317309 47 1171.4015821917 18.6641536883 -28.6888645521 0.0057163784 -0.0625019074 -0.0425428022 1171.2993796010
47 1171.4015821917 0.0057163784 520.8291812440 48 1090.5716796064 18.3470428955 -27.4582901251 0.0051863723 0.0358287301 0.0624713889 1092.6928785234
48 1090.5716796064 0.0051863723 532.2659880421 49 1018.9853636326 18.0590363664 -26.3221687775 0.0023309689 -0.0144962920 0.0460524308 1021.9356724426
49 1018.9853636326 0.0023309689 242.7692678123 50 955.2412472851 17.7964907150 -25.2690752802 0.0010746042 -0.0279549547 -0.0171208838 955.3720642681
50 955.2412472851 0.0010746042 8.5153977849 51 898.1986632264 17.5563399279 -24.2893719878 0.0047189829 0.0285042879 -0.0625019074 894.1662561175
51 898.1986632264 0.0047189829 515.4918197155 52 846.9209948777 17.3359857987 -23.3748709358 0.0039685751 -0.0081179235 0.0624713889 850.1269491719
52 846.9209948777 0.0039685751 210.4638016058 53 800.6329556535 17.1332123714 -22.5185698811 0.0041732597 0.0164494766 0.0624713889 802.8869968339
53 800.6329556535 0.0041732597 947.8807642086 54 758.6880123577 16.9461184734 -21.7144440648 0.0000121079 0.0033570360 0.0009155553 758.6140085526
54 758.6880123577 0.0000121079 779.6990064526 55 720.5432801032 16.7730640291 -20.9572804338 0.0076431091 -0.0611590930 0.0624713889 725.2210348100
55 720.5432801032 0.0076431091 541.9524992416 56 685.7399849485 16.6126269817 -20.2425445464 0.0037762034 -0.0390026551 0.0474868007 688.9621416320
56 685.7399849485 0.0037762034 163.7526969034 57 653.8881207445 16.4635684556 -19.5662728809 0.0015505055 -0.0077517014 -0.0386059145 652.6341648682
57 653.8881207445 0.0015505055 94.6508239720 58 624.6542974766 16.3248043792 -18.9249850583 0.0018084604 0.0365916929 0.0216681417 624.2815399981
58 624.6542974766 0.0018084604 386.6717273031 59 597.7520409950 16.1953822131 -18.3156118098 0.0024094460 -0.0293588061 0.0393383587 600.1464168286
59 597.7520409950 0.0024094460 76.7371203529 60 572.9339922806 16.0744617447 -17.7354354866 0.0041392597 -0.0153813288 0.0624713889 575.6485392774
60 572.9339922806 0.0041392597 9.3781007480 61 549.9855906657 15.9612991436 -17.1820406330 0.0013122857 0.0362254707 -0.0000305185 548.8294430604
61 549.9855906657 0.0013122857 457.7585800165 62 528.7199254042 15.8552336516 -16.6532726891 0.0016293719 -0.0278633992 0.0292062136 530.5778742614
62 528.7199254042 0.0016293719 15.8351308185 63 508.9735137277 15.7556764123 -16.1472033033 0.0050565781 0.0452284310 -0.0548722800 505.7812935345
63 508.9735137277 0.0050565781 14.4257288381 64 490.6028186526 15.6621010509 -15.6621010508 0.0039064884 0.0000000000 -0.0625019074 488.6489027617
64 490.6028186526 0.0039064884 0.0000000000 65 473.4813612350 15.5740356928 -15.1964065974 0.0043311872 -0.0490432447 0.0438856166 476.3471022580
65 473.4813612350 0.0043311872 65.8147797814 66 457.4973134338 15.4910561715 -14.7487115412 0.0016958650 -0.0296334727 -0.0285958434 457.5736131885
66 457.4973134338 0.0016958650 4.9721119929 67 442.5514817811 15.4127802231 -14.3177403097 0.0039927724 -0.0535905026 0.0334788049 445.1661135006
67 442.5514817811 0.0039927724 616.0823916723 68 428.5556105816 15.3388625068 -13.9023346090 0.0042710648 -0.0424207282 0.0497146519 431.2435525325
68 428.5556105816 0.0042710648 184.0054083536 69 415.4309477140 15.2689903157 -13.5014400140 0.0077031272 -0.0616168706 -0.0625019074 415.6325741359
69 415.4309477140 0.0077031272 285.0909865934 70 403.1070273175 15.2028798702 -13.1140943634 0.0000694436 0.0083010346 -0.0007324442 402.8354868127
70 403.1070273175 0.0000694436 2048.0918007057 71 391.5206324486 15.1402731029 -12.7394176797 0.0078129769 -0.0625019074 -0.0625019074 391.8285615121
71 391.5206324486 0.0078129769 1102.1809364824 72 380.6149077394 15.0809348625 -12.3766033875 0.0078091629 -0.0625019074 0.0624713889 384.0542584979
72 380.6149077394 0.0078091629 1740.2556797946 73 370.3385976227 15.0246504725 -12.0249106359 0.0059686966 -0.0454115421 -0.0625019074 370.2059917120
73 370.3385976227 0.0059686966 524.2910665088 74 360.6453900848 14.9712235948 -11.6836575677 0.0035653689 -0.0014038514 -0.0596942045 359.2960969120
74 360.6453900848 0.0035653689 599.0509819156 75 351.4933494549 14.9204743544 -11.3522154002 0.0078129769 -0.0625019074 -0.0625019074 351.9472084132
75 351.4933494549 0.0078129769 2048.0918007057 76 342.8444246184 14.8722376892 -11.0300032065 0.0039064894 -0.0625019074 -0.0000305185 344.7067443152
76 342.8444246184 0.0039064894 2048.0918007057 77 334.6640213056 14.8263618929 -10.7164833003 0.0039064894 -0.0000305185 -0.0625019074 333.3292314580
77 334.6640213056 0.0039064894 2048.0918007057 78 326.9206290488 14.7827073272 -10.4111571465 0.0052298761 0.0591143529 -0.0416577654 324.3107074861
78 326.9206290488 0.0052298761 2048.0918007057 79 319.5854949044 14.7411452789 -10.1135617252 0.0043512603 -0.0211798456 0.0624713889 321.4778930213
79 319.5854949044 0.0043512603 2048.0918007057 80 312.6323373203 14.7015569454 -9.8232662950 0.0078129769 -0.0625019074 -0.0625019074 313.2499552382
80 312.6323373203 0.0078129769 2048.0918007057 81 306.0370945632 14.6638325294 -9.5398695019 0.0039064894 -0.0000305185 -0.0625019074 304.8493760087
81 306.0370945632 0.0039064894 2048.0918007057 82 299.7777029884 14.6278704328 -9.2629967931 0.0008210342 -0.0012512589 -0.0286263619 299.2847987317
82 299.7777029884 0.0008210342 1781.6092076333 83 293.8339011491 14.5935765346 -8.9922980977 0.0048138094 -0.0301217689 -0.0625019074 293.5938120705
83 293.8339011491 0.0048138094 4.8449333177 84 288.1870563430 14.5608635441 -8.7274457428 0.0006045658 0.0150151067 -0.0194708090 287.4105342114
84 288.1870563430 0.0006045658 1263.5910880444 85 282.8200106885 14.5296504205 -8.4681325773 0.0051619143 -0.0354319895 -0.0625019074 282.7962525687
85 282.8200106885 0.0051619143 1267.9945343824 86 277.7169442454 14.4998618509 -8.2140702791 0.0064822825 -0.0507522813 -0.0625019074 278.1684385416
86 277.7169442454 0.0064822825 1973.9588946292 87 272.8632530476 14.4714277800 -7.9649878252 0.0076581304 -0.0625019074 -0.0612506485 273.7041735168
87 272.8632530476 0.0076581304 1290.8861361285 88 268.2454402112 14.4442829856 -7.7206301066 0.0041468439 0.0155034028 -0.0625019074 266.8366077641
88 268.2454402112 0.0041468439 98.5307821369 89 263.8510185389 14.4183666954 -7.4807566713 0.0020149546 0.0238044374 -0.0380565813 262.5972072298
89 263.8510185389 0.0020149546 4.9740692765 90 259.6684232481 14.3936222400 -7.2451405825 0.0042773274 -0.0625019074 -0.0192571795 261.1929163194
90 259.6684232481 0.0042773274 1024.0332044084 91 255.6869336241 14.3699967378 -7.0135673790 0.0039064894 -0.0625019074 -0.0000305185 257.4867164373
91 255.6869336241 0.0039064894 1233.0252418613 92 251.8966026083 14.3474408102 -6.7858341274 0.0040950928 0.0137333293 -0.0625019074 250.6583662910
92 251.8966026083 0.0040950928 478.4516798070 93 248.2881933647 14.3259083219 -6.5617485563 0.0043759968 -0.0625019074 -0.0216681417 249.7990007570
93 248.2881933647 0.0043759968 1759.3376200077 94 244.8531220892 14.3053561447 -6.3411282643 0.0003283159 -0.0133060701 0.0122989593 245.3901251064
94 244.8531220892 0.0003283159 933.3753423030 95 241.5834063537 14.2857439423 -6.1237999942 0.0023678981 0.0091555528 -0.0477919858 240.7388493595
95 241.5834063537 0.0023678981 1233.8656428875 96 238.4716183913 14.2670339748 -5.9095989672 0.0042368543 0.0182805872 0.0624713889 238.6925974396
96 238.4716183913 0.0042368543 1199.7165683613 97 235.5108427934 14.2491909190 -5.6983682707 0.0047753993 0.0624713889 -0.0295419172 233.3986032510
97 235.5108427934 0.0047753993 851.7326221600 98 232.6946381554 14.2321817049 -5.4899582945 0.0014905293 -0.0184636982 -0.0339060640 232.8494003462
98 232.6946381554 0.0014905293 1172.0893836829 99 230.0170022642 14.2159753662 -5.2842262112 0.0006840516 -0.0209051790 -0.0157170324 230.4459566260
99 230.0170022642 0.0006840516 19.3233097057 100 227.4723404642 14.2005429032 -5.0810354965 0.0021311917 0.0457472457 0.0061952574 226.2381568510
100 227.4723404642 0.0021311917 1174.0164046456 101 225.0554368859 14.1858571573 -4.8802554851 0.0078129769 -0.0625019074 -0.0625019074 226.2264855709
101 225.0554368859 0.0078129769 1024.0468770127 102 222.7614282511 14.1718926955 -4.6817609591 0.0078129769 -0.0625019074 -0.0625019074 223.9555438981
102 222.7614282511 0.0078129769 1024.0468770127 103 220.5857800129 14.1586257057 -4.4854317672 0.0003240846 -0.0161442915 0.0079653310 221.1147219563
103 220.5857800129 0.0003240846 1024.0449238141 104 218.5242645836 14.1460338989 -4.2911524694 0.0027553938 0.0524918363 -0.0000305185 217.0416554669
104 218.5242645836 0.0027553938 7.6682360432 105 216.5729415015 14.1340964208 -4.0988120070 0.0039026754 -0.0000305185 0.0624713889 217.0898238378
105 216.5729415015 0.0039026754 1137.6862377819 106 214.7281393016 14.1227937702 -3.9083033947 0.0056827789 -0.0421460616 -0.0625019074 215.4357095188
106 214.7281393016 0.0056827789 147.3561140606 107 212.9864389736 14.1121077236 -3.7195234332 0.0026107552 0.0155339213 -0.0486770226 212.1885063341
107 212.9864389736 0.0026107552 1154.8272893498 108 211.3446588582 14.1020212667 -3.5323724396 0.0042307016 -0.0625019074 0.0180059206 213.2389032500
108 211.3446588582 0.0042307016 798.5571399212 109 209.7998408471 14.0925185307 -3.3467539957 0.0078129769 -0.0625019074 -0.0625019074 211.1509153840
109 209.7998408471 0.0078129769 10.1443302424 110 208.3492377861 14.0835847350 -3.1625747103 0.0002482685 -0.0153813288 0.0034180731 208.8043543718
110 208.3492377861 0.0002482685 766.9312729742 111 206.9903019745 14.0752061331 -2.9797439968 0.0078129769 -0.0625019074 -0.0625019074 208.3850900455
111 206.9903019745 0.0078129769 670.0306794984 112 205.7206746759 14.0673699643 -2.7981738624 0.0017076320 -0.0324106571 0.0256355480 206.7777131559
112 205.7206746759 0.0017076320 718.3587777126 113 204.5381765575 14.0600644090 -2.6177787094 0.0017150886 0.0414136174 -0.0000305185 203.3751756097
113 204.5381765575 0.0017150886 493.6772167332 114 203.4407989872 14.0532785479 -2.4384751470 0.0031691209 -0.0155339213 -0.0541093173 203.6166847038
114 203.4407989872 0.0031691209 11.2066690755 115 202.4266961257 14.0470023244 -2.2601818124 0.0050602524 -0.0625019074 0.0339671010 204.3412289033
115 202.4266961257 0.0050602524 215.5816515987 116 201.4941777545 14.0412265109 -2.0828192007 0.0020452738 -0.0015564440 -0.0451979125 201.3516536332
116 201.4941777545 0.0020452738 215.5816515987 117 200.6417027913 14.0359426784 -1.9063095028 0.0039714708 0.0577715384 0.0251777703 199.1199115037
117 200.6417027913 0.0039714708 1024.0468769680 118 199.8678734445 14.0311431679 -1.7305764493 0.0006257845 0.0228583636 0.0101626637 199.2622158174
118 199.8678734445 0.0006257845 1036.0440824162 119 199.1714299700 14.0268210660 -1.5555451625 0.0036122107 -0.0572832423 0.0181890316 200.8386334804
119 199.1714299700 0.0036122107 153.7454470134 120 198.5512459892 14.0229701822 -1.3811420125 0.0004375136 0.0208136235 -0.0020752586 197.9622134066
120 198.5512459892 0.0004375136 674.8483169204 121 198.0063243450 14.0195850291 -1.2072944786 0.0039026754 0.0624713889 -0.0000305185 196.2585074336
121 198.0063243450 0.0039026754 858.1004318127 122 197.5357934602 14.0166608047 -1.0339310161 0.0051640779 -0.0625019074 -0.0354625080 199.2197620358
122 197.5357934602 0.0051640779 28.4532633886 123 197.1389041759 14.0141933775 -0.8609809255 0.0014880612 0.0000000000 -0.0385753960 197.0739668768
123 197.1389041759 0.0014880612 662.8435414783 124 196.8150270570 14.0121792731 -0.6883742261 0.0040073019 -0.0100405896 -0.0625019074 197.0143660380
124 196.8150270570 0.0040073019 322.1721414805 125 196.5636501352 14.0106156636 -0.5160415320 0.0032837765 -0.0432447279 -0.0375988037 197.7398993482
125 196.5636501352 0.0032837765 1196.1172691241 126 196.3843770842 14.0095003584 -0.3439139302 0.0002490816 -0.0157780694 0.0003662221 196.8269638014
126 196.3843770842 0.0002490816 656.5558102448 127 196.2769258120 14.0088317979 -0.1719228612 0.0078091629 0.0624713889 -0.0625019074 194.5129416029
127 196.2769258120 0.0078091629 974.3781940089 128 196.2411274610 14.0086090480 0.0000000000 0.0000000009 -0.0000305185 0.0000000000 196.2419825057
128 196.2411274610 0.0000000009 1024.0468769670 129 196.2769258119 14.0088317979 0.1719228612 0.0039086343 -0.0625019074 0.0014648885 198.0314881664
129 196.2769258119 0.0039086343 902.4591157764 130 196.3843770842 14.0095003584 0.3439139302 0.0035198365 -0.0157780694 -0.0571916868 196.8693206941
130 196.3843770842 0.0035198365 411.3886545864 131 196.5636501352 14.0106156636 0.5160415320 0.0039026744 0.0624713889 0.0000000000 194.8170275701
131 196.5636501352 0.0039026744 1024.0449237386 132 196.8150270569 14.0121792731 0.6883742261 0.0039027499 0.0624713889 -0.0002746666 195.0685873522
132 196.8150270569 0.0039027499 431.1763558346 133 197.1389041757 14.0141933775 0.8609809255 0.0039064894 -0.0000305185 -0.0625019074 197.2512919498
133 197.1389041757 0.0039064894 662.8440949775 134 197.5357934597 14.0166608047 1.0339310161 0.0008093547 0.0284432508 0.0005798517 196.7380449630
134 197.5357934597 0.0008093547 1024.4055026021 135 198.0063243453 14.0195850291 1.2072944786 0.0078129769 -0.0625019074 -0.0625019074 199.9175553483
135 198.0063243453 0.0078129769 29.2155185752 136 198.5512459891 14.0229701822 1.3811420125 0.0004373879 0.0208136235 0.0020447401 197.9622975816
136 198.5512459891 0.0004373879 674.8552266502 137 199.1714299697 14.0268210660 1.5555451625 0.0075064152 -0.0599993896 -0.0625019074 201.0565868691
137 199.1714299697 0.0075064152 300.4419462243 138 199.8678734449 14.0311431679 1.7305764493 0.0039064884 0.0000000000 -0.0625019074 200.0881085913
138 199.8678734449 0.0039064884 114.1096267387 139 200.6417027915 14.0359426784 1.9063095028 0.0059027102 -0.0625019074 -0.0446790979 202.5724962587
139 200.6417027915 0.0059027102 54.8445860017 140 201.4941777545 14.0412265109 2.0828192007 0.0078129769 -0.0625019074 -0.0625019074 203.5175579556
140 201.4941777545 0.0078129769 0.0000000009 141 202.4266961256 14.0470023244 2.2601818124 0.0078129769 -0.0625019074 -0.0625019074 204.4729693284
141 202.4266961256 0.0078129769 0.0000000009 142 203.4407989872 14.0532785479 2.4384751470 0.0002486802 -0.0155339213 -0.0027161473 203.8908992295
142 203.4407989872 0.0002486802 0.0000000009 143 204.5381765575 14.0600644090 2.6177787094 0.0004256190 -0.0206305124 -0.0000305185 205.1188946243
143 204.5381765575 0.0004256190 387.8977553736 144 205.7206746759 14.0673699643 2.7981738624 0.0077673113 0.0621662038 0.0624713889 203.6298003957
144 205.7206746759 0.0077673113 718.3598186082 145 206.9903019743 14.0752061330 2.9797439968 0.0047756107 0.0294808802 -0.0625019074 206.5376580215
145 206.9903019743 0.0047756107 699.5967602345 146 208.3492377860 14.0835847350 3.1625747103 0.0013139761 -0.0153508103 -0.0328379162 208.9906453630
146 208.3492377860 0.0013139761 883.0380555540 147 209.7998408471 14.0925185307 3.3467539957 0.0041401995 0.0624713889 0.0154118473 207.9400633122
147 209.7998408471 0.0041401995 18.5401273223 148 211.3446588579 14.1020212667 3.5323724396 0.0046060158 0.0265205847 0.0624713889 210.1599327491
148 211.3446588579 0.0046060158 798.5968385905 149 212.9864389732 14.1121077236 3.7195234332 0.0039064894 -0.0000305185 -0.0625019074 213.4561614420
149 212.9864389732 0.0039064894 1103.8673893338 150 214.7281393009 14.1227937702 3.9083033947 0.0078129769 -0.0625019074 -0.0625019074 216.9899082087
150 214.7281393009 0.0078129769 402.3901386780 151 216.5729415016 14.1340964208 4.0988120070 0.0078091629 -0.0625019074 0.0624713889 217.8354496782
151 216.5729415016 0.0078091629 497.9054334737 152 218.5242645832 14.1460338989 4.2911524694 0.0061701884 0.0475783563 -0.0625019074 217.7207551188
152 218.5242645832 0.0061701884 1091.3417929620 153 220.5857800115 14.1586257057 4.4854317672 0.0078129769 -0.0625019074 -0.0625019074 222.9241712961
153 220.5857800115 0.0078129769 1107.8727013157 154 222.7614282530 14.1718926956 4.6817609591 0.0042761166 -0.0324106571 -0.0567949461 224.2161458008
154 222.7614282530 0.0042761166 182.7839303882 155 225.0554368865 14.1858571573 4.8802554851 0.0033926222 0.0023499252 0.0581987976 224.4241080993
155 225.0554368865 0.0033926222 849.0695594983 156 227.4723404645 14.2005429033 5.0810354965 0.0039065480 -0.0625019074 -0.0002441481 229.2538500980
156 227.4723404645 0.0039065480 1174.0096774308 157 230.0170022643 14.2159753662 5.2842262112 0.0019239859 0.0342722861 -0.0273751030 229.3338107727
157 230.0170022643 0.0019239859 1024.3197315127 158 232.6946381555 14.2321817049 5.4899582945 0.0003430503 -0.0141911069 -0.0119022187 233.2296073985
158 232.6946381555 0.0003430503 1089.3173186662 159 235.5108427935 14.2491909190 5.6983682707 0.0074515132 0.0624713889 0.0595721305 233.0590329355
159 235.5108427935 0.0074515132 478.0438259730 160 238.4716183913 14.2670339748 5.9095989672 0.0042406683 0.0182805872 -0.0625019074 238.6929619579
160 238.4716183913 0.0042406683 1199.7157593344 161 241.5834063536 14.2857439423 6.1237999942 0.0046722555 0.0624713889 0.0277413251 239.4634134250
161 241.5834063536 0.0046722555 1228.3134064517 162 244.8531220890 14.3053561446 6.3411282643 0.0042165716 -0.0176091800 -0.0625019074 246.1538150656
162 244.8531220890 0.0042165716 1252.2645740135 163 248.2881933646 14.3259083219 6.5617485563 0.0078129769 -0.0625019074 -0.0625019074 250.9070431338
163 248.2881933646 0.0078129769 19.3230473557 164 251.8966026079 14.3474408102 6.7858341274 0.0028729050 -0.0528275399 0.0090639973 253.2923419521
164 251.8966026079 0.0028729050 529.4801436199 165 255.6869336232 14.3699967378 7.0135673790 0.0078129769 -0.0625019074 -0.0625019074 258.3677736890
165 255.6869336232 0.0078129769 92.3856135869 166 259.6684232451 14.3936222399 7.2451405824 0.0078129769 -0.0625019074 -0.0625019074 262.3811641226
166 259.6684232451 0.0078129769 0.0000000913 167 263.8510185411 14.4183666955 7.4807566713 0.0075578683 -0.0625019074 0.0604266488 264.7568531380
167 263.8510185411 0.0075578683 588.0495488385 168 268.2454402119 14.4442829856 7.7206301066 0.0039064894 -0.0625019074 -0.0000305185 270.0554084210
168 268.2454402119 0.0039064894 390.2442474465 169 272.8632530477 14.4714277800 7.9649878252 0.0005422212 -0.0000305185 -0.0232856227 273.2356179647
169 272.8632530477 0.0005422212 264.7888046413 170 277.7169442462 14.4998618509 8.2140702791 0.0078129769 -0.0625019074 -0.0625019074 280.5640853887
170 277.7169442462 0.0078129769 226.3830326135 171 282.8200106892 14.5296504205 8.4681325773 0.0066229366 -0.0521561327 0.0624713889 283.2842223695
171 282.8200106892 0.0066229366 1178.2266143059 172 288.1870563434 14.5608635441 8.7274457428 0.0044824777 -0.0240791040 0.0624713889 287.8023326014
172 288.1870563434 0.0044824777 1263.5797519349 173 293.8339011492 14.5935765346 8.9922980977 0.0039030470 0.0624713889 0.0006103702 292.0034649446
173 293.8339011492 0.0039030470 1255.5441188708 174 299.7777029885 14.6278704328 9.2629967931 0.0000021953 -0.0012512589 -0.0007934812 299.8290117181
174 299.7777029885 0.0000021953 1830.0491487756 175 306.0370945636 14.6638325294 9.5398695019 0.0070392353 -0.0625019074 -0.0559709464 308.9450798536
175 306.0370945636 0.0070392353 2048.0937539341 176 312.6323373205 14.7015569454 9.8232662950 0.0042676597 0.0624713889 0.0191045869 310.4244127277
176 312.6323373205 0.0042676597 2048.0898474773 177 319.5854949044 14.7411452789 10.1135617252 0.0049630397 0.0325632496 0.0624713889 317.3668022622
177 319.5854949044 0.0049630397 2048.0937539341 178 326.9206290488 14.7827073272 10.4111571465 0.0037245658 0.0591143529 -0.0151676992 325.4924398604
178 326.9206290488 0.0037245658 2048.0937539341 179 334.6640213059 14.8263618929 10.7164833003 0.0078091629 0.0624713889 -0.0625019074 334.1589849232
179 334.6640213059 0.0078091629 2048.0937539341 180 342.8444246183 14.8722376892 11.0300032064 0.0065227109 -0.0625019074 -0.0511490219 345.8383815259
180 342.8444246183 0.0065227109 2048.0937539341 181 351.4933494545 14.9204743544 11.3522154002 0.0078129769 -0.0625019074 -0.0625019074 354.7853488762
181 351.4933494545 0.0078129769 2048.0898474773 182 360.6453900838 14.9712235948 11.6836575677 0.0020760913 0.0455641346 -0.0000305185 359.2838776153
182 360.6453900838 0.0020760913 2048.0898474773 183 370.3385976236 15.0246504725 12.0249106359 0.0070840206 -0.0570390942 -0.0618915372 373.5481469601
183 370.3385976236 0.0070840206 540.4171181851 184 380.6149077396 15.0809348625 12.3766033875 0.0078129769 -0.0625019074 -0.0625019074 384.0550177431
184 380.6149077396 0.0078129769 1740.2997843645 185 391.5206324483 15.1402731029 12.7394176797 0.0078129769 -0.0625019074 -0.0625019074 395.0135131288
185 391.5206324483 0.0078129769 113.6141594741 186 403.1070273181 15.2028798702 13.1140943634 0.0075100783 -0.0625019074 -0.0600299081 406.5894311363
186 403.1070273181 0.0075100783 1604.4028704447 187 415.4309477146 15.2689903157 13.5014400140 0.0078091629 0.0624713889 -0.0625019074 415.2187383205
187 415.4309477146 0.0078091629 285.0222099615 188 428.5556105819 15.3388625068 13.9023346090 0.0012586177 -0.0281380657 0.0216071047 428.8193026435
188 428.5556105819 0.0012586177 177.1664926588 189 442.5514817811 15.4127802231 14.3177403097 0.0041995377 -0.0362559893 0.0537125767 442.1352070586
189 442.5514817811 0.0041995377 94.3377149852 190 457.4973134337 15.4910561715 14.7487115412 0.0016750542 -0.0296334727 -0.0282296213 459.2497971502
190 457.4973134337 0.0016750542 25.9748784599 191 473.4813612354 15.5740356929 15.1964065974 0.0023283070 -0.0446180609 0.0183721427 474.3150749857
191 473.4813612354 0.0023283070 381.8612842749 192 490.6028186526 15.6621010509 15.6621010508 0.0039064884 0.0000000000 -0.0625019074 492.5645475204
192 490.6028186526 0.0039064884 0.0000000009 193 508.9735137275 15.7556764123 16.1472033033 0.0006872481 -0.0201116977 -0.0168156987 510.1510007910
193 508.9735137275 0.0006872481 15.1362411264 194 528.7199254039 15.8552336516 16.6532726891 0.0046828574 -0.0278633992 -0.0625019074 531.6898922844
194 528.7199254039 0.0046828574 47.7116510133 195 549.9855906660 15.9612991436 17.1820406330 0.0039948167 -0.0535905026 -0.0335093234 552.8518506832
195 549.9855906660 0.0039948167 616.0834555824 196 572.9339922803 16.0744617447 17.7354354866 0.0071948548 -0.0573442793 -0.0625019074 577.0017410763
196 572.9339922803 0.0071948548 6.3373043437 197 597.7520409944 16.1953822131 18.3156118098 0.0039064894 -0.0625019074 -0.0000305185 599.7815499731
197 597.7520409944 0.0039064894 76.7306136952 198 624.6542974746 16.3248043792 18.9249850583 0.0000145537 0.0035096286 0.0014954070 624.4831229191
198 624.6542974746 0.0000145537 84.0296607128 199 653.8881207461 16.4635684557 19.5662728810 0.0039064894 -0.0000305185 -0.0625019074 656.3388908744
199 653.8881207461 0.0039064894 1675.7126916789 200 685.7399849489 16.6126269817 20.2425445464 0.0037791027 -0.0390026551 -0.0475173193 688.9633800764
200 685.7399849489 0.0037791027 163.7683204803 201 720.5432801027 16.7730640291 20.9572804337 0.0018176894 -0.0000305185 -0.0426343577 722.3331219523
201 720.5432801027 0.0018176894 757.3561067716 202 758.6880123584 16.9461184734 21.7144440648 0.0035652841 0.0013733329 -0.0596942045 761.2374852483
202 758.6880123584 0.0035652841 599.0521550802 203 800.6329556545 17.1332123715 22.5185698811 0.0051190336 -0.0348216193 -0.0625019074 804.6461942249
203 800.6329556545 0.0051190336 1850.8651609359 204 846.9209948781 17.3359857987 23.3748709358 0.0078129769 -0.0625019074 -0.0625019074 852.0178202511
204 846.9209948781 0.0078129769 0.0000000000 205 898.1986632262 17.5563399279 24.2893719878 0.0078129769 -0.0625019074 -0.0625019074 903.4373498261
205 898.1986632262 0.0078129769 0.0000000000 206 955.2412472847 17.7964907150 25.2690752802 0.0023596404 -0.0279854732 -0.0397045808 958.2462894365
206 955.2412472847 0.0023596404 27.4335921150 207 1018.9853636334 18.0590363664 26.3221687775 0.0041318087 0.0624713889 0.0151371807 1015.9362624237
207 1018.9853636334 0.0041318087 234.4719671555 208 1090.5716796063 18.3470428955 27.4582901251 0.0054821933 0.0520340587 -0.0526749474 1091.5605475609
208 1090.5716796063 0.0054821933 532.2878673136 209 1171.4015821912 18.6641536883 28.6888645521 0.0026381555 -0.0145573290 -0.0492568743 1174.7738683887
209 1171.4015821912 0.0026381555 469.8284232018 210 1263.2132906339 19.0147313173 30.0275420833 0.0047666369 -0.0293282876 -0.0625019074 1268.0869535983
210 1263.2132906339 0.0047666369 709.0568144548 211 1368.1854822820 19.4040432434 31.4907698872 0.0003822456 0.0153202918 -0.0121463668 1368.3563102020
211 1368.1854822820 0.0003822456 24.2123884483 212 1489.0804927399 19.8385081042 33.0985511607 0.0042006590 0.0171514023 -0.0625019074 1492.5416220908
212 1489.0804927399 0.0042006590 866.2861155659 213 1629.4454719179 20.3260269664 34.8754655837 0.0055048287 0.0399792474 -0.0625019074 1632.1853044659
213 1629.4454719179 0.0055048287 229.3149484397 214 1793.9001178161 20.8764358123 36.8520629761 0.0047294553 0.0286873989 -0.0625019074 1797.3137144433
214 1793.9001178161 0.0047294553 410.9415678919 215 1988.5566276403 21.5021343691 39.0667997821 0.0042230540 -0.0625019074 0.0177922910 1989.8585237748
215 1988.5566276403 0.0042230540 177.6118949834 216 2221.6465959826 22.2189770127 41.5687822349 0.0078129769 -0.0625019074 -0.0625019074 2229.6281222038
216 2221.6465959826 0.0078129769 120.3612447122 217 2504.4809142607 23.0475626542 44.4217375838 0.0039064894 -0.0000305185 -0.0625019074 2510.0391141632
217 2504.4809142607 0.0039064894 208.1658138247 218 2852.9625636736 24.0151488520 47.7099066158 0.0039064894 -0.0000305185 -0.0625019074 2858.9318563074
218 2852.9625636736 0.0039064894 261.0176652844 219 3290.0508607114 25.1585734552 51.5470371836 0.0005464962 0.0000610370 -0.0233771783 3292.4583845529
219 3290.0508607114 0.0005464962 299.9311932994 220 3849.9321004168 26.5288619380 56.0905659152 0.0063027563 0.0489516892 -0.0625019074 3854.3526726787
220 3849.9321004168 0.0063027563 440.2543210359 221 4585.4019052466 28.1987757424 61.5648515947 0.0049255256 0.0319223609 -0.0625019074 4591.3023290869
221 4585.4019052466 0.0049255256 76.6824523634 222 5581.6482283700 30.2757524914 68.3010032097 0.0041631999 -0.0160222175 -0.0625019074 5591.1604469080
222 5581.6482283700 0.0041631999 944.9521405991 223 6983.7004346756 32.9253385154 76.8090002429 0.0008138775 0.0048829615 -0.0281075472 6987.6975274350
223 6983.7004346756 0.0008138775 1076.8562595574 224 9055.6415779792 36.4165896965 87.9174247397 0.0043196074 0.0203253273 -0.0625019074 9065.1555528573
224 9055.6415779792 0.0043196074 1111.8980006776 225 12322.0221399086 41.2179181248 103.0684499028 0.0046777637 -0.0277718436 -0.0625019074 12337.2001622504
225 12322.0221399086 0.0046777637 1237.6105763336 226 17954.2906257490 48.2236393367 125.0150840294 0.0071183029 -0.0566728721 -0.0625019074 17975.3910507531
226 17954.2906257490 0.0071183029 1544.3732310950 227 29045.7137760154 59.3803096653 159.7488422495 0.0078129769 -0.0625019074 -0.0625019074 29073.1135689185
227 29045.7137760154 0.0078129769 6.8798353300 228 56219.6814326166 79.8789083577 223.2465933272 0.0076469231 -0.0625019074 -0.0611590930 56256.9813661295
228 56219.6814326166 0.0076469231 2048.0898474773 229 159061.8988221064 129.7420886128 377.1324558620 0.0055664161 -0.0407422102 -0.0625019074 159119.6193430746
229 159061.8988221064 0.0055664161 2048.0937539341 230 1872327.5915316027 429.2202049220 1299.2681044412 0.0078129769 -0.0625019074 -0.0625019074 1872543.6669771108
230 1872327.5915316027 0.0078129769 2048.0937539341 231 797931.8063144779 -269.7729411435 -851.5599606260 0.0078091629 -0.0625019074 0.0624713889 798004.4877438038
231 797931.8063144779 0.0078091629 2048.0898474773 232 107346.9169544314 -95.1084053414 -313.5303943605 0.0078053489 0.0624713889 0.0624713889 107397.9812265297
232 107346.9169544314 0.0078053489 2048.0937539341 233 38791.2911972676 -54.8558589800 -189.1616396969 0.0052365215 -0.0625019074 0.0364696188 38798.2365479434
233 38791.2911972676 0.0052365215 1359.9318968224 234 19252.9744534478 -37.0077521423 -133.7288328478 0.0040154263 -0.0625019074 0.0104373302 19251.1439026609
234 19252.9744534478 0.0040154263 943.8986300442 235 11185.1593624466 -26.9545701856 -102.2673482034 0.0033233108 -0.0504165777 -0.0279549547 11176.7270132270
235 11185.1593624466 0.0033233108 1333.0671379230 236 7133.6383993942 -20.5223171553 -81.9296826429 0.0072405138 -0.0625019074 0.0577410199 7140.5416788513
236 7133.6383993942 0.0072405138 1127.2565276823 237 4835.2417798312 -16.0668341618 -67.6542579580 0.0078091629 0.0624713889 -0.0625019074 4828.7999835515
237 4835.2417798312 0.0078091629 415.6879638021 238 3417.9924213642 -12.8094470704 -57.0430581852 0.0042526579 0.0187078463 0.0624713889 3425.6030664999
238 3417.9924213642 0.0042526579 1027.4221866308 239 2489.4965089012 -10.3337919877 -48.8130028994 0.0078129769 -0.0625019074 -0.0625019074 2482.1107468832
239 2489.4965089012 0.0078129769 948.7309912876 240 1852.6353969967 -8.3971266668 -42.2152065107 0.0062840263 0.0624713889 -0.0487990967 1849.5707134688
240 1852.6353969967 0.0062840263 1024.0468769680 241 1399.8868575712 -6.8484487398 -36.7829526742 0.0021717253 -0.0000305185 -0.0466017640 1396.4603103303
241 1399.8868575712 0.0021717253 724.1727870792 242 1068.7219768619 -5.5889686984 -32.2100202693 0.0001623674 0.0081484420 -0.0097964415 1068.1821348429
242 1068.7219768619 0.0001623674 235.4412880221 243 820.8664169296 -4.5514075602 -28.2869423259 0.0050623266 -0.0625019074 -0.0339976196 818.3791585412
243 820.8664169296 0.0050623266 1024.0468769680 244 631.8915546124 -3.6884304385 -24.8653782499 0.0039064894 -0.0000305185 -0.0625019074 628.7869688329
244 631.8915546124 0.0039064894 1024.0468769680 245 485.6559502737 -2.9658362389 -21.8371189876 0.0000343353 -0.0000305185 0.0058595538 485.9117151311
245 485.6559502737 0.0000343353 510.6464117333 246 371.1805716621 -2.3583698368 -19.1211574800 0.0078129769 -0.0625019074 -0.0625019074 368.5033617840
246 371.1805716621 0.0078129769 605.0296326671 247 280.8146661072 -1.8470514668 -16.6554215493 0.0025387559 -0.0000305185 -0.0503860591 279.1386900140
247 280.8146661072 0.0025387559 334.1920724460 248 209.1189622653 -1.4174205840 -14.3913126974 0.0002119168 -0.0000305185 0.0145573290 209.5380858149
248 209.1189622653 0.0002119168 192.7812849791 249 152.1640174300 -1.0583508589 -12.2899923063 0.0055614463 0.0406811731 -0.0625019074 150.7193928630
249 152.1640174300 0.0055614463 59.5293286997 250 107.0775039517 -0.7612333078 -10.3197881666 0.0078129769 -0.0625019074 -0.0625019074 105.7001469722
250 107.0775039517 0.0078129769 58.5938034681 251 71.7455948726 -0.5194036313 -8.4543370373 0.0001602541 -0.0123905148 -0.0025940733 71.6890214298
251 71.7455948726 0.0001602541 66.5139068867 252 44.6125918144 -0.3277360399 -6.6712203458 0.0078129769 -0.0625019074 -0.0625019074 43.7455085434
252 44.6125918144 0.0078129769 131.5340521318 253 24.5450097402 -0.1823537323 -4.9509349477 0.0057739563 0.0432142094 -0.0625019074 23.9476584860
253 24.5450097402 0.0057739563 465.6050991809 254 10.7392531102 -0.0804235686 -3.2760929718 0.0000223848 0.0000915555 0.0047303690 10.7702844785
254 10.7392531102 0.0000223848 9.9789512377 255 2.6598352699 -0.0200136537 -1.6307773372 0.0039596898 0.0072939238 -0.0625019074 2.4602335275
255 2.6598352699 0.0039596898 74.5437969321 