#int double real img int16 real16 img16 error
0 0.0040713207 0.0638069018 0.0000000000 0.0040644662 0.0637531663 0.0000000000 0.0000000029
0 0.0040713207 0.0040644662 0.0040644662 1 0.0044594512 0.0646320923 0.0167971376 0.0044439288 0.0645466475 0.0166631062 0.0000000253
1 0.0044594512 0.0044439288 0.0044449468 2 0.0058524806 0.0673757554 0.0362351785 0.0058299434 0.0672627949 0.0361339152 0.0000000230
2 0.0058524806 0.0058299434 0.0058362563 3 0.0092623821 0.0730938194 0.0626073131 0.0092279024 0.0730002747 0.0624408704 0.0000000365
3 0.0092623821 0.0092279024 0.0092355285 4 0.0185143396 0.0849496141 0.1062915925 0.0184826295 0.0848719749 0.1062044130 0.0000000136
4 0.0185143396 0.0184826295 0.0184826295 5 0.0558896179 0.1154790350 0.2062867189 0.0558264140 0.1153904843 0.2061830500 0.0000000186
5 0.0558896179 0.0558264140 0.0558208741 6 0.7151644338 0.3032756785 0.7894227617 0.7147443758 0.3031403546 0.7892086550 0.0000000642
6 0.7151644338 0.7147443758 0.7148592251 7 0.3348139889 -0.1373162734 -0.5621016189 0.3348398066 -0.1373332926 -0.5621204260 0.0000000006
7 0.3348139889 0.3348398066 0.3348481900 8 0.0497791133 -0.0278846386 -0.2213629603 0.0498012497 -0.0278939177 -0.2214117862 0.0000000025
8 0.0497791133 0.0498012497 0.0498029532 9 0.0199541899 -0.0029888151 -0.1412276776 0.0199752013 -0.0030518509 -0.1413006989 0.0000000093
9 0.0199541899 0.0199752013 0.0199752013 10 0.0110163755 0.0078628322 -0.1046639926 0.0110254926 0.0078432569 -0.1047090060 0.0000000024
10 0.0110163755 0.0110254926 0.0110254926 11 0.0071370938 0.0138564978 -0.0833372143 0.0071470266 0.0137943663 -0.0834070864 0.0000000087
11 0.0071370938 0.0071470266 0.0071478695 12 0.0050899446 0.0176117847 -0.0691358784 0.0050934952 0.0175176244 -0.0691854610 0.0000000113
12 0.0050899446 0.0050934952 0.0050934952 13 0.0038701687 0.0201574757 -0.0588544380 0.0038725490 0.0200811792 -0.0589007233 0.0000000080
13 0.0038701687 0.0038725490 0.0038737756 14 0.0030807742 0.0219787853 -0.0509677075 0.0030838979 0.0219122898 -0.0510269478 0.0000000079
14 0.0030807742 0.0030838979 0.0030883517 15 0.0025385516 0.0233338051 -0.0446551808 0.0025438999 0.0232856227 -0.0447401349 0.0000000095
15 0.0025385516 0.0025438999 0.0025438999 16 0.0021491038 0.0243720678 -0.0394348340 0.0021478243 0.0243537706 -0.0394299142 0.0000000004
16 0.0021491038 0.0021478243 0.0021478243 17 0.0018596116 0.0251859342 -0.0350040046 0.0018592513 0.0251777703 -0.0350047304 0.0000000001
17 0.0018596116 0.0018592513 0.0018613888 18 0.0016385634 0.0258353575 -0.0311624410 0.0016340353 0.0257881405 -0.0311288797 0.0000000034
18 0.0016385634 0.0016340353 0.0016378391 19 0.0014661717 0.0263608259 -0.0277719027 0.0014650272 0.0263069552 -0.0278023621 0.0000000038
19 0.0014661717 0.0014650272 0.0014650272 20 0.0013294819 0.0267905745 -0.0247335191 0.0013289387 0.0267647328 -0.0247505112 0.0000000010
20 0.0013294819 0.0013289387 0.0013289387 21 0.0012197158 0.0271448195 -0.0219744065 0.0012172607 0.0271004364 -0.0219733268 0.0000000020
21 0.0012197158 0.0012172607 0.0012172607 22 0.0011307532 0.0274383520 -0.0194393949 0.0011278073 0.0274056215 -0.0194097720 0.0000000019
22 0.0011307532 0.0011278073 0.0011256512 23 0.0010582252 0.0276821861 -0.0170857180 0.0010572367 0.0276802881 -0.0170598468 0.0000000007
23 0.0010582252 0.0010572367 0.0010582789 24 0.0009989522 0.0278846386 -0.0148794886 0.0009972633 0.0278633992 -0.0148625141 0.0000000007
24 0.0009989522 0.0009972633 0.0009981714 25 0.0009505859 0.0280520532 -0.0127932894 0.0009484097 0.0280159917 -0.0127872555 0.0000000013
25 0.0009505859 0.0009484097 0.0009484097 26 0.0009113734 0.0281892987 -0.0108044818 0.0009101859 0.0281685842 -0.0108035524 0.0000000004
26 0.0009113734 0.0009101859 0.0009101859 27 0.0008799996 0.0283001159 -0.0088939869 0.0008780486 0.0282601398 -0.0089114048 0.0000000019
27 0.0008799996 0.0008780486 0.0008775056 28 0.0008554798 0.0283873628 -0.0070453844 0.0008513590 0.0283211768 -0.0070192572 0.0000000051
28 0.0008554798 0.0008513590 0.0008513590 29 0.0008370858 0.0284531881 -0.0052442280 0.0008348373 0.0284127323 -0.0052491836 0.0000000017
29 0.0008370858 0.0008348373 0.0008345178 30 0.0008242949 0.0284991548 -0.0034775096 0.0008213360 0.0284432508 -0.0035096286 0.0000000042
30 0.0008242949 0.0008213360 0.0008209113 31 0.0008167553 0.0285263247 -0.0017332236 0.0008154152 0.0285042879 -0.0017090365 0.0000000011
31 0.0008167553 0.0008154152 0.0008154152 32 0.0008142641 0.0285353140 0.0000000000 0.0008090185 0.0284432508 0.0000000000 0.0000000085
32 0.0008142641 0.0008090185 0.0008090185 33 0.0008167553 0.0285263247 0.0017332236 0.0008153118 0.0285042879 0.0016785180 0.0000000035
33 0.0008167553 0.0008153118 0.0008154152 34 0.0008242949 0.0284991548 0.0034775096 0.0008226483 0.0284737693 0.0034485916 0.0000000015
34 0.0008242949 0.0008226483 0.0008211227 35 0.0008370858 0.0284531881 0.0052442280 0.0008345178 0.0284127323 0.0052186651 0.0000000023
35 0.0008370858 0.0008345178 0.0008338845 36 0.0008554798 0.0283873628 0.0070453844 0.0008509315 0.0283211768 0.0069887387 0.0000000076
36 0.0008554798 0.0008509315 0.0008509315 37 0.0008799996 0.0283001159 0.0088939869 0.0008764252 0.0282601398 0.0088198492 0.0000000071
37 0.0008799996 0.0008764252 0.0008786904 38 0.0009113734 0.0281892987 0.0108044818 0.0009078090 0.0281380657 0.0107730338 0.0000000036
38 0.0009113734 0.0009078090 0.0009095274 39 0.0009505859 0.0280520532 0.0127932894 0.0009459210 0.0279854732 0.0127567370 0.0000000058
39 0.0009505859 0.0009459210 0.0009476301 40 0.0009989522 0.0278846386 0.0148794886 0.0009981714 0.0278633992 0.0148930326 0.0000000006
40 0.0009989522 0.0009981714 0.0009998731 41 0.0010582252 0.0276821861 0.0170857180 0.0010572367 0.0276802881 0.0170598468 0.0000000007
41 0.0010582252 0.0010572367 0.0010572367 42 0.0011307532 0.0274383520 0.0194393949 0.0011278073 0.0274056215 0.0194097720 0.0000000019
42 0.0011307532 0.0011278073 0.0011278073 43 0.0012197158 0.0271448195 0.0219744065 0.0012162372 0.0271309549 0.0219122898 0.0000000041
43 0.0012197158 0.0012162372 0.0012145821 44 0.0013294819 0.0267905745 0.0247335191 0.0013274290 0.0267647328 0.0247199927 0.0000000009
44 0.0013294819 0.0013274290 0.0013274290 45 0.0014661717 0.0263608259 0.0277719027 0.0014666339 0.0263374737 0.0278023621 0.0000000015
45 0.0014661717 0.0014666339 0.0014650272 46 0.0016385634 0.0258353575 0.0311624410 0.0016359363 0.0257881405 0.0311593982 0.0000000022
46 0.0016385634 0.0016359363 0.0016324622 47 0.0018596116 0.0251859342 0.0350040046 0.0018577154 0.0251472518 0.0350047304 0.0000000015
47 0.0018596116 0.0018577154 0.0018577154 48 0.0021491038 0.0243720678 0.0394348340 0.0021454185 0.0243537706 0.0393993957 0.0000000016
48 0.0021491038 0.0021454185 0.0021454185 49 0.0025385516 0.0233338051 0.0446551808 0.0025384420 0.0232856227 0.0446790979 0.0000000029
49 0.0025385516 0.0025384420 0.0025357159 50 0.0030807742 0.0219787853 0.0509677075 0.0030759010 0.0219428083 0.0509353923 0.0000000023
50 0.0030807742 0.0030759010 0.0030759010 51 0.0038701687 0.0201574757 0.0588544380 0.0038678176 0.0201422163 0.0588396863 0.0000000005
51 0.0038701687 0.0038678176 0.0038678176 52 0.0050899446 0.0176117847 0.0691358784 0.0050819051 0.0175481429 0.0690939055 0.0000000058
52 0.0050899446 0.0050819051 0.0050819051 53 0.0071370938 0.0138564978 0.0833372143 0.0071283655 0.0138554033 0.0832850124 0.0000000027
53 0.0071370938 0.0071283655 0.0071266778 54 0.0110163755 0.0078628322 0.1046639926 0.0110122363 0.0078127384 0.1046479690 0.0000000028
54 0.0110163755 0.0110122363 0.0110058498 55 0.0199541899 -0.0029888151 0.1412276776 0.0199403491 -0.0029908139 0.1411786248 0.0000000024
55 0.0199541899 0.0199403491 0.0199489671 56 0.0497791133 -0.0278846386 0.2213629603 0.0497607152 -0.0278939177 0.2213202307 0.0000000019
56 0.0497791133 0.0497607152 0.0497742248 57 0.3348139889 -0.1373162734 0.5621016189 0.3347285031 -0.1373027741 0.5620288705 0.0000000055
57 0.3348139889 0.3347285031 0.3347285031 58 0.7151644338 0.3032756785 -0.7894227617 0.7149740838 0.3032013916 -0.7893307291 0.0000000140
58 0.7151644338 0.7149740838 0.7149740838 59 0.0558896179 0.1154790350 -0.2062867189 0.0558586313 0.1154210028 -0.2062440870 0.0000000052
59 0.0558896179 0.0558586313 0.0558712208 60 0.0185143396 0.0849496141 -0.1062915925 0.0185007792 0.0849024934 -0.1062654500 0.0000000029
60 0.0185143396 0.0185007792 0.0185007792 61 0.0092623821 0.0730938194 -0.0626073131 0.0092476188 0.0730307932 -0.0625629444 0.0000000059
61 0.0092623821 0.0092476188 0.0092514384 62 0.0058524806 0.0673757554 -0.0362351785 0.0058447831 0.0673238319 -0.0362254707 0.0000000028
62 0.0058524806 0.0058447831 0.0058447831 63 0.0044594512 0.0646320923 -0.0167971376 0.0044519526 0.0645771661 -0.0167851802 0.0000000032
63 0.0044594512 0.0044519526 0.0044519526 