#int double real img int16 real16 img16 error
0 40713.2071746536 201.7751401304 0.0000000000 0.0003580222 0.0189214759 0.0000000000 40705.5717657835
0 40713.2071746536 0.0003580222 16384.9844198282 1 44594.5118270401 204.3846214796 53.1172131206 0.0003564519 0.0188299203 -0.0013733329 44586.9609864424
1 44594.5118270401 0.0003564519 8313.0884362344 2 58524.8057666695 213.0608460918 114.5856955703 0.0003546218 0.0186162908 -0.0028382214 58517.5237551041
2 58524.8057666695 0.0003546218 5215.8188405779 3 92623.8209140820 231.1429522414 197.9817075975 0.0003519655 0.0179754021 -0.0053712577 92617.6383125679
3 92623.8209140820 0.0003519655 20087.5728777438 4 185143.3956694319 268.6342668897 336.1235283673 0.0003883154 0.0169377728 -0.0100711081 185141.0661982080
4 185143.3956694319 0.0003883154 81151.1196932887 5 558896.1791590361 365.1767724434 652.3358828294 0.0006782845 0.0133365886 -0.0223700674 558915.6250079225
5 558896.1791590361 0.0006782845 99111.7937250535 6 7151644.3381201122 959.0419030408 2496.3739636385 0.0100501391 -0.0112918485 -0.0996124149 7152163.3465601839
6 7151644.3381201122 0.0100501391 289157.7811421306 7 3348139.8887954508 -434.2321837235 -1777.5213921115 0.0093878249 0.0488906522 0.0836512345 3348479.7416901034
7 3348139.8887954508 0.0093878249 268910.1503105141 8 497791.1325559326 -88.1789695719 -700.0111441121 0.0027923919 0.0352488784 0.0393688772 497852.4690734603
8 497791.1325559326 0.0027923919 95497.6922178683 9 199541.8993184495 -9.4514631502 -446.6011298270 0.0020231088 0.0332651753 0.0302743614 199569.5712787282
9 199541.8993184495 0.0020231088 1729.7273578517 10 110163.7547477230 24.8644587100 -330.9766055793 0.0018709792 0.0335398419 0.0273140660 110180.1693523593
10 110163.7547477230 0.0018709792 1994.2012745147 11 71370.9381948030 43.8180935444 -263.5354110417 0.0019416821 0.0350047304 0.0267647328 71381.9793651108
11 71370.9381948030 0.0019416821 15761.8878509228 12 50899.4464460644 55.6933534281 -218.6268438001 0.0021661324 0.0374156926 0.0276802881 50907.3843094546
12 50899.4464460644 0.0021661324 24306.3902859645 13 38701.6870249248 63.7435350298 -186.1140746070 0.0040574511 0.0414441359 0.0483718375 38714.4128504768
13 38701.6870249248 0.0040574511 9703.2224720853 14 30807.7420561736 69.5030216678 -161.1740426843 0.0033007435 0.0466017640 0.0336008789 30812.0986090860
14 30807.7420561736 0.0033007435 2672.8559325696 15 25385.5163498688 73.7879704641 -141.2120808028 0.0045892799 0.0549333171 0.0396435438 25388.6103978191
15 25385.5163498688 0.0045892799 5018.5619865393 16 21491.0382242684 77.0712454453 -124.7038946857 0.0072270312 0.0688497574 0.0498672445 21492.8700574088
16 21491.0382242684 0.0072270312 10568.3308135717 17 18596.1162300829 79.6449170891 -110.6923819057 0.0140534164 0.0958891568 0.0697042756 18596.2875802173
17 18596.1162300829 0.0140534164 4971.1739127826 18 16385.6343018494 81.6985739824 -98.5442911137 0.0435329582 0.1686758019 0.1228064821 16382.3204453024
18 16385.6343018494 0.0435329582 19563.2056581674 19 14661.7171866923 83.3602508059 -87.8224673547 1.4344270957 0.9660939360 0.7078768273 14626.4189272914
19 14661.7171866923 1.4344270957 13333.9916044444 20 13294.8185271704 84.7192353658 -78.2142550064 0.0838473290 -0.2347483749 -0.1695303201 13308.1584047660
20 13294.8185271704 0.0838473290 16893.2209989831 21 12197.1576645931 85.8394564036 -69.4891746168 0.0153723521 -0.1009857479 -0.0719321268 12204.5131521018
21 12197.1576645931 0.0153723521 8361.2329665315 22 11307.5323293046 86.7676875292 -61.4727641329 0.0059025780 -0.0630817591 -0.0438550981 11313.0933603999
22 11307.5323293046 0.0059025780 2198.9879973637 23 10582.2519070096 87.5387588177 -54.0297844865 0.0029880077 -0.0454115421 -0.0304269539 10586.9175115514
23 10582.2519070096 0.0029880077 8793.8277334632 24 9989.5224928133 88.1789695727 -47.0530744789 0.0017505323 -0.0352793970 -0.0224921415 9993.6293962698
24 9989.5224928133 0.0017505323 2810.9898539037 25 9505.8594023754 88.7083810199 -40.4559333005 0.0011276769 -0.0288705100 -0.0171514023 9509.5948904717
25 9505.8594023754 0.0011276769 2094.8186180770 26 9113.7338763381 89.1423895302 -34.1667713603 0.0007758763 -0.0245368816 -0.0131839961 9117.2082955723
26 9113.7338763381 0.0007758763 843.5459281201 27 8799.9956445963 89.4928244195 -28.1252559458 0.0005661986 -0.0215155492 -0.0101626637 8803.2755302923
27 8799.9956445963 0.0005661986 2918.6162742372 28 8554.7980479316 89.7687230586 -22.2794615816 0.0004337667 -0.0193792535 -0.0076296274 8557.9378154027
28 8554.7980479316 0.0004337667 4468.3336564751 29 8370.8583888307 89.9768809833 -16.5837051758 0.0008362222 0.0288705100 -0.0016479995 8365.6092082990
29 8370.8583888307 0.0008362222 742.2404837749 30 8242.9489580594 90.1222404909 -10.9968507744 0.0002983879 -0.0169072542 -0.0035401471 8245.9188347756
30 8242.9489580594 0.0002983879 177.0925755072 31 8167.5526373501 90.2081592565 -5.4809343087 0.0002706076 -0.0163579211 -0.0017395550 8170.4850750836
31 8167.5526373501 0.0002706076 4819.0740244241 32 8142.6414349765 90.2365859005 0.0000000000 0.0002616245 -0.0161748100 0.0000000000 8145.5608158690
32 8142.6414349765 0.0002616245 2420.9901649500 33 8167.5526373454 90.2081592565 5.4809343086 0.0002715018 -0.0163884396 0.0017090365 8170.4909165500
33 8167.5526373454 0.0002715018 6520.1116216296 34 8242.9489580589 90.1222404909 10.9968507745 0.0002979595 -0.0169072542 0.0034791101 8245.9201767767
34 8242.9489580589 0.0002979595 177.1086315384 35 8370.8583888331 89.9768809833 16.5837051757 0.0003551555 -0.0180364391 0.0054628132 8373.9232816902
35 8370.8583888331 0.0003551555 1102.3751141681 36 8554.7980479277 89.7687230586 22.2794615816 0.0004333019 -0.0193792535 0.0075991089 8557.9391748060
36 8554.7980479277 0.0004333019 4468.2555921862 37 8799.9956445863 89.4928244194 28.1252559458 0.0005655792 -0.0215155492 0.0101321451 8803.2772463447
37 8799.9956445863 0.0005655792 856.4161608844 38 9113.7338763230 89.1423895301 34.1667713604 0.0007750725 -0.0245368816 0.0131534776 9117.2103801913
38 9113.7338763230 0.0007750725 483.5644019564 39 9505.8594023874 88.7083810200 40.4559333004 0.0011255869 -0.0288705100 0.0170903653 9509.5998270128
39 9505.8594023874 0.0011255869 342.7634078049 40 9989.5224928112 88.1789695727 47.0530744789 0.0017483799 -0.0352488784 0.0224921415 9993.6240119340
40 9989.5224928112 0.0017483799 2810.9898539037 41 10582.2519069893 87.5387588177 54.0297844864 0.0029880077 -0.0454115421 0.0304269539 10586.9175115311
41 10582.2519069893 0.0029880077 1729.5524316911 42 11307.5323293388 86.7676875293 61.4727641331 0.0059052557 -0.0630817591 0.0438856166 11313.0896109976
42 11307.5323293388 0.0059052557 1679.1023224506 43 12197.1576646090 85.8394564037 69.4891746168 0.0153679625 -0.1009857479 0.0719016083 12204.5173891403
43 12197.1576646090 0.0153679625 1917.5678180223 44 13294.8185271798 84.7192353658 78.2142550064 0.0838369823 -0.2347483749 0.1694998016 13308.1631683937
44 13294.8185271798 0.0838369823 16893.5312624092 45 14661.7171866892 83.3602508059 87.8224673547 1.2346634303 0.8961760308 -0.6569109165 14628.9240077716
45 14661.7171866892 1.2346634303 6993.9959621787 46 16385.6343018629 81.6985739824 98.5442911137 0.0435301603 0.1686452834 -0.1228370006 16382.3314440051
46 16385.6343018629 0.0435301603 19563.0677060998 47 18596.1162300948 79.6449170892 110.6923819057 0.0140433110 0.0958586383 -0.0696737571 18596.2856750791
47 18596.1162300948 0.0140433110 4519.3185347739 48 21491.0382242684 77.0712454453 124.7038946857 0.0072300758 0.0688497574 -0.0498977630 21492.8776720075
48 21491.0382242684 0.0072300758 10568.3248033477 49 25385.5163498563 73.7879704641 141.2120808027 0.0045941231 0.0549333171 -0.0397045808 25388.6276409787
49 25385.5163498563 0.0045941231 6720.3569979275 50 30807.7420562000 69.5030216678 161.1740426844 0.0033048490 0.0466017640 -0.0336619160 30812.1182883841
50 30807.7420562000 0.0033048490 2672.7449756404 51 38701.6870249419 63.7435350299 186.1140746070 0.0020379178 0.0338145085 -0.0299081393 38708.5108015787
51 38701.6870249419 0.0020379178 8528.2043514253 52 50899.4464460647 55.6933534282 218.6268438001 0.0021717998 0.0374462111 -0.0277413251 50907.4076044277
52 50899.4464460647 0.0021717998 24306.1514671048 53 71370.9381947535 43.8180935444 263.5354110416 0.0019470906 0.0350352489 -0.0268257698 71382.0088667757
53 71370.9381947535 0.0019470906 17783.1114143660 54 110163.7547478059 24.8644587099 330.9766055794 0.0018730273 0.0335703604 -0.0273140660 110180.1678368379
54 110163.7547478059 0.0018730273 3501.1800666495 55 199541.8993185912 -9.4514631500 446.6011298272 0.0020269890 0.0332956938 -0.0303048799 199569.5991188408
55 199541.8993185912 0.0020269890 8794.1669332003 56 497791.1325559852 -88.1789695717 700.0111441122 0.0027947958 0.0352488784 -0.0393993957 497852.5118025101
56 497791.1325559852 0.0027947958 95496.2021187757 57 3348139.8887957330 -434.2321837229 1777.5213921118 0.0094061358 0.0489211707 -0.0837427900 3348480.0936967549
57 3348139.8887957330 0.0094061358 276478.5649799491 58 7151644.3381197937 959.0419030400 -2496.3739636387 0.0100305326 -0.0112308115 0.0995208594 7152162.7723524664
58 7151644.3381197937 0.0100305326 295195.4938640514 59 558896.1791589095 365.1767724432 -652.3358828294 0.0006750116 0.0133671072 0.0222785119 558915.4832653085
59 558896.1791589095 0.0006750116 107767.4961599119 60 185143.3956694190 268.6342668896 -336.1235283673 0.0003875144 0.0169682913 0.0099795526 185140.9882528247
60 185143.3956694190 0.0003875144 81150.0221188027 61 92623.8209139892 231.1429522412 -197.9817075974 0.0057422932 0.0333262123 -0.0680562761 92581.4726225417
61 92623.8209139892 0.0057422932 11748.4920297164 62 58524.8057667166 213.0608460918 -114.5856955705 0.0003554162 0.0186468093 0.0027771844 58517.4967634082
62 58524.8057667166 0.0003554162 5215.5024114331 63 44594.5118270537 204.3846214796 -53.1172131206 0.0003560561 0.0188299203 0.0012207404 44586.9447754785
63 44594.5118270537 0.0003560561 8577.3426170847 