#int double real img int16 real16 img16 error
0 0.0000000000 -0.0000000000 0.0000000000 0.0000152597 -0.0039063692 0.0000000000 0.0000152597
0 0.0000000000 0.0000152597 0.0000000000 1 0.0000211278 -0.0000564061 0.0045961550 0.0000085845 0.0000305185 0.0029297769 0.0000027844
1 0.0000211278 0.0000085845 5.5309840832 2 0.0000853049 -0.0002266644 0.0092332845 0.0000743809 -0.0009155553 0.0085757012 0.0000009070
2 0.0000853049 0.0000743809 22.3511130495 3 0.0001949679 -0.0005139426 0.0139536306 0.0001560712 -0.0005188147 0.0124820704 0.0000021655
3 0.0001949679 0.0001560712 51.0946568272 4 0.0003543704 -0.0009236857 0.0188020536 0.0003407358 -0.0009765923 0.0184331797 0.0000001389
4 0.0003543704 0.0003407358 92.8828534575 5 0.0005698955 -0.0014638783 0.0238275592 0.0005489150 -0.0015564440 0.0233771783 0.0000002114
5 0.0005698955 0.0005489150 149.3907591155 6 0.0008505468 -0.0021454470 0.0290851148 0.0008255235 -0.0020752586 0.0286568804 0.0000001883
6 0.0008505468 0.0008255235 222.9645698444 7 0.0012086818 -0.0029828380 0.0346379045 0.0011852660 -0.0029297769 0.0343028047 0.0000001151
7 0.0012086818 0.0011852660 316.7520942395 8 0.0016610910 -0.0039948340 0.0405602301 0.0016477015 -0.0041810358 0.0403759880 0.0000000686
8 0.0016610910 0.0016477015 435.3597287366 9 0.0022305902 -0.0052056983 0.0469413558 0.0021863759 -0.0053712577 0.0464491714 0.0000002697
9 0.0022305902 0.0021863759 584.6221472364 10 0.0029483921 -0.0066467893 0.0538907439 0.0029096666 -0.0066530351 0.0535294656 0.0000001306
10 0.0029483921 0.0029096666 772.9124250727 11 0.0038577023 -0.0083588622 0.0615453634 0.0038108702 -0.0083925901 0.0611590930 0.0000001503
11 0.0038577023 0.0038108702 1011.0994851280 12 0.0050192930 -0.0103954094 0.0700801576 0.0049718794 -0.0104373302 0.0697347942 0.0000001210
12 0.0050192930 0.0049718794 1315.6400250262 13 0.0065203737 -0.0128276094 0.0797234354 0.0064426309 -0.0128788110 0.0792260506 0.0000002500
13 0.0065203737 0.0064426309 1709.0604544635 14 0.0084891604 -0.0157518540 0.0907801713 0.0084122189 -0.0158696249 0.0903347880 0.0000002122
14 0.0084891604 0.0084122189 2225.1102534099 15 0.0111196966 -0.0193015510 0.1036684460 0.0110498799 -0.0194402905 0.1033051546 0.0000001512
15 0.0111196966 0.0110498799 2914.7351000447 16 0.0147160060 -0.0236663185 0.1189786175 0.0146835803 -0.0236823634 0.1188390759 0.0000000197
16 0.0147160060 0.0146835803 3857.3691802949 17 0.0197747737 -0.0291245830 0.1375737342 0.0197655478 -0.0292367321 0.1375164037 0.0000000159
17 0.0197747737 0.0197655478 5183.1736007286 18 0.0271500789 -0.0361019270 0.1607691815 0.0271313107 -0.0361033967 0.1607104709 0.0000000034
18 0.0271500789 0.0271313107 7116.7036313009 19 0.0384076907 -0.0452824912 0.1906756059 0.0383660899 -0.0453199866 0.1905575732 0.0000000153
19 0.0384076907 0.0383660899 10067.2609008775 20 0.0566645040 -0.0578397484 0.2309092191 0.0566115259 -0.0578936125 0.2307809687 0.0000000193
20 0.0566645040 0.0566115259 14852.7842129677 21 0.0888468789 -0.0759683005 0.2882285486 0.0886372419 -0.0760216071 0.2878505814 0.0000001457
21 0.0888468789 0.0886372419 23287.6245405546 22 0.1529318121 -0.1043020170 0.3768990599 0.1527724945 -0.1044038209 0.3766594440 0.0000000678
22 0.1529318121 0.1527724945 40086.1181144934 23 0.3081301786 -0.1546048166 0.5331299366 0.3078588485 -0.1545762505 0.5328836940 0.0000000615
23 0.3081301786 0.3078588485 80764.5463465134 24 0.8526868705 -0.2680519062 0.8836487119 0.8519422608 -0.2679219947 0.8832667013 0.0000001628
24 0.8526868705 0.8519422608 223503.0357937103 25 6.3381976314 -0.7603234526 2.4000220580 1.5778820743 -0.7601855525 1.0000000000 1.9600617818
25 6.3381976314 1.5778820743 413680.5985570657 26 14.8724267061 1.2097068993 -3.6618350487 2.0000610380 1.0000000000 -1.0000305185 7.1291803405
26 14.8724267061 2.0000610380 524319.9702129969 27 1.2634735730 0.3656628880 -1.0629036764 1.1336883570 0.3655507065 -1.0000305185 0.0039530466
27 1.2634735730 1.1336883570 297206.2585432507 28 0.4465688031 0.2251293519 -0.6291943881 0.4464989466 0.2250434889 -0.6291695914 0.0000000080
28 0.4465688031 0.4464989466 117052.7161946295 29 0.2307183055 0.1673564512 -0.4502334103 0.2306783064 0.1673024689 -0.4502090518 0.0000000035
29 0.2307183055 0.2306783064 60472.6395908562 30 0.1426159998 0.1359126820 -0.3523403790 0.1424785017 0.1356547746 -0.3522446364 0.0000000757
30 0.1426159998 0.1424785017 37377.8377147360 31 0.0978773009 0.1161678769 -0.2904863600 0.0977859892 0.1158787805 -0.2904446547 0.0000000853
31 0.0978773009 0.0977859892 25654.5386164945 32 0.0719315179 0.1026358948 -0.2477849692 0.0719097197 0.1025421918 -0.2477797784 0.0000000088
32 0.0719315179 0.0719097197 18854.8220979974 33 0.0554735044 0.0927962121 -0.2164771753 0.0554638773 0.0926236763 -0.2165288247 0.0000000324
33 0.0554735044 0.0554638773 14540.4920710231 34 0.0443366078 0.0853286641 -0.1924983816 0.0443456016 0.0851466414 -0.1926023133 0.0000000439
34 0.0443366078 0.0443456016 11622.2316868404 35 0.0364231420 0.0794749482 -0.1735133269 0.0364266785 0.0795312357 -0.1734977264 0.0000000034
35 0.0364231420 0.0364266785 9547.1480529715 36 0.0305810977 0.0747684917 -0.1580846936 0.0305924657 0.0746482742 -0.1581774346 0.0000000231
36 0.0305810977 0.0305924657 8015.8560376404 37 0.0261338029 0.0709064940 -0.1452792898 0.0260588422 0.0706503494 -0.1451460311 0.0000000834
37 0.0261338029 0.0260588422 6849.9962585436 38 0.0226618872 0.0676838856 -0.1344647865 0.0180807169 -0.0000305185 -0.1344645528 0.0045852405
38 0.0226618872 0.0180807169 4739.7427968170 39 0.0198937990 0.0649568572 -0.1251974670 0.0198323063 0.0649739067 -0.1249427778 0.0000000652
39 0.0198937990 0.0198323063 5214.1540315304 40 0.0176471662 0.0626215856 -0.1171567463 0.0176593347 0.0626545000 -0.1171910764 0.0000000023
40 0.0176471662 0.0176593347 4625.8082866651 41 0.0157956668 0.0606012485 -0.1101052017 0.0157213912 0.0603656117 -0.1098971526 0.0000000988
41 0.0157956668 0.0157213912 4140.8373089349 42 0.0142494551 0.0588377904 -0.1038632253 0.0142235916 0.0586870937 -0.1038239692 0.0000000243
42 0.0142494551 0.0142235916 3734.1234705836 43 0.0129431455 0.0572865275 -0.0982924169 0.0128883586 0.0571611682 -0.0980864895 0.0000000581
43 0.0129431455 0.0128883586 3392.3516317021 44 0.0118281868 0.0559125126 -0.0932843916 0.0118116840 0.0558488723 -0.0932340464 0.0000000066
44 0.0118281868 0.0118116840 3100.3518366465 45 0.0108678836 0.0546880243 -0.0887530483 0.0108566959 0.0544450209 -0.0888393811 0.0000000665
45 0.0108678836 0.0108566959 2848.5294846499 46 0.0100340598 0.0535907942 -0.0846291121 0.0100038914 0.0534073916 -0.0845667898 0.0000000375
46 0.0100340598 0.0100038914 2629.9451167558 47 0.0093047735 0.0526027322 -0.0808562062 0.0092962778 0.0524002808 -0.0809350871 0.0000000472
47 0.0093047735 0.0092962778 2438.8770180814 48 0.0086627188 0.0517089925 -0.0773879762 0.0086642670 0.0516678365 -0.0774254585 0.0000000031
48 0.0086627188 0.0086642670 2270.6470538002 49 0.0080940885 0.0508972799 -0.0741859512 0.0080709708 0.0507522813 -0.0741294595 0.0000000242
49 0.0080940885 0.0080709708 2121.5301566048 50 0.0075877509 0.0501573257 -0.0712179305 0.0076066549 0.0501113926 -0.0713827937 0.0000000293
50 0.0075877509 0.0076066549 1989.0293937012 51 0.0071346456 0.0494804888 -0.0684567514 0.0071176015 0.0494399854 -0.0683614612 0.0000000107
51 0.0071346456 0.0071176015 1870.0494750751 52 0.0067273326 0.0488594465 -0.0658793373 0.0067337996 0.0488296152 -0.0659504990 0.0000000060
52 0.0067273326 0.0067337996 1763.3309872712 53 0.0063596536 0.0482879533 -0.0634659530 0.0064688790 0.0485549486 -0.0641193884 0.0000004983
53 0.0063596536 0.0064688790 1666.9529698304 54 0.0060264731 0.0477606511 -0.0611996185 0.0060149461 0.0477309488 -0.0611285745 0.0000000059
54 0.0060264731 0.0060149461 1579.5210054955 55 0.0057234787 0.0472729174 -0.0590656415 0.0057973470 0.0477614673 -0.0592974639 0.0000002924
55 0.0057234787 0.0057973470 1500.1149661646 56 0.0054470263 0.0468207443 -0.0570512420 0.0054451393 0.0468153935 -0.0570390942 0.0000000002
56 0.0054470263 0.0054451393 1427.6450553245 57 0.0051940180 0.0464006403 -0.0551452495 0.0051930447 0.0463881344 -0.0551469466 0.0000000002
57 0.0051940180 0.0051930447 1361.2287540514 58 0.0049618055 0.0460095500 -0.0533378549 0.0049661318 0.0458693197 -0.0534989471 0.0000000456
58 0.0049618055 0.0049661318 1300.6938408062 59 0.0047481132 0.0456447888 -0.0516204077 0.0047440155 0.0454420606 -0.0517593921 0.0000000604
59 0.0047481132 0.0047440155 1244.5676805712 60 0.0045509765 0.0453039886 -0.0499852487 0.0045650528 0.0453199866 -0.0501113926 0.0000000162
60 0.0045509765 0.0045650528 1192.8633770779 61 0.0043686908 0.0449850531 -0.0484255700 0.0043928147 0.0450148015 -0.0486465041 0.0000000497
61 0.0043686908 0.0043928147 1144.9939530377 62 0.0041997717 0.0446861199 -0.0469352995 0.0041973666 0.0444959868 -0.0470900601 0.0000000601
62 0.0041997717 0.0041973666 1100.8257848600 63 0.0040429203 0.0444055295 -0.0455090022 0.0040510357 0.0442518387 -0.0457472457 0.0000000804
63 0.0040429203 0.0040510357 1059.6914179307 64 0.0038969967 0.0441417983 -0.0441417983 0.0038921796 0.0440992462 -0.0441297647 0.0000000020
64 0.0038969967 0.0038921796 1021.4435806405 65 0.0037609961 0.0438935964 -0.0428292930 0.0037354741 0.0437330241 -0.0426953948 0.0000000437
65 0.0037609961 0.0037354741 985.7162531136 66 0.0036340303 0.0436597283 -0.0415675169 0.0036272572 0.0436414686 -0.0415051729 0.0000000042
66 0.0036340303 0.0036272572 952.5461130389 67 0.0035153114 0.0434391167 -0.0403528749 0.0035040962 0.0434583575 -0.0401928770 0.0000000260
67 0.0035153114 0.0035040962 921.3851277561 68 0.0034041382 0.0432307883 -0.0391821026 0.0033905536 0.0431531724 -0.0390942106 0.0000000137
68 0.0034041382 0.0033905536 892.2063779589 69 0.0032998853 0.0430338617 -0.0380522281 0.0032967572 0.0429395428 -0.0381176183 0.0000000132
69 0.0032998853 0.0032967572 864.8345238907 70 0.0032019929 0.0428475371 -0.0369605397 0.0032086133 0.0428479873 -0.0370494705 0.0000000079
70 0.0032019929 0.0032086133 839.0876591045 71 0.0031099589 0.0426710873 -0.0359045573 0.0030985699 0.0424207282 -0.0360423597 0.0000000817
71 0.0031099589 0.0030985699 815.1254153457 72 0.0030233317 0.0425038494 -0.0348820077 0.0030167799 0.0424512467 -0.0348521378 0.0000000037
72 0.0030233317 0.0030167799 792.3803406131 73 0.0029417040 0.0423452184 -0.0338908029 0.0029305341 0.0422986541 -0.0337839900 0.0000000136
73 0.0029417040 0.0029305341 770.9738247521 74 0.0028647082 0.0421946410 -0.0329290211 0.0028615375 0.0420850246 -0.0330210273 0.0000000205
74 0.0028647082 0.0028615375 750.6548337103 75 0.0027920109 0.0420516102 -0.0319948901 0.0027857801 0.0419629505 -0.0320139164 0.0000000082
75 0.0027920109 0.0027857801 731.5019781069 76 0.0027233101 0.0419156609 -0.0310867728 0.0027006464 0.0417493210 -0.0309457686 0.0000000476
76 0.0027233101 0.0027006464 713.1942087668 77 0.0026583308 0.0417863653 -0.0302031536 0.0026965269 0.0421460616 -0.0303353984 0.0000001469
77 0.0026583308 0.0026965269 699.4540127578 78 0.0025968229 0.0416633300 -0.0293426276 0.0026023980 0.0417188025 -0.0293588061 0.0000000033
78 0.0025968229 0.0026023980 681.1480726925 79 0.0025385578 0.0415461922 -0.0285038897 0.0025438962 0.0415051729 -0.0286568804 0.0000000251
79 0.0025385578 0.0025438962 665.6540534714 80 0.0024833269 0.0414346172 -0.0276857261 0.0024871975 0.0414441359 -0.0277413251 0.0000000032
80 0.0024833269 0.0024871975 651.0776398500 81 0.0024309391 0.0413282953 -0.0268870054 0.0024253726 0.0412610248 -0.0268868068 0.0000000045
81 0.0024309391 0.0024253726 637.3078456723 82 0.0023812189 0.0412269403 -0.0261066721 0.0023789759 0.0411694693 -0.0261543626 0.0000000056
82 0.0023812189 0.0023789759 624.2735510172 83 0.0023340056 0.0411302870 -0.0253437395 0.0023249708 0.0410473952 -0.0252998444 0.0000000088
83 0.0023340056 0.0023249708 611.8273244591 84 0.0022891512 0.0410380893 -0.0245972841 0.0022834387 0.0409863582 -0.0245674001 0.0000000036
84 0.0022891512 0.0022834387 600.0812361201 85 0.0022465192 0.0409501187 -0.0238664403 0.0022301042 0.0408032472 -0.0237739189 0.0000000301
85 0.0022465192 0.0022301042 588.9045434112 86 0.0022059841 0.0408661631 -0.0231503955 0.0022003802 0.0407727287 -0.0231940672 0.0000000106
86 0.0022059841 0.0022003802 578.2372272589 87 0.0021674299 0.0407860250 -0.0224483857 0.0021694295 0.0408032472 -0.0224616230 0.0000000005
87 0.0021674299 0.0021694295 568.1195784002 88 0.0021307493 0.0407095206 -0.0217596921 0.0021208273 0.0406201361 -0.0216986602 0.0000000117
88 0.0021307493 0.0021208273 558.4757332058 89 0.0020958431 0.0406364786 -0.0210836369 0.0020871859 0.0405590991 -0.0210272530 0.0000000092
89 0.0020958431 0.0020871859 549.1977447366 90 0.0020626196 0.0405667392 -0.0204195806 0.0016376230 0.0404675436 -0.0000305185 0.0004157237
90 0.0020626196 0.0016376230 431.5214709794 91 0.0020309935 0.0405001535 -0.0197669186 0.0020239741 0.0404980621 -0.0195928831 0.0000000303
91 0.0020309935 0.0020239741 532.4083348971 92 0.0020008858 0.0404365823 -0.0191250791 0.0019843309 0.0402844325 -0.0190130314 0.0000000357
92 0.0020008858 0.0019843309 524.5033965950 93 0.0019722232 0.0403758955 -0.0184935201 0.0019570154 0.0402844325 -0.0182805872 0.0000000537
93 0.0019722232 0.0019570154 516.9744069267 94 0.0019449375 0.0403179716 -0.0178717277 0.0019214320 0.0401013215 -0.0177007355 0.0000000762
94 0.0019449375 0.0019214320 509.8371568658 95 0.0019189652 0.0402626969 -0.0172592134 0.0019110462 0.0402233955 -0.0171208838 0.0000000207
95 0.0019189652 0.0019110462 503.0307354520 96 0.0018942474 0.0402099650 -0.0166555129 0.0018872076 0.0401318400 -0.0166325877 0.0000000066
96 0.0018942474 0.0018872076 496.5338123221 97 0.0018707291 0.0401596765 -0.0160601839 0.0018716861 0.0401623585 -0.0160832545 0.0000000005
97 0.0018707291 0.0018716861 490.3587690219 98 0.0018483592 0.0401117380 -0.0154728048 0.0018503678 0.0401013215 -0.0155644398 0.0000000085
98 0.0018483592 0.0018503678 484.5386986505 99 0.0018270900 0.0400660623 -0.0148929730 0.0018317402 0.0401013215 -0.0149540696 0.0000000050
99 0.0018270900 0.0018317402 478.9448465440 100 0.0018068770 0.0400225677 -0.0143203037 0.0018025191 0.0399487289 -0.0143742180 0.0000000084
100 0.0018068770 0.0018025191 473.6262684711 101 0.0017876789 0.0399811777 -0.0137544288 0.0017919088 0.0400097659 -0.0138248848 0.0000000058
101 0.0017876789 0.0017919088 468.5800438553 102 0.0017694569 0.0399418205 -0.0131949952 0.0017697075 0.0398876919 -0.0133671072 0.0000000326
102 0.0017694569 0.0017697075 463.7497314221 103 0.0017521751 0.0399044290 -0.0126416643 0.0017706640 0.0400402844 -0.0129398480 0.0000001074
103 0.0017521751 0.0017706640 459.3237442361 104 0.0017357999 0.0398689405 -0.0120941109 0.0017331779 0.0398571734 -0.0120242927 0.0000000050
104 0.0017357999 0.0017331779 454.9866680692 105 0.0017203000 0.0398352961 -0.0115520218 0.0016903661 0.0393993957 -0.0117496261 0.0000002291
105 0.0017203000 0.0016903661 450.9087948174 106 0.0017056462 0.0398034409 -0.0110150956 0.0016797614 0.0395519883 -0.0107425153 0.0000001375
106 0.0017056462 0.0016797614 447.1587956032 107 0.0016918114 0.0397733235 -0.0104830414 0.0016454606 0.0392468032 -0.0102542192 0.0000003296
107 0.0016918114 0.0016454606 443.4516035494 108 0.0016787703 0.0397448960 -0.0099555782 0.0016760452 0.0397045808 -0.0099795526 0.0000000022
108 0.0016787703 0.0016760452 440.0490716341 109 0.0016664994 0.0397181137 -0.0094324343 0.0016497282 0.0395214698 -0.0093691824 0.0000000427
109 0.0016664994 0.0016497282 436.8468158702 110 0.0016549768 0.0396929348 -0.0089133466 0.0016445646 0.0395825068 -0.0088198492 0.0000000209
110 0.0016549768 0.0016445646 433.8111757379 111 0.0016441824 0.0396693207 -0.0083980596 0.0016188157 0.0393688772 -0.0083010346 0.0000000997
111 0.0016441824 0.0016188157 430.9803504211 112 0.0016340974 0.0396472354 -0.0078863255 0.0016297361 0.0395825068 -0.0079348125 0.0000000065
112 0.0016340974 0.0016297361 428.3479617179 113 0.0016247045 0.0396266455 -0.0073779028 0.0016061536 0.0394299142 -0.0071718497 0.0000000812
113 0.0016247045 0.0016061536 425.8680339964 114 0.0016159877 0.0396075204 -0.0068725567 0.0016082631 0.0395214698 -0.0068056276 0.0000000119
114 0.0016159877 0.0016082631 423.6076719293 115 0.0016079324 0.0395898316 -0.0063700578 0.0015979164 0.0394909513 -0.0061952574 0.0000000403
115 0.0016079324 0.0015979164 421.4737805884 116 0.0016005251 0.0395735531 -0.0058701821 0.0015870053 0.0393993957 -0.0058900723 0.0000000307
116 0.0016005251 0.0015870053 419.5378562411 117 0.0015937537 0.0395586613 -0.0053727102 0.0015805108 0.0393993957 -0.0053102206 0.0000000293
117 0.0015937537 0.0015805108 417.7525695410 118 0.0015876070 0.0395451344 -0.0048774271 0.0015773842 0.0394299142 -0.0047608875 0.0000000269
118 0.0015876070 0.0015773842 416.1718449573 119 0.0015820749 0.0395329531 -0.0043841219 0.0015647333 0.0393383587 -0.0041505173 0.0000000924
119 0.0015820749 0.0015647333 414.6573212003 120 0.0015771486 0.0395220998 -0.0038925871 0.0015726248 0.0394604328 -0.0039368877 0.0000000058
120 0.0015771486 0.0015726248 413.3921073487 121 0.0015728201 0.0395125591 -0.0034026182 0.0015835033 0.0396435438 -0.0034485916 0.0000000193
121 0.0015728201 0.0015835033 412.2196165459 122 0.0015690826 0.0395043176 -0.0029140135 0.0015598566 0.0393993957 -0.0027466659 0.0000000390
122 0.0015690826 0.0015598566 411.3171108410 123 0.0015659300 0.0394973634 -0.0024265739 0.0015623648 0.0394604328 -0.0022888882 0.0000000203
123 0.0015659300 0.0015623648 410.4628934886 124 0.0015633573 0.0394916869 -0.0019401022 0.0015585331 0.0394299142 -0.0019531846 0.0000000040
124 0.0015633573 0.0015585331 409.8014488285 125 0.0015613606 0.0394872800 -0.0014544026 0.0015517116 0.0393688772 -0.0013428144 0.0000000265
125 0.0015613606 0.0015517116 409.2676555373 126 0.0015599366 0.0394841367 -0.0009692812 0.0015580208 0.0394604328 -0.0009460738 0.0000000011
126 0.0015599366 0.0015580208 408.8743826213 127 0.0015590830 0.0394822524 -0.0004845445 0.0015500426 0.0393688772 -0.0003662221 0.0000000269
127 0.0015590830 0.0015500426 408.6819170885 128 0.0015587987 0.0394816246 0.0000000000 0.0014951331 0.0386669515 0.0000000000 0.0000006637
128 0.0015587987 0.0014951331 410.6340398433 129 0.0015590830 0.0394822524 0.0004845445 0.0015549873 0.0394299142 0.0005188147 0.0000000039
129 0.0015590830 0.0015549873 408.6734621165 130 0.0015599366 0.0394841367 0.0009692812 0.0015582024 0.0394604328 0.0010376293 0.0000000052
130 0.0015599366 0.0015582024 408.9192681250 131 0.0015613606 0.0394872800 0.0014544026 0.0015517116 0.0393688772 0.0013428144 0.0000000265
131 0.0015613606 0.0015517116 409.2698566476 132 0.0015633573 0.0394916869 0.0019401022 0.0015608224 0.0394604328 0.0019226661 0.0000000013
132 0.0015633573 0.0015608224 409.8029862081 133 0.0015659300 0.0394973634 0.0024265739 0.0015644986 0.0394909513 0.0022278512 0.0000000395
133 0.0015659300 0.0015644986 410.4534750036 134 0.0015690826 0.0395043176 0.0029140135 0.0015653554 0.0394604328 0.0028687399 0.0000000040
134 0.0015690826 0.0015653554 411.2992801259 135 0.0015728201 0.0395125591 0.0034026182 0.0015694432 0.0394604328 0.0035096286 0.0000000142
135 0.0015728201 0.0015694432 412.2715152528 136 0.0015771486 0.0395220998 0.0038925871 0.0015747950 0.0394909513 0.0039063692 0.0000000012
136 0.0015771486 0.0015747950 413.4110820110 137 0.0015820749 0.0395329531 0.0043841219 0.0015852916 0.0395825068 0.0043031098 0.0000000090
137 0.0015820749 0.0015852916 414.7122215502 138 0.0015876070 0.0395451344 0.0048774271 0.0015921316 0.0395825068 0.0050355541 0.0000000264
138 0.0015876070 0.0015921316 416.1533740502 139 0.0015937537 0.0395586613 0.0053727102 0.0015880587 0.0394909513 0.0053407392 0.0000000056
139 0.0015937537 0.0015880587 417.7292816280 140 0.0016005251 0.0395735531 0.0058701821 0.0015866468 0.0393993957 0.0058595538 0.0000000304
140 0.0016005251 0.0015866468 419.5529272762 141 0.0016079324 0.0395898316 0.0063700578 0.0015929960 0.0393993957 0.0063783685 0.0000000363
141 0.0016079324 0.0015929960 421.4854696600 142 0.0016159877 0.0396075204 0.0068725567 0.0016099396 0.0395214698 0.0069277017 0.0000000104
142 0.0016159877 0.0016099396 423.5965774261 143 0.0016247045 0.0396266455 0.0073779028 0.0016017826 0.0393688772 0.0072023682 0.0000000973
143 0.0016247045 0.0016017826 425.8878808760 144 0.0016340974 0.0396472354 0.0078863255 0.0016244244 0.0395214698 0.0079042940 0.0000000161
144 0.0016340974 0.0016244244 428.3365712158 145 0.0016441824 0.0396693207 0.0083980596 0.0016296253 0.0394604328 0.0085146641 0.0000000572
145 0.0016441824 0.0016296253 430.9784407924 146 0.0016549768 0.0396929348 0.0089133466 0.0016529014 0.0396740623 0.0088808863 0.0000000014
146 0.0016549768 0.0016529014 433.7839531632 147 0.0016664994 0.0397181137 0.0094324343 0.0016484643 0.0394909513 0.0094302194 0.0000000516
147 0.0016664994 0.0016484643 436.8412775901 148 0.0016787703 0.0397448960 0.0099555782 0.0016663617 0.0396130253 0.0098574786 0.0000000270
148 0.0016787703 0.0016663617 440.0487505606 149 0.0016918114 0.0397733235 0.0104830414 0.0016787676 0.0396130253 0.0104678488 0.0000000259
149 0.0016918114 0.0016787676 443.4552360204 150 0.0017056462 0.0398034409 0.0110150956 0.0016975815 0.0397350993 0.0108951079 0.0000000191
150 0.0017056462 0.0016975815 447.1470155834 151 0.0017203000 0.0398352961 0.0115520218 0.0017182237 0.0397961364 0.0115970336 0.0000000036
151 0.0017203000 0.0017182237 450.8375088844 152 0.0017357999 0.0398689405 0.0120941109 0.0017227287 0.0397350993 0.0119937742 0.0000000280
152 0.0017357999 0.0017227287 454.9616664069 153 0.0017521751 0.0399044290 0.0126416643 0.0017295986 0.0396130253 0.0126651814 0.0000000855
153 0.0017521751 0.0017295986 459.1347541847 154 0.0017694569 0.0399418205 0.0131949952 0.0017705523 0.0399792474 0.0131229591 0.0000000066
154 0.0017694569 0.0017705523 464.0465516781 155 0.0017876789 0.0399811777 0.0137544288 0.0017625517 0.0397045808 0.0136417737 0.0000000892
155 0.0017876789 0.0017625517 468.6531412346 156 0.0018068770 0.0400225677 0.0143203037 0.0017976461 0.0398876919 0.0143742180 0.0000000211
156 0.0018068770 0.0017976461 473.6744496553 157 0.0018270900 0.0400660623 0.0148929730 0.0018278452 0.0401318400 0.0147404401 0.0000000276
157 0.0018270900 0.0018278452 478.9560161676 158 0.0018483592 0.0401117380 0.0154728048 0.0018347662 0.0399182104 0.0155339213 0.0000000412
158 0.0018483592 0.0018347662 484.5628210851 159 0.0018707291 0.0401596765 0.0160601839 0.0018746395 0.0401623585 0.0161748100 0.0000000131
159 0.0018707291 0.0018746395 490.4062051239 160 0.0018942474 0.0402099650 0.0166555129 0.0018931265 0.0401928770 0.0166631062 0.0000000003
160 0.0018942474 0.0018931265 496.5350688954 161 0.0019189652 0.0402626969 0.0172592134 0.0019141896 0.0402233955 0.0172124393 0.0000000037
161 0.0019189652 0.0019141896 503.0120347279 162 0.0019449375 0.0403179716 0.0178717277 0.0019423964 0.0402539140 0.0179448836 0.0000000095
162 0.0019449375 0.0019423964 509.8057238815 163 0.0019722232 0.0403758955 0.0184935201 0.0019794504 0.0404370251 0.0185552538 0.0000000075
163 0.0019722232 0.0019794504 516.9667880456 164 0.0020008858 0.0404365823 0.0191250791 0.0020050783 0.0404980621 0.0191045869 0.0000000042
164 0.0020008858 0.0020050783 524.4848698386 165 0.0020309935 0.0405001535 0.0197669186 0.0020250992 0.0404675436 0.0196844386 0.0000000079
165 0.0020309935 0.0020250992 532.3571089070 166 0.0020626196 0.0405667392 0.0204195806 0.0016351539 0.0404370251 -0.0000305185 0.0004182234
166 0.0020626196 0.0016351539 431.3706007621 167 0.0020958431 0.0406364786 0.0210836369 0.0020875016 0.0404675436 0.0212103641 0.0000000446
167 0.0020958431 0.0020875016 549.4022149995 168 0.0021307493 0.0407095206 0.0217596921 0.0021309263 0.0407116916 0.0217596973 0.0000000000
168 0.0021307493 0.0021309263 558.5831024205 169 0.0021674299 0.0407860250 0.0224483857 0.0021721752 0.0408032472 0.0225226600 0.0000000058
169 0.0021674299 0.0021721752 568.1829083226 170 0.0022059841 0.0408661631 0.0231503955 0.0021968232 0.0407116916 0.0232245857 0.0000000294
170 0.0022059841 0.0021968232 578.2724149150 171 0.0022465192 0.0409501187 0.0238664403 0.0022501428 0.0408337657 0.0241401410 0.0000000885
171 0.0022465192 0.0022501428 588.8853390382 172 0.0022891512 0.0410380893 0.0245972841 0.0022929528 0.0410473952 0.0246589557 0.0000000039
172 0.0022891512 0.0022929528 600.1102074789 173 0.0023340056 0.0411302870 0.0253437395 0.0023208271 0.0408642842 0.0255134739 0.0000000996
173 0.0023340056 0.0023208271 611.8935658846 174 0.0023812189 0.0412269403 0.0261066721 0.0023655296 0.0409863582 0.0261848811 0.0000000640
174 0.0023812189 0.0023655296 624.2218468177 175 0.0024309391 0.0413282953 0.0268870054 0.0024286585 0.0412610248 0.0269478439 0.0000000082
175 0.0024309391 0.0024286585 637.2936856809 176 0.0024833269 0.0414346172 0.0276857261 0.0024804497 0.0413830988 0.0277108066 0.0000000033
176 0.0024833269 0.0024804497 651.0892886869 177 0.0025385578 0.0415461922 0.0285038897 0.0025386572 0.0415051729 0.0285653249 0.0000000055
177 0.0025385578 0.0025386572 665.5959064446 178 0.0025968229 0.0416633300 0.0293426276 0.0026095808 0.0417188025 0.0294808802 0.0000000222
178 0.0025968229 0.0026095808 681.1355813605 179 0.0026583308 0.0417863653 0.0302031536 0.0026866887 0.0419629505 0.0304269539 0.0000000813
179 0.0026583308 0.0026866887 699.4716682665 180 0.0027233101 0.0419156609 0.0310867728 0.0027069770 0.0417798395 0.0310068056 0.0000000248
180 0.0027233101 0.0027069770 713.1451021175 181 0.0027920109 0.0420516102 0.0319948901 0.0027776901 0.0417493210 0.0321665090 0.0000001208
181 0.0027920109 0.0027776901 731.5451035075 182 0.0028647082 0.0421946410 0.0329290211 0.0028340991 0.0419019135 0.0328379162 0.0000000940
182 0.0028647082 0.0028340991 750.5787710853 183 0.0029417040 0.0423452184 0.0338908029 0.0029305555 0.0421765801 0.0339365825 0.0000000305
183 0.0029417040 0.0029305555 770.9145405594 184 0.0030233317 0.0425038494 0.0348820077 0.0030116014 0.0423902097 0.0348521378 0.0000000138
184 0.0030233317 0.0030116014 792.3143291963 185 0.0031099589 0.0426710873 0.0359045573 0.0030926537 0.0426343577 0.0357066561 0.0000000405
185 0.0031099589 0.0030926537 814.9901463876 186 0.0032019929 0.0428475371 0.0369605397 0.0031988673 0.0427869503 0.0369884335 0.0000000044
186 0.0032019929 0.0031988673 839.2078875135 187 0.0032998853 0.0430338617 0.0380522281 0.0032907023 0.0430310984 0.0379345073 0.0000000139
187 0.0032998853 0.0032907023 864.8545942827 188 0.0034041382 0.0432307883 0.0391821026 0.0033953297 0.0431531724 0.0391552477 0.0000000067
188 0.0034041382 0.0033953297 892.2509166084 189 0.0035153114 0.0434391167 0.0403528749 0.0035188492 0.0434583575 0.0403759880 0.0000000009
189 0.0035153114 0.0035188492 921.3944294201 190 0.0036340303 0.0436597283 0.0415675169 0.0036243447 0.0435499130 0.0415662099 0.0000000121
190 0.0036340303 0.0036243447 952.6082118146 191 0.0037609961 0.0438935964 0.0428292930 0.0037435613 0.0438550981 0.0426648762 0.0000000285
191 0.0037609961 0.0037435613 985.7258541741 192 0.0038969967 0.0441417983 0.0441417983 0.0038894870 0.0440992462 0.0440992462 0.0000000036
192 0.0038969967 0.0038894870 1021.4422012555 193 0.0040429203 0.0444055295 0.0455090022 0.0040342374 0.0442823572 0.0455336161 0.0000000158
193 0.0040429203 0.0040342374 1059.7120521724 194 0.0041997717 0.0446861199 0.0469352995 0.0041798678 0.0445570238 0.0468459120 0.0000000247
194 0.0041997717 0.0041798678 1100.7750134352 195 0.0043686908 0.0449850531 0.0484255700 0.0043608861 0.0449232459 0.0484023560 0.0000000044
195 0.0043686908 0.0043608861 1145.0957765437 196 0.0045509765 0.0453039886 0.0499852487 0.0045617064 0.0453505051 0.0500503555 0.0000000064
196 0.0045509765 0.0045617064 1192.8465348656 197 0.0047481132 0.0456447888 0.0516204077 0.0047480689 0.0456251717 0.0516373180 0.0000000007
197 0.0047481132 0.0047480689 1244.5144325889 198 0.0049618055 0.0460095500 0.0533378549 0.0049605948 0.0460219123 0.0533158361 0.0000000006
198 0.0049618055 0.0049605948 1300.5071085984 199 0.0051940180 0.0464006403 0.0551452495 0.0051907526 0.0463270974 0.0551774651 0.0000000064
199 0.0051940180 0.0051907526 1361.5025707343 200 0.0054470263 0.0468207443 0.0570512420 0.0054422828 0.0467848750 0.0570390942 0.0000000014
200 0.0054470263 0.0054422828 1427.7145460423 201 0.0057234787 0.0472729174 0.0590656415 0.0056954001 0.0471816156 0.0589007233 0.0000000355
201 0.0057234787 0.0056954001 1500.0548494454 202 0.0060264731 0.0477606511 0.0611996185 0.0060311605 0.0478225043 0.0611896115 0.0000000039
202 0.0060264731 0.0060311605 1579.6749417990 203 0.0063596536 0.0482879533 0.0634659530 0.0063516733 0.0481887265 0.0634784997 0.0000000100
203 0.0063596536 0.0063516733 1666.9914704394 204 0.0067273326 0.0488594465 0.0658793373 0.0067257525 0.0488296152 0.0658894620 0.0000000010
204 0.0067273326 0.0067257525 1763.3324453624 205 0.0071346456 0.0494804888 0.0684567514 0.0070937452 0.0494094668 0.0682088687 0.0000000665
205 0.0071346456 0.0070937452 1870.0001693238 206 0.0075877509 0.0501573257 0.0712179305 0.0075958630 0.0502639851 0.0711996826 0.0000000117
206 0.0075877509 0.0075958630 1988.8103803492 207 0.0080940885 0.0508972799 0.0741859512 0.0080876518 0.0507827998 0.0742210150 0.0000000143
207 0.0080940885 0.0080876518 2121.6311382816 208 0.0086627188 0.0517089925 0.0773879762 0.0086469452 0.0516373180 0.0773339030 0.0000000081
208 0.0086627188 0.0086469452 2270.6325658021 209 0.0093047735 0.0526027322 0.0808562062 0.0092896007 0.0524307993 0.0808740501 0.0000000299
209 0.0093047735 0.0092896007 2438.8754027602 210 0.0100340598 0.0535907942 0.0846291121 0.0100226457 0.0534379101 0.0846583453 0.0000000242
210 0.0100340598 0.0100226457 2629.9012150952 211 0.0108678836 0.0546880243 0.0887530483 0.0108395846 0.0545365764 0.0886867885 0.0000000273
211 0.0108678836 0.0108395846 2848.5903329621 212 0.0118281868 0.0559125126 0.0932843916 0.0117662326 0.0556962798 0.0930814539 0.0000000879
212 0.0118281868 0.0117662326 3100.2375072670 213 0.0129431455 0.0572865275 0.0982924169 0.0129262918 0.0572832423 0.0982085635 0.0000000070
213 0.0129431455 0.0129262918 3392.4119346227 214 0.0142494551 0.0588377904 0.1038632253 0.0142191917 0.0585955382 0.1038544877 0.0000000588
214 0.0142494551 0.0142191917 3734.5123267643 215 0.0157956668 0.0606012485 0.1101052017 0.0158278563 0.0605792413 0.1102633747 0.0000000255
215 0.0157956668 0.0158278563 4140.4962625360 216 0.0176471662 0.0626215856 0.1171567463 0.0176373877 0.0625934629 0.1171300394 0.0000000015
216 0.0176471662 0.0176373877 4625.6176565235 217 0.0198937990 0.0649568572 0.1251974670 0.0198548978 0.0649128697 0.1250648518 0.0000000195
217 0.0198937990 0.0198548978 5214.4077711099 218 0.0226618872 0.0676838856 0.1344647865 0.0180643060 -0.0000305185 0.1344035157 0.0045852443
218 0.0226618872 0.0180643060 4739.0242578059 219 0.0261338029 0.0709064940 0.1452792898 0.0261031619 0.0706503494 0.1452986236 0.0000000660
219 0.0261338029 0.0261031619 6850.0239780745 220 0.0305810977 0.0747684917 0.1580846936 0.0305351067 0.0745872372 0.1580248421 0.0000000364
220 0.0305810977 0.0305351067 8015.5785945879 221 0.0364231420 0.0794749482 0.1735133269 0.0364081767 0.0793481246 0.1735282449 0.0000000163
221 0.0364231420 0.0364081767 9546.7066252452 222 0.0443366078 0.0853286641 0.1924983816 0.0442985931 0.0851466414 0.1924802393 0.0000000335
222 0.0443366078 0.0442985931 11620.3239410161 223 0.0554735044 0.0927962121 0.2164771753 0.0554450095 0.0925931578 0.2164983062 0.0000000417
223 0.0554735044 0.0554450095 14539.7392522366 224 0.0719315179 0.1026358948 0.2477849692 0.0718706167 0.1025727103 0.2476882229 0.0000000134
224 0.0719315179 0.0718706167 18854.5248785698 225 0.0978773009 0.1161678769 0.2904863600 0.0977894893 0.1159703360 0.2904141362 0.0000000442
225 0.0978773009 0.0977894893 25654.8979670697 226 0.1426159998 0.1359126820 0.3523403790 0.1425745977 0.1359294412 0.3522751549 0.0000000045
226 0.1426159998 0.1425745977 37381.7898907526 227 0.2307183055 0.1673564512 0.4502334103 0.2305754570 0.1672414319 0.4501174963 0.0000000267
227 0.2307183055 0.2305754570 60474.4030350325 228 0.4465688031 0.2251293519 0.6291943881 0.4462273647 0.2249519333 0.6289864803 0.0000000747
228 0.4465688031 0.4462273647 117051.5974598541 229 1.2634735730 0.3656628880 1.0629036764 1.1334547456 0.3653981140 0.9999694815 0.0039607830
229 1.2634735730 1.1334547456 297203.0040706366 230 14.8724267061 1.2097068993 3.6618350487 1.9998779278 0.9999694815 0.9999694815 7.1295180823
230 14.8724267061 1.9998779278 524311.9385037831 231 6.3381976314 -0.7603234526 -2.4000220580 1.5778820743 -0.7601855525 -1.0000000000 1.9600617818
231 6.3381976314 1.5778820743 413682.6882001424 232 0.8526868705 -0.2680519062 -0.8836487119 0.8522657661 -0.2679219947 -0.8834498123 0.0000000564
232 0.8526868705 0.8522657661 223500.1441350755 233 0.3081301786 -0.1546048166 -0.5331299366 0.3079795320 -0.1545457320 -0.5330057680 0.0000000189
233 0.3081301786 0.3079795320 80761.7285242526 234 0.1529318121 -0.1043020170 -0.3768990599 0.1528977278 -0.1043427839 -0.3768425550 0.0000000049
234 0.1529318121 0.1528977278 40088.2086020780 235 0.0888468789 -0.0759683005 -0.2882285486 0.0887612682 -0.0761436811 -0.2880336924 0.0000000687
235 0.0888468789 0.0887612682 23287.7238459347 236 0.0566645040 -0.0578397484 -0.2309092191 0.0566291476 -0.0579241310 -0.2308114872 0.0000000167
236 0.0566645040 0.0566291476 14852.3386600344 237 0.0384076907 -0.0452824912 -0.1906756059 0.0383627667 -0.0454115421 -0.1905270547 0.0000000387
237 0.0384076907 0.0383627667 10066.8998162676 238 0.0271500789 -0.0361019270 -0.1607691815 0.0271129327 -0.0362559893 -0.1606189154 0.0000000463
238 0.0271500789 0.0271129327 7115.4009061105 239 0.0197747737 -0.0291245830 -0.1375737342 0.0197805551 -0.0292062136 -0.1375774407 0.0000000067
239 0.0197747737 0.0197805551 5183.0692300973 240 0.0147160060 -0.0236663185 -0.1189786175 0.0146980912 -0.0236823634 -0.1189001129 0.0000000064
240 0.0147160060 0.0146980912 3857.3044747056 241 0.0111196966 -0.0193015510 -0.1036684460 0.0111003830 -0.0194402905 -0.1035493027 0.0000000334
241 0.0111196966 0.0111003830 2914.6191465312 242 0.0084891604 -0.0157518540 -0.0907801713 0.0084821217 -0.0158085879 -0.0907315287 0.0000000056
242 0.0084891604 0.0084821217 2225.2456970576 243 0.0065203737 -0.0128276094 -0.0797234354 0.0064935866 -0.0127872555 -0.0795617542 0.0000000278
243 0.0065203737 0.0064935866 1709.3165787011 244 0.0050192930 -0.0103954094 -0.0700801576 0.0050170997 -0.0105594043 -0.0700399792 0.0000000285
244 0.0050192930 0.0050170997 1315.5768538063 245 0.0038577023 -0.0083588622 -0.0615453634 0.0038563132 -0.0084231086 -0.0615253151 0.0000000045
245 0.0038577023 0.0038563132 1011.0450477136 246 0.0029483921 -0.0066467893 -0.0538907439 0.0029362714 -0.0066835536 -0.0537736137 0.0000000151
246 0.0029483921 0.0029362714 772.5427206300 247 0.0022305902 -0.0052056983 -0.0469413558 0.0022198795 -0.0053102206 -0.0468153935 0.0000000268
247 0.0022305902 0.0022198795 584.7436051268 248 0.0016610910 -0.0039948340 -0.0405602301 0.0016508933 -0.0039674062 -0.0404370251 0.0000000159
248 0.0016610910 0.0016508933 435.3277267586 249 0.0012086818 -0.0029828380 -0.0346379045 0.0012179882 -0.0031128880 -0.0347605823 0.0000000320
249 0.0012086818 0.0012179882 316.7819690745 250 0.0008505468 -0.0021454470 -0.0290851148 0.0008451337 -0.0021362957 -0.0289925840 0.0000000086
250 0.0008505468 0.0008451337 222.9001583968 251 0.0005698955 -0.0014638783 -0.0238275592 0.0005708210 -0.0016479995 -0.0238349559 0.0000000340
251 0.0005698955 0.0005708210 149.3547448862 252 0.0003543704 -0.0009236857 -0.0188020536 0.0003521406 -0.0010071108 -0.0187383648 0.0000000110
252 0.0003543704 0.0003521406 92.8882760538 253 0.0001949679 -0.0005139426 -0.0139536306 0.0001955794 -0.0004577776 -0.0139774773 0.0000000037
253 0.0001949679 0.0001955794 51.1031442774 254 0.0000853049 -0.0002266644 -0.0092332845 0.0000844435 -0.0002441481 -0.0091860714 0.0000000025
254 0.0000853049 0.0000844435 22.3417048497 255 0.0000211278 -0.0000564061 -0.0045961550 0.0000204466 -0.0002136296 -0.0045167394 0.0000000310
255 0.0000211278 0.0000204466 5.5406489777 