#int double real img int16 real16 img16 error
0 0.0000000000 -0.0000000000 0.0000000000 0.0000031332 -0.0017700735 0.0000000000 0.0000031332
0 0.0000000000 0.0000031332 0.0000000000 1 0.0008411138 -0.0003558987 0.0289997776 0.0000359084 -0.0007019257 -0.0059511093 0.0012216842
1 0.0008411138 0.0000359084 204.5540330508 2 0.0033960500 -0.0014301558 0.0582580868 0.0001099121 -0.0005798517 -0.0104678488 0.0047239772
2 0.0033960500 0.0001099121 159.8173091815 3 0.0077618136 -0.0032427589 0.0880414568 0.0002528481 -0.0001831111 -0.0159001434 0.0108132177
3 0.0077618136 0.0002528481 762.2905480667 4 0.0141077402 -0.0058280625 0.1186329378 0.0004015894 0.0008850368 -0.0200201422 0.0192697423
4 0.0141077402 0.0004015894 3698.1865478041 5 0.0226879492 -0.0092364478 0.1503417348 0.0006519973 0.0016174810 -0.0254829554 0.0310321295
5 0.0226879492 0.0006519973 6025.0096549427 6 0.0338608799 -0.0135368552 0.1835146681 0.0009623357 0.0021668142 -0.0309457686 0.0462398842
6 0.0338608799 0.0009623357 1586.2818244820 7 0.0481184873 -0.0188204354 0.2185504027 0.0013632154 0.0029297769 -0.0368053224 0.0656796181
7 0.0481184873 0.0013632154 13150.2264958913 8 0.0661292223 -0.0252056984 0.2559177505 0.0018414871 0.0039979247 -0.0427259133 0.0900408895
8 0.0661292223 0.0018414871 17333.2664273645 9 0.0888013945 -0.0328457359 0.2961799321 0.0025064696 0.0053712577 -0.0497756890 0.1211458303
9 0.0888013945 0.0025064696 25319.8185264469 10 0.1173776030 -0.0419384052 0.3400276064 0.0033289410 0.0068971831 -0.0572832423 0.1602408252
10 0.1173776030 0.0033289410 5447.4231878730 11 0.1535778962 -0.0527408552 0.3883249907 0.0043489728 0.0086977752 -0.0653706473 0.2096144372
11 0.1535778962 0.0043489728 22642.7846408965 12 0.1998216547 -0.0655905990 0.4421759016 0.0056612231 0.0109866634 -0.0744346446 0.2727505336
12 0.1998216547 0.0056612231 52380.3474886535 13 0.2595807532 -0.0809367435 0.5030208711 0.0017891771 -0.0000305185 -0.0422986541 0.3039192019
13 0.2595807532 0.0017891771 58057.4326103955 14 0.3379595632 -0.0993874796 0.5727841584 0.0096233745 0.0167851802 -0.0966521195 0.4616410171
14 0.3379595632 0.0096233745 15455.6576379838 15 0.4426830936 -0.1217845538 0.6541036738 0.0126835333 0.0205999939 -0.1107211524 0.6052303742
15 0.4426830936 0.0126835333 50100.1849164101 16 0.5858547528 -0.1493243746 0.7507043253 0.0167365054 0.0251777703 -0.1268959624 0.8006332635
16 0.5858547528 0.0167365054 153573.9646354619 17 0.7872479195 -0.1837636952 0.8680315800 0.0226180668 0.0311593982 -0.1471297342 1.0767444298
17 0.7872479195 0.0226180668 191731.5592968879 18 1.0808641077 -0.2277877598 1.0143849586 0.0311955273 0.0386669515 -0.1723380230 1.4793095482
18 1.0808641077 0.0311955273 48432.7622946193 19 1.5290377062 -0.2857132037 1.2030817393 0.0444916689 0.0486770226 -0.2052369762 2.0951784279
19 1.5290377062 0.0444916689 243167.9175522568 20 2.2558545346 -0.3649441404 1.4569386771 0.0660293617 0.0623798334 -0.2492751854 3.0937715233
20 2.2558545346 0.0660293617 297071.5468012361 21 3.5370579577 -0.4793275717 1.8185991963 0.1042081251 0.0823084201 -0.3121433149 4.8554986363
21 3.5370579577 0.1042081251 327985.2969271719 22 6.0883251006 -0.6581012365 2.3780722998 0.1807146148 0.1132541887 -0.4097415082 8.3668950202
22 6.0883251006 0.1807146148 265462.0471259694 23 12.2668833562 -0.9754904454 3.3638224904 0.3670904881 0.1686758019 -0.5819269387 16.8780549588
23 12.2668833562 0.3670904881 320550.8490366318 24 33.9460757373 -1.6912931894 5.5754464471 1.0246400310 0.2937406537 -0.9686880093 46.7660551418
24 33.9460757373 1.0246400310 524319.9702129969 25 252.3281925446 -4.7973166662 15.1431154439 1.7006821998 0.8370311594 -1.0000305185 292.3470369851
25 252.3281925446 1.7006821998 524319.9702129969 26 592.0819715217 7.6327345278 -23.1046171825 2.0000610380 -1.0000305185 1.0000000000 655.5572018597
26 592.0819715217 2.0000610380 524319.9702129969 27 50.2997889229 2.3071768480 -6.7064688112 1.1653468348 -0.4066286203 1.0000000000 66.7544016568
27 50.2997889229 1.1653468348 524319.9702129969 28 17.7782242656 1.4204701803 -3.9699482028 0.5579754719 -0.2516861476 0.7032990509 24.6353466786
28 17.7782242656 0.5579754719 524319.9702129969 29 9.1850611797 1.0559478204 -2.8407807695 0.2915211067 -0.1880550554 0.5061189611 12.7492809620
29 9.1850611797 0.2915211067 392341.3182804971 30 5.6776452150 0.8575510491 -2.2231174987 0.1823233930 -0.1538132878 0.3983275857 7.8948321525
30 5.6776452150 0.1823233930 228085.7444059519 31 3.8965655341 0.7329697513 -1.8328450229 0.1267795102 -0.1320535905 0.3306680502 5.4290541990
31 3.8965655341 0.1267795102 340931.8826847000 32 2.8636453061 0.6475887164 -1.5634174620 0.0944309100 -0.1176488540 0.2838831751 3.9981081831
32 2.8636453061 0.0944309100 372092.4690329638 33 2.2084399870 0.5855045155 -1.3658786364 0.0738368778 -0.1070284127 0.2497634816 3.0899013099
33 2.2084399870 0.0738368778 332183.8817751893 34 1.7650721500 0.5383874728 -1.2145826769 0.0598205797 -0.0990936003 0.2236091189 2.4747777602
34 1.7650721500 0.0598205797 66797.2627699036 35 1.4500314008 0.5014530229 -1.0947950797 0.0499357698 -0.0932645650 0.2030701621 2.0381431951
35 1.4500314008 0.0499357698 74475.8259458461 36 1.2174554274 0.4717572896 -0.9974469846 0.0426110230 -0.0882900479 0.1865901669 1.7155969965
36 1.2174554274 0.0426110230 126679.6407774308 37 1.0404054338 0.4473897316 -0.9166503487 0.0370685805 -0.0844141972 0.1730399487 1.4702403631
37 1.0404054338 0.0370685805 9145.4634070270 38 0.9021859780 0.4270564473 -0.8484154459 1.0000610389 -0.0000305185 -1.0000305185 0.2053904066
38 0.9021859780 1.0000610389 0.0000155000 39 0.7919864046 0.4098500612 -0.7899426130 0.0292666433 -0.0788903470 0.1517990661 1.1257445769
39 0.7919864046 0.0292666433 0.0000150232 40 0.7025463399 0.3951154933 -0.7392090955 0.0264922429 -0.0768150884 0.1434980316 1.0018903461
40 0.7025463399 0.0264922429 8928.9839692502 41 0.6288368200 0.3823680282 -0.6947168567 0.0242395080 -0.0751976073 0.1363261818 0.8999988427
41 0.6288368200 0.0242395080 17040.9860634680 42 0.5672810267 0.3712413596 -0.6553326481 0.0222867369 -0.0737022004 0.1298257393 0.8144484649
42 0.5672810267 0.0222867369 17848.9412447340 43 0.5152759014 0.3614535524 -0.6201832236 0.0207589291 -0.0725424970 0.1244850002 0.7428833344
43 0.5152759014 0.0207589291 165339.9642795055 44 0.4708885976 0.3527841049 -0.5885847203 0.0194262984 -0.0717184973 0.1195104831 0.6816012763
44 0.4708885976 0.0194262984 123434.8603689515 45 0.4326582386 0.3450581057 -0.5599938770 0.0183860119 -0.0712607196 0.1153599658 0.6294241773
45 0.4326582386 0.0183860119 93970.1666668956 46 0.3994631169 0.3381350519 -0.5339735982 0.0174374438 -0.0707724235 0.1114841151 0.5838209831
46 0.3994631169 0.0174374438 10858.6700489276 47 0.3704297054 0.3319008021 -0.5101681713 0.0166677174 -0.0705893124 0.1080965606 0.5442495710
47 0.3704297054 0.0166677174 99231.2505051930 48 0.3448690459 0.3262616862 -0.4882851196 0.0159807171 -0.0703756829 0.1050141911 0.5093252746
48 0.3448690459 0.0159807171 90402.1427554055 49 0.3222314651 0.3211401254 -0.4680817076 0.0154281678 -0.0704062014 0.1023285623 0.4786764020
49 0.3222314651 0.0154281678 69388.4707858441 50 0.3020738056 0.3164713301 -0.4493547628 0.0149681698 -0.0705587939 0.0999481185 0.4515259723
50 0.3020738056 0.0149681698 6630.3203840287 51 0.2840353567 0.3122007781 -0.4319329009 0.0063116687 0.0180669576 0.0773644215 0.3458984670
51 0.2840353567 0.0063116687 87169.9696208901 52 0.2678199342 0.3082822660 -0.4156705170 0.0143549421 -0.0712607196 0.0963164159 0.4061834974
52 0.2678199342 0.0143549421 70204.3414209290 53 0.2531823710 0.3046763879 -0.4004430916 0.0141393474 -0.0719931639 0.0946378979 0.3869851374
53 0.2531823710 0.0141393474 51361.5219488749 54 0.2399182153 0.3013493356 -0.3861434878 0.0140913096 -0.0729697562 0.0936307871 0.3702981373
54 0.2399182153 0.0140913096 3750.4023776388 55 0.2278557918 0.2982719441 -0.3726790029 0.0139885310 -0.0740073855 0.0922574541 0.3547578083
55 0.2278557918 0.0139885310 26590.6749926718 56 0.2168500235 0.2954189251 -0.3599690017 0.0140604707 -0.0751670888 0.0917081210 0.3413462169
56 0.2168500235 0.0140604707 56839.9396006555 57 0.2067775796 0.2927682480 -0.3479430020 0.0141490337 -0.0766319773 0.0909756767 0.3291061330
57 0.2067775796 0.0141490337 41184.7373412276 58 0.1975330330 0.2903006350 -0.3365391126 0.0144115914 -0.0784325694 0.0908841212 0.3186547968
58 0.1975330330 0.0144115914 1652.4661956515 59 0.1890257926 0.2879991473 -0.3257027536 0.0147008928 -0.0803247169 0.0908230842 0.3091562425
59 0.1890257926 0.0147008928 50987.7576810798 60 0.1811776365 0.2858488435 -0.3153855975 0.0151500682 -0.0827051607 0.0911587878 0.3011103912
60 0.1811776365 0.0151500682 47492.7198565759 61 0.1739207147 0.2838364962 -0.3055446908 0.0157460132 -0.0854518265 0.0918912320 0.2943291781
61 0.1739207147 0.0157460132 35796.4553302266 62 0.1671959209 0.2819503554 -0.2961417193 0.0164789566 -0.0886257515 0.0928678243 0.2886550761
62 0.1671959209 0.0164789566 253.3607870649 63 0.1609515572 0.2801799496 -0.2871423916 0.0173649695 -0.0920438246 0.0943021943 0.2840505102
63 0.1609515572 0.0173649695 62496.6578334059 64 0.1551422333 0.2785159182 -0.2785159182 0.0186184283 -0.0964995270 0.0964690085 0.2812502793
64 0.1551422333 0.0186184283 40668.3763183533 65 0.1497279531 0.2769498700 -0.2702345696 0.0201351126 -0.1015655995 0.0990936003 0.2796772578
65 0.1497279531 0.0201351126 28025.2838326329 66 0.1446733534 0.2754742623 -0.2622733006 0.0221398249 -0.1077608570 0.1026032289 0.2800040384
66 0.1446733534 0.0221398249 415.7446602837 67 0.1399470664 0.2740822972 -0.2546094279 0.0247278200 -0.1152073733 0.1070284127 0.2823283753
67 0.1399470664 0.0247278200 22776.1893101441 68 0.1355211833 0.2727678337 -0.2472223539 0.0282423486 -0.1245765557 0.1127964110 0.2874960748
68 0.1355211833 0.0282423486 35523.8034575876 69 0.1313708005 0.2715253109 -0.2400933278 0.0330246028 -0.1362041078 0.1203039644 0.2961294871
69 0.1313708005 0.0330246028 13263.6653646172 70 0.1274736347 0.2703496825 -0.2332052399 0.0399945593 -0.1514633625 0.1305887020 0.3102722771
70 0.1274736347 0.0399945593 8408.2518693844 71 0.1238096949 0.2692363592 -0.2265424416 0.0506759156 -0.1722769860 0.1449018830 0.3329049202
71 0.1238096949 0.0506759156 25181.3690479785 72 0.1203610020 0.2681811595 -0.2200905897 0.0680926893 -0.2016968291 0.1655629139 0.3695139490
72 0.1203610020 0.0680926893 31551.2115404180 73 0.1171113474 0.2671802658 -0.2138365099 0.0999363580 -0.2468031861 0.1975463118 0.4334148149
73 0.1171113474 0.0999363580 4517.0043936213 74 0.1140460860 0.2662301866 -0.2077680769 0.1691985525 -0.3242591632 0.2530899991 0.5610678384
74 0.1140460860 0.1691985525 124566.8877153438 75 0.1111519567 0.2653277233 -0.2018741090 0.3763813396 -0.4881130406 0.3716544084 0.8966079450
75 0.1111519567 0.3763813396 70433.3084183449 76 0.1084169265 0.2644699406 -0.1961442759 1.6211654591 -1.0000000000 0.7881405072 2.5677007651
76 0.1084169265 1.6211654591 28418.7720425975 77 0.1058300558 0.2636541408 -0.1905690160 1.0000000009 -0.0000305185 -1.0000000000 0.7247081174
77 0.1058300558 1.0000000009 524311.9697554512 78 0.1033813802 0.2628778406 -0.1851394639 0.6547471032 0.6615802484 -0.4658955657 0.2377875987
78 0.1033813802 0.6547471032 524311.9697554512 79 0.1010618071 0.2621387513 -0.1798473858 0.1785398318 0.3485213782 -0.2388988922 0.0109490386
79 0.1010618071 0.1785398318 9.8956860814 80 0.0988630256 0.2614347601 -0.1746851219 0.0773180845 0.2311777093 -0.1545152135 0.0013223143
80 0.0988630256 0.0773180845 25915.3082540505 81 0.0967774267 0.2607639146 -0.1696455351 0.0410321597 0.1698049867 -0.1104464858 0.0117780540
81 0.0967774267 0.0410321597 17780.8239127799 82 0.0947980333 0.2601244080 -0.1647219647 0.0244628304 0.1321756645 -0.0836207160 0.0229482935
82 0.0947980333 0.0244628304 99496.2535922305 83 0.0929184381 0.2595145667 -0.1599081856 0.0156956628 0.1066316721 -0.0657673879 0.0322356692
83 0.0929184381 0.0156956628 1321.8237925575 84 0.0911327490 0.2589328383 -0.1551983707 0.0105977240 0.0883205664 -0.0528885769 0.0395758412
84 0.0911327490 0.0105977240 23888.4324586160 85 0.0894355402 0.2583777818 -0.1505870580 0.0074446815 0.0745567186 -0.0434278390 0.0452732815
85 0.0894355402 0.0074446815 11195.9863430327 86 0.0878218089 0.2578480578 -0.1460691205 0.0053496534 0.0636616108 -0.0360118412 0.0498209809
86 0.0878218089 0.0053496534 44521.4349609438 87 0.0862869369 0.2573424206 -0.1416397385 0.0039305143 0.0549333171 -0.0302133244 0.0533852909
87 0.0862869369 0.0039305143 3343.4284148562 88 0.0848266563 0.2568597103 -0.1372943755 0.0029752217 0.0480971709 -0.0257271035 0.0560290540
88 0.0848266563 0.0029752217 17633.1927724651 89 0.0834370182 0.2563988462 -0.1330287556 0.0022589164 0.0422070986 -0.0218512528 0.0582385419
89 0.0834370182 0.0022589164 149373.8635855271 90 0.0821143654 0.2559588207 -0.1288388432 0.0002776600 0.0166631062 -0.0000305185 0.0738540235
90 0.0821143654 0.0002776600 228699.2505988041 91 0.0808553078 0.2555386932 -0.1247208246 0.0013579931 0.0330515458 -0.0162968841 0.0612562817
91 0.0808553078 0.0013579931 62974.6212194000 92 0.0796566999 0.2551375858 -0.1206710911 0.0010626937 0.0294503616 -0.0139774773 0.0623182504
92 0.0796566999 0.0010626937 28543.6523740555 93 0.0785156207 0.2547546780 -0.1166862235 0.0008388497 0.0263069552 -0.0121158483 0.0631233254
93 0.0785156207 0.0008388497 17157.0809377770 94 0.0774293558 0.2543892029 -0.1127629783 0.0006589258 0.0234382153 -0.0104678488 0.0638026522
94 0.0774293558 0.0006589258 21434.3821756736 95 0.0763953809 0.2540404431 -0.1088982744 0.0005168047 0.0208746605 -0.0090029603 0.0643453560
95 0.0763953809 0.0005168047 31229.7105118431 96 0.0754113471 0.2537077276 -0.1050891816 0.0004160826 0.0188299203 -0.0078432569 0.0646243542
96 0.0754113471 0.0004160826 19767.5405185939 97 0.0744750677 0.2533904282 -0.1013329097 0.0003330017 0.0169682913 -0.0067140721 0.0648481513
97 0.0744750677 0.0003330017 17678.7470519487 98 0.0735845056 0.2530879569 -0.0976267980 0.0002631119 0.0151371807 -0.0058290353 0.0650474011
98 0.0735845056 0.0002631119 17470.0123477478 99 0.0727377628 0.2527997629 -0.0939683067 0.0002134321 0.0137028108 -0.0050660726 0.0650709597
99 0.0727377628 0.0002134321 20230.4188415024 100 0.0719330701 0.2525253306 -0.0903550081 0.0001684027 0.0121768853 -0.0044862209 0.0651408238
100 0.0719330701 0.0001684027 42304.9746779031 101 0.0711687780 0.2522641770 -0.0867845784 0.0001343580 0.0109561449 -0.0037842952 0.0651186134
101 0.0711687780 0.0001343580 90923.0738191006 102 0.0704433488 0.2520158498 -0.0832547912 1.0000930038 0.0096438490 -1.0000000000 0.8991659647
102 0.0704433488 1.0000930038 262155.9692673906 103 0.0697553484 0.2517799257 -0.0797635096 0.0000830045 0.0086672567 -0.0028077029 0.0650259660
103 0.0697553484 0.0000830045 262156.0005185818 104 0.0691034400 0.2515560082 -0.0763086808 0.0000627750 0.0076296274 -0.0021362957 0.0650016220
104 0.0691034400 0.0000627750 9933.5681547616 105 0.0684863775 0.2513437264 -0.0728883300 0.0000478431 0.0066530351 -0.0018921476 0.0649139924
105 0.0684863775 0.0000478431 67779.8190459145 106 0.0679029998 0.2511427337 -0.0695005546 0.0000371155 0.0058900723 -0.0015564440 0.0647652701
106 0.0679029998 0.0000371155 13386.7404962316 107 0.0673522258 0.2509527060 -0.0661435194 0.0000263292 0.0049439985 -0.0013733329 0.0647154612
107 0.0673522258 0.0000263292 21994.1150626425 108 0.0668330493 0.2507733406 -0.0628154518 0.0000220225 0.0045472579 -0.0011597034 0.0644287151
108 0.0668330493 0.0000220225 17518.9708792479 109 0.0663445350 0.2506043554 -0.0595146372 0.0000156248 0.0038453322 -0.0009155553 0.0643238679
109 0.0663445350 0.0000156248 15319.5066130151 110 0.0658858140 0.2504454875 -0.0562394149 0.0000108012 0.0032349620 -0.0005798517 0.0642110309
110 0.0658858140 0.0000108012 12270.8637490196 111 0.0654560808 0.2502964926 -0.0529881740 0.0000073393 0.0026245918 -0.0006714072 0.0640784145
111 0.0654560808 0.0000073393 22124.0702874272 112 0.0650545894 0.2501571436 -0.0497593497 0.0000059049 0.0023804437 -0.0004882962 0.0638209297
112 0.0650545894 0.0000059049 17053.1469603395 113 0.0646806506 0.2500272304 -0.0465514198 0.0000041176 0.0019837031 -0.0004272591 0.0636530296
113 0.0646806506 0.0000041176 15784.9901658059 114 0.0643336294 0.2499065589 -0.0433629015 0.0000022055 0.0014648885 -0.0002441481 0.0635824905
114 0.0643336294 0.0000022055 11500.5671901841 115 0.0640129419 0.2497949501 -0.0401923478 0.0318196707 0.1783806879 -0.0000305185 0.0067129694
115 0.0640129419 0.0318196707 23803.2837914278 116 0.0637180537 0.2496922400 -0.0370383450 0.0000006333 0.0007934812 -0.0000610370 0.0633179134
116 0.0637180537 0.0000006333 16702.5196676091 117 0.0634484774 0.2495982787 -0.0338995094 0.0000003362 0.0005798517 0.0000000000 0.0631593537
117 0.0634484774 0.0000003362 12651.7239648383 118 0.0632037711 0.2495129299 -0.0307744847 0.0000000754 0.0002746666 0.0000000000 0.0630667808
118 0.0632037711 0.0000000754 10981.4068667954 119 0.0629835364 0.2494360709 -0.0276619393 0.0000000009 0.0000000000 -0.0000305185 0.0629818489
119 0.0629835364 0.0000000009 91.6195887232 120 0.0627874170 0.2493675914 -0.0245605640 0.0000000093 -0.0000915555 -0.0000305185 0.0628315891
120 0.0627874170 0.0000000093 16457.8865845560 121 0.0626150976 0.2493073939 -0.0214690691 0.0000001164 -0.0003051851 0.0001525925 0.0627739359
121 0.0626150976 0.0000001164 7773.2833135081 122 0.0624663027 0.2492553931 -0.0183861824 0.0000003027 -0.0005493332 0.0000305185 0.0627415761
122 0.0624663027 0.0000003027 10659.2676087550 123 0.0623407953 0.2492115153 -0.0153106465 0.0000003372 -0.0005798517 -0.0000305185 0.0626292093
123 0.0623407953 0.0000003372 18248.7773616616 124 0.0622383763 0.2491756989 -0.0122412171 0.0000006874 -0.0008239998 0.0000915555 0.0626519466
124 0.0622383763 0.0000006874 16314.9168176238 125 0.0621588840 0.2491478936 -0.0091766603 0.0000006799 -0.0008239998 0.0000305185 0.0625707196
125 0.0621588840 0.0000006799 14855.2375224531 126 0.0621021928 0.2491280603 -0.0061157506 0.0000007833 -0.0008850368 0.0000000000 0.0625439511
126 0.0621021928 0.0000007833 10504.8560543820 127 0.0620682138 0.2491161714 -0.0030572688 0.0000006939 -0.0008239998 0.0001220740 0.0624801974
127 0.0620682138 0.0000006939 37041.2792376101 128 0.0620568933 0.2491122103 0.0000000000 0.0000000931 -0.0003051851 0.0000000000 0.0622090371
128 0.0620568933 0.0000000931 16267.4544355370 129 0.0620682138 0.2491161714 0.0030572688 0.0000008960 -0.0009460738 -0.0000305185 0.0625406609
129 0.0620682138 0.0000008960 44735.0446973054 130 0.0621021928 0.2491280603 0.0061157506 0.0000005858 -0.0007629627 0.0000610370 0.0624821830
130 0.0621021928 0.0000005858 10505.2752228535 131 0.0621588840 0.2491478936 0.0091766603 0.0000005374 -0.0007324442 -0.0000305185 0.0625249554
131 0.0621588840 0.0000005374 8082.3279797893 132 0.0622383763 0.2491756989 0.0122412171 0.0000005821 -0.0007629627 0.0000000000 0.0626191820
132 0.0622383763 0.0000005821 16314.9349378060 133 0.0623407953 0.2492115153 0.0153106465 0.0000002729 -0.0005188147 0.0000610370 0.0625977883
133 0.0623407953 0.0000002729 14895.7346580139 134 0.0624663027 0.2492553931 0.0183861824 0.0000002729 -0.0005188147 -0.0000610370 0.0627274547
134 0.0624663027 0.0000002729 10659.4217259929 135 0.0626150976 0.2493073939 0.0214690691 0.0000001164 -0.0003051851 0.0001525925 0.0627608318
135 0.0626150976 0.0000001164 11250.0291487111 136 0.0627874170 0.2493675914 0.0245605640 0.0000000121 -0.0000915555 -0.0000610370 0.0628360892
136 0.0627874170 0.0000000121 16458.6009722871 137 0.0629835364 0.2494360709 0.0276619393 0.0000000419 0.0000915555 0.0001831111 0.0629277733
137 0.0629835364 0.0000000419 5242.8285686255 138 0.0632037711 0.2495129299 0.0307744847 0.0000000382 0.0001525925 0.0001220740 0.0631201481
138 0.0632037711 0.0000000382 10980.9776069852 139 0.0634484774 0.2495982787 0.0338995094 0.0000003027 0.0005493332 0.0000305185 0.0631724858
139 0.0634484774 0.0000003027 7993.0424738010 140 0.0637180537 0.2496922400 0.0370383450 0.0000006827 0.0008239998 0.0000610370 0.0633027223
140 0.0637180537 0.0000006827 16703.0971302422 141 0.0640129419 0.2497949501 0.0401923478 1.0000387603 -0.0062257759 -1.0000000000 1.1475467326
141 0.0640129419 1.0000387603 12798.3429153310 142 0.0643336294 0.2499065589 0.0433629015 0.0000025566 0.0015564440 0.0003662221 0.0635264940
142 0.0643336294 0.0000025566 11500.4067549833 143 0.0646806506 0.2500272304 0.0465514198 0.0000039723 0.0019531846 0.0003967406 0.0636709866
143 0.0646806506 0.0000039723 13566.5214571391 144 0.0650545894 0.2501571436 0.0497593497 0.0000055892 0.0023194067 0.0004577776 0.0638541888
144 0.0650545894 0.0000055892 17052.7923603555 145 0.0654560808 0.2502964926 0.0529881740 0.0000079167 0.0027466659 0.0006103702 0.0640243510
145 0.0654560808 0.0000079167 15990.4270267442 146 0.0658858140 0.2504454875 0.0562394149 0.0000118993 0.0033570360 0.0007934812 0.0641269544
146 0.0658858140 0.0000118993 12270.6731644858 147 0.0663445350 0.2506043554 0.0595146372 0.0000156248 0.0038453322 0.0009155553 0.0643238679
147 0.0663445350 0.0000156248 13907.2605941669 148 0.0668330493 0.2507733406 0.0628154518 0.0000214012 0.0044862209 0.0011291849 0.0644625409
148 0.0668330493 0.0000214012 17518.9527730038 149 0.0673522258 0.2509527060 0.0661435194 0.0000269364 0.0050050356 0.0013733329 0.0646854336
149 0.0673522258 0.0000269364 15575.4404262876 150 0.0679029998 0.2511427337 0.0695005546 0.0000385973 0.0059816279 0.0016785180 0.0647037965
150 0.0679029998 0.0000385973 13386.7998693468 151 0.0684863775 0.2513437264 0.0728883300 0.0000511672 0.0068361461 0.0021057772 0.0647941266
151 0.0684863775 0.0000511672 22786.7169548465 152 0.0691034400 0.2515560082 0.0763086808 0.0000630395 0.0076296274 0.0021973327 0.0649925712
152 0.0691034400 0.0000630395 22873.0362160666 153 0.0697553484 0.2517799257 0.0797635096 0.0000791933 0.0084841456 0.0026856288 0.0651338363
153 0.0697553484 0.0000791933 1668.9370051731 154 0.0704433488 0.2520158498 0.0832547912 0.0000555121 0.0011902219 0.0073549608 0.0686742799
154 0.0704433488 0.0000555121 30487.4598527015 155 0.0711687780 0.2522641770 0.0867845784 0.0001301491 0.0107730338 0.0037537767 0.0652120863
155 0.0711687780 0.0001301491 14326.2715766744 156 0.0719330701 0.2525253306 0.0903550081 0.0001649846 0.0120242927 0.0045167394 0.0652089576
156 0.0719330701 0.0001649846 27559.1770603113 157 0.0727377628 0.2527997629 0.0939683067 0.0002077367 0.0134586627 0.0051576281 0.0651714989
157 0.0727377628 0.0002077367 16072.3894426991 158 0.0735845056 0.2530879569 0.0976267980 0.0002541641 0.0148625141 0.0057679983 0.0651894006
158 0.0735845056 0.0002541641 17470.5250357354 159 0.0744750677 0.2533904282 0.1013329097 0.0003338250 0.0169682913 0.0067751091 0.0648366045
159 0.0744750677 0.0003338250 19089.1761156532 160 0.0754113471 0.2537077276 0.1050891816 0.0004172328 0.0188604389 0.0078432569 0.0646100189
160 0.0754113471 0.0004172328 19767.5484470664 161 0.0763953809 0.2540404431 0.1088982744 0.0005219162 0.0209967345 0.0090029603 0.0642884439
161 0.0763953809 0.0005219162 18243.2837128780 162 0.0774293558 0.2543892029 0.1127629783 0.0006598823 0.0234992523 0.0103762932 0.0637932025
162 0.0774293558 0.0006598823 21433.9684993947 163 0.0785156207 0.2547546780 0.1166862235 0.0008404563 0.0263374737 0.0121158483 0.0631093826
163 0.0785156207 0.0008404563 18688.6757385121 164 0.0796566999 0.2551375858 0.1206710911 0.0010706626 0.0295419172 0.0140690329 0.0622574045
164 0.0796566999 0.0010706626 35570.6714193118 165 0.0808553078 0.2555386932 0.1247208246 0.0013751873 0.0332956938 0.0163274026 0.0611410847
165 0.0808553078 0.0013751873 25709.6615458274 166 0.0821143654 0.2559588207 0.1288388432 2.0000000000 -1.0000000000 -1.0000000000 2.8517096931
166 0.0821143654 2.0000000000 13332.1263856512 167 0.0834370182 0.2563988462 0.1330287556 0.0022630331 0.0421765801 0.0220038453 0.0582177100
167 0.0834370182 0.0022630331 13767.7747826207 168 0.0848266563 0.2568597103 0.1372943755 0.0029842412 0.0481582080 0.0257881405 0.0559899575
168 0.0848266563 0.0029842412 27856.9516543892 169 0.0862869369 0.2573424206 0.1416397385 0.0039725651 0.0551469466 0.0305185095 0.0532309372
169 0.0862869369 0.0039725651 5698.4669293009 170 0.0878218089 0.2578480578 0.1460691205 0.0053972925 0.0638447218 0.0363475448 0.0496761185
170 0.0878218089 0.0053972925 44521.5790218545 171 0.0894355402 0.2583777818 0.1505870580 0.0074518848 0.0745872372 0.0434583575 0.0452555228
171 0.0894355402 0.0074518848 26505.1619345149 172 0.0911327490 0.2589328383 0.1551983707 0.0106290007 0.0883510849 0.0531327250 0.0395155306
172 0.0911327490 0.0106290007 23889.6247058922 173 0.0929184381 0.2595145667 0.1599081856 0.0157148231 0.1065706351 0.0660115360 0.0322084270
173 0.0929184381 0.0157148231 12505.3748956637 174 0.0947980333 0.2601244080 0.1647219647 0.0244064028 0.1319620350 0.0836207160 0.0230030064
174 0.0947980333 0.0244064028 99497.5305687821 175 0.0967774267 0.2607639146 0.1696455351 0.0410591399 0.1698049867 0.1105685598 0.0117636156
175 0.0967774267 0.0410591399 36366.1387405315 176 0.0988630256 0.2614347601 0.1746851219 0.0772804372 0.2311166723 0.1544846950 0.0013272437
176 0.0988630256 0.0772804372 25915.8963820286 177 0.1010618071 0.2621387513 0.1798473858 0.1786140031 0.3484603412 0.2391430403 0.0109673915
177 0.1010618071 0.1786140031 24098.9831016982 178 0.1033813802 0.2628778406 0.1851394639 0.6547966237 0.6614886929 0.4660786767 0.2378174528
178 0.1033813802 0.6547966237 524311.9385037831 179 0.1058300558 0.2636541408 0.1905690160 1.7004579497 0.8369701224 0.9999694815 0.9838203283
179 0.1058300558 1.7004579497 524311.9385037831 180 0.1084169265 0.2644699406 0.1961442759 1.6209249537 -1.0000000000 -0.7879879147 2.5674003994
180 0.1084169265 1.6209249537 28416.7268817762 181 0.1111519567 0.2653277233 0.2018741090 0.3763405173 -0.4883266701 -0.3713187048 0.8965449466
181 0.1111519567 0.3763405173 232879.5665925487 182 0.1140460860 0.2662301866 0.2077680769 0.1691213365 -0.3242591632 -0.2529374065 0.5609272147
182 0.1140460860 0.1691213365 124568.5949127270 183 0.1171113474 0.2671802658 0.2138365099 0.1000207484 -0.2469252602 -0.1976073489 0.4335905407
183 0.1171113474 0.1000207484 1659.1236708963 184 0.1203610020 0.2681811595 0.2200905897 0.0680971078 -0.2017578661 -0.1655018769 0.3695242381
184 0.1203610020 0.0680971078 31548.5794598953 185 0.1238096949 0.2692363592 0.2265424416 0.0506670721 -0.1722769860 -0.1448713645 0.3328822493
185 0.1238096949 0.0506670721 290.9412459047 186 0.1274736347 0.2703496825 0.2332052399 0.0400806839 -0.1516159551 -0.1307412946 0.3105120792
186 0.1274736347 0.0400806839 8406.0931288090 187 0.1313708005 0.2715253109 0.2400933278 0.0330642414 -0.1362956633 -0.1203650014 0.2962481541
187 0.1313708005 0.0330642414 21291.1208021331 188 0.1355211833 0.2727678337 0.2472223539 0.0282340304 -0.1245155187 -0.1128269295 0.2874695485
188 0.1355211833 0.0282340304 35525.4646503160 189 0.1399470664 0.2740822972 0.2546094279 0.0247097615 -0.1152989288 -0.1068453017 0.2822672607
189 0.1399470664 0.0247097615 15160.9047169198 190 0.1446733534 0.2754742623 0.2622733006 0.0221269867 -0.1077303385 -0.1025727103 0.2799583777
190 0.1446733534 0.0221269867 415.6016606603 191 0.1497279531 0.2769498700 0.2702345696 0.0201411619 -0.1015655995 -0.0991241188 0.2796998014
191 0.1497279531 0.0201411619 13408.9687340334 192 0.1551422333 0.2785159182 0.2785159182 0.0186243174 -0.0964995270 -0.0964995270 0.2812731682
192 0.1551422333 0.0186243174 40668.3676145967 193 0.1609515572 0.2801799496 0.2871423916 0.0174102271 -0.0922269356 -0.0943632313 0.2842334285
193 0.1609515572 0.0174102271 30723.6820913282 194 0.1671959209 0.2819503554 0.2961417193 0.0164638245 -0.0884121220 -0.0929898984 0.2885917806
194 0.1671959209 0.0164638245 253.2880193743 195 0.1739207147 0.2838364962 0.3055446908 0.0157351906 -0.0854213080 -0.0918607135 0.2942823814
195 0.1739207147 0.0157351906 32507.7743894678 196 0.1811776365 0.2858488435 0.3153855975 0.0151612000 -0.0827051607 -0.0912198248 0.3011600235
196 0.1811776365 0.0151612000 47492.1915616039 197 0.1890257926 0.2879991473 0.3257027536 0.0147420691 -0.0804773095 -0.0909146397 0.3093449516
197 0.1890257926 0.0147420691 39295.2637780017 198 0.1975330330 0.2903006350 0.3365391126 0.0144052888 -0.0784630879 -0.0908230842 0.3186251306
198 0.1975330330 0.0144052888 1651.8270640184 199 0.2067775796 0.2927682480 0.3479430020 0.0142028749 -0.0766930143 -0.0912198248 0.3293656128
199 0.2067775796 0.0142028749 48263.1066324628 200 0.2168500235 0.2954189251 0.3599690017 0.0140548740 -0.0751670888 -0.0916776025 0.3413186488
200 0.2168500235 0.0140548740 56842.5889034083 201 0.2278557918 0.2982719441 0.3726790029 0.0140505860 -0.0740073855 -0.0925931578 0.3550700826
201 0.2278557918 0.0140505860 27493.6854543996 202 0.2399182153 0.3013493356 0.3861434878 0.0140570535 -0.0729697562 -0.0934476760 0.3701224669
202 0.2399182153 0.0140570535 3750.9311712527 203 0.2531823710 0.3046763879 0.4004430916 0.0141640950 -0.0720847194 -0.0946989349 0.3871145584
203 0.2531823710 0.0141640950 33932.7541871096 204 0.2678199342 0.3082822660 0.4156705170 0.0143667036 -0.0712607196 -0.0963774529 0.4062460014
204 0.2678199342 0.0143667036 70204.4922080402 205 0.2840353567 0.3122007781 0.4319329009 1.0095731238 -1.0000000000 -0.0978423414 2.0025326893
205 0.2840353567 1.0095731238 58112.5442221478 206 0.3020738056 0.3164713301 0.4493547628 0.0149685945 -0.0703451643 -0.1001007111 0.4515283182
206 0.3020738056 0.0149685945 6629.6799081143 207 0.3222314651 0.3211401254 0.4680817076 0.0154930543 -0.0704672384 -0.1026032289 0.4790376241
207 0.3222314651 0.0154930543 54718.5717135381 208 0.3448690459 0.3262616862 0.4882851196 0.0159935403 -0.0703756829 -0.1050752281 0.5093977048
208 0.3448690459 0.0159935403 90401.6604280110 209 0.3704297054 0.3319008021 0.5101681713 0.0166531106 -0.0703451643 -0.1081881161 0.5441663157
209 0.3704297054 0.0166531106 80140.1877886911 210 0.3994631169 0.3381350519 0.5339735982 0.0174263213 -0.0707419050 -0.1114535966 0.5837566297
210 0.3994631169 0.0174263213 10858.2802900521 211 0.4326582386 0.3450581057 0.5599938770 0.0183702762 -0.0711996826 -0.1153294473 0.6293321386
211 0.4326582386 0.0183702762 90267.2222073091 212 0.4708885976 0.3527841049 0.5885847203 0.0194847052 -0.0718710898 -0.1196630757 0.6819469749
212 0.4708885976 0.0194847052 123431.6719959427 213 0.5152759014 0.3614535524 0.6201832236 0.0207684767 -0.0728171636 -0.1243629261 0.7429400239
213 0.5152759014 0.0207684767 112342.4824375981 214 0.5672810267 0.3712413596 0.6553326481 0.0223184485 -0.0737022004 -0.1299478133 0.8146401747
214 0.5672810267 0.0223184485 17851.3981167828 215 0.6288368200 0.3823680282 0.6947168567 0.0241824703 -0.0749839778 -0.1362346263 0.8996512245
215 0.6288368200 0.0241824703 7540.0199996779 216 0.7025463399 0.3951154933 0.7392090955 0.0265185273 -0.0768150884 -0.1435895871 1.0020519879
216 0.7025463399 0.0265185273 7340.7927616310 217 0.7919864045 0.4098500612 0.7899426130 0.0292515168 -0.0786767174 -0.1518601032 1.1256507696
217 0.7919864045 0.0292515168 12837.7522063822 218 0.9021859780 0.4270564473 0.8484154459 0.0124559424 -0.0000305185 -0.1116061892 1.1040448162
218 0.9021859780 0.0124559424 62785.2761120033 219 1.0404054338 0.4473897316 0.9166503487 0.0370897080 -0.0844141972 -0.1731009857 1.4703733897
219 1.0404054338 0.0370897080 62395.6397797148 220 1.2174554274 0.4717572896 0.9974469846 0.0426847798 -0.0883205664 -0.1867732780 1.7160648352
220 1.2174554274 0.0426847798 171305.5477504030 221 1.4500314008 0.5014530229 1.0947950797 0.0499445229 -0.0931119724 -0.2031617176 2.0381993813
221 1.4500314008 0.0499445229 289981.0462097389 222 1.7650721499 0.5383874728 1.2145826769 0.0598872888 -0.0991546373 -0.2237311930 2.4752067305
222 1.7650721499 0.0598872888 66786.5822223536 223 2.2084399870 0.5855045155 1.3658786364 0.0739087664 -0.1071504868 -0.2498550371 3.0903662557
223 2.2084399870 0.0739087664 329289.6538071858 224 2.8636453061 0.6475887164 1.5634174620 0.0944410583 -0.1176183355 -0.2839136937 3.9981742309
224 2.8636453061 0.0944410583 372086.7780857970 225 3.8965655341 0.7329697513 1.8328450229 0.1268642350 -0.1322977386 -0.3306985687 5.4296087015
225 3.8965655341 0.1268642350 374106.4265280324 226 5.6776452150 0.8575510491 2.2231174987 0.1825141265 -0.1537217322 -0.3986022523 7.8960870911
226 5.6776452150 0.1825141265 228113.3205112747 227 9.1850611798 1.0559478204 2.8407807695 0.2917524204 -0.1881771294 -0.5063020722 12.7508104400
227 9.1850611798 0.2917524204 471074.7377657411 228 17.7782242656 1.4204701803 3.9699482028 0.5581625590 -0.2517166662 -0.7034211249 24.6365897222
228 17.7782242656 0.5581625590 524311.9385037831 229 50.2997889229 2.3071768480 6.7064688112 1.1653964773 -0.4066896573 -1.0000000000 66.7547329457
229 50.2997889229 1.1653964773 524311.9385037831 230 592.0819715217 7.6327345279 23.1046171825 2.0000000000 -1.0000000000 -1.0000000000 655.5566749424
230 592.0819715217 2.0000000000 524311.9385037831 231 252.3281925446 -4.7973166662 -15.1431154439 1.7012244516 0.8374279000 0.9999694815 292.3495372366
231 252.3281925446 1.7012244516 524312.0010071192 232 33.9460757373 -1.6912931894 -5.5754464471 1.0244214725 0.2937711722 0.9685659352 46.7645785803
232 33.9460757373 1.0244214725 524312.0010071192 233 12.2668833562 -0.9754904454 -3.3638224904 0.3671775088 0.1688283944 0.5819574572 16.8786450023
233 12.2668833562 0.3671775088 304231.5916044906 234 6.0883251006 -0.6581012365 -2.3780722998 0.1806922654 0.1133762627 0.4096804712 8.3667430441
234 6.0883251006 0.1806922654 265476.6413654283 235 3.5370579577 -0.4793275717 -1.8185991963 0.1040867915 0.0820337535 0.3120212409 4.8546699847
235 3.5370579577 0.1040867915 297659.6248890666 236 2.2558545346 -0.3649441404 -1.4569386771 0.0658886954 0.0623493149 0.2490005188 3.0928082373
236 2.2558545346 0.0658886954 297068.1480539429 237 1.5290377062 -0.2857132037 -1.2030817393 0.0443766799 0.0485244301 0.2049928282 2.0943887833
237 1.5290377062 0.0443766799 289303.7495553606 238 1.0808641077 -0.2277877598 -1.0143849586 0.0312036881 0.0386364330 0.1723685415 1.4793657205
238 1.0808641077 0.0312036881 48424.4319240294 239 0.7872479195 -0.1837636952 -0.8680315800 0.0225623172 0.0311288797 0.1469466231 1.0763595715
239 0.7872479195 0.0225623172 106083.5985260824 240 0.5858547528 -0.1493243746 -0.7507043253 0.0167117419 0.0251472518 0.1268044069 0.8004619234
240 0.5858547528 0.0167117419 153570.9941927319 241 0.4426830936 -0.1217845538 -0.6541036738 0.0125395132 0.0205389569 0.1100802637 0.6042330720
241 0.4426830936 0.0125395132 110565.9221107238 242 0.3379595632 -0.0993874796 -0.5727841584 0.0095486331 0.0166631062 0.0962858974 0.4611224780
242 0.3379595632 0.0095486331 15456.5713610725 243 0.2595807532 -0.0809367435 -0.5030208711 1.0000000009 -0.0000305185 -1.0000000000 0.2535340718
243 0.2595807532 1.0000000009 278837.9141361853 244 0.1998216547 -0.0655905990 -0.4421759016 0.0055964624 0.0109256264 0.0740073855 0.2722999187
244 0.1998216547 0.0055964624 52376.9733150063 245 0.1535778962 -0.0527408552 -0.3883249907 0.0042983253 0.0087588122 0.0649739067 0.2092620995
245 0.1535778962 0.0042983253 34261.1560634855 246 0.1173776030 -0.0419384052 -0.3400276064 0.0032641170 0.0069887387 0.0567033906 0.1597893494
246 0.1173776030 0.0032641170 5444.7128565489 247 0.0888013945 -0.0328457359 -0.2961799321 0.0024604548 0.0053102206 0.0493179113 0.1208246368
247 0.0888013945 0.0024604548 53070.6274228880 248 0.0661292223 -0.0252056984 -0.2559177505 0.0018271168 0.0041505173 0.0425428022 0.0899404889
248 0.0661292223 0.0018271168 17331.7156144043 249 0.0481184873 -0.0188204354 -0.2185504027 0.0013299074 0.0029602954 0.0363475448 0.0654473639
249 0.0481184873 0.0013299074 11568.7936130114 250 0.0338608799 -0.0135368552 -0.1835146681 0.0009347566 0.0022888882 0.0304879910 0.0460475923
250 0.0338608799 0.0009347566 1585.7493342130 251 0.0226879492 -0.0092364478 -0.1503417348 0.0006223105 0.0014648885 0.0249031037 0.0308252720
251 0.0226879492 0.0006223105 6855.3544011970 252 0.0141077402 -0.0058280625 -0.1186329378 0.0003882073 0.0008545183 0.0196844386 0.0191763535
252 0.0141077402 0.0003882073 3698.1689129301 253 0.0077618136 -0.0032427589 -0.0880414568 0.0002139351 0.0004882962 0.0146183660 0.0105529600
253 0.0077618136 0.0002139351 2294.3116155283 254 0.0033960500 -0.0014301558 -0.0582580868 0.0000936269 0.0001831111 0.0096743675 0.0046174210
254 0.0033960500 0.0000936269 159.6764411037 255 0.0008411138 -0.0003558987 -0.0289997776 0.0000215195 -0.0000305185 0.0046388134 0.0011316607
255 0.0008411138 0.0000215195 4047.6143546409 