#int double real img int16 real16 img16 error
0 0.0000000000 -0.0000000004 0.0000000000 0.0000000009 -0.0000305185 0.0000000000 0.0000000009
0 0.0000000000 0.0000000009 0.0000000009 1 8.4111376536 -0.0355898684 2.8999777611 0.0003420398 -0.0000610370 -0.0184942167 8.5187409833
1 8.4111376536 0.0003420398 142.5560233276 2 33.9605001980 -0.1430155761 5.8258086772 0.0000246005 -0.0003967406 0.0049439985 33.9028057393
2 33.9605001980 0.0000246005 10.0891954605 3 77.6181359703 -0.3242758875 8.8041456780 0.0000000009 0.0000000000 -0.0000305185 77.6186733500
3 77.6181359703 0.0000000009 123.5349449447 4 141.0774024574 -0.5828062518 11.8632937808 0.0048248742 -0.0625019074 0.0303048799 140.2903429401
4 141.0774024574 0.0048248742 93.2730226755 5 226.8794918813 -0.9236447830 15.0341734790 0.0025961130 -0.0338450270 -0.0380870998 227.9647825613
5 226.8794918813 0.0025961130 24.9138479335 6 338.6087986571 -1.3536855175 18.3514668127 0.0000127506 -0.0035706656 -0.0000305185 338.6002644099
6 338.6087986571 0.0000127506 9.0384077924 7 481.1848729981 -1.8820435410 21.8550402678 0.0002038398 -0.0141300699 -0.0020447401 481.2212657804
7 481.1848729981 0.0002038398 88.2774715816 8 661.2922226870 -2.5205698398 25.5917750531 0.0008138785 -0.0271309549 0.0088198492 660.7048344366
8 661.2922226870 0.0008138785 192.7986387953 9 888.0139452727 -3.2845735927 29.6179932066 0.0039156169 -0.0625019074 -0.0030213324 887.7862482677
9 888.0139452727 0.0039156169 105.5200437019 10 1173.7760296683 -4.1938405220 34.0027606430 0.0027588697 0.0031434065 -0.0524307993 1177.3707382654
10 1173.7760296683 0.0027588697 69.8951518431 11 1535.7789620814 -5.2740855172 38.8324990702 0.0059704299 -0.0454725791 0.0624713889 1530.4534396668
11 1535.7789620814 0.0059704299 1.5590876078 12 1998.2165468032 -6.5590599042 44.2175901647 0.0011282972 -0.0122379223 0.0312814722 1995.2907539334
12 1998.2165468032 0.0011282972 236.6312798419 13 2595.8075322389 -8.0936743510 50.3020871112 0.0000000019 -0.0000305185 -0.0000305185 2595.8101085164
13 2595.8075322389 0.0000000019 0.0000000019 14 3379.5956323722 -9.9387479598 57.2784158420 0.0000000019 -0.0000305185 -0.0000305185 3379.5985218462
14 3379.5956323722 0.0000000019 27.4339118110 15 4426.8309364638 -12.1784553847 65.4103673809 0.0075689415 0.0605182043 -0.0625019074 4436.4890873581
15 4426.8309364638 0.0075689415 95.5621920212 16 5858.5475283611 -14.9324374551 75.0704325285 0.0078129769 -0.0625019074 -0.0625019074 5866.0728201374
16 5858.5475283611 0.0078129769 0.0000000009 17 7872.4791951622 -18.3763695193 86.8031579981 0.0001953708 -0.0000305185 0.0139774773 7870.0516905463
17 7872.4791951622 0.0001953708 44.9661374854 18 10808.6410767302 -22.7787759792 101.4384958565 0.0029173355 -0.0447096164 -0.0303048799 10812.7552962647
18 10808.6410767302 0.0029173355 1031.3749493866 19 15290.3770618815 -28.5713203743 120.3081739282 0.0078129769 -0.0625019074 -0.0625019074 15301.8523315116
19 15290.3770618815 0.0078129769 156.0035539138 20 22558.5453461328 -36.4944140435 145.6938677150 0.0063833327 -0.0498062075 0.0624713889 22536.7130362112
20 22558.5453461328 0.0063833327 1361.5454275763 21 35370.5795772724 -47.9327571674 181.8599196294 0.0078091629 -0.0625019074 0.0624713889 35341.8735254068
21 35370.5795772724 0.0078091629 1277.9603185537 22 60883.2510060604 -65.8101236464 237.8072299820 0.0069611531 -0.0552690207 -0.0625019074 60905.7102559845
22 60883.2510060604 0.0069611531 64.9587367110 23 122668.8335622461 -97.5490445440 336.3822490424 0.0001359115 -0.0000305185 0.0116580706 122660.9846080256
23 122668.8335622461 0.0001359115 968.4311478094 24 339460.7573729573 -169.1293189400 557.5446447127 0.0028147665 0.0441908017 -0.0293588061 339508.4457983710
24 339460.7573729573 0.0028147665 2048.1230524790 25 2523281.9254462887 -479.7316666204 1514.3115443950 0.0078091629 -0.0625019074 0.0624713889 2523032.7626762339
25 2523281.9254462887 0.0078091629 2048.1230524790 26 5920819.7152168602 763.2734527843 -2310.4617182485 0.0044789664 -0.0239265114 -0.0625019074 5920567.4281090470
26 5920819.7152168602 0.0044789664 2048.1230524790 27 502997.8892290180 230.7176847952 -670.6468811169 0.0064268244 0.0502029481 -0.0625019074 502890.8968214043
27 502997.8892290180 0.0064268244 2048.1230524790 28 177782.2426561295 142.0470180287 -396.9948202751 0.0076842844 0.0614947966 0.0624713889 177814.3816710683
28 177782.2426561295 0.0076842844 1492.3212500607 29 91850.6117974427 105.5947820394 -284.0780769498 0.0039914340 -0.0092165899 -0.0625019074 91817.0513931482
29 91850.6117974427 0.0039914340 2048.1230524790 30 56776.4521500215 85.7551049096 -222.3117498738 0.0004095182 0.0003357036 -0.0202337718 56767.3985725210
30 56776.4521500215 0.0004095182 1451.0800016084 31 38965.6553411314 73.2969751260 -183.2845022868 0.0078091629 0.0624713889 -0.0625019074 38933.5939606360
31 38965.6553411314 0.0078091629 1122.3632202629 32 28636.4530605302 64.7588716411 -156.3417461982 0.0078129769 -0.0625019074 -0.0625019074 28625.0126648158
32 28636.4530605302 0.0078129769 0.0000000000 33 22084.3998698570 58.5504515505 -136.5878636376 0.0022594678 0.0181890316 -0.0439161351 22070.2753551375
33 22084.3998698570 0.0022594678 248.6738797908 34 17650.7214995004 53.8387472788 -121.4582676929 0.0052416264 0.0365916929 0.0624713889 17661.9619726695
34 17650.7214995004 0.0052416264 1011.2640682615 35 14500.3140078497 50.1453022909 -109.4795079730 0.0061818195 -0.0625019074 0.0477004303 14517.0329830317
35 14500.3140078497 0.0061818195 1.8760814425 36 12174.5542743016 47.1757289560 -99.7446984645 0.0000804535 -0.0038148137 -0.0081179235 12173.2948483204
36 12174.5542743016 0.0000804535 1.4446621136 37 10404.0543376239 44.7389731613 -91.6650348721 0.0040959319 -0.0137638478 -0.0625019074 10393.8315153441
37 10404.0543376239 0.0040959319 1.1017727122 38 9021.8597803728 42.7056447324 -84.8415445897 0.0039026754 -0.0000305185 0.0624713889 9032.4666279269
38 9021.8597803728 0.0039026754 0.0000000466 39 7919.8640455016 40.9850061195 -78.9942613035 0.0078129769 -0.0625019074 -0.0625019074 7915.1205565822
39 7919.8640455016 0.0078129769 39.4749151297 40 7025.4633992636 39.5115493337 -73.9209095487 0.0075615575 -0.0604571673 -0.0625019074 7021.0080778275
40 7025.4633992636 0.0075615575 66.5314617011 41 6288.3681995517 38.2368028204 -69.4716856685 0.0064452434 -0.0503860591 -0.0625019074 6283.5436226818
41 6288.3681995517 0.0064452434 49.3929532433 42 5672.8102671664 37.1241359600 -65.5332648079 0.0040950928 -0.0625019074 0.0137333293 5679.2550006825
42 5672.8102671664 0.0040950928 473.2161051207 43 5152.7590143157 36.1453552423 -62.0183223630 0.0030111441 -0.0087588122 0.0541703543 5160.1143152116
43 5152.7590143157 0.0030111441 864.3115004741 44 4708.8859763874 35.2784104875 -58.8584720313 0.0011273389 -0.0319223609 0.0104068117 4712.3645021047
44 4708.8859763874 0.0011273389 1282.5028688419 45 4326.5823855859 34.5058105713 -55.9993876967 0.0011413589 0.0337839900 -0.0000305185 4324.2486209912
45 4326.5823855859 0.0011413589 5.0495222671 46 3994.6311690029 33.8135051890 -53.3973598208 0.0001020093 0.0085146641 -0.0054322947 3993.4753093437
46 3994.6311690029 0.0001020093 678.6666317309 47 3704.2970544508 33.1900802097 -51.0168171305 0.0002787106 0.0113223670 -0.0122684408 3702.2939590201
47 3704.2970544508 0.0002787106 478.5768435909 48 3448.6904592315 32.6261686162 -48.8285119644 0.0039064884 -0.0625019074 0.0000000000 3452.7727612597
48 3448.6904592315 0.0039064884 0.0000000009 49 3222.3146514540 32.1140125355 -46.8081707646 0.0000061518 0.0014038514 -0.0020447401 3222.0330699098
49 3222.3146514540 0.0000061518 469.2224788481 50 3020.7380563612 31.6471330094 -44.9354762815 0.0010752971 0.0128177740 0.0301828059 3022.6403975769
50 3020.7380563612 0.0010752971 8.5153977849 51 2840.3535671138 31.2200778094 -43.1932900888 0.0047277052 0.0286568804 -0.0625019074 2833.1696287120
51 2840.3535671138 0.0047277052 515.4918197155 52 2678.1993420293 30.8282265985 -41.5670516975 0.0078053489 0.0624713889 0.0624713889 2679.5488860163
52 2678.1993420293 0.0078053489 69.0123290196 53 2531.8237096576 30.4676387879 -40.0443091630 0.0037944556 0.0306405835 0.0534379101 2534.2401800373
53 2531.8237096576 0.0037944556 323.8540705317 54 2399.1821525162 30.1349335613 -38.6143487809 0.0001068488 0.0097659230 -0.0033875546 2398.3320520555
54 2399.1821525162 0.0001068488 779.6990064526 55 2278.5579178547 29.8271944062 -37.2679002858 0.0072299492 -0.0625019074 -0.0576494644 2277.9967119082
55 2278.5579178547 0.0072299492 57.2254373124 56 2168.5002350867 29.5418925083 -35.9969001737 0.0007380595 0.0271309549 0.0014038514 2166.9990422382
56 2168.5002350867 0.0007380595 163.7525886436 57 2067.7757964798 29.2768248004 -34.7943001954 0.0039945047 -0.0095828120 0.0624713889 2072.6881961169
57 2067.7757964798 0.0039945047 93.3457749331 58 1975.3303302384 29.0300635005 -33.6539112645 0.0042939656 0.0196844386 -0.0625019074 1969.9848759067
58 1975.3303302384 0.0042939656 386.6717273031 59 1890.2579255587 28.7999147273 -32.5702753636 0.0021362649 0.0457472457 -0.0065919980 1887.1956218898
59 1890.2579255587 0.0021362649 1168.6178953422 60 1811.7763645401 28.5848843480 -31.5385597539 0.0000022390 -0.0014648885 0.0003051851 1811.8793643099
60 1811.7763645401 0.0000022390 1584.5760066329 61 1739.2071467768 28.3836496246 -30.5544690801 0.0020918270 0.0455336161 -0.0043031098 1736.3614597177
61 1739.2071467768 0.0020918270 1026.3265544183 62 1671.9592085914 28.1950355440 -29.6141719327 0.0047473648 0.0340891751 0.0598773156 1673.5880991875
62 1671.9592085914 0.0047473648 15.8351308185 63 1609.5155720784 28.0179949552 -28.7142391640 0.0069776133 -0.0554521317 0.0624713889 1616.2175015886
63 1609.5155720784 0.0069776133 335.9097141895 64 1551.4223334407 27.8515918167 -27.8515918166 0.0039064884 -0.0625019074 0.0000000000 1554.9077951548
64 1551.4223334407 0.0039064884 0.0000000009 65 1497.2795311396 27.6949870038 -27.0234569587 0.0005718614 -0.0171819208 0.0166325877 1499.1307491831
65 1497.2795311396 0.0005718614 983.2651720867 66 1446.7335338586 27.5474262295 -26.2273300583 0.0003920409 -0.0144657735 0.0135196997 1448.2400868082
66 1446.7335338586 0.0003920409 4.9721119929 67 1399.4706643107 27.4082297222 -25.4609427910 0.0000026200 -0.0011597034 0.0011291849 1399.5917379846
67 1399.4706643107 0.0000026200 784.3550259589 68 1355.2118334819 27.2767833692 -24.7222353866 0.0000129583 -0.0011291849 0.0034180731 1355.4424523149
68 1355.2118334819 0.0000129583 2048.0918007057 69 1313.7080052985 27.1525310905 -24.0093327828 0.0039129047 -0.0625019074 -0.0025330363 1316.9844551491
69 1313.7080052985 0.0039129047 2048.0918007057 70 1274.7363471429 27.0349682464 -23.3205239877 0.0078091629 -0.0625019074 0.0624713889 1281.0373615166
70 1274.7363471429 0.0078091629 2048.0918007057 71 1238.0969494871 26.9236359213 -22.6542441557 0.0060038701 -0.0458388012 0.0624713889 1243.4017319418
71 1238.0969494871 0.0060038701 638.0931047440 72 1203.6100198713 26.8181159502 -22.0090589702 0.0042726407 0.0191351054 -0.0625019074 1199.8367412274
72 1203.6100198713 0.0042726407 1740.2553600446 73 1171.1134739604 26.7180265783 -21.3836509915 0.0078091629 -0.0625019074 0.0624713889 1177.1328711241
73 1171.1134739604 0.0078091629 30.4288717444 74 1140.4608603078 26.6230186617 -20.7768076866 0.0056344143 -0.0615253151 -0.0430005799 1141.9556443904
74 1140.4608603078 0.0056344143 599.0509819156 75 1111.5195666788 26.5327723325 -20.1874109046 0.0078091629 -0.0625019074 0.0624713889 1117.3663447957
75 1111.5195666788 0.0078091629 2048.0918007057 76 1084.1692648839 26.4469940639 -19.6144275947 0.0047379439 0.0624713889 -0.0289010285 1079.7358876643
76 1084.1692648839 0.0047379439 2048.0918007057 77 1058.3005582369 26.3654140799 -19.0569016010 0.0039064894 -0.0000305185 -0.0625019074 1055.9238885939
77 1058.3005582369 0.0039064894 2048.0918007057 78 1033.8138018892 26.2877840645 -18.5139463883 0.0039064894 -0.0000305185 -0.0625019074 1031.5049989807
78 1033.8138018892 0.0039064894 2048.0918007057 79 1010.6180710501 26.2138751299 -17.9847385781 0.0036526838 0.0599993896 0.0072634053 1007.7373516081
79 1010.6180710501 0.0036526838 1623.0242132357 80 988.6302561542 26.1434760114 -17.4685121918 0.0078129769 -0.0625019074 -0.0625019074 989.7224727018
80 988.6302561542 0.0078129769 0.0000000000 81 967.7742673202 26.0763914592 -16.9645535097 0.0039064894 -0.0000305185 -0.0625019074 965.6591315294
81 967.7742673202 0.0039064894 2048.0918007057 82 947.9803331767 26.0124408034 -16.4721964724 0.0032422519 0.0450758385 -0.0347911008 944.4923385717
82 947.9803331767 0.0032422519 1781.6092076333 83 929.1843814039 25.9514566703 -15.9908185561 0.0051042014 -0.0346079897 -0.0625019074 928.9868277764
83 929.1843814039 0.0051042014 62.7479450885 84 911.3274902231 25.8932838328 -15.5198370666 0.0019252404 0.0274361400 -0.0342417676 908.8457386329
84 911.3274902231 0.0019252404 221.1203727328 85 894.3554016490 25.8377781778 -15.0587058037 0.0008792240 0.0290231025 -0.0060731834 892.6735873398
85 894.3554016490 0.0008792240 2048.0918007057 86 878.2180886374 25.7848057779 -14.6069120499 0.0042176474 -0.0625019074 0.0176396985 881.9608284197
86 878.2180886374 0.0042176474 1973.9588946292 87 862.8693693932 25.7342420550 -14.1639738508 0.0039064894 -0.0000305185 -0.0625019074 861.1042958597
87 862.8693693932 0.0039064894 1647.3766759787 88 848.2665630218 25.6859710261 -13.7294375511 0.0043467636 -0.0448316904 -0.0483413190 849.2466025468
88 848.2665630218 0.0043467636 98.5313880076 89 834.3701815382 25.6398846209 -13.3028755601 0.0005056291 0.0219428083 0.0049134800 833.3761918472
89 834.3701815382 0.0005056291 135.5166845051 90 821.1436538886 25.5958820653 -12.8838843207 0.0049789998 0.0624713889 -0.0328073977 817.1052388497
90 821.1436538886 0.0049789998 1024.0332044084 91 808.5530781965 25.5538693212 -12.4720824610 0.0051932115 -0.0537736137 -0.0479750969 810.1098204735
91 808.5530781965 0.0051932115 133.8061578093 92 796.5669991006 25.5137585796 -12.0671091087 0.0004734397 0.0171208838 -0.0134281442 795.3697585860
92 796.5669991006 0.0004734397 1131.3949804567 93 785.1562071608 25.4754677990 -11.6686223515 0.0041790855 -0.0625019074 -0.0165105136 787.9596070086
93 785.1562071608 0.0041790855 1545.7911088442 94 774.2935580051 25.4389202853 -11.2762978288 0.0033894704 -0.0364696188 -0.0453810236 775.1289830521
94 774.2935580051 0.0033894704 933.3753423030 95 763.9538089798 25.4040443097 -10.8898274408 0.0035337001 -0.0032044435 0.0593585009 765.4129619936
95 763.9538089798 0.0035337001 1863.0408112747 96 754.1134714232 25.3707727597 -10.5089181649 0.0078129769 -0.0625019074 -0.0625019074 755.9790729196
96 754.1134714232 0.0078129769 0.0000000000 97 744.7506768929 25.3390428209 -10.1332909666 0.0033102203 0.0530716880 -0.0222174749 741.6141432892
97 744.7506768929 0.0033102203 1279.7393428076 98 735.8450558798 25.3087956857 -9.7626797970 0.0040350505 0.0115054781 0.0624713889 736.4864876752
98 735.8450558798 0.0040350505 1172.0893836829 99 727.3776277190 25.2799762874 -9.3968306694 0.0006952282 -0.0148014771 -0.0218207343 727.7165934370
99 727.3776277190 0.0006952282 1.8759142422 100 719.3307005561 25.2525330562 -9.0355008052 0.0047702208 -0.0293893246 -0.0625019074 719.6903084908
100 719.3307005561 0.0047702208 1024.0468770127 101 711.6877803636 25.2264176965 -8.6784578448 0.0029860630 0.0046693319 -0.0544450209 710.5101877527
101 711.6877803636 0.0029860630 277.3465004078 102 704.4334881056 25.2015849817 -8.3254791163 0.0039064894 -0.0000305185 -0.0625019074 703.3982161749
102 704.4334881056 0.0039064894 1024.0468770127 103 697.5534842856 25.1779925669 -7.9763509568 0.0078129769 -0.0625019074 -0.0625019074 699.7115680847
103 697.5534842856 0.0078129769 1.7984626398 104 691.0344000974 25.1556008161 -7.6308680817 0.0038687685 -0.0589922788 -0.0197149571 693.7053568261
104 691.0344000974 0.0038687685 7.6680670528 105 684.8637747071 25.1343726446 -7.2888329976 0.0039064894 -0.0000305185 -0.0625019074 683.9580833934
105 684.8637747071 0.0039064894 37.4318036570 106 679.0299979231 25.1142733738 -6.9500554550 0.0056545945 -0.0418103580 -0.0625019074 680.2669425929
106 679.0299979231 0.0056545945 147.3561140606 107 673.5222578851 25.0952705972 -6.6143519364 0.0018596229 0.0431226539 -0.0002441481 671.3565384089
107 673.5222578851 0.0018596229 252.7732301901 108 668.3304933031 25.0773340585 -6.2815451780 0.0051749238 -0.0625019074 0.0356151006 671.9178663760
108 668.3304933031 0.0051749238 562.1883436731 109 663.4453498178 25.0604355388 -5.9514637210 0.0064145824 -0.0500808741 -0.0625019074 665.2179057631
109 663.4453498178 0.0064145824 8.4823249533 110 658.8581401642 25.0445487538 -5.6239414901 0.0022059954 0.0459608753 -0.0096743675 656.4493912431
110 658.8581401642 0.0022059954 766.9312729742 111 654.5608078056 25.0296492585 -5.2988173968 0.0014927749 -0.0386364330 -0.0000305185 656.4960898895
111 654.5608078056 0.0014927749 524.5907982625 112 650.5458937625 25.0157143609 -4.9759349652 0.0078129769 -0.0625019074 -0.0625019074 653.0587556119
112 650.5458937625 0.0078129769 0.0000000000 113 646.8065063793 25.0027230424 -4.6551419789 0.0020373385 0.0451368755 -0.0000305185 644.5511699867
113 646.8065063793 0.0020373385 813.4968693315 114 643.3362938041 24.9906558853 -4.3362901457 0.0015379179 -0.0392162847 -0.0000305185 645.2976483987
114 643.3362938041 0.0015379179 11.2066690755 115 640.1294189800 24.9794950062 -4.0192347799 0.0050499094 -0.0625019074 0.0338145085 643.5288179545
115 640.1294189800 0.0050499094 215.5816515987 116 637.1805369670 24.9692239961 -3.7038344995 0.0010951020 0.0119632557 0.0308542131 636.8127634433
116 637.1805369670 0.0010951020 119.9608879479 117 634.4847744349 24.9598278655 -3.3899509379 0.0038462617 0.0618305002 0.0048219245 631.4347555880
117 634.4847744349 0.0038462617 0.3736329526 118 632.0377111790 24.9512929948 -3.0774484673 0.0043155503 -0.0421155431 -0.0504165777 633.8333923999
118 632.0377111790 0.0043155503 1036.0440824162 119 629.8353635380 24.9436070899 -2.7661939339 0.0068343066 -0.0625019074 -0.0541093173 632.6608901555
119 629.8353635380 0.0068343066 571.0141020074 120 627.8741695901 24.9367591426 -2.4560564031 0.0042761529 -0.0192266610 -0.0625019074 628.5303305507
120 627.8741695901 0.0042761529 674.8497394982 121 626.1509760482 24.9307393945 -2.1469069132 0.0000337625 0.0007019257 -0.0057679983 626.0912440456
121 626.1509760482 0.0000337625 1032.5343536994 122 624.6630267428 24.9255393065 -1.8386182373 0.0032776881 -0.0186162908 -0.0541398358 625.3952616271
122 624.6630267428 0.0032776881 28.4532633886 123 623.4079526255 24.9211515315 -1.5310646522 0.0038612942 -0.0465712455 0.0411389508 625.8590048367
123 623.4079526255 0.0038612942 19.9937819676 124 622.3837632478 24.9175698912 -1.2241217127 0.0059300741 -0.0449842830 -0.0625019074 624.4784714678
124 622.3837632478 0.0059300741 179.5306329103 125 621.5888396237 24.9147893565 -0.9176660310 0.0042069738 -0.0173345134 -0.0625019074 622.3421063419
125 621.5888396237 0.0042069738 1476.0779055949 126 621.0219284596 24.9128060323 -0.6115750610 0.0035915900 -0.0211798456 -0.0560625019 622.0122459628
126 621.0219284596 0.0035915900 656.5558102448 127 620.6821377018 24.9116171449 -0.3057268842 0.0056215761 -0.0414136174 -0.0625019074 622.7129026116
127 620.6821377018 0.0056215761 698.1642873963 128 620.5689333762 24.9112210334 0.0000000000 0.0039064884 -0.0625019074 0.0000000000 623.6868375254
128 620.5689333762 0.0039064884 1024.0449237386 129 620.6821377015 24.9116171449 0.3057268842 0.0007832202 0.0279854732 0.0001831111 619.2884821703
129 620.6821377015 0.0007832202 1024.2513663567 130 621.0219284595 24.9128060323 0.6115750610 0.0000893565 0.0093386639 0.0014648885 620.5549213929
130 621.0219284595 0.0000893565 411.3886545864 131 621.5888396238 24.9147893565 0.9176660310 0.0000052390 0.0022888882 0.0000000000 621.4747905276
131 621.5888396238 0.0000052390 1024.0468769670 132 622.3837632474 24.9175698911 1.2241217127 0.0047541517 -0.0625019074 0.0291146580 625.4320289213
132 622.3837632474 0.0047541517 193.7251009182 133 623.4079526247 24.9211515315 1.5310646522 0.0029400081 -0.0335398419 -0.0426038392 625.2130540628
133 623.4079526247 0.0029400081 1024.1647756319 134 624.6630267414 24.9255393065 1.8386182373 0.0039074422 -0.0625019074 -0.0009765923 627.7863128440
134 624.6630267414 0.0039074422 1024.4055026021 135 626.1509760491 24.9307393945 2.1469069132 0.0071356219 -0.0625019074 0.0568254646 629.0305512356
135 626.1509760491 0.0071356219 1034.9537828426 136 627.8741695900 24.9367591426 2.4560564031 0.0005161789 -0.0207525864 0.0092471084 628.8642674289
136 627.8741695900 0.0005161789 674.8569600609 137 629.8353635369 24.9436070899 2.7661939339 0.0027843048 0.0527665029 -0.0000305185 627.2059428510
137 629.8353635369 0.0027843048 213.7606155611 138 632.0377111802 24.9512929948 3.0774484673 0.0039165622 -0.0031739250 -0.0625019074 632.5847076053
138 632.0377111802 0.0039165622 114.1096267387 139 634.4847744356 24.9598278655 3.3899509379 0.0039064894 -0.0625019074 -0.0000305185 637.6089615377
139 634.4847744356 0.0039064894 621.7129121355 140 637.1805369672 24.9692239961 3.7038344995 0.0007098322 -0.0000305185 0.0266426588 636.9854108489
140 637.1805369672 0.0007098322 454.8685145174 141 640.1294189797 24.9794950062 4.0192347799 0.0078129769 -0.0625019074 -0.0625019074 643.7621838045
141 640.1294189797 0.0078129769 0.0000000009 142 643.3362938039 24.9906558853 4.3362901457 0.0078129769 -0.0625019074 -0.0625019074 647.0100869115
142 643.3362938039 0.0078129769 0.0000000009 143 646.8065063794 25.0027230424 4.6551419789 0.0033658208 -0.0000305185 -0.0580156865 647.3515408074
143 646.8065063794 0.0033658208 58.9346251689 144 650.5458937622 25.0157143609 4.9759349652 0.0078129769 -0.0625019074 -0.0625019074 654.3027773174
144 650.5458937622 0.0078129769 0.0000000000 145 654.5608078050 25.0296492584 5.2988173967 0.0026758773 0.0517288736 -0.0000305185 651.9742959827
145 654.5608078050 0.0026758773 333.1808651099 146 658.8581401638 25.0445487538 5.6239414901 0.0078053489 0.0624713889 0.0624713889 655.0341391508
146 658.8581401638 0.0078053489 883.0380555540 147 663.4453498177 25.0604355388 5.9514637210 0.0042998230 0.0624713889 0.0199285867 660.0813206903
147 663.4453498177 0.0042998230 287.8793194817 148 668.3304933024 25.0773340585 6.2815451780 0.0054191241 -0.0389416181 0.0624713889 669.5041826543
148 668.3304933024 0.0054191241 317.5266016562 149 673.5222578838 25.0952705972 6.6143519364 0.0044457068 -0.0351268044 0.0566728721 674.5400282716
149 673.5222578838 0.0044457068 311.1783428096 150 679.0299979208 25.1142733738 6.9500554550 0.0014910788 0.0215460677 0.0320444349 677.5038401316
150 679.0299979208 0.0014910788 402.3901386780 151 684.8637747074 25.1343726446 7.2888329976 0.0022733342 0.0064394055 -0.0472426527 685.2310348181
151 684.8637747074 0.0022733342 117.8122023350 152 691.0344000962 25.1556008160 7.6308680817 0.0078091629 0.0624713889 -0.0625019074 688.8530862365
152 691.0344000962 0.0078091629 1091.3442469064 153 697.5534842812 25.1779925668 7.9763509568 0.0018615406 -0.0214850307 -0.0374156926 699.2341270981
153 697.5534842812 0.0018615406 128.8377246496 154 704.4334881117 25.2015849818 8.3254791163 0.0043076792 0.0567033906 -0.0330515458 702.1301050647
154 704.4334881117 0.0043076792 182.7839303882 155 711.6877803657 25.2264176966 8.6784578448 0.0034429605 -0.0238959929 0.0535905026 711.9666780874
155 711.6877803657 0.0034429605 962.2428381409 156 719.3307005571 25.2525330562 9.0355008052 0.0065690870 0.0516373180 0.0624713889 715.6004029137
156 719.3307005571 0.0065690870 627.1916210343 157 727.3776277192 25.2799762874 9.3968306694 0.0019586136 0.0293282876 -0.0331431013 726.5196297237
157 727.3776277192 0.0019586136 1024.7814662134 158 735.8450558800 25.3087956857 9.7626797970 0.0069102932 0.0624713889 -0.0548417615 733.7606200522
158 735.8450558800 0.0069102932 1089.3173186662 159 744.7506768934 25.3390428209 10.1332909666 0.0003814939 -0.0000305185 -0.0195318461 745.1484487655
159 744.7506768934 0.0003814939 1722.3356068293 160 754.1134714231 25.3707727597 10.5089181649 0.0078129769 -0.0625019074 -0.0625019074 758.6063826398
160 754.1134714231 0.0078129769 0.0000000000 161 763.9538089792 25.4040443097 10.8898274408 0.0046705632 0.0624713889 0.0277108066 760.1808958749
161 763.9538089792 0.0046705632 1209.0507090261 162 774.2935580044 25.4389202853 11.2762978287 0.0045358066 0.0250862148 -0.0625019074 774.4313416200
162 774.2935580044 0.0045358066 1252.2645740135 163 785.1562071604 25.4754677990 11.6686223515 0.0078129769 -0.0625019074 -0.0625019074 789.8071731039
163 785.1562071604 0.0078129769 1.8759978409 164 796.5669990992 25.5137585796 12.0671091087 0.0000011223 -0.0007934812 0.0007019257 796.5905491710
164 796.5669990992 0.0000011223 135.3909477664 165 808.5530781936 25.5538693211 12.4720824610 0.0041166309 -0.0625019074 -0.0144962920 812.1131238714
165 808.5530781936 0.0041166309 46.6532315142 166 821.1436538791 25.5958820651 12.8838843206 0.0078091629 -0.0625019074 0.0624713889 822.7412976478
166 821.1436538791 0.0078091629 0.0000000913 167 834.3701815451 25.6398846210 13.3028755601 0.0061383567 -0.0625019074 -0.0472426527 838.8383295499
167 834.3701815451 0.0061383567 166.8060500589 168 848.2665630242 25.6859710261 13.7294375511 0.0059136334 -0.0448011719 -0.0625019074 852.2902319340
168 848.2665630242 0.0059136334 390.2442474465 169 862.8693693935 25.7342420550 14.1639738508 0.0041515986 -0.0156559954 -0.0625019074 865.4498621049
169 862.8693693935 0.0041515986 66.3888209577 170 878.2180886398 25.7848057779 14.6069120499 0.0078129769 -0.0625019074 -0.0625019074 883.2750204320
170 878.2180886398 0.0078129769 226.3830326135 171 894.3554016509 25.8377781779 15.0587058037 0.0007002157 0.0036011841 0.0262153996 893.3804686924
171 894.3554016509 0.0007002157 1739.0490486095 172 911.3274902243 25.8932838329 15.5198370667 0.0012636928 -0.0264290292 0.0237739189 911.9594879315
172 911.3274902243 0.0012636928 252.4564337417 173 929.1843814043 25.9514566703 15.9908185560 0.0050257019 0.0505386517 -0.0497146519 928.1562598045
173 929.1843814043 0.0050257019 1714.5461163518 174 947.9803331772 26.0124408034 16.4721964724 0.0078053489 0.0624713889 0.0624713889 942.6799899312
174 947.9803331772 0.0078053489 1830.0491487756 175 967.7742673214 26.0763914593 16.9645535097 0.0039549891 0.0624713889 -0.0072328867 964.7655709151
175 967.7742673214 0.0039549891 1411.1156050909 176 988.6302561548 26.1434760114 17.4685121918 0.0039064884 -0.0625019074 0.0000000000 991.9021968772
176 988.6302561548 0.0039064884 0.0000000000 177 1010.6180710501 26.2138751299 17.9847385781 0.0078053489 0.0624713889 0.0624713889 1005.1035788276
177 1010.6180710501 0.0078053489 2048.0937539341 178 1033.8138018891 26.2877840645 18.5139463882 0.0073540173 0.0587481307 0.0624713889 1028.4192556665
178 1033.8138018891 0.0073540173 2048.0937539341 179 1058.3005582376 26.3654140799 19.0569016010 0.0078091629 0.0624713889 -0.0625019074 1057.3963847263
179 1058.3005582376 0.0078091629 2048.0937539341 180 1084.1692648837 26.4469940639 19.6144275947 0.0073935739 0.0624713889 0.0590838343 1078.5545063734
180 1084.1692648837 0.0073935739 2048.0937539341 181 1111.5195666779 26.5327723325 20.1874109046 0.0078129769 -0.0625019074 -0.0625019074 1117.3675807882
181 1111.5195666779 0.0078129769 2048.0898474773 182 1140.4608603048 26.6230186617 20.7768076866 0.0047155069 -0.0625019074 -0.0284432508 1144.9754746114
182 1140.4608603048 0.0047155069 2048.0898474773 183 1171.1134739632 26.7180265783 21.3836509915 0.0043024215 -0.0625019074 -0.0198980682 1175.3086183219
183 1171.1134739632 0.0043024215 2048.0898474773 184 1203.6100198721 26.8181159502 22.0090589702 0.0003111599 0.0176396985 -0.0000305185 1202.6655474412
184 1203.6100198721 0.0003111599 1740.2978311361 185 1238.0969494861 26.9236359213 22.6542441557 0.0020738932 -0.0365306558 0.0271919919 1238.8340714860
185 1238.0969494861 0.0020738932 2048.0898474773 186 1274.7363471449 27.0349682464 23.3205239877 0.0019433958 0.0257271035 -0.0357982116 1275.0168937943
186 1274.7363471449 0.0019433958 1604.4028704447 187 1313.7080053003 27.1525310906 24.0093327828 0.0039175541 0.0033265175 -0.0625019074 1316.5325343020
187 1313.7080053003 0.0039175541 2048.0898474773 188 1355.2118334828 27.2767833693 24.7222353866 0.0000220895 -0.0046998505 -0.0000305185 1355.4697581496
188 1355.2118334828 0.0000220895 2048.0937539341 189 1399.4706643107 27.4082297222 25.4609427910 0.0059787648 -0.0455641346 0.0624713889 1398.7931466969
189 1399.4706643107 0.0059787648 91.9248707121 190 1446.7335338585 27.5474262295 26.2273300583 0.0025091371 0.0349436934 0.0358897671 1442.9282398289
190 1446.7335338585 0.0025091371 25.9748784599 191 1497.2795311408 27.6949870038 27.0234569587 0.0020364611 -0.0448622089 -0.0048829615 1500.0303931892
191 1497.2795311408 0.0020364611 1524.1678160828 192 1551.4223334407 27.8515918167 27.8515918166 0.0039064884 -0.0625019074 0.0000000000 1554.9077951548
192 1551.4223334407 0.0039064884 0.0000000009 193 1609.5155720778 28.0179949552 28.7142391640 0.0023660949 -0.0346690268 -0.0341196936 1613.4200934909
193 1609.5155720778 0.0023660949 73.0618277368 194 1671.9592085907 28.1950355441 29.6141719327 0.0000443951 0.0054628132 0.0038148137 1671.4252594646
194 1671.9592085907 0.0000443951 47.7116510133 195 1739.2071467776 28.3836496246 30.5544690801 0.0000027615 -0.0011902219 -0.0011597034 1739.3455834611
195 1739.2071467776 0.0000027615 784.3542049805 196 1811.7763645392 28.5848843480 31.5385597539 0.0039142012 -0.0625019074 0.0027771844 1815.1783215400
196 1811.7763645392 0.0039142012 2048.0937539341 197 1890.2579255566 28.7999147273 32.5702753636 0.0068063764 -0.0580462050 -0.0586260567 1897.4271170635
197 1890.2579255566 0.0068063764 1369.7655455563 198 1975.3303302321 29.0300635004 33.6539112644 0.0001296638 -0.0088198492 -0.0072023682 1976.3273171859
198 1975.3303302321 0.0001296638 84.0296607128 199 2067.7757964847 29.2768248005 34.7943001954 0.0065697502 -0.0516067995 -0.0625019074 2075.1535529495
199 2067.7757964847 0.0065697502 862.3992169878 200 2168.5002350880 29.5418925083 35.9969001737 0.0047277052 0.0286568804 -0.0625019074 2171.3115556758
200 2168.5002350880 0.0047277052 163.7689242628 201 2278.5579178531 29.8271944062 37.2679002857 0.0045062316 -0.0245674001 0.0624713889 2275.3716223398
201 2278.5579178531 0.0045062316 235.0391154889 202 2399.1821525185 30.1349335613 38.6143487809 0.0062138664 0.0614947966 -0.0493179113 2399.2908412226
202 2399.1821525185 0.0062138664 599.0521550802 203 2531.8237096607 30.4676387880 40.0443091631 0.0035053405 -0.0000305185 -0.0592059084 2536.5707940542
203 2531.8237096607 0.0035053405 253.3700624174 204 2678.1993420305 30.8282265985 41.5670516975 0.0078091629 0.0624713889 -0.0625019074 2679.5514269604
204 2678.1993420305 0.0078091629 17.7069844131 205 2840.3535671134 31.2200778094 43.1932900887 0.0078129769 -0.0625019074 -0.0625019074 2849.6633349506
205 2840.3535671134 0.0078129769 0.0000000000 206 3020.7380563598 31.6471330094 44.9354762815 0.0078129769 -0.0625019074 -0.0625019074 3030.3189876464
206 3020.7380563598 0.0078129769 27.4335921150 207 3222.3146514563 32.1140125355 46.8081707646 0.0078091629 0.0624713889 -0.0625019074 3224.1612465969
207 3222.3146514563 0.0078091629 103.9531908905 208 3448.6904592313 32.6261686162 48.8285119644 0.0078129769 -0.0625019074 -0.0625019074 3458.8804180151
208 3448.6904592313 0.0078129769 0.0000000000 209 3704.2970544491 33.1900802097 51.0168171304 0.0000104035 0.0017395550 0.0027161473 3703.9044545253
209 3704.2970544491 0.0000104035 638.8107885001 210 3994.6311689994 33.8135051890 53.3973598208 0.0043071548 0.0624713889 -0.0201116977 3992.5585460111
210 3994.6311689994 0.0043071548 709.0568144548 211 4326.5823855872 34.5058105713 55.9993876967 0.0007795133 0.0264900662 -0.0088198492 4325.7428550001
211 4326.5823855872 0.0007795133 381.1316771893 212 4708.8859763839 35.2784104875 58.8584720313 0.0007777875 0.0184942167 -0.0208746605 4710.0391622719
212 4708.8859763839 0.0007777875 1558.3328824290 213 5152.7590143086 36.1453552423 62.0183223629 0.0052199961 -0.0433057649 0.0578325755 5148.7214802052
213 5152.7590143086 0.0052199961 842.1938221195 214 5672.8102671431 37.1241359600 65.5332648078 0.0056001134 0.0624713889 0.0411999878 5662.7775351663
214 5672.8102671431 0.0056001134 410.9415678919 215 6288.3681995665 38.2368028205 69.4716856686 0.0018588554 -0.0396740623 -0.0168767357 6293.7489875788
215 6288.3681995665 0.0018588554 56.1760401994 216 7025.4633992649 39.5115493337 73.9209095487 0.0049040153 -0.0604571673 -0.0353404340 7035.4706100211
216 7025.4633992649 0.0049040153 120.3613894132 217 7919.8640454847 40.9850061195 78.9942613034 0.0003341808 -0.0000305185 -0.0182805872 7922.7550042284
217 7919.8640454847 0.0003341808 176.5574928003 218 9021.8597804016 42.7056447325 84.8415445898 0.0039026754 0.0624713889 -0.0000305185 9016.5330996715
218 9021.8597804016 0.0039026754 261.0176652844 219 10404.0543376455 44.7389731614 91.6650348721 0.0078091629 0.0624713889 -0.0625019074 10409.9308142699
219 10404.0543376455 0.0078091629 124.4308530548 220 12174.5542743131 47.1757289561 99.7446984645 0.0001997520 0.0141300699 0.0003051851 12173.1604001804
220 12174.5542743131 0.0001997520 299.9311932994 221 14500.3140078548 50.1453022910 109.4795079730 0.0063863010 0.0579241310 -0.0550553911 14506.5660222960
221 14500.3140078548 0.0063863010 158.2162528887 222 17650.7214994930 53.8387472788 121.4582676928 0.0056456802 0.0624713889 0.0417493210 17633.8587821321
222 17650.7214994930 0.0056456802 944.9521405991 223 22084.3998698827 58.5504515506 136.5878636377 0.0077825040 0.0624713889 -0.0622882778 22094.1078419286
223 22084.3998698827 0.0077825040 21.9184505107 224 28636.4530605355 64.7588716412 156.3417461982 0.0078129769 -0.0625019074 -0.0625019074 28664.0992942000
224 28636.4530605355 0.0078129769 0.0000000000 225 38965.6553411331 73.2969751261 183.2845022868 0.0048622048 0.0309762871 0.0624713889 38938.2191922027
225 38965.6553411331 0.0048622048 147.0627065995 226 56776.4521499765 85.7551049097 222.3117498737 0.0053568492 0.0583208716 -0.0442213202 56786.1167200637
226 56776.4521499765 0.0053568492 1544.3732310950 227 91850.6117975384 105.5947820396 284.0780769499 0.0078129769 -0.0625019074 -0.0625019074 91899.3302044183
227 91850.6117975384 0.0078129769 1.8759142422 228 177782.2426561465 142.0470180289 396.9948202751 0.0042879814 -0.0195318461 -0.0625019074 177837.4216921037
228 177782.2426561465 0.0042879814 2048.0937539341 229 502997.8892291102 230.7176847955 670.6468811168 0.0019662584 0.0285042879 0.0339671010 502939.1784480141
229 502997.8892291102 0.0019662584 2048.0898474773 230 5920819.7152172495 763.2734527854 2310.4617182482 0.0000000019 -0.0000305185 -0.0000305185 5920819.9028288834
230 5920819.7152172495 0.0000000019 2048.0937539341 231 2523281.9254460754 -479.7316666210 -1514.3115443947 0.0078129769 -0.0625019074 -0.0625019074 2523032.6702507720
231 2523281.9254460754 0.0078129769 2048.0937539341 232 339460.7573729486 -169.1293189402 -557.5446447127 0.0058593154 0.0441908017 -0.0625019074 339406.0159451430
232 339460.7573729486 0.0058593154 2048.0898474773 233 122668.8335622055 -97.5490445442 -336.3822490423 0.0042599059 0.0187994018 -0.0625019074 122630.4564851200
233 122668.8335622055 0.0042599059 351.4506630192 234 60883.2510059304 -65.8101236464 -237.8072299817 0.0064268244 -0.0625019074 -0.0502029481 60851.1536682022
234 60883.2510059304 0.0064268244 943.8986300442 235 35370.5795772880 -47.9327571675 -181.8599196294 0.0078091629 0.0624713889 -0.0625019074 35353.8430545633
235 35370.5795772880 0.0078091629 325.7505850360 236 22558.5453461237 -36.4944140435 -145.6938677150 0.0042796819 -0.0625019074 0.0193182165 22559.6167761888
236 22558.5453461237 0.0042796819 1424.6653002067 237 15290.3770618730 -28.5713203744 -120.3081739282 0.0078091629 0.0624713889 -0.0625019074 15278.9156704744
237 15290.3770618730 0.0078091629 1244.9920068599 238 10808.6410767049 -22.7787759792 -101.4384958563 0.0040199314 -0.0106509598 -0.0625019074 10795.4796660305
238 10808.6410767049 0.0040199314 1027.4221866308 239 7872.4791951656 -18.3763695194 -86.8031579982 0.0078091629 0.0624713889 -0.0625019074 7863.9322730943
239 7872.4791951656 0.0078091629 26.6397947547 240 5858.5475283599 -14.9324374551 -75.0704325284 0.0078129769 -0.0625019074 -0.0625019074 5847.3046392446
240 5858.5475283599 0.0078129769 0.0000000009 241 4426.8309364606 -12.1784553847 -65.4103673809 0.0011126724 -0.0000305185 -0.0333567309 4422.4675537565
241 4426.8309364606 0.0011126724 487.0206595398 242 3379.5956323612 -9.9387479598 -57.2784158419 0.0021124030 -0.0000305185 -0.0459608753 3374.3320058802
242 3379.5956323612 0.0021124030 235.4412880221 243 2595.8075322390 -8.0936743510 -50.3020871112 0.0050519743 -0.0625019074 -0.0338450270 2591.3958930498
243 2595.8075322390 0.0050519743 1024.0468769680 244 1998.2165467998 -6.5590599042 -44.2175901647 0.0005237258 0.0156865139 0.0166631062 1999.8964528933
244 1998.2165467998 0.0005237258 1.0218472190 245 1535.7789620782 -5.2740855172 -38.8324990702 0.0000104659 -0.0000305185 -0.0032349620 1535.5274073116
245 1535.7789620782 0.0000104659 53.6121425347 246 1173.7760296556 -4.1938405220 -34.0027606428 0.0039277248 -0.0625019074 -0.0046082949 1172.9423218175
246 1173.7760296556 0.0039277248 605.0296326671 247 888.0139452784 -3.2845735928 -29.6179932067 0.0078129769 -0.0625019074 -0.0625019074 883.9088118882
247 888.0139452784 0.0078129769 191.9738920536 248 661.2922226893 -2.5205698398 -25.5917750532 0.0045621060 -0.0256050295 -0.0625019074 657.9686367558
248 661.2922226893 0.0045621060 192.7803585397 249 481.1848730004 -1.8820435410 -21.8550402679 0.0039196488 0.0624713889 0.0041199988 481.6040258756
249 481.1848730004 0.0039196488 27.8061798140 250 338.6087986529 -1.3536855175 -18.3514668126 0.0038393043 0.0022278512 -0.0619220557 336.3459484757
250 338.6087986529 0.0038393043 58.5938034681 251 226.8794918812 -0.9236447831 -15.0341734790 0.0022825027 -0.0234992523 0.0415967284 228.0891093226
251 226.8794918812 0.0022825027 26.6718892821 252 141.0774024570 -0.5828062518 -11.8632937808 0.0065133533 -0.0510574664 -0.0625019074 139.5414456102
252 141.0774024570 0.0065133533 26.9054663803 253 77.6181359702 -0.3242758875 -8.8041456780 0.0042059167 0.0173039949 -0.0625019074 76.5330126275
253 77.6181359702 0.0042059167 334.8919676338 254 33.9605001973 -0.1430155761 -5.8258086771 0.0062022456 -0.0479140599 -0.0625019074 33.2247492201
254 33.9605001973 0.0062022456 9.9789512377 255 8.4111376536 -0.0355898684 -2.8999777611 0.0078091629 0.0624713889 -0.0625019074 8.0608852304
255 8.4111376536 0.0078091629 22.4053912697 