#int double real img int16 real16 img16 error
0 0.0000000000 -0.0000000002 0.0000000000 0.0000000335 -0.0001831111 0.0000000000 0.0000000335
0 0.0000000000 0.0000000335 0.0000001127 1 2.1127822546 -0.0178371877 1.4534318317 0.0000110890 -0.0001525925 -0.0033265175 2.1224576329
1 2.1127822546 0.0000110890 2.4778279527 2 8.5304919655 -0.0716775810 2.9198209346 0.0169737985 -0.0000610370 -0.1302835170 9.3082660945
2 8.5304919655 0.0169737985 2.4928704894 3 19.4967942583 -0.1625229350 4.4125254168 0.0000872190 0.0000915555 -0.0093386639 19.5793254207
3 19.4967942583 0.0000872190 22.7993969922 4 35.4370413025 -0.2920950531 5.9457313917 0.0001523178 0.0005493332 -0.0123294778 35.5841300621
4 35.4370413025 0.0001523178 259.3860308980 5 56.9895517244 -0.4629189737 7.5349358158 0.0002460052 0.0009460738 -0.0156559954 57.2266074811
5 56.9895517244 0.0002460052 66.5468866259 6 85.0546846937 -0.6784498997 9.1975208848 0.0118716126 0.0011291849 0.1089510788 83.0639288511
6 85.0546846937 0.0118716126 24.2419905475 7 120.8681753532 -0.9432561959 10.9534671726 0.0005150994 0.0019226661 -0.0226142155 121.3677257207
7 120.8681753532 0.0005150994 140.5952336617 8 166.1090961430 -1.2632774252 12.8262709425 0.0007047562 0.0025025178 -0.0264290292 166.7940954263
8 166.1090961430 0.0007047562 1214.4333105823 9 223.0590180122 -1.6461863526 14.8441600808 0.0009478397 0.0032959990 -0.0306100650 223.9795789191
9 223.0590180122 0.0009478397 258.2662355730 10 294.8392082555 -2.1018993295 17.0417495424 0.0239160027 0.0035706656 -0.1546067690 300.1476742874
10 294.8392082555 0.0239160027 79.9312977135 11 385.7702336650 -2.6433043303 19.4623527838 0.0016439909 0.0053407392 -0.0401928770 387.3646079561
11 385.7702336650 0.0016439909 444.0151703490 12 501.9293031133 -3.2873170886 22.1612916923 0.0021374804 0.0066835536 -0.0457472457 504.0030186258
12 501.9293031133 0.0021374804 3663.3589269941 13 652.0373719041 -4.0564462578 25.2107638849 0.0008647793 0.0110477004 -0.0272530290 653.5020048461
13 652.0373719041 0.0008647793 0.0000000075 14 848.9160412945 -4.9811735957 28.7072107824 0.0057282228 0.0085757012 0.0751976073 844.6897765007
14 848.9160412945 0.0057282228 575.1137930634 15 1111.9696563890 -6.1036863641 32.7828410782 0.0047599542 0.0125431074 -0.0678426466 1116.5756841317
15 1111.9696563890 0.0047599542 1259.6651097210 16 1471.6006044844 -7.4839470194 37.6243424061 0.0062890706 0.0154118473 -0.0777916807 1477.6912981107
16 1471.6006044844 0.0062890706 10712.4095139080 17 1977.4773672669 -9.2100018035 43.5046346272 0.0084723208 0.0190130314 -0.0900601215 1985.6721250523
17 1977.4773672669 0.0084723208 2217.2932691857 18 2715.0078863696 -11.4164317184 50.8396791216 0.0457008705 0.0197149571 -0.2128666036 2737.1478758086
18 2715.0078863696 0.0457008705 604.5310781376 19 3840.7690674406 -14.3195810195 60.2969208738 0.0165346308 0.0296334727 -0.1251258889 3856.7236915365
19 3840.7690674406 0.0165346308 4255.9060567621 20 5666.4503969544 -18.2905344173 73.0199065165 0.0244750352 0.0379650258 -0.1517685476 5690.0279235307
20 5666.4503969544 0.0244750352 41102.0205020482 21 8884.6878914780 -24.0232859648 91.1458700267 0.0384392628 0.0498672445 -0.1896114994 8921.6868910449
21 8884.6878914780 0.0384392628 9711.5298374946 22 15293.1812108315 -32.9831938150 119.1859477312 0.0097569557 0.0568865017 -0.0807519761 15316.1925664058
22 15293.1812108315 0.0097569557 2885.9294116618 23 30813.0178594113 -48.8903357780 168.5904888389 0.1342085147 0.1019318216 -0.3518784143 30941.7657376431
23 30813.0178594113 0.1342085147 33159.6924519817 24 85268.6870475096 -84.7654554848 279.4342581073 0.3728472437 0.1771904660 -0.5843379009 85625.6672115370
24 85268.6870475096 0.3728472437 276005.4671827777 25 633819.7631401893 -240.4353868769 758.9536137852 1.1179681486 0.3791314432 -0.9870296335 635501.4137532680
25 633819.7631401893 1.1179681486 286388.8797086810 26 1487242.6706067638 382.5429103021 -1157.9739169707 1.1283179338 -0.3584704123 0.9999084445 1489833.7953503721
26 1487242.6706067638 1.1283179338 218068.3353237663 27 126347.3573032327 115.6327581914 -336.1196550877 0.5591154561 -0.2432935575 0.7070528275 126879.4905339495
27 126347.3573032327 0.5591154561 130895.6847728105 28 44656.8803091275 71.1921520108 -198.9687357380 0.1985153888 -0.1501815851 0.4194769127 44845.3879069935
28 44656.8803091275 0.1985153888 270572.7187152831 29 23071.8305499850 52.9227566958 -142.3763055206 0.1030357605 -0.1119113742 0.3008514664 23169.4471432043
29 23071.8305499850 0.1030357605 7213.9810327152 30 14261.5999784892 42.9793637991 -111.4198109221 0.1057983809 -0.0740684225 0.3167210913 14338.6506124479
30 14261.5999784892 0.1057983809 1507.3755440454 31 9787.7300946267 36.7355081966 -91.8598526679 0.0441626331 -0.0780053102 0.1951353496 9829.3555956129
31 9787.7300946267 0.0441626331 9652.9066151260 32 7193.1517889307 32.4563197306 -78.3564872775 0.0326585623 -0.0692159795 0.1669362468 7223.8385152171
32 7193.1517889307 0.0326585623 51245.1646212595 33 5547.3504381126 29.3447388402 -68.4560935236 0.0253462662 -0.0627765740 0.1463057344 5571.0911467950
33 5547.3504381126 0.0253462662 5309.9827629378 34 4433.6607840949 26.9832928106 -60.8733331861 0.0025731294 -0.0464491714 -0.0203863643 4433.6880885143
34 4433.6607840949 0.0025731294 272.4628917310 35 3642.3142008946 25.1321853346 -54.8697317398 0.0168514777 -0.0541398358 0.1179845576 3657.9999192011
35 3642.3142008946 0.0168514777 4118.6478554199 36 3058.1097691295 23.6438730898 -49.9907694924 0.0142552948 -0.0510879849 0.1079134495 3071.3292128442
36 3058.1097691295 0.0142552948 9504.7406325772 37 2613.3802923366 22.4226021940 -45.9413452479 0.0122769592 -0.0486465041 0.0995513779 2624.7211801601
37 2613.3802923366 0.0122769592 2324.4755868070 38 2266.1887169301 21.4035239437 -42.5214990296 0.2362528106 -0.0306405835 -0.4850917081 2226.4829494742
38 2266.1887169301 0.2362528106 96.5964708614 39 1989.3799035296 20.5411618372 -39.5909152951 0.0007594179 -0.0247810297 0.0120548112 1991.3532472520
39 1989.3799035296 0.0007594179 1220.6439358074 40 1764.7166187677 19.8026841069 -37.0482161639 0.0085114611 -0.0435499130 0.0813318278 1772.4763388410
40 1764.7166187677 0.0085114611 3201.6431970149 41 1579.5666756790 19.1637974283 -34.8183219556 0.0076829433 -0.0423291726 0.0767540513 1586.5416285433
41 1579.5666756790 0.0076829433 1274.2661197811 42 1424.9455138623 18.6061430026 -32.8444356997 0.0057573787 -0.0318918424 -0.0688497574 1421.6153767435
42 1424.9455138623 0.0057573787 0.8371165548 43 1294.3145452898 18.1155906024 -31.0827914193 0.0064369271 -0.0404675436 0.0692770165 1300.0938152294
43 1294.3145452898 0.0064369271 981.4866182828 44 1182.8186791613 17.6810889590 -29.4991147729 0.0059484968 -0.0397350993 0.0661030915 1188.1297126780
44 1182.8186791613 0.0059484968 8115.4114353297 45 1086.7883589162 17.2938717443 -28.0661782045 0.0055260324 -0.0390331736 0.0632648701 1091.6951605844
45 1086.7883589162 0.0055260324 766.3698891054 46 1003.4059832304 16.9468971249 -26.7620750516 0.0299408717 -0.0289315470 0.1705984680 1013.5476620099
46 1003.4059832304 0.0299408717 19.4764839489 47 930.4773509356 16.6344444842 -25.5689774461 0.0048685307 -0.0381176183 0.0584429456 934.7390029967
47 930.4773509356 0.0048685307 601.2463202352 48 866.2718771020 16.3518191926 -24.4722268336 0.0045967412 -0.0377208777 0.0563371685 870.2674757205
48 866.2718771020 0.0045967412 5819.5660331752 49 809.4088451042 16.0951331033 -23.4596576167 0.0043631568 -0.0374462111 0.0544145024 813.1717029568
49 809.4088451042 0.0043631568 470.3042278938 50 758.7750936918 15.8611390452 -22.5210870493 0.0082664404 -0.0269783624 -0.0868251595 755.7283812974
50 758.7750936918 0.0082664404 371.3976580682 51 713.4645585923 15.6471044309 -21.6479255708 0.0018838769 0.0043641469 0.0431836909 715.1995445994
51 713.4645585923 0.0018838769 2140.0560866628 52 672.7332588121 15.4507136065 -20.8328756503 0.0038336257 -0.0369884335 0.0496536149 675.9489429932
52 672.7332588121 0.0038336257 4390.3674472409 53 635.9653623263 15.2699915993 -20.0696965319 0.0037012143 -0.0368968780 0.0483718375 639.0375097729
53 635.9653623263 0.0037012143 273.9756597922 54 602.6473095625 15.1032439871 -19.3530186438 0.0254991139 -0.0255439924 0.1576281014 609.5455621487
54 602.6473095625 0.0254991139 262.2422898463 55 572.3478717268 14.9490090513 -18.6781958473 0.0034912292 -0.0370189520 0.0460524308 575.1785088963
55 572.3478717268 0.0034912292 197.7252810740 56 544.7026317240 14.8060193823 -18.0411868172 0.0034213310 -0.0372020631 0.0451368755 547.4363275952
56 544.7026317240 0.0034213310 3409.4181395786 57 519.4017966581 14.6731708311 -17.4384590609 0.0033535955 -0.0373546556 0.0442518387 522.0447404960
57 519.4017966581 0.0033535955 132.2630467627 58 496.1805454275 14.5494972178 -16.8669106874 0.0099819928 -0.0243537706 -0.0968962676 493.6305162717
58 496.1805454275 0.0099819928 598.4015632853 59 474.8113235264 14.4341495909 -16.3238062080 0.0032842534 -0.0380565813 0.0428479873 477.3121210374
59 474.8113235264 0.0032842534 76.7373816467 60 455.0976467018 14.3263791099 -15.8067235157 0.0032774664 -0.0385448775 0.0423291726 457.5435122802
60 455.0976467018 0.0032774664 2671.4340804559 61 436.8690833573 14.2255228356 -15.3135098332 0.0032866862 -0.0390942106 0.0419324320 439.2689066360
61 436.8690833573 0.0032866862 4.9909947532 62 419.9771650098 14.1309918663 -14.8422449071 0.0228513308 -0.0233161412 0.1493575854 425.0925804668
62 419.9771650098 0.0228513308 1336.8838736570 63 404.2920326807 14.0422613834 -14.3912100923 0.0033676640 -0.0405896176 0.0414746544 406.6290813137
63 404.2920326807 0.0033676640 4.3959568944 64 389.6996708911 13.9588622547 -13.9588622547 0.0034529635 -0.0415662099 0.0415356914 392.0231398413
64 389.6996708911 0.0034529635 2048.0898474792 65 376.0996138446 13.8803739218 -13.5438116362 0.0035711816 -0.0427869503 0.0417188025 378.4210459683
65 376.0996138446 0.0035711816 5.6234500006 66 363.4030333709 13.8064183455 -13.1448029974 0.0112866430 -0.0220954009 -0.1039155248 361.2925385067
66 363.4030333709 0.0112866430 3254.5290561036 67 351.5311372978 13.7366548331 -12.7606994830 0.0039656273 -0.0462050233 0.0427869503 353.8964906684
67 351.5311372978 0.0039656273 279.1199498874 68 340.4138216345 13.6707755991 -12.3904687625 0.0042719701 -0.0484633930 0.0438550981 342.8299283934
68 340.4138216345 0.0042719701 1418.1398628428 69 329.9885313475 13.6085019432 -12.0331710787 0.0047003301 -0.0513626514 0.0454115421 332.4840588718
69 329.9885313475 0.0047003301 285.0909865934 70 320.1992934140 13.5495809466 -11.6879489041 0.0207478588 -0.0204474013 0.1425824763 324.1071421068
70 320.1992934140 0.0207478588 10208.1043633040 71 310.9958928310 13.4937826066 -11.3540179583 0.0062537592 -0.0605182043 0.0509048738 313.7913352778
71 310.9958928310 0.0062537592 957.3175287519 72 302.3331677744 13.4408973442 -11.0306593800 0.0077473453 -0.0680562761 0.0558183538 305.4018164585
72 302.3331677744 0.0077473453 563.9727798161 73 294.1704044999 13.3907338287 -10.7172128853 0.0103789886 -0.0795617542 0.0636310923 297.6754599592
73 294.1704044999 0.0103789886 3506.4335267303 74 286.4708160675 13.3431170739 -10.4130707681 0.0130220301 -0.0151676992 -0.1131015961 284.5331370215
74 286.4708160675 0.0130220301 72793.5449804843 75 279.2010917898 13.2978867658 -10.1176726254 0.0316514776 -0.1416058840 0.1076998199 285.1782043281
75 279.2010917898 0.0316514776 22277.7002583672 76 272.3310065922 13.2548957926 -9.8305007054 0.1297814681 -0.2893765069 0.2145756401 284.3508709098
76 272.3310065922 0.1297814681 10113.0521259309 77 265.8330812694 13.2140089462 -9.5510757949 1.5659154060 0.9995117038 -0.7529221473 226.6014504898
77 265.8330812694 1.5659154060 524311.9072521169 78 259.6822861673 13.1751017735 -9.2789535739 0.0258747709 -0.0426648762 0.1550950652 263.7106289298
78 259.6822861673 0.0258747709 417969.3754998860 79 253.8557820109 13.1380595590 -9.0137213755 0.0080393440 0.0739158300 -0.0507522813 251.0066663575
79 253.8557820109 0.0080393440 25498.3522621323 80 248.3326926213 13.1027764196 -8.7549953010 0.0027718196 0.0437635426 -0.0292672506 246.6761473305
80 248.3326926213 0.0027718196 6468.7572395119 81 243.0939050846 13.0691544984 -8.5024176433 0.0011168478 0.0280159917 -0.0182195502 242.0529108351
81 243.0939050846 0.0011168478 8655.3877380522 82 238.1218936245 13.0371032461 -8.2556545818 0.0123307454 -0.0275276955 -0.1075777459 237.0757377661
82 238.1218936245 0.0123307454 29266.8333214994 83 233.4005640019 13.0065387772 -8.0143941155 0.0001929706 0.0118411817 -0.0072634053 232.9763078106
83 233.4005640019 0.0001929706 4791.4413297144 84 228.9151157353 12.9773832937 -7.7783442058 0.0000699522 0.0071718497 -0.0043031098 228.6620998629
84 228.9151157353 0.0000699522 3416.9528674662 85 224.6519198349 12.9495645680 -7.5472311038 0.0000175323 0.0036011841 -0.0021362957 224.5264236005
85 224.6519198349 0.0000175323 3240.3117150052 86 220.5984100754 12.9230154774 -7.3207978421 0.0200438970 -0.0253608814 0.1392864772 223.3133083817
86 220.5984100754 0.0200438970 10827.2489485236 87 216.7429861144 12.8976735851 -7.0988028715 0.0000019382 -0.0012512589 0.0006103702 216.7839305053
87 216.7429861144 0.0000019382 2438.5071606820 88 213.0749269958 12.8734807616 -6.8810188255 0.0000118322 -0.0030518509 0.0015869625 213.1753545545
88 213.0749269958 0.0000118322 1552.5257316631 89 209.5843137862 12.8503828437 -6.6672314012 0.0043467552 0.0417493210 -0.0510269478 207.8352540878
89 209.5843137862 0.0043467552 198.5292405214 90 206.2619602523 12.8283293245 -6.4572383411 0.0442154321 -0.1859797967 0.0981170080 212.3449256566
90 206.2619602523 0.0442154321 5472.8710782305 91 203.0993506277 12.8072730735 -6.2508485062 0.0000571802 -0.0068056276 0.0032959990 203.3149364516
91 203.0993506277 0.0000571802 1645.7745039921 92 200.0885836829 12.7871700819 -6.0478810321 0.0000725852 -0.0077211829 0.0036011841 200.3296794922
92 200.0885836829 0.0000725852 5738.1595937926 93 197.2223223383 12.7679792315 -5.8481645566 0.0000878067 -0.0085451827 0.0038453322 197.4855958452
93 197.2223223383 0.0000878067 45.7076963139 94 194.4937482358 12.7496620843 -5.6515365144 0.0189498643 -0.0239265114 0.1355632191 196.6550889367
94 194.4937482358 0.0189498643 4077.0616247678 95 191.8965207077 12.7321826905 -5.4578424897 0.0001152535 -0.0098879971 0.0041810358 192.1940664011
95 191.8965207077 0.0001152535 1264.8804082140 96 189.4247396686 12.7155074144 -5.2669356235 0.0001265568 -0.0104068117 0.0042725913 189.7345289358
96 189.4247396686 0.0001265568 2005.3972971969 97 187.0729120145 12.6996047742 -5.0786760671 0.0001372201 -0.0108951079 0.0043031098 187.3934845647
97 187.0729120145 0.0001372201 1142.4451786883 98 184.8359211558 12.6844452962 -4.8929304803 0.0140042061 -0.0235602893 -0.1159703360 184.3127541801
98 184.8359211558 0.0140042061 3062.6168888126 99 182.7089993651 12.6700013816 -4.7095715681 0.0001558542 -0.0117191076 0.0043031098 183.0466490468
99 182.7089993651 0.0001558542 2727.3234434276 100 180.6877026495 12.6562471845 -4.5284776530 0.0001631004 -0.0120242927 0.0043031098 181.0312036655
100 180.6877026495 0.0001631004 3939.1103707544 101 178.7678878966 12.6431584996 -4.3495322794 0.0001700112 -0.0123294778 0.0042420728 179.1167270580
101 178.7678878966 0.0001700112 970.6725751974 102 176.9456920673 12.6307126600 -4.1726238469 0.3565479949 -0.3264870144 0.4999542222 189.7220092139
102 176.9456920673 0.3565479949 2355.0533315363 103 175.2175132429 12.6188884429 -3.9976452705 0.0253202909 0.1591235084 0.0000000000 171.2269099314
103 175.2175132429 0.0253202909 2707.8036998058 104 173.5799933311 12.6076659832 -3.8244936640 0.0001881955 -0.0131229591 0.0039979247 173.9416613717
104 173.5799933311 0.0001881955 948.2986344732 105 172.0300023119 12.5970266947 -3.6530700465 0.0001932324 -0.0133671072 0.0038148137 172.3948387187
105 172.0300023119 0.0001932324 858.5017966593 106 170.5646238371 12.5869531968 -3.4832790671 0.0145926562 -0.0231330302 -0.1185644093 170.3355793796
106 170.5646238371 0.0145926562 2096.2813417974 107 169.1811420901 12.5774292477 -3.3150287492 0.0002017936 -0.0137333293 0.0036317026 169.5508822353
107 169.1811420901 0.0002017936 816.6891736779 108 167.8770297892 12.5684396835 -3.1482302507 0.0002049230 -0.0138859218 0.0034791101 168.2481895329
108 167.8770297892 0.0002049230 1639.9920123271 109 166.6499372255 12.5599703612 -2.9827976384 0.0002081456 -0.0140385144 0.0033265175 167.0226366770
109 166.6499372255 0.0002081456 782.1097909372 110 165.4976822568 12.5520081073 -2.8186476775 0.0174780473 -0.0229804376 0.1301919614 166.8259921226
110 165.4976822568 0.0174780473 1849.9096477411 111 164.4182411725 12.5445406705 -2.6556996326 0.0002124374 -0.0142521439 0.0030518509 164.7922364070
111 164.4182411725 0.0002124374 753.1845250100 112 163.4097403616 12.5375566777 -2.4938750799 0.0002155519 -0.0144047365 0.0028382214 163.7853126526
112 163.4097403616 0.0002155519 1576.1116568022 113 162.4704487186 12.5310455948 -2.3330977306 0.0002180778 -0.0145268105 0.0026551103 162.8471283099
113 162.4704487186 0.0002180778 729.1936093040 114 161.5987707304 12.5249976897 -2.1732932623 0.0151575453 -0.0228583636 -0.1209753716 161.6607002584
114 161.5987707304 0.0151575453 1517.1385413076 115 160.7932401946 12.5194039996 -2.0143891606 0.0019808913 0.0368053224 0.0250251778 159.9744805779
115 160.7932401946 0.0019808913 4663.7461054381 116 160.0525145229 12.5142563004 -1.8563145666 0.0002230095 -0.0147709586 0.0021973327 160.4305905369
116 160.0525145229 0.0002230095 1529.9356298191 117 159.3753695903 12.5095470797 -1.6990001327 0.0002247093 -0.0148625141 0.0019531846 159.7540778614
117 159.3753695903 0.0002247093 693.2325993510 118 158.7606950913 12.5052695115 -1.5423778840 0.0168426901 -0.0228583636 0.1277504807 159.7433168082
118 158.7606950913 0.0168426901 1576.1827382219 119 158.2074903756 12.5014174341 -1.3863810854 0.0002262404 -0.0149540696 0.0016174810 158.5860956401
119 158.2074903756 0.0002262404 680.1966038704 120 157.7148607289 12.4979853303 -1.2309441143 0.0002275108 -0.0150151067 0.0014343699 158.0939366638
120 157.7148607289 0.0002275108 1498.6216677083 121 157.2820140812 12.4949683094 -1.0760023367 0.0002288558 -0.0150761437 0.0012512589 157.6616875270
121 157.2820140812 0.0002288558 670.1698985410 122 156.9082581141 12.4923620917 -0.9214919881 0.0157274564 -0.0227668081 -0.1233252968 157.2655214448
122 156.9082581141 0.0157274564 1509.8543293956 123 156.5929977495 12.4901629949 -0.7673500576 0.0002307381 -0.0151676992 0.0008239998 156.9733871509
123 156.5929977495 0.0002307381 662.8434450460 124 156.3357330094 12.4883679225 -0.6135141748 0.0002314785 -0.0151982177 0.0007019257 156.7164276400
124 156.3357330094 0.0002314785 1480.5380858420 125 156.1360572229 12.4869743540 -0.4599224995 0.0002321836 -0.0152287362 0.0005188147 156.5170883130
125 156.1360572229 0.0002321836 107.0497281225 126 155.9936555768 12.4859803372 -0.3065136130 0.0162805318 -0.0227362896 0.1255531480 156.6546733354
126 155.9936555768 0.0162805318 1478.4881828456 127 155.9083039974 12.4853844820 -0.1532264114 0.0002310007 -0.0151982177 0.0001220740 156.2880835913
127 155.9083039974 0.0002310007 655.6568026324 128 155.8798683564 12.4851859560 0.0000000000 0.0002347113 -0.0153202918 0.0000000000 156.2626564507
128 155.8798683564 0.0002347113 200713.0511595092 129 155.9083039973 12.4853844820 0.1532264113 0.0002319377 -0.0152287362 -0.0001525925 156.2888559514
129 155.9083039973 0.0002319377 655.6944058630 130 155.9936555767 12.4859803372 0.3065136130 0.0162868093 -0.0227057711 -0.1255836665 156.6539362145
130 155.9936555767 0.0162868093 1478.4745087996 131 156.1360572229 12.4869743540 0.4599224995 0.0002304317 -0.0151676992 -0.0006103702 156.5156464426
131 156.1360572229 0.0002304317 189.6393829304 132 156.3357330093 12.4883679225 0.6135141748 0.0002315223 -0.0151982177 -0.0007324442 156.7164651307
132 156.3357330093 0.0002315223 1480.5671571220 133 156.5929977493 12.4901629949 0.7673500576 0.0002291063 -0.0151066622 -0.0009460738 156.9720481413
133 156.5929977493 0.0002291063 662.8440949775 134 156.9082581137 12.4923620917 0.9214919881 0.0157137958 -0.0227973266 0.1232642598 157.2663827707
134 156.9082581137 0.0157137958 1509.9536726008 135 157.2820140814 12.4949683094 1.0760023367 0.0002299334 -0.0151066622 -0.0013122959 157.6625826124
135 157.2820140814 0.0002299334 670.1832222030 136 157.7148607289 12.4979853303 1.2309441143 0.0002275993 -0.0150151067 -0.0014648885 158.0940118854
136 157.7148607289 0.0002275993 1498.6730267162 137 158.2074903753 12.5014174341 1.3863810854 0.0002264416 -0.0149540696 -0.0016785180 158.5862650821
137 158.2074903753 0.0002264416 680.2212085956 138 158.7606950916 12.5052695115 1.5423778840 0.0168582888 -0.0228583636 -0.1278115177 159.7435206916
138 158.7606950916 0.0168582888 1576.1526915344 139 159.3753695904 12.5095470797 1.6990001327 0.0002248294 -0.0148625141 -0.0019837031 159.7541816836
139 159.3753695904 0.0002248294 693.1541786372 140 160.0525145230 12.5142563004 1.8563145666 0.0002240470 -0.0148014771 -0.0022278512 160.4314687113
140 160.0525145230 0.0002240470 1529.9960712926 141 160.7932401945 12.5194039996 2.0143891606 0.0008825239 -0.0119632557 -0.0271919919 161.2032188890
141 160.7932401945 0.0008825239 0.0000000000 142 161.5987707304 12.5249976897 2.1732932623 0.0151677244 -0.0229194006 0.1210058901 161.6621067631
142 161.5987707304 0.0151677244 575.1026581029 143 162.4704487187 12.5310455948 2.3330977306 0.0002175199 -0.0144962920 -0.0027161473 162.8466477050
143 162.4704487187 0.0002175199 729.1461277907 144 163.4097403616 12.5375566777 2.4938750799 0.0002167823 -0.0144352550 -0.0028992584 163.7863835754
144 163.4097403616 0.0002167823 1576.0860125812 145 164.4182411723 12.5445406705 2.6556996326 0.0002139956 -0.0143131809 -0.0030213324 164.7936072318
145 164.4182411723 0.0002139956 753.1553373263 146 165.4976822567 12.5520081073 2.8186476775 0.0174687000 -0.0229499191 -0.1301614429 166.8250445961
146 165.4976822567 0.0174687000 1849.9441508836 147 166.6499372255 12.5599703612 2.9827976384 0.0002088013 -0.0140690329 -0.0032959990 167.0232218947
147 166.6499372255 0.0002088013 782.0245789744 148 167.8770297890 12.5684396835 3.1482302507 0.0002055601 -0.0139164403 -0.0034485916 168.2487651513
148 167.8770297890 0.0002055601 1640.0129381361 149 169.1811420898 12.5774292477 3.3150287492 0.0002017936 -0.0137333293 -0.0036317026 169.5508822349
149 169.1811420898 0.0002017936 816.7292616527 150 170.5646238365 12.5869531968 3.4832790670 0.0145926562 -0.0231330302 0.1185644093 170.3355793791
150 170.5646238365 0.0145926562 2096.3271796393 151 172.0300023120 12.5970266947 3.6530700465 0.0001934661 -0.0133671072 -0.0038453322 172.3950619251
151 172.0300023120 0.0001934661 858.3766550665 152 173.5799933308 12.6076659832 3.8244936640 0.0001881955 -0.0131229591 -0.0039979247 173.9416613714
152 173.5799933308 0.0001881955 2809.8047206945 153 175.2175132418 12.6188884429 3.9976452705 0.0024153323 -0.0473952452 -0.0130008850 176.5200250515
153 175.2175132418 0.0024153323 2932.2408425553 154 176.9456920689 12.6307126601 4.1726238469 0.0001819580 -0.0134891812 0.0000000000 177.2866299701
154 176.9456920689 0.0001819580 2355.1024010161 155 178.7678878972 12.6431584997 4.3495322794 0.0001697532 -0.0123294778 -0.0042115543 179.1164613180
155 178.7678878972 0.0001697532 970.6990452222 156 180.6877026498 12.6562471845 4.5284776530 0.0001638352 -0.0120548112 -0.0043031098 181.0319769002
156 180.6877026498 0.0001638352 2023.3577975242 157 182.7089993651 12.6700013816 4.7095715681 0.0001568340 -0.0117496261 -0.0043336283 183.0477108239
157 182.7089993651 0.0001568340 6190.6151888840 158 184.8359211558 12.6844452962 4.8929304803 0.0139844180 -0.0235908078 0.1158787805 184.3144045625
158 184.8359211558 0.0139844180 3062.6654656150 159 187.0729120146 12.6996047742 5.0786760671 0.0001368196 -0.0108645894 -0.0043336283 187.3930190055
159 187.0729120146 0.0001368196 1142.4923041194 160 189.4247396686 12.7155074144 5.2669356235 0.0001259225 -0.0103762932 -0.0042725913 189.7337521848
160 189.4247396686 0.0001259225 2005.3998224953 161 191.8965207075 12.7321826905 5.4578424897 0.0001137075 -0.0097964415 -0.0042115543 192.1920665819
161 191.8965207075 0.0001137075 1264.8399226575 162 194.4937482357 12.7496620843 5.6515365143 0.0189498643 -0.0239265114 -0.1355632191 196.6550889365
162 194.4937482357 0.0189498643 4077.0659254169 163 197.2223223382 12.7679792315 5.8481645566 0.0000882799 -0.0085451827 -0.0039063692 197.4863102273
163 197.2223223382 0.0000882799 1288.8338885334 164 200.0885836826 12.7871700819 6.0478810321 0.0000721148 -0.0076906644 -0.0036011841 200.3288985308
164 200.0885836826 0.0000721148 4284.3143058680 165 203.0993506270 12.8072730735 6.2508485062 0.0000575965 -0.0068361461 -0.0032959990 203.3157185850
165 203.0993506270 0.0000575965 1645.7355112971 166 206.2619602499 12.8283293245 6.4572383410 0.2660970871 -0.0305795465 -0.5149388104 213.9627915825
166 206.2619602499 0.2660970871 5472.7078982602 167 209.5843137879 12.8503828437 6.6672314013 0.0007578718 -0.0247199927 -0.0121158483 210.3819527273
167 209.5843137879 0.0007578718 1220.7010197251 168 213.0749269964 12.8734807616 6.8810188255 0.0000117447 -0.0030213324 -0.0016174810 213.1749887056
168 213.0749269964 0.0000117447 3201.7051550647 169 216.7429861145 12.8976735851 7.0988028715 0.0000019764 -0.0012512589 -0.0006408887 216.7843638334
169 216.7429861145 0.0000019764 2438.5571659541 170 220.5984100761 12.9230154775 7.3207978421 0.0200438970 -0.0253608814 -0.1392864772 223.3133083823
170 220.5984100761 0.0200438970 10827.0732604341 171 224.6519198354 12.9495645680 7.5472311038 0.0000180706 0.0036927396 0.0021057772 224.5245135914
171 224.6519198354 0.0000180706 3240.3457102423 172 228.9151157356 12.9773832937 7.7783442058 0.0000699522 0.0071718497 0.0043031098 228.6620998632
172 228.9151157356 0.0000699522 3417.0672870378 173 233.4005640020 13.0065387772 8.0143941155 0.0001924193 0.0117801447 0.0073244423 232.9769166706
173 233.4005640020 0.0001924193 4791.7198564129 174 238.1218936246 13.0371032462 8.2556545818 0.0123405249 -0.0274666585 0.1076387829 237.0731482528
174 238.1218936246 0.0123405249 29267.7631438064 175 243.0939050849 13.0691544985 8.5024176433 0.0011179608 0.0280159917 0.0182500687 242.0523929861
175 243.0939050849 0.0011179608 8654.7879932068 176 248.3326926215 13.1027764196 8.7549953010 0.0027691494 0.0437330241 0.0292672506 246.6769444148
176 248.3326926215 0.0027691494 6468.8265746856 177 253.8557820109 13.1380595590 9.0137213755 0.0080210396 0.0738547929 0.0506607257 251.0099023811
177 253.8557820109 0.0080210396 25497.9241526251 178 259.6822861673 13.1751017735 9.2789535738 0.0258653053 -0.0426648762 -0.1550645466 263.7100531046
178 259.6822861673 0.0258653053 327304.8025904463 179 265.8330812696 13.2140089462 9.5510757949 1.2890407194 0.9135410627 0.6741538743 230.1012529376
179 265.8330812696 1.2890407194 361312.6899128327 180 272.3310065921 13.2548957926 9.8305007054 0.1297814681 -0.2893765069 -0.2145756401 284.3508709097
180 272.3310065921 0.1297814681 10113.1015925565 181 279.2010917896 13.2978867658 10.1176726254 0.0316428353 -0.1415753655 -0.1076998199 285.1773840222
181 279.2010917896 0.0316428353 22276.7282839539 182 286.4708160667 13.3431170738 10.4130707681 0.0130358406 -0.0151676992 0.1131626331 284.5318796657
182 286.4708160667 0.0130358406 72793.3822622593 183 294.1704045006 13.3907338288 10.7172128853 0.0103867601 -0.0795617542 -0.0636921293 297.6767760248
183 294.1704045006 0.0103867601 3506.1570523301 184 302.3331677746 13.4408973442 11.0306593800 0.0077431923 -0.0680257576 -0.0558183538 305.4009919133
184 302.3331677746 0.0077431923 563.8884681051 185 310.9958928308 13.4937826066 11.3540179583 0.0062500663 -0.0604876858 -0.0509048738 313.7905079644
185 310.9958928308 0.0062500663 957.3912076073 186 320.1992934145 13.5495809466 11.6879489041 0.0207540701 -0.0203863643 -0.1426129948 324.1062076642
186 320.1992934145 0.0207540701 10207.1132108805 187 329.9885313479 13.6085019433 12.0331710787 0.0047003301 -0.0513626514 -0.0454115421 332.4840588722
187 329.9885313479 0.0047003301 285.0215275537 188 340.4138216347 13.6707755991 12.3904687625 0.0042743703 -0.0484328745 -0.0439161351 342.8306089249
188 340.4138216347 0.0042743703 1418.2387015105 189 351.5311372978 13.7366548331 12.7606994830 0.0039624019 -0.0461134678 -0.0428479873 353.8955298597
189 351.5311372978 0.0039624019 51.1254586204 190 363.4030333709 13.8064183455 13.1448029974 0.0112893440 -0.0221564379 0.1039155248 361.2942266129
190 363.4030333709 0.0112893440 3254.4018039808 191 376.0996138450 13.8803739218 13.5438116362 0.0035762781 -0.0427869503 -0.0417798395 378.4227044129
191 376.0996138450 0.0035762781 5.6055612242 192 389.6996708911 13.9588622547 13.9588622547 0.0034554996 -0.0415662099 -0.0415662099 392.0239943848
192 389.6996708911 0.0034554996 2048.0878942545 193 404.2920326806 14.0422613834 14.3912100923 0.0033752669 -0.0405896176 -0.0415662099 406.6317241061
193 404.2920326806 0.0033752669 4.3954625667 194 419.9771650096 14.1309918663 14.8422449071 0.0228576055 -0.0232551042 -0.1493881039 425.0917676404
194 419.9771650096 0.0228576055 1336.9074319569 195 436.8690833575 14.2255228356 15.3135098332 0.0032919876 -0.0390636921 -0.0420239875 439.2708477271
195 436.8690833575 0.0032919876 7.4138912478 196 455.0976467016 14.3263791099 15.8067235156 0.0032781761 -0.0384533219 -0.0424207282 457.5437840571
196 455.0976467016 0.0032781761 2671.3687710766 197 474.8113235259 14.4341495909 16.3238062079 0.0032927113 -0.0379955443 -0.0430005799 477.3153492422
197 474.8113235259 0.0032927113 76.7313684069 198 496.1805454259 14.5494972178 16.8669106873 0.0099612892 -0.0242927335 0.0968047121 493.6318079685
198 496.1805454259 0.0099612892 598.4702634427 199 519.4017966594 14.6731708311 17.4384590609 0.0033639879 -0.0373851741 -0.0443433943 522.0488396709
199 519.4017966594 0.0033639879 132.3062284334 200 544.7026317243 14.8060193823 18.0411868172 0.0034172833 -0.0371105075 -0.0451673940 547.4347135822
200 544.7026317243 0.0034172833 3409.5872780329 201 572.3478717264 14.9490090513 18.6781958473 0.0034951550 -0.0369579150 -0.0461439863 575.1801081199
201 572.3478717264 0.0034951550 197.7318603615 202 602.6473095631 15.1032439871 19.3530186438 0.0254863792 -0.0254829554 -0.1575975829 609.5425244500
202 602.6473095631 0.0254863792 262.2258677010 203 635.9653623271 15.2699915993 20.0696965319 0.0037078289 -0.0368663594 -0.0484633930 639.0402593369
203 635.9653623271 0.0037078289 274.0258259955 204 672.7332588124 15.4507136065 20.8328756503 0.0038366573 -0.0369884335 -0.0496841334 675.9502176018
204 672.7332588124 0.0038366573 4390.3114936890 205 713.4645585922 15.6471044309 21.6479255708 0.0026195279 -0.0004272591 -0.0511795404 715.6964106189
205 713.4645585922 0.0026195279 0.0000000000 206 758.7750936915 15.8611390452 22.5210870492 0.0082439783 -0.0268562883 0.0867336039 755.7286102285
206 758.7750936915 0.0082439783 64.9188296651 207 809.4088451048 16.0951331033 23.4596576167 0.0043698031 -0.0374462111 -0.0544755394 813.1745734188
207 809.4088451048 0.0043698031 470.3511266802 208 866.2718771020 16.3518191926 24.4722268336 0.0046047641 -0.0376903592 -0.0564287240 870.2709668124
208 866.2718771020 0.0046047641 5819.5712771841 209 930.4773509351 16.6344444842 25.5689774461 0.0048756688 -0.0381176183 -0.0585039827 934.7421314427
209 930.4773509351 0.0048756688 601.2566879439 210 1003.4059832295 16.9468971249 26.7620750516 0.0299512854 -0.0289315470 -0.1706289865 1013.5493059000
210 1003.4059832295 0.0299512854 19.4833271074 211 1086.7883589165 17.2938717443 28.0661782045 0.0055298949 -0.0390331736 -0.0632953887 1091.6968775230
211 1086.7883589165 0.0055298949 766.3056188335 212 1182.8186791604 17.6810889590 29.4991147729 0.0059557625 -0.0396740623 -0.0661946471 1188.1329631550
212 1182.8186791604 0.0059557625 8115.2244855069 213 1294.3145452880 18.1155906024 31.0827914193 0.0064295254 -0.0403759880 -0.0692770165 1300.0904906610
213 1294.3145452880 0.0064295254 981.5514466717 214 1424.9455138565 18.6061430026 32.8444356996 0.0057450882 -0.0318308054 0.0687887204 1421.6171025731
214 1424.9455138565 0.0057450882 0.8395663444 215 1579.5666756827 19.1637974283 34.8183219557 0.0076871531 -0.0422681356 -0.0768150884 1586.5435437679
215 1579.5666756827 0.0076871531 1274.1773266151 216 1764.7166187681 19.8026841069 37.0482161639 0.0085134273 -0.0434583575 -0.0813928648 1772.4772373424
216 1764.7166187681 0.0085134273 377.7038781900 217 1989.3799035254 20.5411618372 39.5909152951 0.0071908461 0.0677510910 0.0509964293 1982.5657314920
217 1989.3799035254 0.0071908461 741.4655676447 218 2266.1887169373 21.4035239438 42.5214990296 0.0442214218 -0.1859797967 -0.0981475265 2282.5409443280
218 2266.1887169373 0.0442214218 96.5786782994 219 2613.3802923420 22.4226021941 45.9413452479 0.0122800682 -0.0486159856 -0.0995818964 2624.7226187885
219 2613.3802923420 0.0122800682 2324.5261139412 220 3058.1097691324 23.6438730898 49.9907694924 0.0142781825 -0.0511185034 -0.1080050050 3071.3398327490
220 3058.1097691324 0.0142781825 13846.8984829831 221 3642.3142008959 25.1321853346 54.8697317398 0.0168520747 -0.0540787988 -0.1180150761 3658.0002008969
221 3642.3142008959 0.0168520747 2349.0630963575 222 4433.6607840931 26.9832928106 60.8733331861 0.0025625005 -0.0463881344 0.0202642903 4433.6996460312
222 4433.6607840931 0.0025625005 272.4221571703 223 5547.3504381190 29.3447388403 68.4560935236 0.0253424354 -0.0627460555 -0.1463057344 5571.0893518553
223 5547.3504381190 0.0253424354 5309.7748509421 224 7193.1517889320 32.4563197307 78.3564872775 0.0326645287 -0.0691854610 -0.1669667653 7223.8413227942
224 7193.1517889320 0.0326645287 51244.3642518746 225 9787.7300946271 36.7355081967 91.8598526678 0.0442150520 -0.0780358287 -0.1952574236 9829.3803176645
225 9787.7300946271 0.0442150520 9652.8932277613 226 14261.5999784779 42.9793637991 111.4198109220 0.1058712027 -0.0740379040 -0.3168431654 14338.6752648586
226 14261.5999784779 0.1058712027 1507.6968499916 227 23071.8305500090 52.9227566959 142.3763055207 0.1030656606 -0.1118808557 -0.3009125034 23169.4613233317
227 23071.8305500090 0.1030656606 11012.8061168770 228 44656.8803091318 71.1921520109 198.9687357380 0.1985830424 -0.1501510666 -0.4195684683 44845.4200626701
228 44656.8803091318 0.1985830424 261123.7617191340 229 126347.3573032558 115.6327581916 336.1196550877 0.5591720765 -0.2432325205 -0.7071138646 126879.5175063189
229 126347.3573032558 0.5591720765 130895.6719281709 230 1487242.6706068614 382.5429103027 1157.9739169705 0.3769587437 -0.3563341166 -0.4999847407 1488673.6123229782
230 1487242.6706068614 0.3769587437 218066.7854468425 231 633819.7631401357 -240.4353868772 -758.9536137850 1.1098458569 0.3316141240 0.9999389630 635498.1511054101
231 633819.7631401357 1.1098458569 289856.8104719653 232 85268.6870475074 -84.7654554849 -279.4342581072 0.3727154098 0.1772209845 0.5842158269 85625.6040301951
232 85268.6870475074 0.3727154098 286870.4324116121 233 30813.0178594011 -48.8903357781 -168.5904888388 0.1341503128 0.1019623402 0.3517868587 30941.7377927687
233 30813.0178594011 0.1341503128 33158.7978993415 234 15293.1812107988 -32.9831938150 -119.1859477311 0.0097505748 0.0569170202 0.0806909391 15316.1800236782
234 15293.1812107988 0.0097505748 2886.0933258004 235 8884.6878914819 -24.0232859649 -91.1458700267 0.0384252595 0.0499588000 0.1895504624 8921.6801494304
235 8884.6878914819 0.0384252595 9711.5618998568 236 5666.4503969522 -18.2905344173 -73.0199065165 0.0244287410 0.0379650258 0.1516159551 5690.0055926471
236 5666.4503969522 0.0244287410 41100.8742509224 237 3840.7690674384 -14.3195810195 -60.2969208738 0.0165269944 0.0296334727 0.1250953703 3856.7200035537
237 3840.7690674384 0.0165269944 4255.5331785109 238 2715.0078863632 -11.4164317184 -50.8396791215 0.0456335271 0.0196539201 0.2127140110 2737.1308992966
238 2715.0078863632 0.0456335271 604.4667391598 239 1977.4773672678 -9.2100018035 -43.5046346272 0.0084569996 0.0190435499 0.0899685659 1985.6647057034
239 1977.4773672678 0.0084569996 2217.1774704899 240 1471.6006044841 -7.4839470194 -37.6243424061 0.0062795780 0.0154118473 0.0777306436 1477.6866956624
240 1471.6006044841 0.0062795780 10712.2075120148 241 1111.9696563882 -6.1036863641 -32.7828410782 0.0047284215 0.0126041444 0.0675984985 1116.5603899647
241 1111.9696563882 0.0047284215 1259.6094884098 242 848.9160412917 -4.9811735957 -28.7072107823 0.0057563197 0.0086062197 -0.0753807184 844.6795954154
242 848.9160412917 0.0057563197 1432.1259141311 243 652.0373719042 -4.0564462579 -25.2107638849 0.0153041472 0.0433973205 0.1158482620 658.2460002059
243 652.0373719042 0.0153041472 17832.4612171742 244 501.9293031124 -3.2873170886 -22.1612916923 0.0021243619 0.0067445906 0.0455946532 503.9966435066
244 501.9293031124 0.0021243619 3663.1041121744 245 385.7702336642 -2.6433043303 -19.4623527838 0.0016278500 0.0054322947 0.0399792474 387.3567603648
245 385.7702336642 0.0016278500 443.9760094441 246 294.8392082523 -2.1018993295 -17.0417495423 0.0238407873 0.0036011841 0.1543626209 300.1394059417
246 294.8392082523 0.0238407873 79.8946002811 247 223.0590180136 -1.6461863526 -14.8441600809 0.0009405833 0.0033265175 0.0304879910 223.9760479693
247 223.0590180136 0.0009405833 258.2679944644 248 166.1090961436 -1.2632774252 -12.8262709425 0.0006968674 0.0025330363 0.0262764367 166.7902502581
248 166.1090961436 0.0006968674 1214.3297489137 249 120.8681753537 -0.9432561959 -10.9534671727 0.0005068511 0.0019226661 0.0224311045 121.3637060710
249 120.8681753537 0.0005068511 140.6075382056 250 85.0546846926 -0.6784498997 -9.1975208848 0.0119050277 0.0011902219 -0.1091036714 83.0612381400
250 85.0546846926 0.0119050277 24.2368419715 251 56.9895517244 -0.4629189737 -7.5349358158 0.0002402484 0.0009155553 0.0154728843 57.2238140089
251 56.9895517244 0.0002402484 66.5144037469 252 35.4370413024 -0.2920950531 -5.9457313917 0.0001486128 0.0005798517 0.0121768853 35.5823296369
252 35.4370413024 0.0001486128 259.3807026561 253 19.4967942583 -0.1625229350 -4.4125254168 0.0000811464 0.0003051851 0.0090029603 19.5764261861
253 19.4967942583 0.0000811464 218.8533777940 254 8.5304919653 -0.0716775810 -2.9198209345 0.0169023049 0.0000610370 0.1300088504 9.3066081461
254 8.5304919653 0.0169023049 2.4892580076 255 2.1127822546 -0.0178371877 -1.4534318317 0.0000085845 0.0000305185 0.0029297769 2.1213083899
255 2.1127822546 0.0000085845 2.4769693289 