#int double real img int16 real16 img16 error
0 0.0128746466 0.1134664997 0.0000000000 0.0128195995 0.1132236702 0.0000000000 0.0000000590
0 0.0128746466 0.0128195995 0.0128195995 1 0.0141020229 0.1149339189 0.0298700040 0.0140702539 0.1148411512 0.0296945097 0.0000000394
1 0.0141020229 0.0140702539 0.0140632453 2 0.0185071686 0.1198129185 0.0644362719 0.0184613679 0.1196935942 0.0643024995 0.0000000321
2 0.0185071686 0.0184613679 0.0184613679 3 0.0292902240 0.1299812341 0.1113332958 0.0292313291 0.1298867763 0.1111789300 0.0000000328
3 0.0292902240 0.0292313291 0.0292324729 4 0.0585474824 0.1510641496 0.1890161504 0.0585010451 0.1510055849 0.1889400922 0.0000000092
4 0.0585474824 0.0585010451 0.0585010451 5 0.1767384902 0.2053539901 0.3668354248 0.1766237989 0.2052980132 0.3667104099 0.0000000188
5 0.1767384902 0.1766237989 0.1766363307 6 2.2615485124 0.5393088947 1.4038142429 1.2907706580 0.5392315439 1.0000000000 0.1630659487
6 2.2615485124 1.2907706580 2.2608313193 7 1.0587747973 -0.2441867016 -0.9995737352 1.0586766436 -0.2442396313 -0.9995117038 0.0000000066
7 1.0587747973 1.0586766436 1.0587688502 8 0.1574153778 -0.0495866786 -0.3936451944 0.1574052456 -0.0496230964 -0.3936277352 0.0000000016
8 0.1574153778 0.1574052456 0.1574052456 9 0.0631006890 -0.0053149483 -0.2511422712 0.0630982231 -0.0053407392 -0.2511368145 0.0000000007
9 0.0631006890 0.0630982231 0.0631292110 10 0.0348368381 0.0139823127 -0.1861218230 0.0348511459 0.0139469588 -0.1861629078 0.0000000029
10 0.0348368381 0.0348511459 0.0348625097 11 0.0225694723 0.0246407248 -0.1481968523 0.0225691722 0.0246284371 -0.1481978820 0.0000000002
11 0.0225694723 0.0225691722 0.0225586252 12 0.0160958182 0.0313186742 -0.1229429091 0.0161068808 0.0313119907 -0.1229895932 0.0000000022
12 0.0160958182 0.0161068808 0.0161068808 13 0.0122385480 0.0358456240 -0.1046596354 0.0122303725 0.0356761376 -0.1046784875 0.0000000291
13 0.0122385480 0.0122303725 0.0122325510 14 0.0097422634 0.0390844213 -0.0906348247 0.0097471101 0.0390636921 -0.0906704917 0.0000000017
14 0.0097422634 0.0097471101 0.0097471101 15 0.0080276051 0.0414940251 -0.0794093887 0.0080379804 0.0414441359 -0.0795007172 0.0000000108
15 0.0080276051 0.0080379804 0.0080403052 16 0.0067960630 0.0433403463 -0.0701261534 0.0067938214 0.0433057649 -0.0701315348 0.0000000012
16 0.0067960630 0.0067938214 0.0067938214 17 0.0058806083 0.0447876282 -0.0622469007 0.0058749784 0.0447096164 -0.0622577593 0.0000000062
17 0.0058806083 0.0058749784 0.0058711793 18 0.0051815925 0.0459424844 -0.0554155273 0.0051783504 0.0458998383 -0.0554216132 0.0000000019
18 0.0051815925 0.0051783504 0.0051783504 19 0.0046364421 0.0468769139 -0.0493862027 0.0046356803 0.0468764306 -0.0493789483 0.0000000001
19 0.0046364421 0.0046356803 0.0046298070 20 0.0042041908 0.0476411271 -0.0439831078 0.0041974737 0.0475478378 -0.0440076907 0.0000000093
20 0.0042041908 0.0041974737 0.0041974737 21 0.0038570799 0.0482710737 -0.0390766345 0.0038510676 0.0482192450 -0.0390636921 0.0000000029
21 0.0038570799 0.0038510676 0.0038534529 22 0.0035757557 0.0487930564 -0.0345686756 0.0035667827 0.0487380596 -0.0345164342 0.0000000058
22 0.0035757557 0.0035667827 0.0035710000 23 0.0033464019 0.0492266616 -0.0303831806 0.0033460299 0.0491958373 -0.0304269539 0.0000000029
23 0.0033464019 0.0033460299 0.0033363175 24 0.0031589644 0.0495866786 -0.0264598883 0.0031565054 0.0495620594 -0.0264595477 0.0000000006
24 0.0031589644 0.0031565054 0.0031565054 25 0.0030060167 0.0498843885 -0.0227500431 0.0029975972 0.0498062075 -0.0227362896 0.0000000063
25 0.0030060167 0.0029975972 0.0029945581 26 0.0028820157 0.0501284495 -0.0192133875 0.0028831670 0.0501113926 -0.0192876980 0.0000000058
26 0.0028820157 0.0028831670 0.0028819906 27 0.0027828030 0.0503255135 -0.0158159937 0.0027733126 0.0502334666 -0.0158085879 0.0000000085
27 0.0027828030 0.0027733126 0.0027773455 28 0.0027052647 0.0504806627 -0.0125286620 0.0026991608 0.0504165777 -0.0125431074 0.0000000043
28 0.0027052647 0.0026991608 0.0026991608 29 0.0026470978 0.0505977185 -0.0093257027 0.0026402297 0.0505386517 -0.0092776269 0.0000000058
29 0.0026470978 0.0026402297 0.0026407969 30 0.0026066493 0.0506794601 -0.0061839836 0.0025983325 0.0505996887 -0.0061647389 0.0000000067
30 0.0026066493 0.0025983325 0.0025983325 31 0.0025828069 0.0507277758 -0.0030821559 0.0025823873 0.0507217627 -0.0031128880 0.0000000010
31 0.0025828069 0.0025823873 0.0025820110 32 0.0025749293 0.0507437613 0.0000000000 0.0025696022 0.0506912442 0.0000000000 0.0000000028
32 0.0025749293 0.0025696022 0.0025696022 33 0.0025828069 0.0507277758 0.0030821559 0.0025758229 0.0506607257 0.0030518509 0.0000000054
33 0.0025828069 0.0025758229 0.0025789160 34 0.0026066493 0.0506794601 0.0061839836 0.0026014219 0.0506302072 0.0061647389 0.0000000028
34 0.0026066493 0.0026014219 0.0026014219 35 0.0026470978 0.0505977185 0.0093257027 0.0026444516 0.0505691702 0.0093386639 0.0000000010
35 0.0026470978 0.0026444516 0.0026469701 36 0.0027052647 0.0504806627 0.0125286620 0.0027014744 0.0504470962 0.0125125889 0.0000000014
36 0.0027052647 0.0027014744 0.0027014744 37 0.0027828030 0.0503255135 0.0158159937 0.0027784846 0.0502945036 0.0157780694 0.0000000024
37 0.0027828030 0.0027784846 0.0027754157 38 0.0028820157 0.0501284495 0.0192133875 0.0028796435 0.0501113926 0.0191961425 0.0000000006
38 0.0028820157 0.0028796435 0.0028777584 39 0.0030060167 0.0498843885 0.0227500431 0.0029962103 0.0498062075 0.0227057711 0.0000000081
39 0.0030060167 0.0029962103 0.0029962103 40 0.0031589644 0.0495866786 0.0264598883 0.0031595314 0.0495925779 0.0264595477 0.0000000000
40 0.0031589644 0.0031595314 0.0031595314 41 0.0033464019 0.0492266616 0.0303831806 0.0033381719 0.0491348003 0.0303964354 0.0000000086
41 0.0033464019 0.0033381719 0.0033411719 42 0.0035757557 0.0487930564 0.0345686756 0.0035739757 0.0487685781 0.0345774712 0.0000000007
42 0.0035757557 0.0035739757 0.0035701375 43 0.0038570799 0.0482710737 0.0390766345 0.0038428016 0.0481582080 0.0390331736 0.0000000146
43 0.0038570799 0.0038428016 0.0038422465 44 0.0042041908 0.0476411271 0.0439831078 0.0041976917 0.0475783563 0.0439771722 0.0000000040
44 0.0042041908 0.0041976917 0.0041976917 45 0.0046364421 0.0468769139 0.0493862027 0.0046209282 0.0468153935 0.0492873928 0.0000000135
45 0.0046364421 0.0046209282 0.0046298070 46 0.0051815925 0.0459424844 0.0554155273 0.0051687879 0.0458693197 0.0553605762 0.0000000084
46 0.0051815925 0.0051687879 0.0051687879 47 0.0058806083 0.0447876282 0.0622469007 0.0058749784 0.0447096164 0.0622577593 0.0000000062
47 0.0058806083 0.0058749784 0.0058739092 48 0.0067960630 0.0433403463 0.0701261534 0.0067895418 0.0433057649 0.0701010163 0.0000000018
48 0.0067960630 0.0067895418 0.0067895418 49 0.0080276051 0.0414940251 0.0794093887 0.0080160567 0.0414136174 0.0793786431 0.0000000074
49 0.0080276051 0.0080160567 0.0080112126 50 0.0097422634 0.0390844213 0.0906348247 0.0097360453 0.0390636921 0.0906094546 0.0000000011
50 0.0097422634 0.0097360453 0.0097360453 51 0.0122385480 0.0358456240 0.1046596354 0.0122177542 0.0357676931 0.1045869320 0.0000000114
51 0.0122385480 0.0122177542 0.0122219566 52 0.0160958182 0.0313186742 0.1229429091 0.0160843684 0.0313119907 0.1228980377 0.0000000021
52 0.0160958182 0.0160843684 0.0160843684 53 0.0225694723 0.0246407248 0.1481968523 0.0225405415 0.0245979186 0.1481063265 0.0000000100
53 0.0225694723 0.0225405415 0.0225495824 54 0.0348368381 0.0139823127 0.1861218230 0.0348284240 0.0139469588 0.1861018708 0.0000000016
54 0.0348368381 0.0348284240 0.0348284240 55 0.0631006890 -0.0053149483 0.2511422712 0.0630522455 -0.0053407392 0.2510452589 0.0000000101
55 0.0631006890 0.0630522455 0.0630522455 56 0.1574153778 -0.0495866786 0.3936451944 0.1573541697 -0.0495925779 0.3935666982 0.0000000062
56 0.1574153778 0.1573541697 0.1573541697 57 1.0587747973 -0.2441867016 0.9995737352 1.0584638188 -0.2441785943 0.9994201483 0.0000000237
57 1.0587747973 1.0584638188 1.0585709228 58 2.2615485124 0.5393088947 -1.4038142429 1.2907377458 0.5392010254 -1.0000000000 0.1630659544
58 2.2615485124 1.2907377458 2.2611740148 59 0.1767384902 0.2053539901 -0.3668354248 0.1766560386 0.2052674947 -0.3667714469 0.0000000116
59 0.1767384902 0.1766560386 0.1766909561 60 0.0585474824 0.1510641496 -0.1890161504 0.0585241135 0.1510055849 -0.1890011292 0.0000000037
60 0.0585474824 0.0585241135 0.0585241135 61 0.0292902240 0.1299812341 -0.1113332958 0.0292675551 0.1299478133 -0.1112704855 0.0000000051
61 0.0292902240 0.0292675551 0.0292584882 62 0.0185071686 0.1198129185 -0.0644362719 0.0184877660 0.1197546312 -0.0643940550 0.0000000052
62 0.0185071686 0.0184877660 0.0184877660 63 0.0141020229 0.1149339189 -0.0298700040 0.0140863500 0.1148716697 -0.0298471023 0.0000000044
63 0.0141020229 0.0140863500 0.0140863500 