#int double real img int16 real16 img16 error
0 0.0000000000 -0.0000000000 0.0000000000 0.0000001826 -0.0004272591 0.0000000000 0.0000001826
0 0.0000000000 0.0000001826 0.0000000000 1 0.0000001678 -0.0000050272 0.0004096327 0.0000000019 -0.0000305185 -0.0000305185 0.0000001944
1 0.0000001678 0.0000000019 0.0437858156 2 0.0000006776 -0.0000202015 0.0008229173 0.0000004117 -0.0002746666 0.0005798517 0.0000001238
2 0.0000006776 0.0000004117 0.1772534114 3 0.0000015487 -0.0000458052 0.0012436186 0.0000006874 -0.0000915555 0.0008239998 0.0000001782
3 0.0000015487 0.0000006874 0.4052827435 4 0.0000028149 -0.0000823236 0.0016757348 0.0000023517 -0.0001525925 0.0015259255 0.0000000274
4 0.0000028149 0.0000023517 0.7371556009 5 0.0000045268 -0.0001304683 0.0021236334 0.0000037199 -0.0001525925 0.0019226661 0.0000000409
5 0.0000045268 0.0000037199 1.1855936608 6 0.0000067561 -0.0001912132 0.0025922136 0.0000058723 -0.0002441481 0.0024109622 0.0000000357
6 0.0000067561 0.0000058723 1.7696566288 7 0.0000096009 -0.0002658457 0.0030871065 0.0000084988 -0.0003051851 0.0028992584 0.0000000368
7 0.0000096009 0.0000084988 2.5139343177 8 0.0000131945 -0.0003560400 0.0036149343 0.0000127422 -0.0004577776 0.0035401471 0.0000000159
8 0.0000131945 0.0000127422 3.4557453443 9 0.0000177182 -0.0004639584 0.0041836527 0.0000159499 -0.0004577776 0.0039674062 0.0000000468
9 0.0000177182 0.0000159499 4.6402511893 10 0.0000234199 -0.0005923957 0.0048030176 0.0000219293 -0.0006408887 0.0046388134 0.0000000293
10 0.0000234199 0.0000219293 6.1348709704 11 0.0000306428 -0.0007449844 0.0054852363 0.0000295294 -0.0008239998 0.0053712577 0.0000000192
11 0.0000306428 0.0000295294 8.0256706917 12 0.0000398697 -0.0009264918 0.0062459006 0.0000378978 -0.0010071108 0.0060731834 0.0000000363
12 0.0000398697 0.0000378978 10.4431154975 13 0.0000517932 -0.0011432619 0.0071053587 0.0000506866 -0.0011902219 0.0070192572 0.0000000096
13 0.0000517932 0.0000506866 13.5660593889 14 0.0000674318 -0.0014038855 0.0080907913 0.0000651071 -0.0014648885 0.0079348125 0.0000000281
14 0.0000674318 0.0000651071 17.6623567935 15 0.0000883269 -0.0017202525 0.0092394600 0.0000851821 -0.0017395550 0.0090639973 0.0000000312
15 0.0000883269 0.0000851821 23.1363524225 16 0.0001168934 -0.0021092629 0.0106039804 0.0001155525 -0.0021668142 0.0105288858 0.0000000090
16 0.0001168934 0.0001155525 30.6199986447 17 0.0001570766 -0.0025957312 0.0122612720 0.0001568164 -0.0026551103 0.0122379223 0.0000000041
17 0.0001570766 0.0001568164 41.1444805158 18 0.0002156607 -0.0032175876 0.0143285684 0.0002137870 -0.0032654805 0.0142521439 0.0000000081
18 0.0002156607 0.0002137870 56.4925966294 19 0.0003050831 -0.0040358063 0.0169939813 0.0003025791 -0.0040894803 0.0169072542 0.0000000104
19 0.0003050831 0.0003025791 79.9146204858 20 0.0004501022 -0.0051549730 0.0205798058 0.0004471972 -0.0051576281 0.0205084384 0.0000000051
20 0.0004501022 0.0004471972 117.9033634485 21 0.0007057358 -0.0067706819 0.0256883964 0.0007054799 -0.0068361461 0.0256660665 0.0000000048
21 0.0007057358 0.0007054799 184.8591905088 22 0.0012147806 -0.0092959270 0.0335911641 0.0012065694 -0.0093691824 0.0334482864 0.0000000258
22 0.0012147806 0.0012065694 318.2089323098 23 0.0024475650 -0.0137791688 0.0475152556 0.0024394876 -0.0137943663 0.0474257637 0.0000000082
23 0.0024475650 0.0024394876 641.1201969014 24 0.0067731326 -0.0238901513 0.0787552743 0.0067543645 -0.0239570299 0.0786156804 0.0000000240
24 0.0067731326 0.0067543645 1774.2047327609 25 0.0503460934 -0.0677638990 0.2139021911 0.0502669283 -0.0677510910 0.2137211219 0.0000000330
25 0.0503460934 0.0502669283 13187.8502393872 26 0.1181358845 0.1078152409 -0.3263613922 0.1180535728 0.1076998199 -0.3262733848 0.0000000211
26 0.1181358845 0.1180535728 30944.9847450771 27 0.0100361273 0.0325897392 -0.0947313899 0.0100242821 0.0325022126 -0.0946989349 0.0000000087
27 0.0100361273 0.0100242821 2628.9000676451 28 0.0035472221 0.0200646746 -0.0560770089 0.0035460120 0.0199896237 -0.0560930204 0.0000000059
28 0.0035472221 0.0035460120 929.1921391625 29 0.0018326606 0.0149156594 -0.0401270949 0.0018320988 0.0148014771 -0.0401623585 0.0000000143
29 0.0018326606 0.0018320988 480.0444053105 30 0.0011328392 0.0121132305 -0.0314023693 0.0011334189 0.0120548112 -0.0314340648 0.0000000044
30 0.0011328392 0.0011334189 296.7161879925 31 0.0007774670 0.0103534729 -0.0258896241 0.0007764882 0.0102542192 -0.0259102145 0.0000000103
31 0.0007774670 0.0007764882 203.6550983720 32 0.0005713724 0.0091474338 -0.0220838586 0.0005722665 0.0090945158 -0.0221259194 0.0000000046
32 0.0005713724 0.0005722665 149.6749635476 33 0.0004406417 0.0082704711 -0.0192935486 0.0004405890 0.0082094790 -0.0193182165 0.0000000043
33 0.0004406417 0.0004405890 115.4267662066 34 0.0003521782 0.0076049252 -0.0171564363 0.0003541421 0.0075380718 -0.0172429579 0.0000000120
34 0.0003521782 0.0003541421 92.2615445492 35 0.0002893193 0.0070832122 -0.0154643915 0.0002901452 0.0069887387 -0.0155339213 0.0000000138
35 0.0002893193 0.0002901452 75.7886651486 36 0.0002429143 0.0066637488 -0.0140893131 0.0002452452 0.0066225166 -0.0141911069 0.0000000121
36 0.0002429143 0.0002452452 63.6330063362 37 0.0002075882 0.0063195479 -0.0129480303 0.0002093415 0.0062868130 -0.0130314035 0.0000000080
37 0.0002075882 0.0002093415 54.3786201429 38 0.0001800098 0.0060323327 -0.0119841867 0.0001810983 0.0059816279 -0.0120548112 0.0000000076
38 0.0001800098 0.0001810983 47.1560384808 39 0.0001580221 0.0057892860 -0.0111582360 0.0001587005 0.0057069613 -0.0112308115 0.0000000120
39 0.0001580221 0.0001587005 41.3920656210 40 0.0001401764 0.0055811547 -0.0104416060 0.0001407668 0.0055848872 -0.0104678488 0.0000000007
40 0.0001401764 0.0001407668 36.7219033949 41 0.0001254694 0.0054010920 -0.0098131364 0.0001256934 0.0053407392 -0.0098574786 0.0000000056
41 0.0001254694 0.0001256934 32.8717485248 42 0.0001131874 0.0052439236 -0.0092568197 0.0001133088 0.0052186651 -0.0092776269 0.0000000011
42 0.0001131874 0.0001133088 29.6436802415 43 0.0001028111 0.0051056671 -0.0087603209 0.0001031465 0.0050355541 -0.0088198492 0.0000000085
43 0.0001028111 0.0001031465 26.9297160217 44 0.0000939546 0.0049832079 -0.0083139802 0.0000940665 0.0049134800 -0.0083620716 0.0000000072
44 0.0000939546 0.0000940665 24.6119655577 45 0.0000863267 0.0048740753 -0.0079101238 0.0000866975 0.0048219245 -0.0079653310 0.0000000058
45 0.0000863267 0.0000866975 22.6130374506 46 0.0000797034 0.0047762846 -0.0075425776 0.0000798350 0.0046998505 -0.0075991089 0.0000000090
46 0.0000797034 0.0000798350 20.8781073771 47 0.0000739104 0.0046882234 -0.0072063170 0.0000732707 0.0045777764 -0.0072328867 0.0000000129
47 0.0000739104 0.0000732707 19.3612137131 48 0.0000688104 0.0046085688 -0.0068972106 0.0000686706 0.0045472579 -0.0069277017 0.0000000047
48 0.0000688104 0.0000686706 18.0258327564 49 0.0000642936 0.0045362248 -0.0066118299 0.0000638451 0.0044251839 -0.0066530351 0.0000000140
49 0.0000642936 0.0000638451 16.8420833824 50 0.0000602716 0.0044702764 -0.0063473047 0.0000608098 0.0044862209 -0.0063783685 0.0000000012
50 0.0000602716 0.0000608098 15.7902869782 51 0.0000566725 0.0044099532 -0.0061012144 0.0000562898 0.0046082949 -0.0059205908 0.0000000720
51 0.0000566725 0.0000562898 14.8460906926 52 0.0000534371 0.0043546028 -0.0058715021 0.0000538831 0.0042115543 -0.0060121464 0.0000000402
52 0.0000534371 0.0000538831 13.9987878320 53 0.0000505165 0.0043036684 -0.0056564090 0.0000525894 0.0042725913 -0.0058595538 0.0000000422
53 0.0000505165 0.0000525894 13.2346145869 54 0.0000478700 0.0042566725 -0.0054544217 0.0000467366 0.0041505173 -0.0054322947 0.0000000118
54 0.0000478700 0.0000467366 12.5396626040 55 0.0000454632 0.0042132032 -0.0052642308 0.0000475795 0.0042115543 -0.0054628132 0.0000000394
55 0.0000454632 0.0000475795 11.9097515592 56 0.0000432673 0.0041729032 -0.0050846973 0.0000430111 0.0040894803 -0.0051271096 0.0000000088
56 0.0000432673 0.0000430111 11.3339519198 57 0.0000412576 0.0041354614 -0.0049148255 0.0000417742 0.0040894803 -0.0050050356 0.0000000103
57 0.0000412576 0.0000417742 10.8071825734 58 0.0000394130 0.0041006055 -0.0047537413 0.0000397746 0.0040284433 -0.0048524430 0.0000000149
58 0.0000394130 0.0000397746 10.3265926552 59 0.0000377156 0.0040680961 -0.0046006737 0.0000386047 0.0040284433 -0.0047303690 0.0000000184
59 0.0000377156 0.0000386047 9.8813569236 60 0.0000361497 0.0040377222 -0.0044549400 0.0000363843 0.0039979247 -0.0045167394 0.0000000054
60 0.0000361497 0.0000363843 9.4707382031 61 0.0000347017 0.0040092971 -0.0043159335 0.0000353226 0.0039674062 -0.0044251839 0.0000000137
61 0.0000347017 0.0000353226 9.0907440064 62 0.0000333600 0.0039826546 -0.0041831130 0.0000329969 0.0039063692 -0.0042115543 0.0000000066
62 0.0000333600 0.0000329969 8.7401929633 63 0.0000321141 0.0039576470 -0.0040559941 0.0000320134 0.0038453322 -0.0041505173 0.0000000215
63 0.0000321141 0.0000320134 8.4136894430 64 0.0000309549 0.0039341419 -0.0039341419 0.0000307588 0.0039063692 -0.0039368877 0.0000000008
64 0.0000309549 0.0000307588 8.1101209314 65 0.0000298747 0.0039120209 -0.0038171648 0.0000298088 0.0038758507 -0.0038453322 0.0000000021
65 0.0000298747 0.0000298088 7.8267200339 66 0.0000288661 0.0038911774 -0.0037047088 0.0000284229 0.0038453322 -0.0036927396 0.0000000022
66 0.0000288661 0.0000284229 7.5632800810 67 0.0000279231 0.0038715154 -0.0035964538 0.0000275549 0.0038758507 -0.0035401471 0.0000000032
67 0.0000279231 0.0000275549 7.3162542244 68 0.0000270400 0.0038529481 -0.0034921086 0.0000268908 0.0038453322 -0.0034791101 0.0000000002
68 0.0000270400 0.0000268908 7.0850569980 69 0.0000262119 0.0038353970 -0.0033914084 0.0000253866 0.0037842952 -0.0033265175 0.0000000068
69 0.0000262119 0.0000253866 6.8681989428 70 0.0000254343 0.0038187908 -0.0032941116 0.0000251566 0.0037537767 -0.0033265175 0.0000000053
70 0.0000254343 0.0000251566 6.6642795322 71 0.0000247033 0.0038030647 -0.0031999970 0.0000243593 0.0037537767 -0.0032044435 0.0000000024
71 0.0000247033 0.0000243593 6.4742768460 72 0.0000240152 0.0037881596 -0.0031088622 0.0000239718 0.0037537767 -0.0031434065 0.0000000024
72 0.0000240152 0.0000239718 6.2946022961 73 0.0000233668 0.0037740216 -0.0030205210 0.0000228076 0.0037232582 -0.0029908139 0.0000000035
73 0.0000233668 0.0000228076 6.1256336024 74 0.0000227552 0.0037606013 -0.0029348021 0.0000220420 0.0036927396 -0.0028992584 0.0000000059
74 0.0000227552 0.0000220420 5.9662787934 75 0.0000221777 0.0037478537 -0.0028515476 0.0000216918 0.0036927396 -0.0028382214 0.0000000032
75 0.0000221777 0.0000216918 5.8184296477 76 0.0000216320 0.0037357372 -0.0027706115 0.0000211805 0.0036927396 -0.0027466659 0.0000000024
76 0.0000216320 0.0000211805 5.6878205848 77 0.0000211159 0.0037242137 -0.0026918589 0.0000202389 0.0036317026 -0.0026551103 0.0000000099
77 0.0000211159 0.0000202389 5.4466320975 78 0.0000206273 0.0037132482 -0.0026151644 0.0000196977 0.0036011841 -0.0025940733 0.0000000130
78 0.0000206273 0.0000196977 5.3894845172 79 0.0000201645 0.0037028083 -0.0025404118 0.0000198281 0.0036622211 -0.0025330363 0.0000000017
79 0.0000201645 0.0000198281 5.2743187970 80 0.0000197258 0.0036928641 -0.0024674929 0.0000195226 0.0036622211 -0.0024719993 0.0000000010
80 0.0000197258 0.0000195226 5.1618312314 81 0.0000193096 0.0036833882 -0.0023963069 0.0000188558 0.0036317026 -0.0023804437 0.0000000029
81 0.0000193096 0.0000188558 5.0538084166 82 0.0000189147 0.0036743549 -0.0023267596 0.0000182075 0.0036011841 -0.0022888882 0.0000000068
82 0.0000189147 0.0000182075 4.9514456103 83 0.0000185397 0.0036657407 -0.0022587632 0.0000183752 0.0036622211 -0.0022278512 0.0000000010
83 0.0000185397 0.0000183752 4.8535110651 84 0.0000181834 0.0036575236 -0.0021922353 0.0000177968 0.0036011841 -0.0021973327 0.0000000032
84 0.0000181834 0.0000177968 4.7603934346 85 0.0000178447 0.0036496832 -0.0021270987 0.0000174447 0.0035706656 -0.0021668142 0.0000000078
85 0.0000178447 0.0000174447 4.6722498498 86 0.0000175228 0.0036422006 -0.0020632812 0.0000169306 0.0035706656 -0.0020447401 0.0000000055
86 0.0000175228 0.0000169306 4.5876307584 87 0.0000172165 0.0036350583 -0.0020007145 0.0000165646 0.0035706656 -0.0019531846 0.0000000064
87 0.0000172165 0.0000165646 4.5077280616 88 0.0000169251 0.0036282398 -0.0019393346 0.0000167835 0.0036011841 -0.0019531846 0.0000000009
88 0.0000169251 0.0000167835 4.4312168097 89 0.0000166479 0.0036217300 -0.0018790811 0.0000162153 0.0035706656 -0.0018616291 0.0000000029
89 0.0000166479 0.0000162153 4.3579093717 90 0.0000163840 0.0036155144 -0.0018198970 0.0000157748 0.0035401471 -0.0018005921 0.0000000061
90 0.0000163840 0.0000157748 4.2918664706 91 0.0000161328 0.0036095800 -0.0017617285 0.0000158828 0.0035706656 -0.0017700735 0.0000000016
91 0.0000161328 0.0000158828 4.2246870425 92 0.0000158936 0.0036039142 -0.0017045245 0.0000152485 0.0035401471 -0.0016479995 0.0000000073
92 0.0000158936 0.0000152485 4.1620165284 93 0.0000156659 0.0035985055 -0.0016482367 0.0000156844 0.0036011841 -0.0016479995 0.0000000000
93 0.0000156659 0.0000156844 4.1024555419 94 0.0000154492 0.0035933430 -0.0015928194 0.0000150511 0.0035401471 -0.0015869625 0.0000000029
94 0.0000154492 0.0000150511 4.0458702474 95 0.0000152429 0.0035884166 -0.0015382290 0.0000148611 0.0035401471 -0.0015259255 0.0000000025
95 0.0000152429 0.0000148611 3.9918762302 96 0.0000150465 0.0035837169 -0.0014844241 0.0000146785 0.0035401471 -0.0014648885 0.0000000023
96 0.0000150465 0.0000146785 3.9403689849 97 0.0000148597 0.0035792349 -0.0014313654 0.0000148956 0.0035706656 -0.0014648885 0.0000000012
97 0.0000148597 0.0000148956 3.8911171531 98 0.0000146820 0.0035749624 -0.0013790152 0.0000142883 0.0035096286 -0.0014038514 0.0000000049
98 0.0000146820 0.0000142883 3.8452694004 99 0.0000145131 0.0035708916 -0.0013273376 0.0000144187 0.0035401471 -0.0013733329 0.0000000031
99 0.0000145131 0.0000144187 3.8008371162 100 0.0000143525 0.0035670151 -0.0012762984 0.0000142548 0.0035401471 -0.0013122959 0.0000000020
100 0.0000143525 0.0000142548 3.7586727129 101 0.0000142000 0.0035633262 -0.0012258648 0.0000141756 0.0035401471 -0.0012817774 0.0000000037
101 0.0000142000 0.0000141756 3.7185214481 102 0.0000140553 0.0035598185 -0.0011760052 0.0000137472 0.0034791101 -0.0012817774 0.0000000177
102 0.0000140553 0.0000137472 3.6802730297 103 0.0000139180 0.0035564860 -0.0011266895 0.0000140452 0.0036011841 -0.0010376293 0.0000000099
103 0.0000139180 0.0000140452 3.6455083949 104 0.0000137879 0.0035533231 -0.0010778888 0.0000136736 0.0035401471 -0.0010681478 0.0000000003
104 0.0000137879 0.0000136736 3.6107648951 105 0.0000136648 0.0035503245 -0.0010295750 0.0000126975 0.0034180731 -0.0010071108 0.0000000180
105 0.0000136648 0.0000126975 3.5781567548 106 0.0000135484 0.0035474854 -0.0009817214 0.0000126761 0.0034485916 -0.0008850368 0.0000000191
106 0.0000135484 0.0000126761 3.5487249854 107 0.0000134385 0.0035448012 -0.0009343020 0.0000122057 0.0033875546 -0.0008545183 0.0000000311
107 0.0000134385 0.0000122057 3.5190594891 108 0.0000133349 0.0035422676 -0.0008872918 0.0000131008 0.0035096286 -0.0008850368 0.0000000011
108 0.0000133349 0.0000131008 3.4923797800 109 0.0000132375 0.0035398806 -0.0008406666 0.0000127338 0.0034791101 -0.0007934812 0.0000000059
109 0.0000132375 0.0000127338 3.4667956517 110 0.0000131459 0.0035376365 -0.0007944029 0.0000128996 0.0035096286 -0.0007629627 0.0000000018
110 0.0000131459 0.0000128996 3.4428173248 111 0.0000130602 0.0035355319 -0.0007484779 0.0000126407 0.0034791101 -0.0007324442 0.0000000034
111 0.0000130602 0.0000126407 3.4202710506 112 0.0000129801 0.0035335636 -0.0007028695 0.0000125969 0.0034791101 -0.0007019257 0.0000000030
112 0.0000129801 0.0000125969 3.3995068368 113 0.0000129055 0.0035317285 -0.0006575563 0.0000122290 0.0034485916 -0.0005798517 0.0000000129
113 0.0000129055 0.0000122290 3.3798063692 114 0.0000128362 0.0035300240 -0.0006125173 0.0000124404 0.0034791101 -0.0005798517 0.0000000037
114 0.0000128362 0.0000124404 3.3618380596 115 0.0000127723 0.0035284475 -0.0005677320 0.0000124060 0.0034791101 -0.0005493332 0.0000000028
115 0.0000127723 0.0000124060 3.3449050583 116 0.0000127134 0.0035269966 -0.0005231805 0.0000121620 0.0034485916 -0.0005188147 0.0000000062
116 0.0000127134 0.0000121620 3.3295673581 117 0.0000126596 0.0035256694 -0.0004788433 0.0000118928 0.0034180731 -0.0004577776 0.0000000120
117 0.0000126596 0.0000118928 3.3154400013 118 0.0000126108 0.0035244638 -0.0004347012 0.0000120753 0.0034485916 -0.0004272591 0.0000000058
118 0.0000126108 0.0000120753 3.3029589508 119 0.0000125669 0.0035233782 -0.0003907353 0.0000126258 0.0035401471 -0.0003051851 0.0000000076
119 0.0000125669 0.0000126258 3.2908150121 120 0.0000125277 0.0035224109 -0.0003469272 0.0000120269 0.0034485916 -0.0003662221 0.0000000058
120 0.0000125277 0.0000120269 3.2807949194 121 0.0000124934 0.0035215605 -0.0003032587 0.0000117587 0.0034180731 -0.0002746666 0.0000000115
121 0.0000124934 0.0000117587 3.2714353302 122 0.0000124637 0.0035208260 -0.0002597117 0.0000119384 0.0034485916 -0.0002136296 0.0000000073
122 0.0000124637 0.0000119384 3.2646132181 123 0.0000124386 0.0035202062 -0.0002162686 0.0000121377 0.0034791101 -0.0001831111 0.0000000028
123 0.0000124386 0.0000121377 3.2574892273 124 0.0000124182 0.0035197003 -0.0001729118 0.0000119161 0.0034485916 -0.0001525925 0.0000000055
124 0.0000124182 0.0000119161 3.2522730331 125 0.0000124023 0.0035193075 -0.0001296238 0.0000119161 0.0034485916 -0.0001525925 0.0000000055
125 0.0000124023 0.0000119161 3.2480806438 126 0.0000123910 0.0035190274 -0.0000863873 0.0000123212 0.0035096286 -0.0000610370 0.0000000007
126 0.0000123910 0.0000123212 3.2450791889 127 0.0000123842 0.0035188595 -0.0000431851 0.0000121042 0.0034791101 0.0000000000 0.0000000034
127 0.0000123842 0.0000121042 3.2432780724 128 0.0000123820 0.0035188035 0.0000000000 0.0000123175 0.0035096286 0.0000000000 0.0000000001
128 0.0000123820 0.0000123175 3.2429011283 129 0.0000123842 0.0035188595 0.0000431851 0.0000121042 0.0034791101 0.0000000000 0.0000000034
129 0.0000123842 0.0000121042 3.2431708567 130 0.0000123910 0.0035190274 0.0000863873 0.0000121079 0.0034791101 0.0000610370 0.0000000022
130 0.0000123910 0.0000121079 3.2453098506 131 0.0000124023 0.0035193075 0.0001296238 0.0000121079 0.0034791101 0.0000610370 0.0000000063
131 0.0000124023 0.0000121079 3.2481784219 132 0.0000124182 0.0035197003 0.0001729118 0.0000121275 0.0034791101 0.0001525925 0.0000000021
132 0.0000124182 0.0000121275 3.2523829759 133 0.0000124386 0.0035202062 0.0002162686 0.0000121377 0.0034791101 0.0001831111 0.0000000028
133 0.0000124386 0.0000121377 3.2574824645 134 0.0000124637 0.0035208260 0.0002597117 0.0000119524 0.0034485916 0.0002441481 0.0000000055
134 0.0000124637 0.0000119524 3.2642670160 135 0.0000124934 0.0035215605 0.0003032587 0.0000119859 0.0034485916 0.0003051851 0.0000000053
135 0.0000124934 0.0000119859 3.2719131725 136 0.0000125277 0.0035224109 0.0003469272 0.0000122169 0.0034791101 0.0003357036 0.0000000020
136 0.0000125277 0.0000122169 3.2810041361 137 0.0000125669 0.0035233782 0.0003907353 0.0000122169 0.0034791101 0.0003357036 0.0000000050
137 0.0000125669 0.0000122169 3.2911695873 138 0.0000126108 0.0035244638 0.0004347012 0.0000122616 0.0034791101 0.0003967406 0.0000000035
138 0.0000126108 0.0000122616 3.3026844621 139 0.0000126596 0.0035256694 0.0004788433 0.0000118406 0.0034180731 0.0003967406 0.0000000183
139 0.0000126596 0.0000118406 3.3152197487 140 0.0000127134 0.0035269966 0.0005231805 0.0000123426 0.0034791101 0.0004882962 0.0000000035
140 0.0000127134 0.0000123426 3.3297877001 141 0.0000127723 0.0035284475 0.0005677320 0.0000123734 0.0034791101 0.0005188147 0.0000000048
141 0.0000127723 0.0000123734 3.3449227908 142 0.0000128362 0.0035300240 0.0006125173 0.0000122290 0.0034485916 0.0005798517 0.0000000077
142 0.0000128362 0.0000122290 3.3617570007 143 0.0000129055 0.0035317285 0.0006575563 0.0000124768 0.0034791101 0.0006103702 0.0000000050
143 0.0000129055 0.0000124768 3.3800270055 144 0.0000129801 0.0035335636 0.0007028695 0.0000125550 0.0034791101 0.0006714072 0.0000000040
144 0.0000129801 0.0000125550 3.3992641333 145 0.0000130602 0.0035355319 0.0007484779 0.0000126407 0.0034791101 0.0007324442 0.0000000034
145 0.0000130602 0.0000126407 3.4201775401 146 0.0000131459 0.0035376365 0.0007944029 0.0000126407 0.0034791101 0.0007324442 0.0000000073
146 0.0000131459 0.0000126407 3.4427540953 147 0.0000132375 0.0035398806 0.0008406666 0.0000125718 0.0034485916 0.0008239998 0.0000000086
147 0.0000132375 0.0000125718 3.4667431368 148 0.0000133349 0.0035422676 0.0008872918 0.0000127832 0.0034791101 0.0008239998 0.0000000080
148 0.0000133349 0.0000127832 3.4920476278 149 0.0000134385 0.0035448012 0.0009343020 0.0000127310 0.0034485916 0.0009155553 0.0000000096
149 0.0000134385 0.0000127310 3.5193856581 150 0.0000135484 0.0035474854 0.0009817214 0.0000129993 0.0034791101 0.0009460738 0.0000000059
150 0.0000135484 0.0000129993 3.5485597065 151 0.0000136648 0.0035503245 0.0010295750 0.0000133318 0.0035096286 0.0010071108 0.0000000022
151 0.0000136648 0.0000133318 3.5777420526 152 0.0000137879 0.0035533231 0.0010778888 0.0000135469 0.0035401471 0.0010071108 0.0000000052
152 0.0000137879 0.0000135469 3.6106202370 153 0.0000139180 0.0035564860 0.0011266895 0.0000133942 0.0035096286 0.0010376293 0.0000000101
153 0.0000139180 0.0000133942 3.6435253950 154 0.0000140553 0.0035598185 0.0011760052 0.0000140228 0.0035401471 0.0012207404 0.0000000024
154 0.0000140553 0.0000140228 3.6829000719 155 0.0000142000 0.0035633262 0.0012258648 0.0000135944 0.0034791101 0.0012207404 0.0000000071
155 0.0000142000 0.0000135944 3.7191162568 156 0.0000143525 0.0035670151 0.0012762984 0.0000136699 0.0034791101 0.0012512589 0.0000000084
156 0.0000143525 0.0000136699 3.7588955511 157 0.0000145131 0.0035708916 0.0013273376 0.0000142548 0.0035401471 0.0013122959 0.0000000012
157 0.0000145131 0.0000142548 3.8011016605 158 0.0000146820 0.0035749624 0.0013790152 0.0000139903 0.0034791101 0.0013733329 0.0000000092
158 0.0000146820 0.0000139903 3.8450460668 159 0.0000148597 0.0035792349 0.0014313654 0.0000147205 0.0035706656 0.0014038514 0.0000000008
159 0.0000148597 0.0000147205 3.8916984689 160 0.0000150465 0.0035837169 0.0014844241 0.0000148956 0.0035706656 0.0014648885 0.0000000006
160 0.0000150465 0.0000148956 3.9404809246 161 0.0000152429 0.0035884166 0.0015382290 0.0000146785 0.0035401471 0.0014648885 0.0000000077
161 0.0000152429 0.0000146785 3.9916359949 162 0.0000154492 0.0035933430 0.0015928194 0.0000146227 0.0034791101 0.0015869625 0.0000000131
162 0.0000154492 0.0000146227 4.0454467604 163 0.0000156659 0.0035985055 0.0016482367 0.0000152485 0.0035401471 0.0016479995 0.0000000034
163 0.0000156659 0.0000152485 4.1020763056 164 0.0000158936 0.0036039142 0.0017045245 0.0000152485 0.0035401471 0.0016479995 0.0000000073
164 0.0000158936 0.0000152485 4.1619100531 165 0.0000161328 0.0036095800 0.0017617285 0.0000158828 0.0035706656 0.0017700735 0.0000000016
165 0.0000161328 0.0000158828 4.2244669464 166 0.0000163840 0.0036155144 0.0018198970 0.0000161026 0.0035706656 0.0018311106 0.0000000021
166 0.0000163840 0.0000161026 4.2894298563 167 0.0000166479 0.0036217300 0.0018790811 0.0000159983 0.0035401471 0.0018616291 0.0000000070
167 0.0000166479 0.0000159983 4.3594726641 168 0.0000169251 0.0036282398 0.0019393346 0.0000167835 0.0036011841 0.0019531846 0.0000000009
168 0.0000169251 0.0000167835 4.4322601633 169 0.0000172165 0.0036350583 0.0020007145 0.0000167835 0.0036011841 0.0019531846 0.0000000034
169 0.0000172165 0.0000167835 4.5083352912 170 0.0000175228 0.0036422006 0.0020632812 0.0000167136 0.0035401471 0.0020447401 0.0000000108
170 0.0000175228 0.0000167136 4.5880173666 171 0.0000178447 0.0036496832 0.0021270987 0.0000175323 0.0036011841 0.0021362957 0.0000000024
171 0.0000178447 0.0000175323 4.6721547373 172 0.0000181834 0.0036575236 0.0021922353 0.0000181069 0.0036622211 0.0021668142 0.0000000007
172 0.0000181834 0.0000181069 4.7609415215 173 0.0000185397 0.0036657407 0.0022587632 0.0000182895 0.0036317026 0.0022583697 0.0000000012
173 0.0000185397 0.0000182895 4.8539250558 174 0.0000189147 0.0036743549 0.0023267596 0.0000185689 0.0036317026 0.0023194067 0.0000000019
174 0.0000189147 0.0000185689 4.9510096241 175 0.0000193096 0.0036833882 0.0023963069 0.0000188558 0.0036317026 0.0023804437 0.0000000029
175 0.0000193096 0.0000188558 5.0538486056 176 0.0000197258 0.0036928641 0.0024674929 0.0000193727 0.0036622211 0.0024414808 0.0000000016
176 0.0000197258 0.0000193727 5.1617541887 177 0.0000201645 0.0037028083 0.0025404118 0.0000198281 0.0036622211 0.0025330363 0.0000000017
177 0.0000201645 0.0000198281 5.2739290222 178 0.0000206273 0.0037132482 0.0026151644 0.0000199837 0.0036622211 0.0025635548 0.0000000053
178 0.0000206273 0.0000199837 5.3892397255 179 0.0000211159 0.0037242137 0.0026918589 0.0000204615 0.0036622211 0.0026551103 0.0000000052
179 0.0000211159 0.0000204615 5.4465486524 180 0.0000216320 0.0037357372 0.0027706115 0.0000211805 0.0036927396 0.0027466659 0.0000000024
180 0.0000216320 0.0000211805 5.6874435233 181 0.0000221777 0.0037478537 0.0028515476 0.0000212448 0.0036317026 0.0028382214 0.0000000137
181 0.0000221777 0.0000212448 5.8188142646 182 0.0000227552 0.0037606013 0.0029348021 0.0000220420 0.0036927396 0.0028992584 0.0000000059
182 0.0000227552 0.0000220420 5.9658059190 183 0.0000233668 0.0037740216 0.0030205210 0.0000234046 0.0037537767 0.0030518509 0.0000000014
183 0.0000233668 0.0000234046 6.1253033269 184 0.0000240152 0.0037881596 0.0031088622 0.0000235918 0.0037537767 0.0030823695 0.0000000019
184 0.0000240152 0.0000235918 6.2939010447 185 0.0000247033 0.0038030647 0.0031999970 0.0000240538 0.0038148137 0.0030823695 0.0000000140
185 0.0000247033 0.0000240538 6.4731639147 186 0.0000254343 0.0038187908 0.0032941116 0.0000249544 0.0037537767 0.0032959990 0.0000000042
186 0.0000254343 0.0000249544 6.6646538545 187 0.0000262119 0.0038353970 0.0033914084 0.0000262360 0.0038148137 0.0034180731 0.0000000011
187 0.0000262119 0.0000262360 6.8683465040 188 0.0000270400 0.0038529481 0.0034921086 0.0000266384 0.0037842952 0.0035096286 0.0000000050
188 0.0000270400 0.0000266384 7.0851773779 189 0.0000279231 0.0038715154 0.0035964538 0.0000275213 0.0038148137 0.0036011841 0.0000000032
189 0.0000279231 0.0000275213 7.3162628154 190 0.0000288661 0.0038911774 0.0037047088 0.0000286436 0.0038148137 0.0037537767 0.0000000082
190 0.0000288661 0.0000286436 7.5637605479 191 0.0000298747 0.0039120209 0.0038171648 0.0000291056 0.0038148137 0.0038148137 0.0000000095
191 0.0000298747 0.0000291056 7.8263533898 192 0.0000309549 0.0039341419 0.0039341419 0.0000305194 0.0039063692 0.0039063692 0.0000000015
192 0.0000309549 0.0000305194 8.1099980201 193 0.0000321141 0.0039576470 0.0040559941 0.0000319743 0.0039368877 0.0040589618 0.0000000004
193 0.0000321141 0.0000319743 8.4139428826 194 0.0000333600 0.0039826546 0.0041831130 0.0000334775 0.0039674062 0.0042115543 0.0000000010
194 0.0000333600 0.0000334775 8.7395395215 195 0.0000347017 0.0040092971 0.0043159335 0.0000345002 0.0039979247 0.0043031098 0.0000000003
195 0.0000347017 0.0000345002 9.0913990185 196 0.0000361497 0.0040377222 0.0044549400 0.0000353226 0.0039674062 0.0044251839 0.0000000058
196 0.0000361497 0.0000353226 9.4704598436 197 0.0000377156 0.0040680961 0.0046006737 0.0000371844 0.0040284433 0.0045777764 0.0000000021
197 0.0000377156 0.0000371844 9.8801737811 198 0.0000394130 0.0041006055 0.0047537413 0.0000391412 0.0040589618 0.0047608875 0.0000000018
198 0.0000394130 0.0000391412 10.3243184446 199 0.0000412576 0.0041354614 0.0049148255 0.0000414175 0.0041199988 0.0049439985 0.0000000011
199 0.0000412576 0.0000414175 10.8090081712 200 0.0000432673 0.0041729032 0.0050846973 0.0000426395 0.0041199988 0.0050660726 0.0000000031
200 0.0000432673 0.0000426395 11.3344733656 201 0.0000454632 0.0042132032 0.0052642308 0.0000444613 0.0041505173 0.0052186651 0.0000000060
201 0.0000454632 0.0000444613 11.9086006984 202 0.0000478700 0.0042566725 0.0054544217 0.0000481719 0.0042420728 0.0054933317 0.0000000017
202 0.0000478700 0.0000481719 12.5408139184 203 0.0000505165 0.0043036684 0.0056564090 0.0000502172 0.0042420728 0.0056764428 0.0000000042
203 0.0000505165 0.0000502172 13.2337310105 204 0.0000534371 0.0043546028 0.0058715021 0.0000526881 0.0042420728 0.0058900723 0.0000000130
204 0.0000534371 0.0000526881 13.9985096206 205 0.0000566725 0.0044099532 0.0061012144 0.0000562898 0.0046082949 0.0059205908 0.0000000720
205 0.0000566725 0.0000562898 14.8455509769 206 0.0000602716 0.0044702764 0.0063473047 0.0000612512 0.0045777764 0.0063478500 0.0000000116
206 0.0000602716 0.0000612512 15.7889212593 207 0.0000642936 0.0045362248 0.0066118299 0.0000638554 0.0045167394 0.0065919980 0.0000000008
207 0.0000642936 0.0000638554 16.8423788038 208 0.0000688104 0.0046085688 0.0068972106 0.0000676889 0.0045777764 0.0068361461 0.0000000047
208 0.0000688104 0.0000676889 18.0253303163 209 0.0000739104 0.0046882234 0.0072063170 0.0000726718 0.0046082949 0.0071718497 0.0000000076
209 0.0000739104 0.0000726718 19.3608312468 210 0.0000797034 0.0047762846 0.0075425776 0.0000790294 0.0047608875 0.0075075533 0.0000000015
210 0.0000797034 0.0000790294 20.8776125119 211 0.0000863267 0.0048740753 0.0079101238 0.0000852473 0.0048219245 0.0078737754 0.0000000040
211 0.0000863267 0.0000852473 22.6133419670 212 0.0000939546 0.0049832079 0.0083139802 0.0000928446 0.0049439985 0.0082705161 0.0000000034
212 0.0000939546 0.0000928446 24.6105104376 213 0.0001028111 0.0051056671 0.0087603209 0.0001021584 0.0050965911 0.0087282937 0.0000000011
213 0.0001028111 0.0001021584 26.9305588474 214 0.0001131874 0.0052439236 0.0092568197 0.0001115467 0.0051576281 0.0092165899 0.0000000091
214 0.0001131874 0.0001115467 29.6463496625 215 0.0001254694 0.0054010920 0.0098131364 0.0001263491 0.0054017762 0.0098574786 0.0000000020
215 0.0001254694 0.0001263491 32.8680078591 216 0.0001401764 0.0055811547 0.0104416060 0.0001398345 0.0056154057 0.0104068117 0.0000000024
216 0.0001401764 0.0001398345 36.7201430747 217 0.0001580221 0.0057892860 0.0111582360 0.0001580337 0.0057679983 0.0111697745 0.0000000006
217 0.0001580221 0.0001580337 41.3938216140 218 0.0001800098 0.0060323327 0.0119841867 0.0001788994 0.0059816279 0.0119632557 0.0000000030
218 0.0001800098 0.0001788994 47.1509854988 219 0.0002075882 0.0063195479 0.0129480303 0.0002057920 0.0062562944 0.0129093295 0.0000000055
219 0.0002075882 0.0002057920 54.3779988886 220 0.0002429143 0.0066637488 0.0140893131 0.0002413921 0.0065919980 0.0140690329 0.0000000056
220 0.0002429143 0.0002413921 63.6292532162 221 0.0002893193 0.0070832122 0.0154643915 0.0002867950 0.0070192572 0.0154118473 0.0000000069
221 0.0002893193 0.0002867950 75.7850216454 222 0.0003521782 0.0076049252 0.0171564363 0.0003525020 0.0075685904 0.0171819208 0.0000000020
222 0.0003521782 0.0003525020 92.2453498514 223 0.0004406417 0.0082704711 0.0192935486 0.0004377344 0.0081789605 0.0192571795 0.0000000097
223 0.0004406417 0.0004377344 115.4189309335 224 0.0005713724 0.0091474338 0.0220838586 0.0005695693 0.0090945158 0.0220648824 0.0000000032
224 0.0005713724 0.0005695693 149.6719182154 225 0.0007774670 0.0103534729 0.0258896241 0.0007752150 0.0103457747 0.0258491775 0.0000000017
225 0.0007774670 0.0007752150 203.6541268054 226 0.0011328392 0.0121132305 0.0314023693 0.0011329765 0.0121158483 0.0314035463 0.0000000000
226 0.0011328392 0.0011329765 296.7454770439 227 0.0018326606 0.0149156594 0.0401270949 0.0018299184 0.0148930326 0.0401013215 0.0000000012
227 0.0018326606 0.0018299184 480.0587380849 228 0.0035472221 0.0200646746 0.0560770089 0.0035403893 0.0200201422 0.0560319834 0.0000000040
228 0.0035472221 0.0035403893 929.1795069249 229 0.0100361273 0.0325897392 0.0947313899 0.0100147103 0.0325327311 0.0946378979 0.0000000120
229 0.0100361273 0.0100147103 2628.8756598033 230 0.1181358845 0.1078152409 0.3263613922 0.1179805033 0.1077303385 0.3261513108 0.0000000513
230 0.1181358845 0.1179805033 30944.6851700103 231 0.0503460934 -0.0677638990 -0.2139021911 0.0502758397 -0.0677205725 -0.2137516404 0.0000000245
231 0.0503460934 0.0502758397 13187.7227451607 232 0.0067731326 -0.0238901513 -0.0787552743 0.0067658475 -0.0238959929 -0.0787072359 0.0000000023
232 0.0067731326 0.0067658475 1774.1850507765 233 0.0024475650 -0.0137791688 -0.0475152556 0.0024473391 -0.0137638478 -0.0475173193 0.0000000002
233 0.0024475650 0.0024473391 641.0996984902 234 0.0012147806 -0.0092959270 -0.0335911641 0.0012121316 -0.0093386639 -0.0335398419 0.0000000045
234 0.0012147806 0.0012121316 318.2263031358 235 0.0007057358 -0.0067706819 -0.0256883964 0.0007070474 -0.0068361461 -0.0256965850 0.0000000044
235 0.0007057358 0.0007070474 184.8605467947 236 0.0004501022 -0.0051549730 -0.0205798058 0.0004487656 -0.0051881466 -0.0205389569 0.0000000028
236 0.0004501022 0.0004487656 117.9014347638 237 0.0003050831 -0.0040358063 -0.0169939813 0.0003043981 -0.0040589618 -0.0169682913 0.0000000012
237 0.0003050831 0.0003043981 79.9130278689 238 0.0002156607 -0.0032175876 -0.0143285684 0.0002135886 -0.0032349620 -0.0142521439 0.0000000061
238 0.0002156607 0.0002135886 56.4831876519 239 0.0001570766 -0.0025957312 -0.0122612720 0.0001572439 -0.0025940733 -0.0122684408 0.0000000001
239 0.0001570766 0.0001572439 41.1432279632 240 0.0001168934 -0.0021092629 -0.0106039804 0.0001165808 -0.0021057772 -0.0105899228 0.0000000002
240 0.0001168934 0.0001165808 30.6203299056 241 0.0000883269 -0.0017202525 -0.0092394600 0.0000884298 -0.0017090365 -0.0092471084 0.0000000002
241 0.0000883269 0.0000884298 23.1368222028 242 0.0000674318 -0.0014038855 -0.0080907913 0.0000674635 -0.0014343699 -0.0080874050 0.0000000009
242 0.0000674318 0.0000674635 17.6643349251 243 0.0000517932 -0.0011432619 -0.0071053587 0.0000515472 -0.0011902219 -0.0070802942 0.0000000028
243 0.0000517932 0.0000515472 13.5691669698 244 0.0000398697 -0.0009264918 -0.0062459006 0.0000399795 -0.0009155553 -0.0062562944 0.0000000002
244 0.0000398697 0.0000399795 10.4433685002 245 0.0000306428 -0.0007449844 -0.0054852363 0.0000304244 -0.0007629627 -0.0054628132 0.0000000008
245 0.0000306428 0.0000304244 8.0259817082 246 0.0000234199 -0.0005923957 -0.0048030176 0.0000230386 -0.0006103702 -0.0047608875 0.0000000021
246 0.0000234199 0.0000230386 6.1324686290 247 0.0000177182 -0.0004639584 -0.0041836527 0.0000174364 -0.0004577776 -0.0041505173 0.0000000011
247 0.0000177182 0.0000174364 4.6418487733 248 0.0000131945 -0.0003560400 -0.0036149343 0.0000131026 -0.0003662221 -0.0036011841 0.0000000003
248 0.0000131945 0.0000131026 3.4557008467 249 0.0000096009 -0.0002658457 -0.0030871065 0.0000095764 -0.0002746666 -0.0030823695 0.0000000001
249 0.0000096009 0.0000095764 2.5147855808 250 0.0000067561 -0.0001912132 -0.0025922136 0.0000070831 -0.0001831111 -0.0026551103 0.0000000040
250 0.0000067561 0.0000070831 1.7693838259 251 0.0000045268 -0.0001304683 -0.0021236334 0.0000043300 -0.0001525925 -0.0020752586 0.0000000028
251 0.0000045268 0.0000043300 1.1857263339 252 0.0000028149 -0.0000823236 -0.0016757348 0.0000028211 -0.0000610370 -0.0016785180 0.0000000005
252 0.0000028149 0.0000028211 0.7374147572 253 0.0000015487 -0.0000458052 -0.0012436186 0.0000015694 -0.0000610370 -0.0012512589 0.0000000003
253 0.0000015487 0.0000015694 0.4056783050 254 0.0000006776 -0.0000202015 -0.0008229173 0.0000007339 -0.0000610370 -0.0008545183 0.0000000027
254 0.0000006776 0.0000007339 0.1773253614 255 0.0000001678 -0.0000050272 -0.0004096327 0.0000002179 -0.0000915555 -0.0004577776 0.0000000098
255 0.0000001678 0.0000002179 0.0439777487 