#int double real img int16 real16 img16 error
0 0.0000000000 -0.0000000000 0.0000000000 0.0000096901 -0.0031128880 0.0000000000 0.0000096901
0 0.0000000000 0.0000096901 0.0000000000 1 0.0000005307 -0.0000089398 0.0007284415 0.0000007339 0.0000610370 -0.0008545183 0.0000025107
1 0.0000005307 0.0000007339 0.1379214820 2 0.0000021428 -0.0000359239 0.0014633770 0.0000010804 -0.0007934812 0.0006714072 0.0000012011
2 0.0000021428 0.0000010804 0.5602531146 3 0.0000048974 -0.0000814544 0.0022115014 0.0000003958 -0.0001525925 0.0006103702 0.0000025687
3 0.0000048974 0.0000003958 1.2799383260 4 0.0000089014 -0.0001463943 0.0029799247 0.0000070533 -0.0000610370 0.0026551103 0.0000001128
4 0.0000089014 0.0000070533 2.3316456158 5 0.0000143151 -0.0002320091 0.0037764136 0.0000116096 -0.0003662221 0.0033875546 0.0000001692
5 0.0000143151 0.0000116096 3.7508790929 6 0.0000213648 -0.0003400304 0.0046096800 0.0000174093 -0.0004272591 0.0041505173 0.0000002184
6 0.0000213648 0.0000174093 5.5970795691 7 0.0000303607 -0.0004727480 0.0054897379 0.0000256260 -0.0005188147 0.0050355541 0.0000002084
7 0.0000303607 0.0000256260 7.9525744812 8 0.0000417247 -0.0006331385 0.0064283633 0.0000398202 -0.0008239998 0.0062562944 0.0000000660
8 0.0000417247 0.0000398202 10.9328121430 9 0.0000560299 -0.0008250476 0.0074397035 0.0000461191 -0.0007934812 0.0067445906 0.0000004842
9 0.0000560299 0.0000461191 14.6789914553 10 0.0000740603 -0.0010534451 0.0085411073 0.0000658085 -0.0009460738 0.0080568865 0.0000002460
10 0.0000740603 0.0000658085 19.4084351592 11 0.0000969011 -0.0013247904 0.0097542828 0.0000897524 -0.0014038514 0.0093691824 0.0000001546
11 0.0000969011 0.0000897524 25.3900927116 12 0.0001260789 -0.0016475614 0.0111069565 0.0001182191 -0.0016785180 0.0107425153 0.0000001338
12 0.0001260789 0.0001182191 33.0365708206 13 0.0001637844 -0.0020330391 0.0126353130 0.0001517152 -0.0020447401 0.0121463668 0.0000002392
13 0.0001637844 0.0001517152 42.9179179834 14 0.0002132381 -0.0024965006 0.0143876876 0.0002029532 -0.0025940733 0.0140079958 0.0000001537
14 0.0002132381 0.0002029532 55.8743419405 15 0.0002793141 -0.0030590897 0.0164303414 0.0002662125 -0.0030823695 0.0160222175 0.0000001671
15 0.0002793141 0.0002662125 73.1949945716 16 0.0003696494 -0.0037508587 0.0188568401 0.0003665919 -0.0037842952 0.0187688833 0.0000000089
16 0.0003696494 0.0003665919 96.8721213448 17 0.0004967199 -0.0046159353 0.0218039675 0.0004982330 -0.0046998505 0.0218207343 0.0000000073
17 0.0004967199 0.0004982330 130.1687217571 18 0.0006819791 -0.0057217698 0.0254801981 0.0006721616 -0.0057985168 0.0252693258 0.0000000504
18 0.0006819791 0.0006721616 178.7215550683 19 0.0009647576 -0.0071767912 0.0302200470 0.0009605959 -0.0071718497 0.0301522874 0.0000000046
19 0.0009647576 0.0009605959 252.8253797481 20 0.0014233480 -0.0091669823 0.0365966449 0.0014116592 -0.0092776269 0.0364085818 0.0000000476
20 0.0014233480 0.0014116592 373.0043121964 21 0.0022317327 -0.0120401642 0.0456811465 0.0021979297 -0.0121158483 0.0452894681 0.0000001591
21 0.0022317327 0.0021979297 584.8416483304 22 0.0038414734 -0.0165307557 0.0597344754 0.0038353841 -0.0166020692 0.0596636860 0.0000000101
22 0.0038414734 0.0038353841 1006.7023741166 23 0.0077398801 -0.0245032121 0.0844954007 0.0077138650 -0.0245674001 0.0843226417 0.0000000340
23 0.0077398801 0.0077138650 2028.2868272273 24 0.0214185258 -0.0424833641 0.1400488828 0.0213398631 -0.0423596912 0.1398052919 0.0000000746
24 0.0214185258 0.0213398631 5612.9726473358 25 0.1592083263 -0.1205031464 0.3803778621 0.1587452864 -0.1203955199 0.3798028504 0.0000003422
25 0.1592083263 0.1587452864 41721.8015873991 26 0.3735784685 0.1917256230 -0.5803617441 0.3727366890 0.1914426099 -0.5797296060 0.0000004797
26 0.3735784685 0.3727366890 97898.9541763020 27 0.0317370212 0.0579536622 -0.1684588801 0.0316316439 0.0578325755 -0.1681875057 0.0000000883
27 0.0317370212 0.0316316439 8316.9130046421 28 0.0112173012 0.0356805977 -0.0997205902 0.0112010595 0.0355845820 -0.0996734519 0.0000000114
28 0.0112173012 0.0112010595 2939.6281351399 29 0.0057953818 0.0265242100 -0.0713571867 0.0058004643 0.0265511032 -0.0713827937 0.0000000014
29 0.0057953818 0.0058004643 1518.6955595422 30 0.0035823519 0.0215407084 -0.0558421868 0.0035828024 0.0214545122 -0.0558793909 0.0000000088
30 0.0035823519 0.0035828024 938.7001983370 31 0.0024585666 0.0184113677 -0.0460389854 0.0024589348 0.0183111057 -0.0460829493 0.0000000120
31 0.0024585666 0.0024589348 644.2872265944 32 0.0018068380 0.0162666931 -0.0392712711 0.0018029242 0.0162053285 -0.0392468032 0.0000000044
32 0.0018068380 0.0018029242 473.5117386922 33 0.0013934314 0.0147072085 -0.0343093201 0.0013966686 0.0146183660 -0.0343943602 0.0000000151
33 0.0013934314 0.0013966686 365.1599737591 34 0.0011136852 0.0135236819 -0.0305089375 0.0011189341 0.0134891812 -0.0306100650 0.0000000114
34 0.0011136852 0.0011189341 291.8773015989 35 0.0009149080 0.0125959304 -0.0275000091 0.0009189548 0.0126956999 -0.0275276955 0.0000000107
35 0.0009149080 0.0009189548 239.7610737336 36 0.0007681624 0.0118500073 -0.0250547355 0.0007695318 0.0118411817 -0.0250862148 0.0000000011
36 0.0007681624 0.0007695318 201.3065898608 37 0.0006564514 0.0112379220 -0.0230252157 0.0006507818 0.0111392560 -0.0229499191 0.0000000154
37 0.0006564514 0.0006507818 172.0269572722 38 0.0005692409 0.0107271730 -0.0213112325 0.0005737530 0.0105899228 -0.0214850307 0.0000000490
38 0.0005692409 0.0005737530 149.1816601810 39 0.0004997096 0.0102949681 -0.0198424613 0.0004992436 0.0102237007 -0.0198675497 0.0000000057
39 0.0004997096 0.0004992436 130.9432785406 40 0.0004432768 0.0099248525 -0.0185680930 0.0004432807 0.0099490341 -0.0185552538 0.0000000007
40 0.0004432768 0.0004432807 116.1693144040 41 0.0003967692 0.0096046506 -0.0174504985 0.0003916283 0.0094912564 -0.0173650319 0.0000000202
41 0.0003967692 0.0003916283 103.9859286908 42 0.0003579301 0.0093251613 -0.0164612119 0.0003546553 0.0092776269 -0.0163884396 0.0000000076
42 0.0003579301 0.0003546553 93.7753110658 43 0.0003251171 0.0090793027 -0.0155782982 0.0003261635 0.0090029603 -0.0156559954 0.0000000119
43 0.0003251171 0.0003261635 85.1886723979 44 0.0002971106 0.0088615361 -0.0147845797 0.0003006726 0.0088808863 -0.0148930326 0.0000000121
44 0.0002971106 0.0003006726 77.8617786920 45 0.0002729889 0.0086674677 -0.0140664102 0.0002728644 0.0086062197 -0.0140995514 0.0000000048
45 0.0002729889 0.0002728644 71.5343490369 46 0.0002520442 0.0084935685 -0.0134128104 0.0002573671 0.0083925901 -0.0136722922 0.0000000775
46 0.0002520442 0.0002573671 66.0459697420 47 0.0002337253 0.0083369712 -0.0128148451 0.0002288520 0.0081789605 -0.0127262185 0.0000000328
47 0.0002337253 0.0002288520 61.2447631839 48 0.0002175977 0.0081953230 -0.0122651677 0.0002179102 0.0082094790 -0.0122684408 0.0000000002
48 0.0002175977 0.0002179102 57.0233458187 49 0.0002033143 0.0080666752 -0.0117576809 0.0002039544 0.0081179235 -0.0117496261 0.0000000027
49 0.0002033143 0.0002039544 53.2790527863 50 0.0001905957 0.0079494004 -0.0112872813 0.0001902641 0.0079653310 -0.0112613300 0.0000000009
50 0.0001905957 0.0001902641 49.9526520698 51 0.0001792142 0.0078421290 -0.0108496639 0.0001750733 0.0083620716 -0.0102542192 0.0000006249
51 0.0001792142 0.0001750733 46.9624260995 52 0.0001689830 0.0077437004 -0.0104411713 0.0001698063 0.0075075533 -0.0106509598 0.0000000998
52 0.0001689830 0.0001698063 44.2828366307 53 0.0001597473 0.0076531248 -0.0100586757 0.0001687222 0.0076906644 -0.0104678488 0.0000001688
53 0.0001597473 0.0001687222 41.8669580325 54 0.0001513782 0.0075695531 -0.0096994859 0.0001499241 0.0076601459 -0.0095522935 0.0000000299
54 0.0001513782 0.0001499241 39.6660713116 55 0.0001437673 0.0074922525 -0.0093612733 0.0001523960 0.0076296274 -0.0097048860 0.0000001369
55 0.0001437673 0.0001523960 37.6793765127 56 0.0001368231 0.0074205879 -0.0090420125 0.0001371531 0.0074159978 -0.0090639973 0.0000000005
56 0.0001368231 0.0001371531 35.8516746662 57 0.0001304678 0.0073540059 -0.0087399331 0.0001328743 0.0073854793 -0.0088503677 0.0000000132
57 0.0001304678 0.0001328743 34.1858871338 58 0.0001246349 0.0072920223 -0.0084534803 0.0001280880 0.0073854793 -0.0085757012 0.0000000237
58 0.0001246349 0.0001280880 32.6629645753 59 0.0001192672 0.0072342115 -0.0081812833 0.0001197717 0.0072023682 -0.0082399976 0.0000000045
59 0.0001192672 0.0001197717 31.2544362149 60 0.0001143154 0.0071801983 -0.0079221280 0.0001167372 0.0072328867 -0.0080263680 0.0000000136
60 0.0001143154 0.0001167372 29.9551789478 61 0.0001097366 0.0071296504 -0.0076749356 0.0001083772 0.0070497757 -0.0076601459 0.0000000066
61 0.0001097366 0.0001083772 28.7528122492 62 0.0001054935 0.0070822727 -0.0074387437 0.0001070947 0.0069582202 -0.0076601459 0.0000000644
62 0.0001054935 0.0001070947 27.6450189066 63 0.0001015536 0.0070378021 -0.0072126908 0.0001011292 0.0070802942 -0.0071413312 0.0000000069
63 0.0001015536 0.0001011292 26.6084305388 64 0.0000978881 0.0069960036 -0.0069960036 0.0000972593 0.0069582202 -0.0069887387 0.0000000015
64 0.0000978881 0.0000972593 25.6492522627 65 0.0000944720 0.0069566662 -0.0067879855 0.0000938840 0.0068666646 -0.0068361461 0.0000000104
65 0.0000944720 0.0000938840 24.7519729981 66 0.0000912827 0.0069196006 -0.0065880075 0.0000914698 0.0069582202 -0.0065614795 0.0000000022
66 0.0000912827 0.0000914698 23.9175321306 67 0.0000883006 0.0068846360 -0.0063954997 0.0000869554 0.0067445906 -0.0064394055 0.0000000215
67 0.0000883006 0.0000869554 23.1362261452 68 0.0000855081 0.0068516182 -0.0062099448 0.0000846624 0.0067751091 -0.0062257759 0.0000000061
68 0.0000855081 0.0000846624 22.4020907264 69 0.0000828894 0.0068204074 -0.0060308717 0.0000809052 0.0067445906 -0.0059511093 0.0000000121
69 0.0000828894 0.0000809052 21.7127227814 70 0.0000804304 0.0067908770 -0.0058578508 0.0000781474 0.0065919980 -0.0058900723 0.0000000406
70 0.0000804304 0.0000781474 21.0659910289 71 0.0000781186 0.0067629116 -0.0056904889 0.0000789558 0.0066530351 -0.0058900723 0.0000000519
71 0.0000781186 0.0000789558 20.4629978282 72 0.0000759427 0.0067364062 -0.0055284257 0.0000764150 0.0067751091 -0.0055238502 0.0000000015
72 0.0000759427 0.0000764150 19.8914866090 73 0.0000738923 0.0067112648 -0.0053713303 0.0000717330 0.0066225166 -0.0052797021 0.0000000163
73 0.0000738923 0.0000717330 19.3530324232 74 0.0000719582 0.0066873999 -0.0052188981 0.0000696541 0.0065614795 -0.0051576281 0.0000000196
74 0.0000719582 0.0000696541 18.8367316213 75 0.0000701321 0.0066647311 -0.0050708484 0.0000676126 0.0065004425 -0.0050355541 0.0000000282
75 0.0000701321 0.0000676126 18.3495413234 76 0.0000684065 0.0066431846 -0.0049269215 0.0000671953 0.0065614795 -0.0049134800 0.0000000069
76 0.0000684065 0.0000671953 17.8631147037 77 0.0000667743 0.0066226926 -0.0047868773 0.0000653195 0.0065309610 -0.0047608875 0.0000000091
77 0.0000667743 0.0000653195 17.7618461471 78 0.0000652292 0.0066031928 -0.0046504931 0.0000646908 0.0065919980 -0.0046082949 0.0000000019
78 0.0000652292 0.0000646908 17.1381299173 79 0.0000637657 0.0065846277 -0.0045175621 0.0000619712 0.0065919980 -0.0043031098 0.0000000460
79 0.0000637657 0.0000619712 16.7352651484 80 0.0000623784 0.0065669443 -0.0043878919 0.0000619665 0.0065309610 -0.0043946654 0.0000000013
80 0.0000623784 0.0000619665 16.3630817258 81 0.0000610624 0.0065500934 -0.0042613032 0.0000567508 0.0062868130 -0.0041505173 0.0000000816
81 0.0000610624 0.0000567508 16.0142383670 82 0.0000598135 0.0065340297 -0.0041376287 0.0000593410 0.0064699240 -0.0041810358 0.0000000060
82 0.0000598135 0.0000593410 15.6845383339 83 0.0000586276 0.0065187112 -0.0040167120 0.0000583938 0.0065309610 -0.0039674062 0.0000000026
83 0.0000586276 0.0000583938 15.3720828252 84 0.0000575009 0.0065040988 -0.0038984068 0.0000566465 0.0064699240 -0.0038453322 0.0000000040
84 0.0000575009 0.0000566465 15.0756662048 85 0.0000564300 0.0064901564 -0.0037825759 0.0000564882 0.0064394055 -0.0038758507 0.0000000113
85 0.0000564300 0.0000564882 14.7931391125 86 0.0000554118 0.0064768504 -0.0036690904 0.0000538728 0.0063783685 -0.0036317026 0.0000000111
86 0.0000554118 0.0000538728 14.5252328470 87 0.0000544434 0.0064641493 -0.0035578294 0.0000565804 0.0066530351 -0.0035096286 0.0000000380
87 0.0000544434 0.0000565804 14.2712926484 88 0.0000535220 0.0064520242 -0.0034486788 0.0000523994 0.0063478500 -0.0034791101 0.0000000118
88 0.0000535220 0.0000523994 14.0285319023 89 0.0000526452 0.0064404478 -0.0033415313 0.0000527878 0.0063783685 -0.0034791101 0.0000000228
89 0.0000526452 0.0000527878 13.7951249941 90 0.0000518107 0.0064293949 -0.0032362854 0.0000499853 0.0063478500 -0.0031128880 0.0000000219
90 0.0000518107 0.0000499853 13.5867531615 91 0.0000510163 0.0064188418 -0.0031328455 0.0000488536 0.0063173315 -0.0029908139 0.0000000305
91 0.0000510163 0.0000488536 13.3734287663 92 0.0000502600 0.0064087664 -0.0030311208 0.0000490585 0.0063478500 -0.0029602954 0.0000000087
92 0.0000502600 0.0000490585 13.1749357836 93 0.0000495400 0.0063991482 -0.0029310254 0.0000488788 0.0063478500 -0.0029297769 0.0000000026
93 0.0000495400 0.0000488788 12.9844980166 94 0.0000488546 0.0063899679 -0.0028324780 0.0000474529 0.0063173315 -0.0027466659 0.0000000126
94 0.0000488546 0.0000474529 12.8059908204 95 0.0000482022 0.0063812074 -0.0027354010 0.0000467972 0.0063173315 -0.0026245918 0.0000000164
95 0.0000482022 0.0000467972 12.6349150484 96 0.0000475813 0.0063728500 -0.0026397209 0.0000466379 0.0063173315 -0.0025940733 0.0000000052
96 0.0000475813 0.0000466379 12.4718865632 97 0.0000469906 0.0063648798 -0.0025453676 0.0000456348 0.0062868130 -0.0024719993 0.0000000115
97 0.0000469906 0.0000456348 12.3173356993 98 0.0000464287 0.0063572820 -0.0024522743 0.0000448720 0.0063173315 -0.0022278512 0.0000000520
98 0.0000464287 0.0000448720 12.1704279948 99 0.0000458944 0.0063500429 -0.0023603771 0.0000465662 0.0064394055 -0.0022583697 0.0000000184
99 0.0000458944 0.0000465662 12.0299209942 100 0.0000453867 0.0063431495 -0.0022696152 0.0000452473 0.0063783685 -0.0021362957 0.0000000190
100 0.0000453867 0.0000452473 11.8963735912 101 0.0000449045 0.0063365896 -0.0021799301 0.0000472172 0.0065309610 -0.0021362957 0.0000000397
101 0.0000449045 0.0000472172 11.7716750481 102 0.0000444467 0.0063303519 -0.0020912658 0.0000445758 0.0064699240 -0.0016479995 0.0000002160
102 0.0000444467 0.0000445758 11.6487702869 103 0.0000440126 0.0063244258 -0.0020035688 0.0000470989 0.0064699240 -0.0022888882 0.0000001026
103 0.0000440126 0.0000470989 11.5385170735 104 0.0000436013 0.0063188012 -0.0019167874 0.0000431983 0.0062562944 -0.0020142216 0.0000000134
104 0.0000436013 0.0000431983 11.4282728656 105 0.0000432120 0.0063134690 -0.0018308721 0.0000352853 0.0057069613 -0.0016479995 0.0000004013
105 0.0000432120 0.0000352853 11.3236053497 106 0.0000428439 0.0063084203 -0.0017457750 0.0000402449 0.0061342204 -0.0016174810 0.0000000468
106 0.0000428439 0.0000402449 11.2292571807 107 0.0000424964 0.0063036470 -0.0016614501 0.0000350394 0.0056764428 -0.0016785180 0.0000003937
107 0.0000424964 0.0000350394 11.1351304788 108 0.0000421688 0.0062991415 -0.0015778528 0.0000405225 0.0061647389 -0.0015869625 0.0000000181
108 0.0000421688 0.0000405225 11.0527485831 109 0.0000418606 0.0062948968 -0.0014949401 0.0000403520 0.0061952574 -0.0014038514 0.0000000182
109 0.0000418606 0.0000403520 10.9716441405 110 0.0000415711 0.0062909062 -0.0014126702 0.0000387454 0.0061037019 -0.0012207404 0.0000000719
110 0.0000415711 0.0000387454 10.8955088017 111 0.0000413000 0.0062871636 -0.0013310028 0.0000389037 0.0061342204 -0.0011291849 0.0000000641
111 0.0000413000 0.0000389037 10.8248904293 112 0.0000410467 0.0062836633 -0.0012498984 0.0000407069 0.0062562944 -0.0012512589 0.0000000008
112 0.0000410467 0.0000407069 10.7589220777 113 0.0000408107 0.0062804001 -0.0011693188 0.0000380245 0.0060731834 -0.0010681478 0.0000000532
113 0.0000408107 0.0000380245 10.6967489100 114 0.0000405918 0.0062773689 -0.0010892268 0.0000381502 0.0061037019 -0.0009460738 0.0000000507
114 0.0000405918 0.0000381502 10.6393597642 115 0.0000403894 0.0062745655 -0.0010095861 0.0000380906 0.0060731834 -0.0010986663 0.0000000485
115 0.0000403894 0.0000380906 10.5863556516 116 0.0000402034 0.0062719855 -0.0009303612 0.0000391645 0.0061952574 -0.0008850368 0.0000000079
116 0.0000402034 0.0000391645 10.5370539975 117 0.0000400333 0.0062696253 -0.0008515172 0.0000383076 0.0061342204 -0.0008239998 0.0000000191
117 0.0000400333 0.0000383076 10.4931384817 118 0.0000398789 0.0062674814 -0.0007730201 0.0000386830 0.0061647389 -0.0008239998 0.0000000132
118 0.0000398789 0.0000386830 10.4531748973 119 0.0000397399 0.0062655508 -0.0006948365 0.0000379304 0.0061342204 -0.0005493332 0.0000000384
119 0.0000397399 0.0000379304 10.4140218868 120 0.0000396162 0.0062638307 -0.0006169335 0.0000384147 0.0061647389 -0.0006408887 0.0000000104
120 0.0000396162 0.0000384147 10.3830421694 121 0.0000395075 0.0062623186 -0.0005392786 0.0000360490 0.0059816279 -0.0005188147 0.0000000792
121 0.0000395075 0.0000360490 10.3525149273 122 0.0000394136 0.0062610124 -0.0004618400 0.0000355284 0.0059511093 -0.0003357036 0.0000001120
122 0.0000394136 0.0000355284 10.3301364868 123 0.0000393344 0.0062599102 -0.0003845861 0.0000381614 0.0061647389 -0.0003967406 0.0000000092
123 0.0000393344 0.0000381614 10.3090864485 124 0.0000392698 0.0062590106 -0.0003074855 0.0000369432 0.0060731834 -0.0002441481 0.0000000385
124 0.0000392698 0.0000369432 10.2926410606 125 0.0000392196 0.0062583121 -0.0002305073 0.0000350618 0.0059205908 -0.0000915555 0.0000001334
125 0.0000392196 0.0000350618 10.2784886600 126 0.0000391838 0.0062578139 -0.0001536207 0.0000376370 0.0061342204 -0.0000915555 0.0000000191
126 0.0000391838 0.0000376370 10.2693534978 127 0.0000391624 0.0062575153 -0.0000767951 0.0000391412 0.0062562944 0.0000000000 0.0000000059
127 0.0000391624 0.0000391412 10.2650973100 128 0.0000391553 0.0062574158 0.0000000000 0.0000605629 0.0077822199 0.0000000000 0.0000023250
128 0.0000391553 0.0000605629 9.6322077063 129 0.0000391624 0.0062575153 0.0000767951 0.0000384045 0.0061952574 0.0001525925 0.0000000096
129 0.0000391624 0.0000384045 10.2641435728 130 0.0000391838 0.0062578139 0.0001536207 0.0000399320 0.0063173315 0.0001525925 0.0000000035
130 0.0000391838 0.0000399320 10.2707703784 131 0.0000392196 0.0062583121 0.0002305073 0.0000380794 0.0061647389 0.0002746666 0.0000000107
131 0.0000392196 0.0000380794 10.2786698031 132 0.0000392698 0.0062590106 0.0003074855 0.0000376883 0.0061342204 0.0002441481 0.0000000196
132 0.0000392698 0.0000376883 10.2930706724 133 0.0000393344 0.0062599102 0.0003845861 0.0000369767 0.0060731834 0.0003051851 0.0000000412
133 0.0000393344 0.0000369767 10.3094054981 134 0.0000394136 0.0062610124 0.0004618400 0.0000395520 0.0062562944 0.0006408887 0.0000000321
134 0.0000394136 0.0000395520 10.3300352431 135 0.0000395075 0.0062623186 0.0005392786 0.0000377060 0.0061037019 0.0006714072 0.0000000426
135 0.0000395075 0.0000377060 10.3547619510 136 0.0000396162 0.0062638307 0.0006169335 0.0000391328 0.0062257759 0.0006103702 0.0000000015
136 0.0000396162 0.0000391328 10.3838443842 137 0.0000397399 0.0062655508 0.0006948365 0.0000395138 0.0062562944 0.0006103702 0.0000000072
137 0.0000397399 0.0000395138 10.4157401673 138 0.0000398789 0.0062674814 0.0007730201 0.0000388991 0.0061647389 0.0009460738 0.0000000405
138 0.0000398789 0.0000388991 10.4519488639 139 0.0000400333 0.0062696253 0.0008515172 0.0000376138 0.0060731834 0.0008545183 0.0000000386
139 0.0000400333 0.0000376138 10.4909931731 140 0.0000402034 0.0062719855 0.0009303612 0.0000388991 0.0061647389 0.0009460738 0.0000000117
140 0.0000402034 0.0000388991 10.5378088852 141 0.0000403894 0.0062745655 0.0010095861 0.0000388991 0.0061647389 0.0009460738 0.0000000161
141 0.0000403894 0.0000388991 10.5856344807 142 0.0000405918 0.0062773689 0.0010892268 0.0000393489 0.0061647389 0.0011597034 0.0000000177
142 0.0000405918 0.0000393489 10.6394377430 143 0.0000408107 0.0062804001 0.0011693188 0.0000401052 0.0062257759 0.0011597034 0.0000000031
143 0.0000408107 0.0000401052 10.6949691696 144 0.0000410467 0.0062836633 0.0012498984 0.0000398714 0.0061952574 0.0012207404 0.0000000087
144 0.0000410467 0.0000398714 10.7582548924 145 0.0000413000 0.0062871636 0.0013310028 0.0000412536 0.0063173315 0.0011597034 0.0000000303
145 0.0000413000 0.0000412536 10.8253851492 146 0.0000415711 0.0062909062 0.0014126702 0.0000419661 0.0063173315 0.0014343699 0.0000000012
146 0.0000415711 0.0000419661 10.8957453563 147 0.0000418606 0.0062948968 0.0014949401 0.0000406203 0.0061647389 0.0016174810 0.0000000320
147 0.0000418606 0.0000406203 10.9708008137 148 0.0000421688 0.0062991415 0.0015778528 0.0000410971 0.0061952574 0.0016479995 0.0000000157
148 0.0000421688 0.0000410971 11.0518626252 149 0.0000424964 0.0063036470 0.0016614501 0.0000395399 0.0060426649 0.0017395550 0.0000000742
149 0.0000424964 0.0000395399 11.1378665735 150 0.0000428439 0.0063084203 0.0017457750 0.0000430418 0.0063173315 0.0017700735 0.0000000007
150 0.0000428439 0.0000430418 11.2314256434 151 0.0000432120 0.0063134690 0.0018308721 0.0000415842 0.0061647389 0.0018921476 0.0000000259
151 0.0000432120 0.0000415842 11.3228360704 152 0.0000436013 0.0063188012 0.0019167874 0.0000424383 0.0061952574 0.0020142216 0.0000000248
152 0.0000436013 0.0000424383 11.4268485741 153 0.0000440126 0.0063244258 0.0020035688 0.0000406081 0.0059816279 0.0021973327 0.0000001551
153 0.0000440126 0.0000406081 11.5319094329 154 0.0000444467 0.0063303519 0.0020912658 0.0000461489 0.0066530351 0.0013733329 0.0000006196
154 0.0000444467 0.0000461489 11.6561447293 155 0.0000449045 0.0063365896 0.0021799301 0.0000406081 0.0061037019 0.0018311106 0.0000001759
155 0.0000449045 0.0000406081 11.7701463313 156 0.0000453867 0.0063431495 0.0022696152 0.0000438363 0.0062562944 0.0021668142 0.0000000181
156 0.0000453867 0.0000438363 11.8972519519 157 0.0000458944 0.0063500429 0.0023603771 0.0000463501 0.0063783685 0.0023804437 0.0000000012
157 0.0000458944 0.0000463501 12.0298981363 158 0.0000464287 0.0063572820 0.0024522743 0.0000426348 0.0061037019 0.0023194067 0.0000000820
158 0.0000464287 0.0000426348 12.1710865201 159 0.0000469906 0.0063648798 0.0025453676 0.0000455575 0.0062562944 0.0025330363 0.0000000119
159 0.0000469906 0.0000455575 12.3181710405 160 0.0000475813 0.0063728500 0.0026397209 0.0000470244 0.0063478500 0.0025940733 0.0000000027
160 0.0000475813 0.0000470244 12.4720857135 161 0.0000482022 0.0063812074 0.0027354010 0.0000454848 0.0061037019 0.0028687399 0.0000000948
161 0.0000482022 0.0000454848 12.6350859006 162 0.0000488546 0.0063899679 0.0028324780 0.0000470244 0.0062562944 0.0028077029 0.0000000185
162 0.0000488546 0.0000470244 12.8053711597 163 0.0000495400 0.0063991482 0.0029310254 0.0000498120 0.0063783685 0.0030213324 0.0000000086
163 0.0000495400 0.0000498120 12.9860229455 164 0.0000502600 0.0064087664 0.0030311208 0.0000498120 0.0063783685 0.0030213324 0.0000000010
164 0.0000502600 0.0000498120 13.1747571758 165 0.0000510163 0.0064188418 0.0031328455 0.0000505748 0.0064088870 0.0030823695 0.0000000026
165 0.0000510163 0.0000505748 13.3722300149 166 0.0000518107 0.0064293949 0.0032362854 0.0000478850 0.0061647389 0.0031434065 0.0000000787
166 0.0000518107 0.0000478850 13.5771845661 167 0.0000526452 0.0064404478 0.0033415313 0.0000495978 0.0062868130 0.0031739250 0.0000000517
167 0.0000526452 0.0000495978 13.8006953686 168 0.0000535220 0.0064520242 0.0034486788 0.0000537313 0.0065004425 0.0033875546 0.0000000061
168 0.0000535220 0.0000537313 14.0325542059 169 0.0000544434 0.0064641493 0.0035578294 0.0000544857 0.0064088870 0.0036622211 0.0000000140
169 0.0000544434 0.0000544857 14.2736055308 170 0.0000554118 0.0064768504 0.0036690904 0.0000540954 0.0063783685 0.0036622211 0.0000000097
170 0.0000554118 0.0000540954 14.5274453993 171 0.0000564300 0.0064901564 0.0037825759 0.0000552643 0.0062868130 0.0039674062 0.0000000755
171 0.0000564300 0.0000552643 14.7944232761 172 0.0000575009 0.0065040988 0.0038984068 0.0000586369 0.0065309610 0.0039979247 0.0000000106
172 0.0000575009 0.0000586369 15.0765601055 173 0.0000586276 0.0065187112 0.0040167120 0.0000574493 0.0064394055 0.0039979247 0.0000000066
173 0.0000586276 0.0000574493 15.3736962706 174 0.0000598135 0.0065340297 0.0041376287 0.0000588120 0.0063478500 0.0043031098 0.0000000620
174 0.0000598135 0.0000588120 15.6848923261 175 0.0000610624 0.0065500934 0.0042613032 0.0000571615 0.0061952574 0.0043336283 0.0000001311
175 0.0000610624 0.0000571615 16.0151905394 176 0.0000623784 0.0065669443 0.0043878919 0.0000609057 0.0064699240 0.0043641469 0.0000000100
176 0.0000623784 0.0000609057 16.3630126743 177 0.0000637657 0.0065846277 0.0045175621 0.0000623661 0.0065614795 0.0043946654 0.0000000156
177 0.0000637657 0.0000623661 16.7326292711 178 0.0000652292 0.0066031928 0.0046504931 0.0000651109 0.0064699240 0.0048219245 0.0000000471
178 0.0000652292 0.0000651109 17.1388808252 179 0.0000667743 0.0066226926 0.0047868773 0.0000646321 0.0065004425 0.0047303690 0.0000000181
179 0.0000667743 0.0000646321 17.7624943276 180 0.0000684065 0.0066431846 0.0049269215 0.0000668963 0.0065614795 0.0048829615 0.0000000086
180 0.0000684065 0.0000668963 17.8620786977 181 0.0000701321 0.0066647311 0.0050708484 0.0000677532 0.0064394055 0.0051271096 0.0000000539
181 0.0000701321 0.0000677532 18.3494508166 182 0.0000719582 0.0066873999 0.0052188981 0.0000708519 0.0065309610 0.0053102206 0.0000000328
182 0.0000719582 0.0000708519 18.8359118593 183 0.0000738923 0.0067112648 0.0053713303 0.0000775075 0.0068056276 0.0055848872 0.0000000545
183 0.0000738923 0.0000775075 19.3515649855 184 0.0000759427 0.0067364062 0.0055284257 0.0000751139 0.0066530351 0.0055543687 0.0000000076
184 0.0000759427 0.0000751139 19.8895115137 185 0.0000781186 0.0067629116 0.0056904889 0.0000778354 0.0066225166 0.0058290353 0.0000000389
185 0.0000781186 0.0000778354 20.4600736414 186 0.0000804304 0.0067908770 0.0058578508 0.0000774805 0.0066225166 0.0057985168 0.0000000319
186 0.0000804304 0.0000774805 21.0702710647 187 0.0000828894 0.0068204074 0.0060308717 0.0000815534 0.0066835536 0.0060731834 0.0000000205
187 0.0000828894 0.0000815534 21.7144273100 188 0.0000855081 0.0068516182 0.0062099448 0.0000846028 0.0067140721 0.0062868130 0.0000000248
188 0.0000855081 0.0000846028 22.4029669943 189 0.0000883006 0.0068846360 0.0063954997 0.0000861228 0.0066530351 0.0064699240 0.0000000592
189 0.0000883006 0.0000861228 23.1356878106 190 0.0000912827 0.0069196006 0.0065880075 0.0000897524 0.0067445906 0.0066530351 0.0000000349
190 0.0000912827 0.0000897524 23.9198584863 191 0.0000944720 0.0069566662 0.0067879855 0.0000901594 0.0067445906 0.0066835536 0.0000000559
191 0.0000944720 0.0000901594 24.7504674149 192 0.0000978881 0.0069960036 0.0069960036 0.0000968337 0.0069582202 0.0069582202 0.0000000029
192 0.0000978881 0.0000968337 25.6490336800 193 0.0001015536 0.0070378021 0.0072126908 0.0000985567 0.0069277017 0.0071108127 0.0000000225
193 0.0001015536 0.0000985567 26.6107004483 194 0.0001054935 0.0070822727 0.0074387437 0.0001046759 0.0070802942 0.0073854793 0.0000000028
194 0.0001054935 0.0001046759 27.6422632492 195 0.0001097366 0.0071296504 0.0076749356 0.0001088457 0.0070497757 0.0076906644 0.0000000066
195 0.0001097366 0.0001088457 28.7533088625 196 0.0001143154 0.0071801983 0.0079221280 0.0001126084 0.0070802942 0.0079042940 0.0000000103
196 0.0001143154 0.0001126084 29.9547302613 197 0.0001192672 0.0072342115 0.0081812833 0.0001174591 0.0071108127 0.0081789605 0.0000000152
197 0.0001192672 0.0001174591 31.2526361360 198 0.0001246349 0.0072920223 0.0084534803 0.0001209229 0.0071413312 0.0083620716 0.0000000311
198 0.0001246349 0.0001209229 32.6575629203 199 0.0001304678 0.0073540059 0.0087399331 0.0001330606 0.0073244423 0.0089114048 0.0000000303
199 0.0001304678 0.0001330606 34.1910023068 200 0.0001368231 0.0074205879 0.0090420125 0.0001372555 0.0073854793 0.0090945158 0.0000000040
200 0.0001368231 0.0001372555 35.8523702306 201 0.0001437673 0.0074922525 0.0093612733 0.0001413061 0.0073549608 0.0093386639 0.0000000194
201 0.0001437673 0.0001413061 37.6717137552 202 0.0001513782 0.0075695531 0.0096994859 0.0001503703 0.0074159978 0.0097659230 0.0000000280
202 0.0001513782 0.0001503703 39.6697303911 203 0.0001597473 0.0076531248 0.0100586757 0.0001638268 0.0076601459 0.0102542192 0.0000000383
203 0.0001597473 0.0001638268 41.8600026819 204 0.0001689830 0.0077437004 0.0104411713 0.0001696163 0.0075380718 0.0106204413 0.0000000744
204 0.0001689830 0.0001696163 44.2818579083 205 0.0001792142 0.0078421290 0.0108496639 0.0001746830 0.0083010346 0.0102847377 0.0000005297
205 0.0001792142 0.0001746830 46.9583950624 206 0.0001905957 0.0079494004 0.0112872813 0.0001930265 0.0081789605 0.0112308115 0.0000000559
206 0.0001905957 0.0001930265 49.9467358145 207 0.0002033143 0.0080666752 0.0117576809 0.0001984248 0.0079958495 0.0115970336 0.0000000308
207 0.0002033143 0.0001984248 53.2776260024 208 0.0002175977 0.0081953230 0.0122651677 0.0002151719 0.0081789605 0.0121768853 0.0000000081
208 0.0002175977 0.0002151719 57.0224521788 209 0.0002337253 0.0083369712 0.0128148451 0.0002339374 0.0084841456 0.0127262185 0.0000000295
209 0.0002337253 0.0002339374 61.2476478634 210 0.0002520442 0.0084935685 0.0134128104 0.0002492222 0.0083010346 0.0134281442 0.0000000373
210 0.0002520442 0.0002492222 66.0445865262 211 0.0002729889 0.0086674677 0.0140664102 0.0002692441 0.0085451827 0.0140079958 0.0000000184
211 0.0002729889 0.0002692441 71.5392192078 212 0.0002971106 0.0088615361 0.0147845797 0.0002880989 0.0087282937 0.0145573290 0.0000000694
212 0.0002971106 0.0002880989 77.8554031754 213 0.0003251171 0.0090793027 0.0155782982 0.0003203135 0.0089419233 0.0155034028 0.0000000245
213 0.0003251171 0.0003203135 85.1945102496 214 0.0003579301 0.0093251613 0.0164612119 0.0003479866 0.0091860714 0.0162358470 0.0000000701
214 0.0003579301 0.0003479866 93.7851333047 215 0.0003967692 0.0096046506 0.0174504985 0.0003965627 0.0095828120 0.0174565874 0.0000000005
215 0.0003967692 0.0003965627 103.9830924309 216 0.0004432768 0.0099248525 0.0185680930 0.0004444142 0.0099490341 0.0185857723 0.0000000009
216 0.0004432768 0.0004444142 116.1632425441 217 0.0004997096 0.0102949681 0.0198424613 0.0004956596 0.0102847377 0.0197454756 0.0000000095
217 0.0004997096 0.0004956596 130.9528764493 218 0.0005692409 0.0107271730 0.0213112325 0.0005691669 0.0106814783 0.0213324381 0.0000000025
218 0.0005692409 0.0005691669 149.1686905307 219 0.0006564514 0.0112379220 0.0230252157 0.0006619966 0.0112002930 0.0231635487 0.0000000206
219 0.0006564514 0.0006619966 172.0294495439 220 0.0007681624 0.0118500073 0.0250547355 0.0007591189 0.0116580706 0.0249641408 0.0000000450
220 0.0007681624 0.0007591189 201.2937362995 221 0.0009149080 0.0125959304 0.0275000091 0.0009123765 0.0126346629 0.0274361400 0.0000000056
221 0.0009149080 0.0009123765 239.7547374747 222 0.0011136852 0.0135236819 0.0305089375 0.0011090140 0.0133976257 0.0304879910 0.0000000163
222 0.0011136852 0.0011090140 291.8256283221 223 0.0013934314 0.0147072085 0.0343093201 0.0013984569 0.0146794031 0.0343943602 0.0000000080
223 0.0013934314 0.0013984569 365.1443530621 224 0.0018068380 0.0162666931 0.0392712711 0.0017981369 0.0162053285 0.0391857662 0.0000000111
224 0.0018068380 0.0017981369 473.5021326060 225 0.0024585666 0.0184113677 0.0460389854 0.0024420917 0.0183111057 0.0458998383 0.0000000294
225 0.0024585666 0.0024420917 644.2826214820 226 0.0035823519 0.0215407084 0.0558421868 0.0035657721 0.0214545122 0.0557267983 0.0000000207
226 0.0035823519 0.0035657721 938.7943187865 227 0.0057953818 0.0265242100 0.0713571867 0.0057749715 0.0263985107 0.0712607196 0.0000000251
227 0.0057953818 0.0057749715 1518.7268540351 228 0.0112173012 0.0356805977 0.0997205902 0.0111520112 0.0354930265 0.0994598224 0.0000001032
228 0.0112173012 0.0111520112 2939.5996636608 229 0.0317370212 0.0579536622 0.1684588801 0.0316351747 0.0578630940 0.1681875057 0.0000000818
229 0.0317370212 0.0316351747 8316.8748548754 230 0.3735784685 0.1917256230 0.5803617441 0.3725721403 0.1912900174 0.5796380505 0.0000007135
230 0.3735784685 0.3725721403 97897.9555206663 231 0.1592083263 -0.1205031464 -0.3803778621 0.1586842326 -0.1203344829 -0.3797418134 0.0000004330
231 0.1592083263 0.1586842326 41721.4098316369 232 0.0214185258 -0.0424833641 -0.1400488828 0.0213535721 -0.0424207282 -0.1398358104 0.0000000493
232 0.0214185258 0.0213535721 5612.9206758789 233 0.0077398801 -0.0245032121 -0.0844954007 0.0076982682 -0.0243537706 -0.0842921232 0.0000000637
233 0.0077398801 0.0076982682 2028.2233589551 234 0.0038414734 -0.0165307557 -0.0597344754 0.0038353841 -0.0166020692 -0.0596636860 0.0000000101
234 0.0038414734 0.0038353841 1006.7707183725 235 0.0022317327 -0.0120401642 -0.0456811465 0.0022314230 -0.0122379223 -0.0456251717 0.0000000422
235 0.0022317327 0.0022314230 584.8483542967 236 0.0014233480 -0.0091669823 -0.0365966449 0.0014166439 -0.0091860714 -0.0365001373 0.0000000097
236 0.0014233480 0.0014166439 373.0000269103 237 0.0009647576 -0.0071767912 -0.0302200470 0.0009619175 -0.0072634053 -0.0301522874 0.0000000121
237 0.0009647576 0.0009619175 252.8113459130 238 0.0006819791 -0.0057217698 -0.0254801981 0.0006810963 -0.0057679983 -0.0254524369 0.0000000029
238 0.0006819791 0.0006810963 178.6932353547 239 0.0004967199 -0.0046159353 -0.0218039675 0.0005020629 -0.0048219245 -0.0218817713 0.0000000485
239 0.0004967199 0.0005020629 130.1659170309 240 0.0003696494 -0.0037508587 -0.0188568401 0.0003688868 -0.0037842952 -0.0188299203 0.0000000018
240 0.0003696494 0.0003688868 96.8716493403 241 0.0002793141 -0.0030590897 -0.0164303414 0.0002822871 -0.0031128880 -0.0165105136 0.0000000093
241 0.0002793141 0.0002822871 73.1976216092 242 0.0002132381 -0.0024965006 -0.0143876876 0.0002130344 -0.0025330363 -0.0143742180 0.0000000015
242 0.0002132381 0.0002130344 55.8824933061 243 0.0001637844 -0.0020330391 -0.0126353130 0.0001588561 -0.0019531846 -0.0124515519 0.0000000401
243 0.0001637844 0.0001588561 42.9289727120 244 0.0001260789 -0.0016475614 -0.0111069565 0.0001258601 -0.0017700735 -0.0110782189 0.0000000158
244 0.0001260789 0.0001258601 33.0379208002 245 0.0000969011 -0.0013247904 -0.0097542828 0.0000967489 -0.0014038514 -0.0097354045 0.0000000066
245 0.0000969011 0.0000967489 25.3895096579 246 0.0000740603 -0.0010534451 -0.0085411073 0.0000717106 -0.0011291849 -0.0083925901 0.0000000278
246 0.0000740603 0.0000717106 19.4009237751 247 0.0000560299 -0.0008250476 -0.0074397035 0.0000584906 -0.0010986663 -0.0075685904 0.0000000915
247 0.0000560299 0.0000584906 14.6853455530 248 0.0000417247 -0.0006331385 -0.0064283633 0.0000426665 -0.0006408887 -0.0065004425 0.0000000053
248 0.0000417247 0.0000426665 10.9326142807 249 0.0000303607 -0.0004727480 -0.0054897379 0.0000306703 -0.0003967406 -0.0055238502 0.0000000069
249 0.0000303607 0.0000306703 7.9562057517 250 0.0000213648 -0.0003400304 -0.0046096800 0.0000202603 -0.0003662221 -0.0044862209 0.0000000159
250 0.0000213648 0.0000202603 5.5978798662 251 0.0000143151 -0.0002320091 -0.0037764136 0.0000137490 -0.0003357036 -0.0036927396 0.0000000178
251 0.0000143151 0.0000137490 3.7507321203 252 0.0000089014 -0.0001463943 -0.0029799247 0.0000086171 -0.0001831111 -0.0029297769 0.0000000039
252 0.0000089014 0.0000086171 2.3326880277 253 0.0000048974 -0.0000814544 -0.0022115014 0.0000047184 -0.0001525925 -0.0021668142 0.0000000071
253 0.0000048974 0.0000047184 1.2833599849 254 0.0000021428 -0.0000359239 -0.0014633770 0.0000022511 -0.0001220740 -0.0014954070 0.0000000084
254 0.0000021428 0.0000022511 0.5609987360 255 0.0000005307 -0.0000089398 -0.0007284415 0.0000003167 -0.0001220740 -0.0005493332 0.0000000449
255 0.0000005307 0.0000003167 0.1391717844 