#int double real img int16 real16 img16 error
0 0.0000645261 0.0080328130 0.0000000000 0.0000644226 0.0080263680 0.0000000000 0.0000000000
0 0.0000645261 0.0000644226 0.0000644226 1 0.0000706775 0.0081366983 0.0021146343 0.0000700816 0.0081179235 0.0020447401 0.0000000052
1 0.0000706775 0.0000700816 0.0000700816 2 0.0000927556 0.0084821051 0.0045617387 0.0000913497 0.0084231086 0.0045167394 0.0000000055
2 0.0000927556 0.0000913497 0.0000913497 3 0.0001467989 0.0092019667 0.0078817937 0.0001454228 0.0091860714 0.0078127384 0.0000000050
3 0.0001467989 0.0001454228 0.0001454228 4 0.0002934325 0.0106945228 0.0133813187 0.0002919586 0.0106814783 0.0133365886 0.0000000022
4 0.0002934325 0.0002919586 0.0002919586 5 0.0008857907 0.0145379492 0.0259699593 0.0008814817 0.0144962920 0.0259102145 0.0000000053
5 0.0008857907 0.0008814817 0.0008814817 6 0.0113345924 0.0381801458 0.0993824375 0.0113027596 0.0381176183 0.0992461928 0.0000000225
6 0.0113345924 0.0113027596 0.0113027596 7 0.0053064441 -0.0172870946 -0.0707644012 0.0052984732 -0.0172734764 -0.0707113865 0.0000000030
7 0.0053064441 0.0052984732 0.0053038454 8 0.0007889458 -0.0035104680 -0.0278679456 0.0007886865 -0.0035096286 -0.0278633992 0.0000000000
8 0.0007889458 0.0007886865 0.0007886865 9 0.0003162526 -0.0003762695 -0.0177795112 0.0003156380 -0.0003967406 -0.0177617725 0.0000000007
9 0.0003162526 0.0003156380 0.0003167230 10 0.0001745978 0.0009898719 -0.0131764160 0.0001747715 0.0009765923 -0.0131839961 0.0000000002
10 0.0001745978 0.0001747715 0.0001747715 11 0.0001131153 0.0017444297 -0.0104915337 0.0001131365 0.0017090365 -0.0104983673 0.0000000013
11 0.0001131153 0.0001131365 0.0001131365 12 0.0000806702 0.0022171923 -0.0087036914 0.0000810114 0.0021973327 -0.0087282937 0.0000000010
12 0.0000806702 0.0000810114 0.0000810114 13 0.0000613380 0.0025376758 -0.0074093348 0.0000612596 0.0025025178 -0.0074159978 0.0000000013
13 0.0000613380 0.0000612596 0.0000612596 14 0.0000488270 0.0027669651 -0.0064164542 0.0000490101 0.0027466659 -0.0064394055 0.0000000009
14 0.0000488270 0.0000490101 0.0000490101 15 0.0000402333 0.0029375520 -0.0056217542 0.0000402822 0.0028992584 -0.0056459243 0.0000000021
15 0.0000402333 0.0000402822 0.0000402822 16 0.0000340610 0.0030682615 -0.0049645515 0.0000340596 0.0030518509 -0.0049745170 0.0000000004
16 0.0000340610 0.0000340596 0.0000340596 17 0.0000294729 0.0031707213 -0.0044067431 0.0000294633 0.0031434065 -0.0044251839 0.0000000011
17 0.0000294729 0.0000294633 0.0000294633 18 0.0000259695 0.0032524788 -0.0039231189 0.0000259641 0.0032349620 -0.0039368877 0.0000000005
18 0.0000259695 0.0000259641 0.0000259641 19 0.0000232373 0.0033186314 -0.0034962754 0.0000231699 0.0033265175 -0.0034791101 0.0000000004
19 0.0000232373 0.0000231699 0.0000233832 20 0.0000210709 0.0033727335 -0.0031137656 0.0000209467 0.0033265175 -0.0031434065 0.0000000030
20 0.0000210709 0.0000209467 0.0000211507 21 0.0000193312 0.0034173303 -0.0027664139 0.0000191883 0.0033875546 -0.0027771844 0.0000000010
21 0.0000193312 0.0000191883 0.0000191883 22 0.0000179212 0.0034542839 -0.0024472748 0.0000177940 0.0034180731 -0.0024719993 0.0000000019
22 0.0000179212 0.0000177940 0.0000177940 23 0.0000167717 0.0034849808 -0.0021509645 0.0000166680 0.0034791101 -0.0021362957 0.0000000002
23 0.0000167717 0.0000166680 0.0000164565 24 0.0000158323 0.0035104680 -0.0018732166 0.0000156844 0.0034791101 -0.0018921476 0.0000000013
24 0.0000158323 0.0000156844 0.0000156844 25 0.0000150658 0.0035315443 -0.0016105797 0.0000149337 0.0035096286 -0.0016174810 0.0000000005
25 0.0000150658 0.0000149337 0.0000149337 26 0.0000144443 0.0035488224 -0.0013602037 0.0000144187 0.0035401471 -0.0013733329 0.0000000002
26 0.0000144443 0.0000144187 0.0000144187 27 0.0000139471 0.0035627735 -0.0011196866 0.0000138077 0.0035401471 -0.0011291849 0.0000000006
27 0.0000139471 0.0000138077 0.0000138077 28 0.0000135584 0.0035737572 -0.0008869613 0.0000133159 0.0035401471 -0.0008850368 0.0000000011
28 0.0000135584 0.0000133159 0.0000133159 29 0.0000132669 0.0035820442 -0.0006602092 0.0000129834 0.0035401471 -0.0006714072 0.0000000019
29 0.0000132669 0.0000129834 0.0000129834 30 0.0000130642 0.0035878310 -0.0004377925 0.0000127422 0.0035401471 -0.0004577776 0.0000000027
30 0.0000130642 0.0000127422 0.0000127422 31 0.0000129447 0.0035912515 -0.0002181999 0.0000127953 0.0035706656 -0.0002136296 0.0000000004
31 0.0000129447 0.0000127953 0.0000127953 32 0.0000129052 0.0035923832 0.0000000000 0.0000123175 0.0035096286 0.0000000000 0.0000000068
32 0.0000129052 0.0000123175 0.0000123175 33 0.0000129447 0.0035912515 0.0002181999 0.0000127953 0.0035706656 0.0002136296 0.0000000004
33 0.0000129447 0.0000127953 0.0000127953 34 0.0000130642 0.0035878310 0.0004377925 0.0000129322 0.0035706656 0.0004272591 0.0000000004
34 0.0000130642 0.0000129322 0.0000129322 35 0.0000132669 0.0035820442 0.0006602092 0.0000131604 0.0035706656 0.0006408887 0.0000000005
35 0.0000132669 0.0000131604 0.0000129434 36 0.0000135584 0.0035737572 0.0008869613 0.0000133159 0.0035401471 0.0008850368 0.0000000011
36 0.0000135584 0.0000133159 0.0000132628 37 0.0000139471 0.0035627735 0.0011196866 0.0000137397 0.0035401471 0.0010986663 0.0000000010
37 0.0000139471 0.0000137397 0.0000137397 38 0.0000144443 0.0035488224 0.0013602037 0.0000141206 0.0035096286 0.0013428144 0.0000000018
38 0.0000144443 0.0000141206 0.0000141206 39 0.0000150658 0.0035315443 0.0016105797 0.0000148359 0.0035096286 0.0015869625 0.0000000010
39 0.0000150658 0.0000148359 0.0000148359 40 0.0000158323 0.0035104680 0.0018732166 0.0000155699 0.0034791101 0.0018616291 0.0000000011
40 0.0000158323 0.0000155699 0.0000155699 41 0.0000167717 0.0034849808 0.0021509645 0.0000164565 0.0034485916 0.0021362957 0.0000000015
41 0.0000167717 0.0000164565 0.0000164565 42 0.0000179212 0.0034542839 0.0024472748 0.0000176441 0.0034180731 0.0024414808 0.0000000013
42 0.0000179212 0.0000176441 0.0000176441 43 0.0000193312 0.0034173303 0.0027664139 0.0000191883 0.0033875546 0.0027771844 0.0000000010
43 0.0000193312 0.0000191883 0.0000191883 44 0.0000210709 0.0033727335 0.0031137656 0.0000209598 0.0033570360 0.0031128880 0.0000000002
44 0.0000210709 0.0000209598 0.0000209598 45 0.0000232373 0.0033186314 0.0034962754 0.0000231699 0.0033265175 0.0034791101 0.0000000004
45 0.0000232373 0.0000231699 0.0000229678 46 0.0000259695 0.0032524788 0.0039231189 0.0000257247 0.0032349620 0.0039063692 0.0000000006
46 0.0000259695 0.0000257247 0.0000257247 47 0.0000294729 0.0031707213 0.0044067431 0.0000291941 0.0031434065 0.0043946654 0.0000000009
47 0.0000294729 0.0000291941 0.0000291941 48 0.0000340610 0.0030682615 0.0049645515 0.0000337569 0.0030518509 0.0049439985 0.0000000007
48 0.0000340610 0.0000337569 0.0000337569 49 0.0000402333 0.0029375520 0.0056217542 0.0000397746 0.0029297769 0.0055848872 0.0000000014
49 0.0000402333 0.0000397746 0.0000395967 50 0.0000488270 0.0027669651 0.0064164542 0.0000482278 0.0027466659 0.0063783685 0.0000000019
50 0.0000488270 0.0000482278 0.0000482278 51 0.0000613380 0.0025376758 0.0074093348 0.0000608079 0.0025025178 0.0073854793 0.0000000018
51 0.0000613380 0.0000608079 0.0000608079 52 0.0000806702 0.0022171923 0.0087036914 0.0000799496 0.0021973327 0.0086672567 0.0000000017
52 0.0000806702 0.0000799496 0.0000799496 53 0.0001131153 0.0017444297 0.0104915337 0.0001119639 0.0017395550 0.0104373302 0.0000000030
53 0.0001131153 0.0001119639 0.0001119639 54 0.0001745978 0.0009898719 0.0131764160 0.0001739677 0.0009765923 0.0131534776 0.0000000007
54 0.0001745978 0.0001739677 0.0001739677 55 0.0003162526 -0.0003762695 0.0177795112 0.0003145548 -0.0003967406 0.0177312540 0.0000000027
55 0.0003162526 0.0003145548 0.0003145315 56 0.0007889458 -0.0035104680 0.0278679456 0.0007869867 -0.0035096286 0.0278328806 0.0000000012
56 0.0007889458 0.0007869867 0.0007869867 57 0.0053064441 -0.0172870946 0.0707644012 0.0052941581 -0.0172734764 0.0706808679 0.0000000072
57 0.0053064441 0.0052941581 0.0052941581 58 0.0113345924 0.0381801458 -0.0993824375 0.0113148787 0.0381176183 -0.0993072298 0.0000000096
58 0.0113345924 0.0113148787 0.0113148787 59 0.0008857907 0.0145379492 -0.0259699593 0.0008830641 0.0144962920 -0.0259407331 0.0000000026
59 0.0008857907 0.0008830641 0.0008830641 60 0.0002934325 0.0106945228 -0.0133813187 0.0002921225 0.0106509598 -0.0133671072 0.0000000021
60 0.0002934325 0.0002921225 0.0002921225 61 0.0001467989 0.0092019667 -0.0078817937 0.0001463802 0.0091860714 -0.0078737754 0.0000000003
61 0.0001467989 0.0001463802 0.0001463802 62 0.0000927556 0.0084821051 -0.0045617387 0.0000921414 0.0084536271 -0.0045472579 0.0000000010
62 0.0000927556 0.0000921414 0.0000921414 63 0.0000706775 0.0081366983 -0.0021146343 0.0000699699 0.0080874050 -0.0021362957 0.0000000029
63 0.0000706775 0.0000699699 0.0000704644 