#int double real img int16 real16 img16 error
0 0.5125489111 0.7159252133 0.0000000000 0.0011850723 -0.0344248787 0.0000000000 0.5630252606
0 0.5125489111 0.0011850723 0.5120805122 1 0.5614116417 0.7251840025 0.1884669841 0.0012776905 -0.0335398419 0.0123599963 0.6066755433
1 0.5614116417 0.0012776905 0.5613093436 2 0.7367836520 0.7559684091 0.4065653900 0.0017480362 -0.0314951018 0.0274971770 0.7637914911
2 0.7367836520 0.0017480362 0.7365100833 3 1.1660648189 0.8201261428 0.7024656068 0.0000000075 -0.0000610370 -0.0000610370 1.1662506952
3 1.1660648189 0.0000000075 1.1656385428 4 2.3308172563 0.9531503470 1.1926112830 0.0079150207 -0.0167546617 0.0873744926 2.1622640887
4 2.3308172563 0.0079150207 2.3304682711 5 7.0360860250 1.2956960830 2.3145750551 0.0323411715 0.0108340709 0.1795098727 6.2093737230
5 7.0360860250 0.0323411715 7.0350404329 6 90.0338679337 3.4028090803 8.8574690683 0.5777332436 0.1891842402 0.7361674856 76.2829240109
6 90.0338679337 0.5777332436 90.0291201588 7 42.1505838825 -1.5407139282 -6.3068838957 0.3800635901 -0.2376781518 -0.5688344981 34.6231131237
7 42.1505838825 0.3800635901 42.1496923092 8 6.2668190654 -0.3128707905 -2.4837332654 0.0791826185 -0.1361125523 -0.2462843715 5.0374210279
8 6.2668190654 0.0791826185 6.2669189056 9 2.5120836777 -0.0335350567 -1.5846006051 0.0443383713 -0.1169774468 -0.1750846889 1.9936977506
9 2.5120836777 0.0443383713 2.5123215038 10 1.3868795031 0.0882224287 -1.1743493118 0.0341669387 -0.1124912259 -0.1466719565 1.0964067177
10 1.3868795031 0.0341669387 1.3870918314 11 0.8985068776 0.1554724628 -0.9350589237 0.0311090357 -0.1145359661 -0.1341288491 0.7143935361
11 0.8985068776 0.0311090357 0.8984706209 12 0.6407860658 0.1976074749 -0.7757173143 0.0316838747 -0.1212195196 -0.1303445540 0.5181566522
12 0.6407860658 0.0316838747 0.6408599464 13 0.4872253727 0.2261705971 -0.6603576560 0.0264092421 -0.1563768426 -0.0442213202 0.5259665278
13 0.4872253727 0.0264092421 0.4873358817 14 0.3878464935 0.2466060268 -0.5718670834 0.0428293877 -0.1505478072 -0.1420026246 0.3425146209
14 0.3878464935 0.0428293877 0.3879254187 15 0.3195847162 0.2618095989 -0.5010393699 0.0575492014 -0.1788995025 -0.1598254341 0.3106514620
15 0.3195847162 0.0575492014 0.3196028156 16 0.2705561415 0.2734590981 -0.4424661152 0.0883685138 -0.2265388958 -0.1924802393 0.3124909321
16 0.2705561415 0.0883685138 0.2705681442 17 0.2341112328 0.2825908297 -0.3927513919 0.1692231652 -0.3197119053 -0.2588579974 0.3806960256
17 0.2341112328 0.1692231652 0.2341065855 18 0.2062829141 0.2898774793 -0.3496483392 0.5211016418 -0.5714896084 -0.4410229804 0.7503025849
18 0.2062829141 0.5211016418 0.2062984628 19 0.1845800835 0.2957733312 -0.3116058729 2.0000000000 -1.0000000000 -1.0000000000 2.1529149999
19 0.1845800835 2.0000000000 0.1845807754 20 0.1673718489 0.3005951903 -0.2775146491 1.0134230765 0.8263801996 0.5749076815 1.0030737056
20 0.1673718489 1.0134230765 0.1673186414 21 0.1535531174 0.3045698846 -0.2465568956 0.1886089942 0.3632007813 0.2381054109 0.2383351334
21 0.1535531174 0.1886089942 0.1535084380 22 0.1423533979 0.3078633729 -0.2181135979 0.0741155950 0.2321237831 0.1422467727 0.1355960821
22 0.1423533979 0.0741155950 0.1423212998 23 0.1332226584 0.3105992371 -0.1917049095 0.0386251288 0.1709341716 0.0969878231 0.1028498244
23 0.1332226584 0.0386251288 0.1332007622 24 0.1257606372 0.3128707905 -0.1669506083 0.0234713463 0.1360515152 0.0704367199 0.0876177997
24 0.1257606372 0.0234713463 0.1257398551 25 0.1196716796 0.3147492132 -0.1435430681 0.0157697904 0.1139255959 0.0528275399 0.0788915410
25 0.1196716796 0.0157697904 0.1196391755 26 0.1147351117 0.3162891335 -0.1212282795 0.0114184379 0.0989104892 0.0404370251 0.0733891457
26 0.1147351117 0.0114184379 0.1147018615 27 0.1107853814 0.3175325234 -0.0997921739 0.0087682164 0.0884731590 0.0306711020 0.0694888588
27 0.1107853814 0.0087682164 0.1107165188 28 0.1076985266 0.3185114488 -0.0790505127 0.0071090151 0.0811487167 0.0228888821 0.0667327068
28 0.1076985266 0.0071090151 0.1076601460 29 0.1053828634 0.3192500209 -0.0588412064 0.0599107512 0.2028565325 0.1369670705 0.0518883255
29 0.1053828634 0.0599107512 0.1053658213 30 0.1037725791 0.3197657759 -0.0390182989 0.0053821306 0.0726035340 0.0105288858 0.0635440973
30 0.1037725791 0.0053821306 0.1037173961 31 0.1028233957 0.3200706272 -0.0194470888 0.0050303924 0.0707419050 0.0050965911 0.0627672040
31 0.1028233957 0.0050303924 0.1028060274 32 0.1025097822 0.3201714888 0.0000000000 0.0049312824 0.0702230903 0.0000000000 0.0624742019
32 0.1025097822 0.0049312824 0.1025477140 33 0.1028233957 0.3200706272 0.0194470888 0.0050396577 0.0708029420 -0.0051576281 0.0627397710
33 0.1028233957 0.0050396577 0.1027705186 34 0.1037725791 0.3197657759 0.0390182989 0.0053909973 0.0726645711 -0.0105288858 0.0635139290
34 0.1037725791 0.0053909973 0.1037392910 35 0.1053828634 0.3192500209 0.0588412064 0.0000000000 0.0000000000 0.0000000000 0.1053828634
35 0.1053828634 0.0000000000 0.1053463378 36 0.1076985266 0.3185114488 0.0790505127 0.0071153672 0.0811792352 -0.0229194006 0.0667244428
36 0.1076985266 0.0071153672 0.1076553242 37 0.1107853814 0.3175325234 0.0997921739 0.0087900498 0.0885647145 -0.0307626576 0.0694708215
37 0.1107853814 0.0087900498 0.1107685605 38 0.1147351117 0.3162891335 0.1212282795 0.0114269451 0.0989410077 -0.0404675436 0.0733857470
38 0.1147351117 0.0114269451 0.1146291720 39 0.1196716796 0.3147492132 0.1435430681 0.0157762430 0.1139255959 -0.0528885769 0.0789155165
39 0.1196716796 0.0157762430 0.1196863583 40 0.1257606372 0.3128707905 0.1669506083 0.0234796514 0.1360820338 -0.0704367199 0.0876070081
40 0.1257606372 0.0234796514 0.1257589512 41 0.1332226584 0.3105992371 0.1917049095 0.0386087775 0.1709036531 -0.0969573046 0.1028407301
41 0.1332226584 0.0386087775 0.1332197185 42 0.1423533979 0.3078633729 0.2181135979 0.0741101110 0.2320932646 -0.1422772912 0.1356227022
42 0.1423533979 0.0741101110 0.1423346139 43 0.1535531174 0.3045698846 0.2465568956 0.1886013606 0.3631702628 -0.2381359294 0.2383611390
43 0.1535531174 0.1886013606 0.1534978258 44 0.1673718489 0.3005951903 0.2775146491 1.0135086088 0.8264107181 -0.5749382000 1.0031578291
44 0.1673718489 1.0135086088 0.1673369849 45 0.1845800835 0.2957733312 0.3116058729 1.9999389639 -1.0000000000 0.9999694815 2.1528729833
45 0.1845800835 1.9999389639 0.1845617557 46 0.2062829141 0.2898774793 0.3496483392 0.5209860129 -0.5714590899 0.4409314249 0.7502332872
46 0.2062829141 0.5209860129 0.2062167492 47 0.2341112328 0.2825908297 0.3927513919 0.1692231652 -0.3197119053 0.2588579974 0.3806960256
47 0.2341112328 0.1692231652 0.2340413955 48 0.2705561415 0.2734590981 0.4424661152 0.0883567663 -0.2265388958 0.1924497208 0.3125061914
48 0.2705561415 0.0883567663 0.2705411370 49 0.3195847162 0.2618095989 0.5010393699 0.0575101952 -0.1788995025 0.1597033601 0.3107347837
49 0.3195847162 0.0575101952 0.3195096963 50 0.3878464935 0.2466060268 0.5718670834 0.0427942057 -0.1505172887 0.1419110691 0.3425691020
50 0.3878464935 0.0427942057 0.3878604057 51 0.4872253728 0.2261705971 0.6603576560 0.0000000000 0.0000000000 0.0000000000 0.4872253728
51 0.4872253728 0.0000000000 0.4873093747 52 0.6407860658 0.1976074749 0.7757173143 0.0316526176 -0.1211890011 0.1302529984 0.5182553761
52 0.6407860658 0.0316526176 0.6406705560 53 0.8985068776 0.1554724628 0.9350589237 0.0310938598 -0.1145054476 0.1340983306 0.7144259438
53 0.8985068776 0.0310938598 0.8984325191 54 1.3868795031 0.0882224287 1.1743493118 0.0341511221 -0.1124607074 0.1466414380 1.0964571950
54 1.3868795031 0.0341511221 1.3868821685 55 2.5120836777 -0.0335350567 1.5846006051 0.0442492849 -0.1168248543 0.1749320963 1.9941024950
55 2.5120836777 0.0442492849 2.5119243832 56 6.2668190654 -0.3128707905 2.4837332654 0.0791442503 -0.1360820338 0.2462233345 5.0377049558
56 6.2668190654 0.0791442503 6.2665966101 57 42.1505838825 -1.5407139282 6.3068838957 0.3799651433 -0.2376171148 0.5687734611 34.6239726648
57 42.1505838825 0.3799651433 42.1487343333 58 90.0338679337 3.4028090803 -8.8574690683 0.5779360906 0.1892452773 -0.7362895596 76.2805489292
58 90.0338679337 0.5779360906 90.0292453986 59 7.0360860250 1.2956960830 -2.3145750551 0.0323630887 0.0108340709 -0.1795709098 6.2091130907
59 7.0360860250 0.0323630887 7.0356055046 60 2.3308172563 0.9531503470 -1.1926112830 0.0079246688 -0.0167241432 -0.0874355296 2.1620699725
60 2.3308172563 0.0079246688 2.3305556765 61 1.1660648189 0.8201261428 -0.7024656068 0.2433021300 -0.2028870510 0.4495986816 2.3738081193
61 1.1660648189 0.2433021300 1.1658241509 62 0.7367836520 0.7559684091 -0.4065653900 0.0017526102 -0.0314340648 -0.0276497696 0.7635797033
62 0.7367836520 0.0017526102 0.7366093310 63 0.5614116417 0.7251840025 -0.1884669841 0.0012773953 -0.0334788049 -0.0125125889 0.6065292046
63 0.5614116417 0.0012773953 0.5612915328 