#int double real img int16 real16 img16 error
0 0.0000000000 -0.0000000000 0.0000000000 0.0000002384 -0.0004882962 0.0000000000 0.0000002384
0 0.0000000000 0.0000002384 0.0000000000 1 0.0000000021 -0.0000005641 0.0000459616 0.0000001164 -0.0001525925 -0.0003051851 0.0000001464
1 0.0000000021 0.0000001164 0.0005339086 2 0.0000000085 -0.0000022666 0.0000923328 0.0000000568 -0.0001831111 -0.0001525925 0.0000000927
2 0.0000000085 0.0000000568 0.0021992858 3 0.0000000195 -0.0000051394 0.0001395363 0.0000000568 -0.0001525925 -0.0001831111 0.0000001258
3 0.0000000195 0.0000000568 0.0050206008 4 0.0000000354 -0.0000092369 0.0001880205 0.0000000047 -0.0000305185 0.0000610370 0.0000000166
4 0.0000000354 0.0000000047 0.0091878661 5 0.0000000570 -0.0000146388 0.0002382756 0.0000000158 -0.0000305185 0.0001220740 0.0000000138
5 0.0000000570 0.0000000158 0.0147801457 6 0.0000000851 -0.0000214545 0.0002908511 0.0000000373 -0.0000610370 0.0001831111 0.0000000132
6 0.0000000851 0.0000000373 0.0220555211 7 0.0000001209 -0.0000298284 0.0003463790 0.0000000466 -0.0000305185 0.0002136296 0.0000000176
7 0.0000001209 0.0000000466 0.0313693479 8 0.0000001661 -0.0000399483 0.0004056023 0.0000001425 -0.0000915555 0.0003662221 0.0000000042
8 0.0000001661 0.0000001425 0.0431298944 9 0.0000002231 -0.0000520570 0.0004694136 0.0000001378 -0.0000610370 0.0003662221 0.0000000107
9 0.0000002231 0.0000001378 0.0579073326 10 0.0000002948 -0.0000664679 0.0005389074 0.0000001863 -0.0000610370 0.0004272591 0.0000000125
10 0.0000002948 0.0000001863 0.0765410681 11 0.0000003858 -0.0000835886 0.0006154536 0.0000002468 -0.0000915555 0.0004882962 0.0000000162
11 0.0000003858 0.0000002468 0.1001869363 12 0.0000005019 -0.0001039541 0.0007008016 0.0000003511 -0.0001220740 0.0005798517 0.0000000150
12 0.0000005019 0.0000003511 0.1303252185 13 0.0000006520 -0.0001282761 0.0007972344 0.0000004657 -0.0001220740 0.0006714072 0.0000000159
13 0.0000006520 0.0000004657 0.1693224577 14 0.0000008489 -0.0001575185 0.0009078017 0.0000006631 -0.0001831111 0.0007934812 0.0000000137
14 0.0000008489 0.0000006631 0.2204221844 15 0.0000011120 -0.0001930155 0.0010366845 0.0000009407 -0.0002136296 0.0009460738 0.0000000086
15 0.0000011120 0.0000009407 0.2887880641 16 0.0000014716 -0.0002366632 0.0011897862 0.0000014045 -0.0002441481 0.0011597034 0.0000000010
16 0.0000014716 0.0000014045 0.3823152790 17 0.0000019775 -0.0002912458 0.0013757373 0.0000019158 -0.0003357036 0.0013428144 0.0000000031
17 0.0000019775 0.0000019158 0.5136733070 18 0.0000027150 -0.0003610193 0.0016076918 0.0000026526 -0.0003662221 0.0015869625 0.0000000005
18 0.0000027150 0.0000026526 0.7053181743 19 0.0000038408 -0.0004528249 0.0019067561 0.0000037628 -0.0004272591 0.0018921476 0.0000000009
19 0.0000038408 0.0000037628 0.9977443322 20 0.0000056665 -0.0005783975 0.0023090922 0.0000053359 -0.0006103702 0.0022278512 0.0000000076
20 0.0000056665 0.0000053359 1.4721328600 21 0.0000088847 -0.0007596830 0.0028822855 0.0000085622 -0.0008239998 0.0028077029 0.0000000097
21 0.0000088847 0.0000085622 2.3079903043 22 0.0000152932 -0.0010430202 0.0037689906 0.0000150036 -0.0010681478 0.0037232582 0.0000000027
22 0.0000152932 0.0000150036 3.9728912268 23 0.0000308130 -0.0015460482 0.0053312994 0.0000306210 -0.0015564440 0.0053102206 0.0000000006
23 0.0000308130 0.0000306210 8.0048483971 24 0.0000852687 -0.0026805191 0.0088364871 0.0000833957 -0.0026856288 0.0087282937 0.0000000117
24 0.0000852687 0.0000833957 22.1511315810 25 0.0006338198 -0.0076032345 0.0240002206 0.0006268444 -0.0075685904 0.0238654744 0.0000000194
25 0.0006338198 0.0006268444 164.6508263051 26 0.0014872427 0.0120970690 -0.0366183505 0.0014746167 0.0120242927 -0.0364696188 0.0000000274
26 0.0014872427 0.0014746167 386.3488576118 27 0.0001263474 0.0036566289 -0.0106290368 0.0001244695 0.0036011841 -0.0105594043 0.0000000079
27 0.0001263474 0.0001244695 32.8214070303 28 0.0000446569 0.0022512935 -0.0062919439 0.0000435886 0.0021973327 -0.0062257759 0.0000000073
28 0.0000446569 0.0000435886 11.6006481065 29 0.0000230718 0.0016735645 -0.0045023341 0.0000229436 0.0016785180 -0.0044862209 0.0000000003
29 0.0000230718 0.0000229436 5.9932549931 30 0.0000142616 0.0013591268 -0.0035234038 0.0000141206 0.0013428144 -0.0035096286 0.0000000005
30 0.0000142616 0.0000141206 3.7041806611 31 0.0000097877 0.0011616788 -0.0029048636 0.0000097506 0.0011597034 -0.0028992584 0.0000000000
31 0.0000097877 0.0000097506 2.5424374236 32 0.0000071932 0.0010263589 -0.0024778497 0.0000071251 0.0010071108 -0.0024719993 0.0000000004
32 0.0000071932 0.0000071251 1.8684705088 33 0.0000055474 0.0009279621 -0.0021647718 0.0000058016 0.0009155553 -0.0022278512 0.0000000041
33 0.0000055474 0.0000058016 1.4409018294 34 0.0000044337 0.0008532866 -0.0019249838 0.0000044268 0.0008545183 -0.0019226661 0.0000000000
34 0.0000044337 0.0000044268 1.1517099871 35 0.0000036423 0.0007947495 -0.0017351333 0.0000037153 0.0007629627 -0.0017700735 0.0000000022
35 0.0000036423 0.0000037153 0.9460821482 36 0.0000030581 0.0007476849 -0.0015808469 0.0000030549 0.0007324442 -0.0015869625 0.0000000003
36 0.0000030581 0.0000030549 0.7943131778 37 0.0000026134 0.0007090649 -0.0014527929 0.0000026386 0.0007019257 -0.0014648885 0.0000000002
37 0.0000026134 0.0000026386 0.6787502429 38 0.0000022662 0.0006768389 -0.0013446479 0.0000022968 0.0006408887 -0.0013733329 0.0000000021
38 0.0000022662 0.0000022968 0.5885963418 39 0.0000019894 0.0006495686 -0.0012519747 0.0000019382 0.0006103702 -0.0012512589 0.0000000015
39 0.0000019894 0.0000019382 0.5165738088 40 0.0000017647 0.0006262159 -0.0011715675 0.0000017892 0.0006103702 -0.0011902219 0.0000000006
40 0.0000017647 0.0000017892 0.4582749103 41 0.0000015796 0.0006060125 -0.0011010520 0.0000015433 0.0005798517 -0.0010986663 0.0000000007
41 0.0000015796 0.0000015433 0.4101971185 42 0.0000014249 0.0005883779 -0.0010386323 0.0000014129 0.0005798517 -0.0010376293 0.0000000001
42 0.0000014249 0.0000014129 0.3698625080 43 0.0000012943 0.0005728653 -0.0009829242 0.0000012229 0.0005188147 -0.0009765923 0.0000000030
43 0.0000012943 0.0000012229 0.3360638991 44 0.0000011828 0.0005591251 -0.0009328439 0.0000011074 0.0005188147 -0.0009155553 0.0000000019
44 0.0000011828 0.0000011074 0.3071087025 45 0.0000010868 0.0005468802 -0.0008875305 0.0000010217 0.0004882962 -0.0008850368 0.0000000034
45 0.0000010868 0.0000010217 0.2821427902 46 0.0000010034 0.0005359079 -0.0008462911 0.0000010217 0.0004882962 -0.0008850368 0.0000000038
46 0.0000010034 0.0000010217 0.2604954760 47 0.0000009305 0.0005260273 -0.0008085621 0.0000009807 0.0005493332 -0.0008239998 0.0000000008
47 0.0000009305 0.0000009807 0.2415085139 48 0.0000008663 0.0005170899 -0.0007738798 0.0000008680 0.0004882962 -0.0007934812 0.0000000012
48 0.0000008663 0.0000008680 0.2248942884 49 0.0000008094 0.0005089728 -0.0007418595 0.0000007460 0.0004577776 -0.0007324442 0.0000000027
49 0.0000008094 0.0000007460 0.2100914804 50 0.0000007588 0.0005015733 -0.0007121793 0.0000008056 0.0005188147 -0.0007324442 0.0000000007
50 0.0000007588 0.0000008056 0.1969895509 51 0.0000007135 0.0004948049 -0.0006845675 0.0000006799 0.0005188147 -0.0006408887 0.0000000025
51 0.0000007135 0.0000006799 0.1851677894 52 0.0000006727 0.0004885945 -0.0006587934 0.0000006753 0.0004272591 -0.0007019257 0.0000000056
52 0.0000006727 0.0000006753 0.1745812233 53 0.0000006360 0.0004828795 -0.0006346595 0.0000007460 0.0004577776 -0.0007324442 0.0000000102
53 0.0000006360 0.0000007460 0.1650765858 54 0.0000006026 0.0004776065 -0.0006119962 0.0000004936 0.0003967406 -0.0005798517 0.0000000076
54 0.0000006026 0.0000004936 0.1563396293 55 0.0000005723 0.0004727292 -0.0005906564 0.0000007023 0.0004577776 -0.0007019257 0.0000000126
55 0.0000005723 0.0000007023 0.1485139633 56 0.0000005447 0.0004682074 -0.0005705124 0.0000005458 0.0004577776 -0.0005798517 0.0000000002
56 0.0000005447 0.0000005458 0.1412831889 57 0.0000005194 0.0004640064 -0.0005514525 0.0000005551 0.0004272591 -0.0006103702 0.0000000048
57 0.0000005194 0.0000005551 0.1347089197 58 0.0000004962 0.0004600955 -0.0005333785 0.0000004936 0.0003967406 -0.0005798517 0.0000000062
58 0.0000004962 0.0000004936 0.1286546303 59 0.0000004748 0.0004564479 -0.0005162041 0.0000005076 0.0004882962 -0.0005188147 0.0000000010
59 0.0000004748 0.0000005076 0.1231362314 60 0.0000004551 0.0004530399 -0.0004998525 0.0000004843 0.0004272591 -0.0005493332 0.0000000031
60 0.0000004551 0.0000004843 0.1179721023 61 0.0000004369 0.0004498505 -0.0004842557 0.0000004787 0.0004577776 -0.0005188147 0.0000000013
61 0.0000004369 0.0000004787 0.1132223010 62 0.0000004200 0.0004468612 -0.0004693530 0.0000004517 0.0004272591 -0.0005188147 0.0000000028
62 0.0000004200 0.0000004517 0.1087804455 63 0.0000004043 0.0004440553 -0.0004550900 0.0000003921 0.0004272591 -0.0004577776 0.0000000003
63 0.0000004043 0.0000003921 0.1047404205 64 0.0000003897 0.0004414180 -0.0004414180 0.0000003921 0.0004272591 -0.0004577776 0.0000000005
64 0.0000003897 0.0000003921 0.1008911924 65 0.0000003761 0.0004389360 -0.0004282929 0.0000003651 0.0004272591 -0.0004272591 0.0000000001
65 0.0000003761 0.0000003651 0.0973459972 66 0.0000003634 0.0004365973 -0.0004156752 0.0000003400 0.0004272591 -0.0003967406 0.0000000004
66 0.0000003634 0.0000003400 0.0939974274 67 0.0000003515 0.0004343912 -0.0004035287 0.0000003400 0.0003967406 -0.0004272591 0.0000000020
67 0.0000003515 0.0000003400 0.0908899135 68 0.0000003404 0.0004323079 -0.0003918210 0.0000003148 0.0003967406 -0.0003967406 0.0000000013
68 0.0000003404 0.0000003148 0.0879476719 69 0.0000003300 0.0004303386 -0.0003805223 0.0000003148 0.0003967406 -0.0003967406 0.0000000014
69 0.0000003300 0.0000003148 0.0851912191 70 0.0000003202 0.0004284754 -0.0003696054 0.0000002915 0.0003662221 -0.0003967406 0.0000000046
70 0.0000003202 0.0000002915 0.0825737170 71 0.0000003110 0.0004267109 -0.0003590456 0.0000003148 0.0003967406 -0.0003967406 0.0000000023
71 0.0000003110 0.0000003148 0.0800555977 72 0.0000003023 0.0004250385 -0.0003488201 0.0000002701 0.0003967406 -0.0003357036 0.0000000010
72 0.0000003023 0.0000002701 0.0776638181 73 0.0000002942 0.0004234522 -0.0003389080 0.0000002915 0.0003967406 -0.0003662221 0.0000000015
73 0.0000002942 0.0000002915 0.0753184203 74 0.0000002865 0.0004219464 -0.0003292902 0.0000002505 0.0003967406 -0.0003051851 0.0000000012
74 0.0000002865 0.0000002505 0.0728924777 75 0.0000002792 0.0004205161 -0.0003199489 0.0000002701 0.0003967406 -0.0003357036 0.0000000008
75 0.0000002792 0.0000002701 0.0701855054 76 0.0000002723 0.0004191566 -0.0003108677 0.0000001881 0.0003357036 -0.0002746666 0.0000000083
76 0.0000002723 0.0000001881 0.0655948173 77 0.0000002658 0.0004178637 -0.0003020315 0.0000002505 0.0003967406 -0.0003051851 0.0000000005
77 0.0000002658 0.0000002505 0.0916522662 78 0.0000002597 0.0004166333 -0.0002934263 0.0000002701 0.0003967406 -0.0003357036 0.0000000022
78 0.0000002597 0.0000002701 0.0709913908 79 0.0000002539 0.0004154619 -0.0002850389 0.0000002170 0.0003967406 -0.0002441481 0.0000000020
79 0.0000002539 0.0000002170 0.0678444972 80 0.0000002483 0.0004143462 -0.0002768573 0.0000002505 0.0003967406 -0.0003051851 0.0000000011
80 0.0000002483 0.0000002505 0.0658283523 81 0.0000002431 0.0004132830 -0.0002688701 0.0000002580 0.0004272591 -0.0002746666 0.0000000002
81 0.0000002431 0.0000002580 0.0641446707 82 0.0000002381 0.0004122694 -0.0002610667 0.0000002328 0.0003967406 -0.0002746666 0.0000000004
82 0.0000002381 0.0000002328 0.0626790409 83 0.0000002334 0.0004113029 -0.0002534374 0.0000002096 0.0003662221 -0.0002746666 0.0000000025
83 0.0000002334 0.0000002096 0.0613035658 84 0.0000002289 0.0004103809 -0.0002459728 0.0000002170 0.0003967406 -0.0002441481 0.0000000002
84 0.0000002289 0.0000002170 0.0600419676 85 0.0000002247 0.0004095012 -0.0002386644 0.0000001583 0.0003357036 -0.0002136296 0.0000000061
85 0.0000002247 0.0000001583 0.0588698574 86 0.0000002206 0.0004086616 -0.0002315040 0.0000002328 0.0003967406 -0.0002746666 0.0000000020
86 0.0000002206 0.0000002328 0.0577639915 87 0.0000002167 0.0004078603 -0.0002244839 0.0000002030 0.0003967406 -0.0002136296 0.0000000002
87 0.0000002167 0.0000002030 0.0567126848 88 0.0000002131 0.0004070952 -0.0002175969 0.0000001798 0.0003662221 -0.0002136296 0.0000000017
88 0.0000002131 0.0000001798 0.0557213106 89 0.0000002096 0.0004063648 -0.0002108364 0.0000002170 0.0003967406 -0.0002441481 0.0000000012
89 0.0000002096 0.0000002170 0.0547685793 90 0.0000002063 0.0004056674 -0.0002041958 0.0000001798 0.0003662221 -0.0002136296 0.0000000016
90 0.0000002063 0.0000001798 0.0539355238 91 0.0000002031 0.0004050015 -0.0001976692 0.0000001798 0.0003662221 -0.0002136296 0.0000000018
91 0.0000002031 0.0000001798 0.0530750074 92 0.0000002001 0.0004043658 -0.0001912508 0.0000001676 0.0003662221 -0.0001831111 0.0000000015
92 0.0000002001 0.0000001676 0.0522556478 93 0.0000001972 0.0004037590 -0.0001849352 0.0000001676 0.0003662221 -0.0001831111 0.0000000014
93 0.0000001972 0.0000001676 0.0514950452 94 0.0000001945 0.0004031797 -0.0001787173 0.0000001574 0.0003662221 -0.0001525925 0.0000000020
94 0.0000001945 0.0000001574 0.0507848935 95 0.0000001919 0.0004026270 -0.0001725921 0.0000001574 0.0003662221 -0.0001525925 0.0000000017
95 0.0000001919 0.0000001574 0.0500839234 96 0.0000001894 0.0004020997 -0.0001665551 0.0000001676 0.0003662221 -0.0001831111 0.0000000016
96 0.0000001894 0.0000001676 0.0494369723 97 0.0000001871 0.0004015968 -0.0001606018 0.0000001798 0.0003662221 -0.0002136296 0.0000000041
97 0.0000001871 0.0000001798 0.0488141803 98 0.0000001848 0.0004011174 -0.0001547280 0.0000001909 0.0003967406 -0.0001831111 0.0000000008
98 0.0000001848 0.0000001909 0.0482419706 99 0.0000001827 0.0004006606 -0.0001489297 0.0000001723 0.0003967406 -0.0001220740 0.0000000007
99 0.0000001827 0.0000001723 0.0476777522 100 0.0000001807 0.0004002257 -0.0001432030 0.0000001574 0.0003662221 -0.0001525925 0.0000000012
100 0.0000001807 0.0000001574 0.0471360069 101 0.0000001788 0.0003998118 -0.0001375443 0.0000001574 0.0003662221 -0.0001525925 0.0000000014
101 0.0000001788 0.0000001574 0.0466161929 102 0.0000001769 0.0003994182 -0.0001319500 0.0000001611 0.0003967406 -0.0000610370 0.0000000050
102 0.0000001769 0.0000001611 0.0461508934 103 0.0000001752 0.0003990443 -0.0001264166 0.0000001807 0.0003967406 -0.0001525925 0.0000000007
103 0.0000001752 0.0000001807 0.0457220957 104 0.0000001736 0.0003986894 -0.0001209411 0.0000001425 0.0003662221 -0.0000915555 0.0000000019
104 0.0000001736 0.0000001425 0.0452639380 105 0.0000001720 0.0003983530 -0.0001155202 0.0000001276 0.0003357036 -0.0001220740 0.0000000040
105 0.0000001720 0.0000001276 0.0448292083 106 0.0000001706 0.0003980344 -0.0001101510 0.0000000969 0.0003051851 -0.0000610370 0.0000000110
106 0.0000001706 0.0000000969 0.0444561946 107 0.0000001692 0.0003977332 -0.0001048304 0.0000001211 0.0003357036 -0.0000915555 0.0000000040
107 0.0000001692 0.0000001211 0.0441028944 108 0.0000001679 0.0003974490 -0.0000995558 0.0000001490 0.0003662221 -0.0001220740 0.0000000015
108 0.0000001679 0.0000001490 0.0437761265 109 0.0000001666 0.0003971811 -0.0000943243 0.0000001276 0.0003357036 -0.0001220740 0.0000000045
109 0.0000001666 0.0000001276 0.0434328489 110 0.0000001655 0.0003969293 -0.0000891335 0.0000001425 0.0003662221 -0.0000915555 0.0000000009
110 0.0000001655 0.0000001425 0.0431223102 111 0.0000001644 0.0003966932 -0.0000839806 0.0000001425 0.0003662221 -0.0000915555 0.0000000010
111 0.0000001644 0.0000001425 0.0428506361 112 0.0000001634 0.0003964724 -0.0000788633 0.0000001425 0.0003662221 -0.0000915555 0.0000000011
112 0.0000001634 0.0000001425 0.0426004462 113 0.0000001625 0.0003962665 -0.0000737790 0.0000001164 0.0003357036 -0.0000610370 0.0000000038
113 0.0000001625 0.0000001164 0.0423487661 114 0.0000001616 0.0003960752 -0.0000687256 0.0000001378 0.0003662221 -0.0000610370 0.0000000010
114 0.0000001616 0.0000001378 0.0421229159 115 0.0000001608 0.0003958983 -0.0000637006 0.0000001136 0.0003357036 -0.0000305185 0.0000000047
115 0.0000001608 0.0000001136 0.0419001895 116 0.0000001601 0.0003957355 -0.0000587018 0.0000001164 0.0003357036 -0.0000610370 0.0000000036
116 0.0000001601 0.0000001164 0.0417029653 117 0.0000001594 0.0003955866 -0.0000537271 0.0000001136 0.0003357036 -0.0000305185 0.0000000041
117 0.0000001594 0.0000001136 0.0415205751 118 0.0000001588 0.0003954513 -0.0000487743 0.0000001351 0.0003662221 -0.0000305185 0.0000000012
118 0.0000001588 0.0000001351 0.0413756748 119 0.0000001582 0.0003953295 -0.0000438412 0.0000000941 0.0003051851 -0.0000305185 0.0000000083
119 0.0000001582 0.0000000941 0.0412203384 120 0.0000001577 0.0003952210 -0.0000389259 0.0000001378 0.0003662221 -0.0000610370 0.0000000013
120 0.0000001577 0.0000001378 0.0411009561 121 0.0000001573 0.0003951256 -0.0000340262 0.0000001611 0.0003967406 -0.0000610370 0.0000000007
121 0.0000001573 0.0000001611 0.0409831552 122 0.0000001569 0.0003950432 -0.0000291401 0.0000001583 0.0003967406 -0.0000305185 0.0000000000
122 0.0000001569 0.0000001583 0.0408778870 123 0.0000001566 0.0003949736 -0.0000242657 0.0000001136 0.0003357036 -0.0000305185 0.0000000036
123 0.0000001566 0.0000001136 0.0407997275 124 0.0000001563 0.0003949169 -0.0000194010 0.0000001136 0.0003357036 0.0000305185 0.0000000060
124 0.0000001563 0.0000001136 0.0407430633 125 0.0000001561 0.0003948728 -0.0000145440 0.0000001341 0.0003662221 0.0000000000 0.0000000010
125 0.0000001561 0.0000001341 0.0406746246 126 0.0000001560 0.0003948414 -0.0000096928 0.0000001136 0.0003357036 -0.0000305185 0.0000000039
126 0.0000001560 0.0000001136 0.0406568250 127 0.0000001559 0.0003948225 -0.0000048454 0.0000001574 0.0003967406 0.0000000000 0.0000000000
127 0.0000001559 0.0000001574 0.0406138894 128 0.0000001559 0.0003948162 0.0000000000 0.0000000335 0.0001831111 0.0000000000 0.0000000448
128 0.0000001559 0.0000000335 0.0103093727 129 0.0000001559 0.0003948225 0.0000048454 0.0000001341 0.0003662221 0.0000000000 0.0000000008
129 0.0000001559 0.0000001341 0.0406260401 130 0.0000001560 0.0003948414 0.0000096928 0.0000001351 0.0003662221 0.0000305185 0.0000000013
130 0.0000001560 0.0000001351 0.0406442216 131 0.0000001561 0.0003948728 0.0000145440 0.0000001351 0.0003662221 -0.0000305185 0.0000000029
131 0.0000001561 0.0000001351 0.0406869272 132 0.0000001563 0.0003949169 0.0000194010 0.0000001341 0.0003662221 0.0000000000 0.0000000012
132 0.0000001563 0.0000001341 0.0407301544 133 0.0000001566 0.0003949736 0.0000242657 0.0000001136 0.0003357036 -0.0000305185 0.0000000065
133 0.0000001566 0.0000001136 0.0407851514 134 0.0000001569 0.0003950432 0.0000291401 0.0000001136 0.0003357036 -0.0000305185 0.0000000071
134 0.0000001569 0.0000001136 0.0408787951 135 0.0000001573 0.0003951256 0.0000340262 0.0000001583 0.0003967406 0.0000305185 0.0000000000
135 0.0000001573 0.0000001583 0.0409944081 136 0.0000001577 0.0003952210 0.0000389259 0.0000001583 0.0003967406 0.0000305185 0.0000000001
136 0.0000001577 0.0000001583 0.0411120600 137 0.0000001582 0.0003953295 0.0000438412 0.0000001425 0.0003662221 0.0000915555 0.0000000031
137 0.0000001582 0.0000001425 0.0412189721 138 0.0000001588 0.0003954513 0.0000487743 0.0000001378 0.0003662221 0.0000610370 0.0000000010
138 0.0000001588 0.0000001378 0.0413741557 139 0.0000001594 0.0003955866 0.0000537271 0.0000001378 0.0003662221 0.0000610370 0.0000000009
139 0.0000001594 0.0000001378 0.0415049065 140 0.0000001601 0.0003957355 0.0000587018 0.0000001351 0.0003662221 0.0000305185 0.0000000017
140 0.0000001601 0.0000001351 0.0417011370 141 0.0000001608 0.0003958983 0.0000637006 0.0000001378 0.0003662221 0.0000610370 0.0000000009
141 0.0000001608 0.0000001378 0.0419001895 142 0.0000001616 0.0003960752 0.0000687256 0.0000001211 0.0003357036 0.0000915555 0.0000000042
142 0.0000001616 0.0000001211 0.0421207746 143 0.0000001625 0.0003962665 0.0000737790 0.0000001164 0.0003357036 0.0000610370 0.0000000038
143 0.0000001625 0.0000001164 0.0423487661 144 0.0000001634 0.0003964724 0.0000788633 0.0000001378 0.0003662221 0.0000610370 0.0000000012
144 0.0000001634 0.0000001378 0.0425856336 145 0.0000001644 0.0003966932 0.0000839806 0.0000001378 0.0003662221 0.0000610370 0.0000000015
145 0.0000001644 0.0000001378 0.0428506361 146 0.0000001655 0.0003969293 0.0000891335 0.0000001378 0.0003662221 0.0000610370 0.0000000017
146 0.0000001655 0.0000001378 0.0431346780 147 0.0000001666 0.0003971811 0.0000943243 0.0000001490 0.0003662221 0.0001220740 0.0000000017
147 0.0000001666 0.0000001490 0.0434452260 148 0.0000001679 0.0003974490 0.0000995558 0.0000001378 0.0003662221 0.0000610370 0.0000000025
148 0.0000001679 0.0000001378 0.0437606358 149 0.0000001692 0.0003977332 0.0001048304 0.0000001658 0.0003967406 0.0000915555 0.0000000002
149 0.0000001692 0.0000001658 0.0440872342 150 0.0000001706 0.0003980344 0.0001101510 0.0000001425 0.0003662221 0.0000915555 0.0000000014
150 0.0000001706 0.0000001425 0.0444878689 151 0.0000001720 0.0003983530 0.0001155202 0.0000001360 0.0003357036 0.0001525925 0.0000000053
151 0.0000001720 0.0000001360 0.0448416208 152 0.0000001736 0.0003986894 0.0001209411 0.0000001425 0.0003662221 0.0000915555 0.0000000019
152 0.0000001736 0.0000001425 0.0452601687 153 0.0000001752 0.0003990443 0.0001264166 0.0000001080 0.0003051851 0.0001220740 0.0000000088
153 0.0000001752 0.0000001080 0.0456768968 154 0.0000001769 0.0003994182 0.0001319500 0.0000001835 0.0004272591 0.0000305185 0.0000000111
154 0.0000001769 0.0000001835 0.0461800316 155 0.0000001788 0.0003998118 0.0001375443 0.0000001211 0.0003357036 0.0000915555 0.0000000062
155 0.0000001788 0.0000001211 0.0466165990 156 0.0000001807 0.0004002257 0.0001432030 0.0000001276 0.0003357036 0.0001220740 0.0000000046
156 0.0000001807 0.0000001276 0.0471190670 157 0.0000001827 0.0004006606 0.0001489297 0.0000001276 0.0003357036 0.0001220740 0.0000000049
157 0.0000001827 0.0000001276 0.0476731074 158 0.0000001848 0.0004011174 0.0001547280 0.0000001360 0.0003357036 0.0001525925 0.0000000043
158 0.0000001848 0.0000001360 0.0482198122 159 0.0000001871 0.0004015968 0.0001606018 0.0000001909 0.0003967406 0.0001831111 0.0000000005
159 0.0000001871 0.0000001909 0.0488367207 160 0.0000001894 0.0004020997 0.0001665551 0.0000001574 0.0003662221 0.0001525925 0.0000000015
160 0.0000001894 0.0000001574 0.0494369723 161 0.0000001919 0.0004026270 0.0001725921 0.0000001574 0.0003662221 0.0001525925 0.0000000017
161 0.0000001919 0.0000001574 0.0500839234 162 0.0000001945 0.0004031797 0.0001787173 0.0000001574 0.0003662221 0.0001525925 0.0000000020
162 0.0000001945 0.0000001574 0.0507737430 163 0.0000001972 0.0004037590 0.0001849352 0.0000001360 0.0003357036 0.0001525925 0.0000000057
163 0.0000001972 0.0000001360 0.0514950452 164 0.0000002001 0.0004043658 0.0001912508 0.0000001676 0.0003662221 0.0001831111 0.0000000015
164 0.0000002001 0.0000001676 0.0522682615 165 0.0000002031 0.0004050015 0.0001976692 0.0000001798 0.0003662221 0.0002136296 0.0000000018
165 0.0000002031 0.0000001798 0.0530623714 166 0.0000002063 0.0004056674 0.0002041958 0.0000001583 0.0003357036 0.0002136296 0.0000000050
166 0.0000002063 0.0000001583 0.0538910904 167 0.0000002096 0.0004063648 0.0002108364 0.0000002030 0.0003967406 0.0002136296 0.0000000001
167 0.0000002096 0.0000002030 0.0548005210 168 0.0000002131 0.0004070952 0.0002175969 0.0000002030 0.0003967406 0.0002136296 0.0000000001
168 0.0000002131 0.0000002030 0.0557399335 169 0.0000002167 0.0004078603 0.0002244839 0.0000002030 0.0003967406 0.0002136296 0.0000000002
169 0.0000002167 0.0000002030 0.0567254196 170 0.0000002206 0.0004086616 0.0002315040 0.0000001881 0.0003357036 0.0002746666 0.0000000072
170 0.0000002206 0.0000001881 0.0577639915 171 0.0000002247 0.0004095012 0.0002386644 0.0000001937 0.0003662221 0.0002441481 0.0000000019
171 0.0000002247 0.0000001937 0.0588645206 172 0.0000002289 0.0004103809 0.0002459728 0.0000002170 0.0003967406 0.0002441481 0.0000000002
172 0.0000002289 0.0000002170 0.0600676253 173 0.0000002334 0.0004113029 0.0002534374 0.0000001937 0.0003662221 0.0002441481 0.0000000021
173 0.0000002334 0.0000001937 0.0613035658 174 0.0000002381 0.0004122694 0.0002610667 0.0000002328 0.0003967406 0.0002746666 0.0000000004
174 0.0000002381 0.0000002328 0.0626579563 175 0.0000002431 0.0004132830 0.0002688701 0.0000001937 0.0003662221 0.0002441481 0.0000000028
175 0.0000002431 0.0000001937 0.0641576290 176 0.0000002483 0.0004143462 0.0002768573 0.0000002328 0.0003967406 0.0002746666 0.0000000003
176 0.0000002483 0.0000002328 0.0658283523 177 0.0000002539 0.0004154619 0.0002850389 0.0000002580 0.0004272591 0.0002746666 0.0000000002
177 0.0000002539 0.0000002580 0.0678534915 178 0.0000002597 0.0004166333 0.0002934263 0.0000002328 0.0003967406 0.0002746666 0.0000000007
178 0.0000002597 0.0000002328 0.0710101227 179 0.0000002658 0.0004178637 0.0003020315 0.0000002580 0.0004272591 0.0002746666 0.0000000008
179 0.0000002658 0.0000002580 0.0916414407 180 0.0000002723 0.0004191566 0.0003108677 0.0000002096 0.0003662221 0.0002746666 0.0000000041
180 0.0000002723 0.0000002096 0.0655855044 181 0.0000002792 0.0004205161 0.0003199489 0.0000002273 0.0003662221 0.0003051851 0.0000000032
181 0.0000002792 0.0000002273 0.0702112450 182 0.0000002865 0.0004219464 0.0003292902 0.0000002273 0.0003662221 0.0003051851 0.0000000037
182 0.0000002865 0.0000002273 0.0728924777 183 0.0000002942 0.0004234522 0.0003389080 0.0000002757 0.0004272591 0.0003051851 0.0000000012
183 0.0000002942 0.0000002757 0.0753053428 184 0.0000003023 0.0004250385 0.0003488201 0.0000002701 0.0003967406 0.0003357036 0.0000000010
184 0.0000003023 0.0000002701 0.0776422362 185 0.0000003110 0.0004267109 0.0003590456 0.0000002058 0.0003357036 0.0003051851 0.0000000112
185 0.0000003110 0.0000002058 0.0800201503 186 0.0000003202 0.0004284754 0.0003696054 0.0000002915 0.0003662221 0.0003967406 0.0000000046
186 0.0000003202 0.0000002915 0.0825622601 187 0.0000003300 0.0004303386 0.0003805223 0.0000002682 0.0003662221 0.0003662221 0.0000000043
187 0.0000003300 0.0000002682 0.0851660737 188 0.0000003404 0.0004323079 0.0003918210 0.0000003167 0.0004272591 0.0003662221 0.0000000007
188 0.0000003404 0.0000003167 0.0879489255 189 0.0000003515 0.0004343912 0.0004035287 0.0000002915 0.0003662221 0.0003967406 0.0000000047
189 0.0000003515 0.0000002915 0.0908513870 190 0.0000003634 0.0004365973 0.0004156752 0.0000003437 0.0004577776 0.0003662221 0.0000000029
190 0.0000003634 0.0000003437 0.0940109799 191 0.0000003761 0.0004389360 0.0004282929 0.0000003400 0.0003967406 0.0004272591 0.0000000018
191 0.0000003761 0.0000003400 0.0973323683 192 0.0000003897 0.0004414180 0.0004414180 0.0000003651 0.0004272591 0.0004272591 0.0000000004
192 0.0000003897 0.0000003651 0.1008774834 193 0.0000004043 0.0004440553 0.0004550900 0.0000003651 0.0004272591 0.0004272591 0.0000000011
193 0.0000004043 0.0000003651 0.1046983510 194 0.0000004200 0.0004468612 0.0004693530 0.0000003921 0.0004272591 0.0004577776 0.0000000005
194 0.0000004200 0.0000003921 0.1087797451 195 0.0000004369 0.0004498505 0.0004842557 0.0000004210 0.0004272591 0.0004882962 0.0000000005
195 0.0000004369 0.0000004210 0.1132083238 196 0.0000004551 0.0004530399 0.0004998525 0.0000004210 0.0004272591 0.0004882962 0.0000000008
196 0.0000004551 0.0000004210 0.1179706456 197 0.0000004748 0.0004564479 0.0005162041 0.0000004210 0.0004272591 0.0004882962 0.0000000016
197 0.0000004748 0.0000004210 0.1230560071 198 0.0000004962 0.0004600955 0.0005333785 0.0000004517 0.0004272591 0.0005188147 0.0000000013
198 0.0000004962 0.0000004517 0.1286689279 199 0.0000005194 0.0004640064 0.0005514525 0.0000004843 0.0004272591 0.0005493332 0.0000000014
199 0.0000005194 0.0000004843 0.1347206243 200 0.0000005447 0.0004682074 0.0005705124 0.0000005113 0.0004577776 0.0005493332 0.0000000006
200 0.0000005447 0.0000005113 0.1412654545 201 0.0000005723 0.0004727292 0.0005906564 0.0000005821 0.0004577776 0.0006103702 0.0000000006
201 0.0000005723 0.0000005821 0.1484588713 202 0.0000006026 0.0004776065 0.0006119962 0.0000005188 0.0004272591 0.0005798517 0.0000000036
202 0.0000006026 0.0000005188 0.1563628327 203 0.0000006360 0.0004828795 0.0006346595 0.0000005821 0.0004577776 0.0006103702 0.0000000012
203 0.0000006360 0.0000005821 0.1649826366 204 0.0000006727 0.0004885945 0.0006587934 0.0000006603 0.0004577776 0.0006714072 0.0000000011
204 0.0000006727 0.0000006603 0.1745402538 205 0.0000007135 0.0004948049 0.0006845675 0.0000006380 0.0005493332 0.0005798517 0.0000000139
205 0.0000007135 0.0000006380 0.1850944526 206 0.0000007588 0.0005015733 0.0007121793 0.0000008653 0.0006103702 0.0007019257 0.0000000119
206 0.0000007588 0.0000008653 0.1969764520 207 0.0000008094 0.0005089728 0.0007418595 0.0000006603 0.0004577776 0.0006714072 0.0000000076
207 0.0000008094 0.0000006603 0.2100525860 208 0.0000008663 0.0005170899 0.0007738798 0.0000007749 0.0004882962 0.0007324442 0.0000000025
208 0.0000008663 0.0000007749 0.2248461547 209 0.0000009305 0.0005260273 0.0008085621 0.0000009174 0.0004882962 0.0008239998 0.0000000017
209 0.0000009305 0.0000009174 0.2415336584 210 0.0000010034 0.0005359079 0.0008462911 0.0000009481 0.0005188147 0.0008239998 0.0000000008
210 0.0000010034 0.0000009481 0.2604595034 211 0.0000010868 0.0005468802 0.0008875305 0.0000010851 0.0005493332 0.0008850368 0.0000000000
211 0.0000010868 0.0000010851 0.2821703935 212 0.0000011828 0.0005591251 0.0009328439 0.0000009686 0.0004882962 0.0008545183 0.0000000112
212 0.0000011828 0.0000009686 0.3070506775 213 0.0000012943 0.0005728653 0.0009829242 0.0000011642 0.0005188147 0.0009460738 0.0000000043
213 0.0000012943 0.0000011642 0.3360638991 214 0.0000014249 0.0005883779 0.0010386323 0.0000012834 0.0005188147 0.0010071108 0.0000000058
214 0.0000014249 0.0000012834 0.3699454054 215 0.0000015796 0.0006060125 0.0011010520 0.0000014427 0.0005493332 0.0010681478 0.0000000043
215 0.0000015796 0.0000014427 0.4101628708 216 0.0000017647 0.0006262159 0.0011715675 0.0000017175 0.0006103702 0.0011597034 0.0000000004
216 0.0000017647 0.0000017175 0.4582384700 217 0.0000019894 0.0006495686 0.0012519747 0.0000018628 0.0006103702 0.0012207404 0.0000000025
217 0.0000019894 0.0000018628 0.5165550713 218 0.0000022662 0.0006768389 0.0013446479 0.0000022139 0.0006408887 0.0013428144 0.0000000013
218 0.0000022662 0.0000022139 0.5885126853 219 0.0000026134 0.0007090649 0.0014527929 0.0000025967 0.0006714072 0.0014648885 0.0000000016
219 0.0000026134 0.0000025967 0.6786819160 220 0.0000030581 0.0007476849 0.0015808469 0.0000027289 0.0007019257 0.0014954070 0.0000000094
220 0.0000030581 0.0000027289 0.7941915722 221 0.0000036423 0.0007947495 0.0017351333 0.0000036696 0.0007324442 0.0017700735 0.0000000051
221 0.0000036423 0.0000036696 0.9459741976 222 0.0000044337 0.0008532866 0.0019249838 0.0000043756 0.0008239998 0.0019226661 0.0000000009
222 0.0000044337 0.0000043756 1.1514704587 223 0.0000055474 0.0009279621 0.0021647718 0.0000051645 0.0008545183 0.0021057772 0.0000000089
223 0.0000055474 0.0000051645 1.4408344879 224 0.0000071932 0.0010263589 0.0024778497 0.0000069751 0.0010071108 0.0024414808 0.0000000017
224 0.0000071932 0.0000069751 1.8683163469 225 0.0000097877 0.0011616788 0.0029048636 0.0000092626 0.0010986663 0.0028382214 0.0000000084
225 0.0000097877 0.0000092626 2.5422385955 226 0.0000142616 0.0013591268 0.0035234038 0.0000136149 0.0013122959 0.0034485916 0.0000000078
226 0.0000142616 0.0000136149 3.7045267049 227 0.0000230718 0.0016735645 0.0045023341 0.0000225692 0.0016479995 0.0044557024 0.0000000028
227 0.0000230718 0.0000225692 5.9929389248 228 0.0000446569 0.0022512935 0.0062919439 0.0000432095 0.0021973327 0.0061952574 0.0000000123
228 0.0000446569 0.0000432095 11.5999908656 229 0.0001263474 0.0036566289 0.0106290368 0.0001251150 0.0036011841 0.0105899228 0.0000000046
229 0.0001263474 0.0001251150 32.8208594620 230 0.0014872427 0.0120970690 0.0366183505 0.0014701684 0.0120242927 0.0364085818 0.0000000493
230 0.0014872427 0.0014701684 386.3412597444 231 0.0006338198 -0.0076032345 -0.0240002206 0.0006273073 -0.0075991089 -0.0238654744 0.0000000182
231 0.0006338198 0.0006273073 164.6510258037 232 0.0000852687 -0.0026805191 -0.0088364871 0.0000837664 -0.0026551103 -0.0087588122 0.0000000067
232 0.0000852687 0.0000837664 22.1514064823 233 0.0000308130 -0.0015460482 -0.0053312994 0.0000306210 -0.0015564440 -0.0053102206 0.0000000006
233 0.0000308130 0.0000306210 8.0046128810 234 0.0000152932 -0.0010430202 -0.0037689906 0.0000152318 -0.0010681478 -0.0037537767 0.0000000009
234 0.0000152932 0.0000152318 3.9734450548 235 0.0000088847 -0.0007596830 -0.0028822855 0.0000089878 -0.0007629627 -0.0028992584 0.0000000003
235 0.0000088847 0.0000089878 2.3081272404 236 0.0000056665 -0.0005783975 -0.0023090922 0.0000056116 -0.0006103702 -0.0022888882 0.0000000014
236 0.0000056665 0.0000056116 1.4721328600 237 0.0000038408 -0.0004528249 -0.0019067561 0.0000038187 -0.0004882962 -0.0018921476 0.0000000015
237 0.0000038408 0.0000038187 0.9977895619 238 0.0000027150 -0.0003610193 -0.0016076918 0.0000026759 -0.0003967406 -0.0015869625 0.0000000017
238 0.0000027150 0.0000026759 0.7053181743 239 0.0000019775 -0.0002912458 -0.0013757373 0.0000021701 -0.0003357036 -0.0014343699 0.0000000054
239 0.0000019775 0.0000021701 0.5138107693 240 0.0000014716 -0.0002366632 -0.0011897862 0.0000014762 -0.0002441481 -0.0011902219 0.0000000001
240 0.0000014716 0.0000014762 0.3823522948 241 0.0000011120 -0.0001930155 -0.0010366845 0.0000011223 -0.0002136296 -0.0010376293 0.0000000004
241 0.0000011120 0.0000011223 0.2889230704 242 0.0000008489 -0.0001575185 -0.0009078017 0.0000008168 -0.0001831111 -0.0008850368 0.0000000012
242 0.0000008489 0.0000008168 0.2205916210 243 0.0000006520 -0.0001282761 -0.0007972344 0.0000006631 -0.0001831111 -0.0007934812 0.0000000030
243 0.0000006520 0.0000006631 0.1693968572 244 0.0000005019 -0.0001039541 -0.0007008016 0.0000005076 -0.0001220740 -0.0007019257 0.0000000003
244 0.0000005019 0.0000005076 0.1303938500 245 0.0000003858 -0.0000835886 -0.0006154536 0.0000004191 -0.0000915555 -0.0006408887 0.0000000007
245 0.0000003858 0.0000004191 0.1002060808 246 0.0000002948 -0.0000664679 -0.0005389074 0.0000003101 -0.0000915555 -0.0005493332 0.0000000007
246 0.0000002948 0.0000003101 0.0765954970 247 0.0000002231 -0.0000520570 -0.0004694136 0.0000002776 -0.0000915555 -0.0005188147 0.0000000040
247 0.0000002231 0.0000002776 0.0579673610 248 0.0000001661 -0.0000399483 -0.0004056023 0.0000001611 -0.0000610370 -0.0003967406 0.0000000005
248 0.0000001661 0.0000001611 0.0431526387 249 0.0000001209 -0.0000298284 -0.0003463790 0.0000001136 -0.0000305185 -0.0003357036 0.0000000001
249 0.0000001209 0.0000001136 0.0314007391 250 0.0000000851 -0.0000214545 -0.0002908511 0.0000000969 -0.0000610370 -0.0003051851 0.0000000018
250 0.0000000851 0.0000000969 0.0220910280 251 0.0000000570 -0.0000146388 -0.0002382756 0.0000000941 -0.0000305185 -0.0003051851 0.0000000047
251 0.0000000570 0.0000000941 0.0148102451 252 0.0000000354 -0.0000092369 -0.0001880205 0.0000000345 -0.0000305185 -0.0001831111 0.0000000005
252 0.0000000354 0.0000000345 0.0092115446 253 0.0000000195 -0.0000051394 -0.0001395363 0.0000000345 -0.0000305185 -0.0001831111 0.0000000025
253 0.0000000195 0.0000000345 0.0050679195 254 0.0000000085 -0.0000022666 -0.0000923328 0.0000000093 -0.0000305185 -0.0000915555 0.0000000008
254 0.0000000085 0.0000000093 0.0022160907 255 0.0000000021 -0.0000005641 -0.0000459616 0.0000000000 0.0000000000 0.0000000000 0.0000000021
255 0.0000000021 0.0000000000 0.0005494254 