#int double real img int16 real16 img16 error
0 0.0000000000 -0.0000000000 0.0000000000 0.0000152597 -0.0039063692 0.0000000000 0.0000152597
0 0.0000000000 0.0000152597 0.0000000009 1 0.0421555481 -0.0025195697 0.2053027031 0.0000152634 0.0000610370 0.0039063692 0.0405671428
1 0.0421555481 0.0000152634 2462.0665867876 2 0.1702056915 -0.0101247274 0.4124356694 0.0001102828 -0.0011597034 0.0104373302 0.1616830363
2 0.1702056915 0.0001102828 2582.7718262120 3 0.3890121885 -0.0229569748 0.6232857818 0.0002417954 -0.0007019257 0.0155339213 0.3698576111
3 0.3890121885 0.0002417954 72461.5646395969 4 0.7070619306 -0.0412595229 0.8398568821 0.0005032029 -0.0011902219 0.0224005860 0.6698403450
4 0.7070619306 0.0005032029 40532.5141224992 5 1.1370910490 -0.0653890430 1.0643379736 0.0008210752 -0.0018311106 0.0285958434 1.0768013711
5 1.1370910490 0.0008210752 216241.8667819021 6 1.6970640708 -0.0958335955 1.2991843567 0.0012452338 -0.0026551103 0.0351878414 1.6063694208
6 1.6970640708 0.0012452338 2313.9089891935 7 2.4116371536 -0.1332384791 1.5472183625 0.0017513249 -0.0036622211 0.0416882839 2.2834108241
7 2.4116371536 0.0017513249 5610.5780322490 8 3.3143121971 -0.1784426792 1.8117589264 0.0024542975 -0.0050050356 0.0492873928 3.1363865229
8 3.3143121971 0.0024542975 49356.2756938567 9 4.4506125265 -0.2325300028 2.0967933433 0.0032891525 -0.0065309610 0.0569780572 4.2119219682
9 4.4506125265 0.0032891525 6911.8314104001 10 5.8828156121 -0.2969011718 2.4072111055 0.0043467114 -0.0080874050 0.0654316843 5.5673442492
10 5.8828156121 0.0043467114 17893.3466587311 11 7.6971280947 -0.3733766608 2.7491304014 0.0057080379 -0.0104068117 0.0748313852 7.2836223391
11 7.6971280947 0.0057080379 28364.0660114103 12 10.0148062328 -0.4643458809 3.1303656553 0.0074707452 -0.0127872555 0.0854823450 9.4752195651
12 10.0148062328 0.0074707452 270271.7184811083 13 13.0098559611 -0.5729882637 3.5611150516 0.0094659304 -0.0000305185 0.0972930082 12.3263437261
13 13.0098559611 0.0094659304 280591.5515316461 14 16.9381018577 -0.7036094720 4.0550013032 0.0127091807 -0.0193792535 0.1110568560 16.0228687943
14 16.9381018577 0.0127091807 7023.0046965543 15 22.1867115078 -0.8621686150 4.6306993842 0.0167444230 -0.0235908078 0.1272316660 20.9844342278
15 22.1867115078 0.0167444230 289062.0259144738 16 29.3622922881 -1.0571356147 5.3145796240 0.0223656657 -0.0292062136 0.1466719565 27.7639085135
16 29.3622922881 0.0223656657 298210.3975943731 17 39.4558606961 -1.3009473334 6.1451929776 0.0302267828 -0.0361949522 0.1700491348 37.3019425277
17 39.4558606961 0.0302267828 343663.4495933485 18 54.1715292052 -1.6126138428 7.1812955516 0.0415801173 -0.0447096164 0.1989501633 51.2114707848
18 54.1715292052 0.0415801173 264031.9663545080 19 76.6334178076 -2.0226945813 8.5171664559 0.0591767506 -0.0562456130 0.2366710410 72.4335258623
19 76.6334178076 0.0591767506 51865.7636488292 20 113.0605493668 -2.5836066576 10.3143359459 0.0876943497 -0.0720236824 0.2872402112 106.8506979153
20 113.0605493668 0.0876943497 370108.1632824705 21 177.2728293013 -3.3933793371 12.8746963450 0.1383919143 -0.0949430830 0.3596911527 167.5050366860
21 177.2728293013 0.1383919143 303042.8669223643 22 305.1390814596 -4.6589999605 16.8354625962 0.2394574888 -0.1306802576 0.4715720084 288.2825945003
22 305.1390814596 0.2394574888 16629.3852206370 23 614.8005334535 -6.9059434856 23.8140395151 0.4852997271 -0.1940672018 0.6690572832 580.7394857630
23 614.8005334535 0.4852997271 293542.8267083479 24 1701.3339791277 -11.9734388359 39.4711380830 1.1139502867 -0.3375652333 1.0000000000 1615.4220198999
24 1701.3339791277 1.1139502867 524319.9702129969 25 12646.3668787612 -33.9624011019 107.2050474099 1.9233399360 -0.9609057894 1.0000000000 12368.6107881986
25 12646.3668787612 1.9233399360 524319.9702129969 26 29674.3925387535 54.0356223231 -163.5681633415 2.0000610380 1.0000000000 -1.0000305185 29241.1750447492
26 29674.3925387535 2.0000610380 524319.9702129969 27 2520.9612062305 16.3335612334 -47.4781632297 1.2166365583 0.4653767510 -1.0000305185 2412.0160990858
27 2520.9612062305 1.2166365583 317344.2721381370 28 891.0219038488 10.0561587598 -28.1050809436 0.7293636211 0.2876369518 -0.8041322062 840.7658202764
28 891.0219038488 0.7293636211 335058.9460165791 29 460.3435403373 7.4755380798 -20.1111877013 0.3800224744 0.2146061586 -0.5778984954 434.2705195616
29 460.3435403373 0.3800224744 476773.2095909739 30 284.5563298824 6.0709965010 -15.7384666142 0.2369756645 0.1750541704 -0.4542374950 268.3697957342
30 284.5563298824 0.2369756645 371476.6575503951 31 195.2908900690 5.1890284549 -12.9755490737 0.1641831638 0.1503646962 -0.3762627033 184.1301495152
31 195.2908900690 0.1641831638 302820.7594964333 32 143.5222469030 4.5845770180 -11.0681480144 0.1218936074 0.1335489975 -0.3225806452 135.2788685268
32 143.5222469030 0.1218936074 284650.8186499265 33 110.6841927709 4.1450545349 -9.6696802260 0.0948635571 0.1213415937 -0.2830896939 104.2983476512
33 110.6841927709 0.0948635571 262160.0007324526 34 88.4631627986 3.8114914173 -8.5985868592 0.0767621348 0.1122470779 -0.2533036287 83.3281608803
34 88.4631627986 0.0767621348 258884.0362589445 35 72.6737226432 3.5500155364 -7.7505556146 0.0638064142 0.1051973022 -0.2296517838 68.4307670985
35 72.6737226432 0.0638064142 51942.5233679776 36 61.0173117738 3.3397858440 -7.0613838793 0.0542473757 0.0995208594 -0.2105777154 57.4328622652
36 61.0173117738 0.0542473757 0.0000155000 37 52.1437921198 3.1672767447 -6.4893875013 0.0469315207 0.0949125645 -0.1947386090 49.0620263340
37 52.1437921198 0.0469315207 0.0000155000 38 45.2164094550 3.0233281158 -6.0063213833 0.0002432037 -0.0000305185 -0.0155949583 45.0295005300
38 45.2164094550 0.0002432037 0.0000155000 39 39.6933475167 2.9015162305 -5.5923654280 0.0311949517 0.0477309488 -0.1700491348 37.5456044180
39 39.6933475167 0.0311949517 0.0000150232 40 35.2107256603 2.7972034785 -5.2331996293 0.0330998322 0.0858485672 -0.1604052858 33.0846879067
40 35.2107256603 0.0330998322 17032.0860582747 41 31.5164986196 2.7069583365 -4.9182187003 0.0301536705 0.0837733085 -0.1521042512 29.5969466328
41 31.5164986196 0.0301536705 39513.9935822994 42 28.4314008469 2.6281875552 -4.6393998558 0.0275939129 0.0818201239 -0.1445661794 26.6875168734
42 28.4314008469 0.0275939129 121143.2167644898 43 25.8249703593 2.5588951869 -4.3905609871 0.0255514649 0.0802941984 -0.1382183294 24.2258809387
43 25.8249703593 0.0255514649 25926.7795448960 44 23.6003353597 2.4975201984 -4.1668607150 0.0238327793 0.0792565691 -0.1324808496 22.1242198789
44 23.6003353597 0.0238327793 113045.3408802297 45 21.6842785689 2.4428243131 -3.9644530448 0.0223628707 0.0784325694 -0.1273232215 20.3139135983
45 21.6842785689 0.0223628707 388231.2014441300 46 20.0205814495 2.3938128454 -3.7802435782 0.0210970273 0.0776085696 -0.1227759636 18.7418715991
46 20.0205814495 0.0210970273 173738.6176196399 47 18.5654639325 2.3496777368 -3.6117140620 0.0199598410 0.0769676809 -0.1184728538 17.3679451370
47 18.5654639325 0.0199598410 524319.9702129969 48 17.2843963090 2.3097558532 -3.4567939203 0.0190890133 0.0767235328 -0.1149021882 16.1546736933
48 17.2843963090 0.0190890133 524319.9702129969 49 16.1498296604 2.2734979794 -3.3137647168 0.0183211907 0.0765404218 -0.1116367077 15.0802462967
49 16.1498296604 0.0183211907 513637.0133670075 50 15.1395534998 2.2404454402 -3.1811881003 0.0176881814 0.0764488662 -0.1088290048 14.1222715837
50 15.1395534998 0.0176881814 2179.8920514822 51 14.2354894683 2.2102122473 -3.0578507632 0.0131836869 0.0785546434 -0.0837427900 13.3892823767
51 14.2354894683 0.0131836869 199415.5075205959 52 13.4227931933 2.1824713060 -2.9427219019 0.0166546409 0.0768150884 -0.1037018952 12.4938227053
52 13.4227931933 0.0166546409 112379.2427115292 53 12.6891772108 2.1569436440 -2.8349199861 0.0164223893 0.0775475326 -0.1020233772 11.7926120630
53 12.6891772108 0.0164223893 65099.6174394608 54 12.0243946599 2.1333899177 -2.7336865436 0.0159417109 0.0777001251 -0.0995208594 11.1646893754
54 12.0243946599 0.0159417109 199602.8593722898 55 11.4198413951 2.1116036540 -2.6383652900 0.0159166223 0.0787377544 -0.0985747856 10.5830795718
55 11.4198413951 0.0159166223 280056.0780081276 56 10.8682463394 2.0914058264 -2.5483853729 0.0156839423 0.0793786431 -0.0968657491 10.0582018521
56 10.8682463394 0.0156839423 41920.6465695789 57 10.3634283120 2.0726404698 -2.4632478144 0.0156842096 0.0806299020 -0.0958281198 9.5727821125
57 10.3634283120 0.0156842096 283566.5697738706 58 9.9001034371 2.0551711076 -2.3825144608 0.0157253105 0.0818506424 -0.0950041200 9.1266972173
58 9.9001034371 0.0157253105 98988.0886791885 59 9.4737314055 2.0388778222 -2.3057989140 0.0158879657 0.0834986419 -0.0944242683 8.7136855621
59 9.4737314055 0.0158879657 153744.7329353261 60 9.0803918410 2.0236548371 -2.2327590423 0.0161406489 0.0852687155 -0.0941801202 8.3308605626
60 9.0803918410 0.0161406489 475930.2017876721 61 8.7166841860 2.0094085097 -2.1630907579 0.0165325398 0.0874050111 -0.0943021943 7.9739835696
61 8.7166841860 0.0165325398 123425.4940153913 62 8.3796461049 1.9960556554 -2.0965228178 0.0170625217 0.0899380474 -0.0947294534 7.6404610090
62 8.3796461049 0.0170625217 4053.7811720801 63 8.0666865705 1.9835221415 -2.0328124568 0.0177138204 0.0929288614 -0.0952787866 7.3283796743
63 8.0666865705 0.0177138204 524319.9702129969 64 7.7755306748 1.9717417015 -1.9717417015 0.0186891647 0.0966521195 -0.0966826380 7.0318074320
64 7.7755306748 0.0186891647 524311.9697554512 65 7.5041738618 1.9606549298 -1.9131142433 0.0199027856 0.1009247108 -0.0985747856 6.7511499310
65 7.5041738618 0.0199027856 179452.0372853880 66 7.2508437763 1.9502084270 -1.8567527750 0.0214759525 0.1060518204 -0.1011383404 6.4830956326
66 7.2508437763 0.0214759525 1272.8622434178 67 7.0139683079 1.9403540689 -1.8024967115 0.0235927023 0.1124912259 -0.1045869320 6.2239801923
67 7.0139683079 0.0235927023 259881.0009715843 68 6.7921486980 1.9310483798 -1.7502002322 0.0263420030 0.1202429273 -0.1090121158 5.9725148200
68 6.7921486980 0.0263420030 524311.9697554512 69 6.5841368097 1.9222519921 -1.6997305929 0.0302156547 0.1301919614 -0.1151768548 5.7222897027
69 6.5841368097 0.0302156547 42781.2234360072 70 6.3888158343 1.9139291801 -1.6509666647 0.0357886873 0.1431928465 -0.1236304819 5.4682629785
70 6.3888158343 0.0357886873 524311.9697554512 71 6.2051838508 1.9060474551 -1.6037976648 0.0442306061 0.1610461745 -0.1352580340 5.2016381166
71 6.2051838508 0.0442306061 143226.7564341266 72 6.0323397623 1.8985772132 -1.5581220516 0.0578916016 0.1859797967 -0.1526535844 4.9083315232
72 6.0323397623 0.0578916016 445505.5847056273 73 5.8694712228 1.8914914283 -1.5138465574 0.0825502071 0.2244331187 -0.1793877987 4.5598635864
73 5.8694712228 0.0825502071 3532.6683969827 74 5.7158442364 1.8847653829 -1.4708853415 0.1358517940 0.2905056917 -0.2268440809 4.0893026209
74 5.7158442364 0.1358517940 153357.1661734331 75 5.5707941675 1.8783764321 -1.4291592448 0.2926963864 0.4305856502 -0.3275551622 3.3096297028
75 5.5707941675 0.2926963864 524311.9697554512 76 5.4337179465 1.8723037957 -1.3885951329 1.3149504217 0.9210486160 -0.6830957976 1.4026157290
76 5.4337179465 1.3149504217 199225.9436228083 77 5.3040672913 1.8665283751 -1.3491253152 1.9999389639 -1.0000000000 0.9999694815 13.7352312893
77 5.3040672913 1.9999389639 73384.7231690380 78 5.1813427945 1.8610325909 -1.3106870298 0.4553344039 -0.5516830958 0.3885616626 8.7086431037
78 5.1813427945 0.4553344039 524311.9697554512 79 5.0650887528 1.8558002391 -1.2732219860 0.1187758567 -0.2841578417 0.1950132756 6.7351353707
79 5.0650887528 0.1187758567 362376.1120459688 80 4.9548886316 1.8508163631 -1.2366759566 0.0489772239 -0.1840266121 0.1229285562 5.9891103651
80 4.9548886316 0.0489772239 60436.7537415190 81 4.8503610781 1.8460671406 -1.2009984141 0.0246275058 -0.1316263314 0.0854518265 5.5662256906
81 4.8503610781 0.0246275058 2167.6104650803 82 4.7511564072 1.8415397808 -1.1661422052 0.0138677152 -0.0994598224 0.0630512406 5.2783959869
82 4.7511564072 0.0138677152 456092.0334208042 83 4.6569534965 1.8372224348 -1.1320632586 0.0083319648 -0.0777306436 0.0478530229 5.0592477239
83 4.6569534965 0.0083319648 524311.9697554512 84 4.5674570375 1.8331041133 -1.0987203226 0.0052660947 -0.0622882778 0.0372325816 4.8829013169
84 4.5674570375 0.0052660947 13855.2592200357 85 4.4823950963 1.8291746139 -1.0660747292 0.0034183953 -0.0505081332 0.0294503616 4.7333824543
85 4.4823950963 0.0034183953 313670.6576141452 86 4.4015169437 1.8254244552 -1.0340901809 0.0022666394 -0.0414746544 0.0233771783 4.6035495008
86 4.4015169437 0.0022666394 505333.7166662996 87 4.3245911223 1.8218448177 -1.0027325578 0.0014998236 -0.0338755455 0.0187688833 4.4871632607
87 4.3245911223 0.0014998236 437786.1551860442 88 4.2514037210 1.8184274906 -0.9719697436 0.0010032819 -0.0279549547 0.0148930326 4.3830262733
88 4.2514037210 0.0010032819 25223.9286964099 89 4.1817568311 1.8151648229 -0.9417714673 0.0005641971 -0.0230109561 0.0058900723 4.2769525885
89 4.1817568311 0.0005641971 236807.8595900016 90 4.1154671630 1.8120496806 -0.9121091591 1.0074804260 0.0864894559 -1.0000000000 2.9852828890
90 4.1154671630 1.0074804260 262151.9690537583 91 4.0523648050 1.8090754061 -0.8829558201 0.0002786333 -0.0149845882 0.0073549608 4.1198481490
91 4.0523648050 0.0002786333 338936.4517812138 92 3.9922921068 1.8062357830 -0.8542859023 0.0001786246 -0.0120853298 0.0057069613 4.0458793946
92 3.9922921068 0.0001786246 320723.5615725375 93 3.9351026743 1.8035250034 -0.8260752003 0.0001058354 -0.0093997009 0.0041810358 3.9760214010
93 3.9351026743 0.0001058354 237222.4158716548 94 3.8806604635 1.8009376375 -0.7983007511 0.0000603990 -0.0070802942 0.0032044435 3.9113394185
94 3.8806604635 0.0000603990 238943.9830475850 95 3.8288389614 1.7984686075 -0.7709407429 0.0000282143 -0.0048219245 0.0022278512 3.8496464179
95 3.8288389614 0.0000282143 313345.3175143044 96 3.7795204458 1.7961131622 -0.7439744313 0.0000115240 -0.0031434065 0.0012817774 3.7927310165
96 3.7795204458 0.0000115240 307127.8455495165 97 3.7325953149 1.7938668545 -0.7173820622 0.0000017557 -0.0012817774 0.0003357036 3.7376774021
97 3.7325953149 0.0000017557 292122.3443716936 98 3.6879614793 1.7917255214 -0.6911448007 0.0000000037 -0.0000610370 0.0000000000 3.6881802062
98 3.6879614793 0.0000000037 300054.9579134182 99 3.6455238104 1.7896852642 -0.6652446659 0.0000023070 0.0014038514 -0.0005798517 3.6397297265
99 3.6455238104 0.0000023070 101418.5353554250 100 3.6051936387 1.7877424322 -0.6396644705 0.0000071008 0.0025025178 -0.0009155553 3.5950817288
100 3.6051936387 0.0000071008 262155.9692673906 101 3.5668882985 1.7858936063 -0.6143877646 0.0000161911 0.0037232582 -0.0015259255 3.5517307838
101 3.5668882985 0.0000161911 262155.9692673906 102 3.5305307118 1.7841355848 -0.5893987843 0.0179905519 0.1341288491 -0.0000610370 3.0698412080
102 3.5305307118 0.0179905519 262155.9692673906 103 3.4960490110 1.7824653697 -0.5646824035 0.0000360872 0.0057679983 -0.0016785180 3.4736269246
103 3.4960490110 0.0000360872 262156.0005185818 104 3.4633761933 1.7808801551 -0.5402240890 0.0000426069 0.0062562944 -0.0018616291 3.4391239852
104 3.4633761933 0.0000426069 1963.0467957414 105 3.4324498066 1.7793773157 -0.5160098594 0.0000483665 0.0066835536 -0.0019226661 3.4067288165
105 3.4324498066 0.0000483665 121398.1756594580 106 3.4032116621 1.7779543963 -0.4920262461 0.0000596055 0.0075075533 -0.0018005921 3.3748032156
106 3.4032116621 0.0000596055 37723.1409163493 107 3.3756075722 1.7766091027 -0.4682602570 0.0000688485 0.0080568865 -0.0019837031 3.3451907662
107 3.3756075722 0.0000688485 339658.4884390550 108 3.3495871109 1.7753392930 -0.4446993428 0.0000851998 0.0089724418 -0.0021668142 3.3158868921
108 3.3495871109 0.0000851998 292726.6033135412 109 3.3251033954 1.7741429695 -0.4213313652 0.0000903373 0.0092471084 -0.0021973327 3.2905307377
109 3.3251033954 0.0000903373 69407.1288269159 110 3.3021128862 1.7730182712 -0.3981445670 0.0001039466 0.0099490341 -0.0022278512 3.2651631807
110 3.3021128862 0.0001039466 196334.1743166781 111 3.2805752050 1.7719634677 -0.3751275438 0.0001096243 0.0102237007 -0.0022583697 3.2427584278
111 3.2805752050 0.0001096243 137487.8884040150 112 3.2604529684 1.7709769525 -0.3522692182 0.0001212805 0.0108035524 -0.0021362957 3.2208034621
112 3.2604529684 0.0001212805 158335.5653167172 113 3.2417116362 1.7700572376 -0.3295588140 0.0001283897 0.0111392560 -0.0020752586 3.2010379451
113 3.2417116362 0.0001283897 129997.2534755771 114 3.2243193738 1.7692029483 -0.3069858329 0.0001338579 0.0114139225 -0.0018921476 3.1829044158
114 3.2243193738 0.0001338579 2868.8451671768 115 3.2082469266 1.7684128186 -0.2845400319 0.0015212080 -0.0390026551 -0.0000305185 3.3476963577
115 3.2082469266 0.0015212080 161346.0901040667 116 3.1934675064 1.7676856867 -0.2622114020 0.0001443787 0.0119022187 -0.0016479995 3.1506688734
116 3.1934675064 0.0001443787 4309.5235616636 117 3.1799566888 1.7670204916 -0.2399901476 0.0001507764 0.0121463668 -0.0018005921 3.1363174585
117 3.1799566888 0.0001507764 183247.7139179377 118 3.1676923201 1.7664162691 -0.2178666669 0.0001560433 0.0123905148 -0.0015869625 3.1233832570
118 3.1676923201 0.0001560433 265227.2775252635 119 3.1566544349 1.7658721487 -0.1958315334 0.0001605186 0.0125736259 -0.0015564440 3.1117985203
119 3.1566544349 0.0001605186 8481.1928385260 120 3.1468251812 1.7653873511 -0.1738754777 0.0001675067 0.0128788110 -0.0012817774 3.1010747686
120 3.1468251812 0.0001675067 172761.1641588073 121 3.1381887552 1.7649611856 -0.1519893699 0.0001688563 0.0129398480 -0.0011902219 3.0923191503
121 3.1381887552 0.0001688563 262337.2157966627 122 3.1307313432 1.7645930476 -0.1301642030 0.0001720910 0.0130924406 -0.0008239998 3.0844832645
122 3.1307313432 0.0001720910 7283.9755030485 123 3.1244410720 1.7642824169 -0.1083910766 0.0001744967 0.0131839961 -0.0008239998 3.0779163553
123 3.1244410720 0.0001744967 182495.7311377908 124 3.1193079656 1.7640288562 -0.0866611806 0.0001757671 0.0132450331 -0.0005798517 3.0726539902
124 3.1193079656 0.0001757671 102769.4239010190 125 3.1153239098 1.7638320094 -0.0649657798 0.0001756405 0.0132450331 -0.0004577776 3.0687160438
125 3.1153239098 0.0001756405 184396.9540619975 126 3.1124826235 1.7636916008 -0.0432961986 0.0001795197 0.0133976257 -0.0001525925 3.0653903701
126 3.1124826235 0.0001795197 168077.8420502607 127 3.1107796356 1.7636074340 -0.0216438059 0.0001770850 0.0133060701 -0.0001831111 3.0640154258
127 3.1107796356 0.0001770850 262539.3972104473 128 3.1102122699 1.7635793914 0.0000000000 0.0002508773 0.0158391064 0.0000000000 3.0545961039
128 3.1102122699 0.0002508773 35997.7981984857 129 3.1107796356 1.7636074340 0.0216438059 0.0001811812 0.0134586627 0.0002136296 3.0634799742
129 3.1107796356 0.0001811812 262179.0421943509 130 3.1124826235 1.7636916008 0.0432961986 0.0001796091 0.0133976257 0.0003357036 3.0653746035
130 3.1124826235 0.0001796091 105315.4151498003 131 3.1153239098 1.7638320094 0.0649657798 0.0001805535 0.0134281442 0.0004882962 3.0680710372
131 3.1153239098 0.0001805535 262674.0446098833 132 3.1193079656 1.7640288562 0.0866611806 0.0001757671 0.0132450331 0.0005798517 3.0726539902
132 3.1193079656 0.0001757671 9408.0695148759 133 3.1244410720 1.7642824169 0.1083910766 0.0001755771 0.0132145146 0.0009765923 3.0777766698
133 3.1244410720 0.0001755771 24603.5540849128 134 3.1307313432 1.7645930476 0.1301642030 0.0001745480 0.0131839961 0.0008545183 3.0841546601
134 3.1307313432 0.0001745480 262248.3063469123 135 3.1381887552 1.7649611856 0.1519893699 0.0001662196 0.0128482925 0.0010681478 3.0926768054
135 3.1381887552 0.0001662196 60799.7683455595 136 3.1468251812 1.7653873511 0.1738754777 0.0001681410 0.0129093295 0.0012207404 3.1009888745
136 3.1468251812 0.0001681410 172763.1549252142 137 3.1566544349 1.7658721487 0.1958315334 0.0001641025 0.0127262185 0.0014648885 3.1112990453
137 3.1566544349 0.0001641025 152.4897488362 138 3.1676923201 1.7664162691 0.2178666669 0.0001561411 0.0123905148 0.0016174810 3.1233700568
138 3.1676923201 0.0001561411 29211.9601235564 139 3.1799566888 1.7670204916 0.2399901476 0.0001459369 0.0119632557 0.0016785180 3.1370183341
139 3.1799566888 0.0001459369 262157.7728122801 140 3.1934675064 1.7676856867 0.2622114020 0.0001464725 0.0119632557 0.0018311106 3.1503591510
140 3.1934675064 0.0001464725 125826.3631238242 141 3.2082469266 1.7684128186 0.2845400319 0.0001387727 0.0117801447 -0.0000305185 3.1667387492
141 3.2082469266 0.0001387727 9576.8079978844 142 3.2243193738 1.7692029483 0.3069858329 0.0001368941 0.0115359966 0.0019531846 3.1824380296
142 3.2243193738 0.0001368941 0.0000000009 143 3.2417116362 1.7700572376 0.3295588140 0.0001290706 0.0111697745 0.0020752586 3.2009305870
143 3.2417116362 0.0001290706 262155.9692518925 144 3.2604529684 1.7709769525 0.3522692182 0.0001198359 0.0107425153 0.0021057772 3.2210397093
144 3.2604529684 0.0001198359 158331.8526531510 145 3.2805752050 1.7719634677 0.3751275438 0.0001112160 0.0103457747 0.0020447401 3.2424876747
145 3.2805752050 0.0001112160 108431.2939525304 146 3.3021128862 1.7730182712 0.3981445670 0.0001050298 0.0100100711 0.0021973327 3.2649721259
146 3.3021128862 0.0001050298 226057.5357112017 147 3.3251033954 1.7741429695 0.4213313652 0.0000948852 0.0094607379 0.0023194067 3.2896743996
147 3.3251033954 0.0000948852 270349.0725689938 148 3.3495871109 1.7753392930 0.4446993428 0.0000816801 0.0087588122 0.0022278512 3.3165876161
148 3.3495871109 0.0000816801 280424.7993995610 149 3.3756075722 1.7766091027 0.4682602570 0.0000718587 0.0081789605 0.0022278512 3.3445313710
149 3.3756075722 0.0000718587 283031.1878310372 150 3.4032116621 1.7779543963 0.4920262461 0.0000645800 0.0077211829 0.0022278512 3.3736280974
150 3.4032116621 0.0000645800 103011.8083358968 151 3.4324498066 1.7793773157 0.5160098594 0.0000517698 0.0069582202 0.0018311106 3.4058492359
151 3.4324498066 0.0000517698 59597.3369249975 152 3.4633761933 1.7808801551 0.5402240890 0.0000424569 0.0062257759 0.0019226661 3.4391665875
152 3.4633761933 0.0000424569 279384.0158417478 153 3.4960490109 1.7824653697 0.5646824035 0.0000296570 0.0052186651 0.0015564440 3.4757166952
153 3.4960490109 0.0000296570 5800.8548824393 154 3.5305307118 1.7841355848 0.5893987843 1.0000596167 -0.0077211829 -1.0000000000 5.7369391715
154 3.5305307118 1.0000596167 46792.4749266629 155 3.5668882985 1.7858936063 0.6143877646 0.0000126863 0.0033570360 0.0011902219 3.5534478509
155 3.5668882985 0.0000126863 262155.9692669138 156 3.6051936388 1.7877424322 0.6396644705 0.0000065048 0.0023804437 0.0009155553 3.5955176066
156 3.6051936388 0.0000065048 227463.3220867729 157 3.6455238104 1.7896852642 0.6652446659 0.0000022968 0.0013733329 0.0006408887 3.6397577442
157 3.6455238104 0.0000022968 65673.3260676720 158 3.6879614793 1.7917255214 0.6911448007 0.0000000568 -0.0001831111 0.0001525925 3.6884067786
158 3.6879614793 0.0000000568 278865.1628774062 159 3.7325953149 1.7938668545 0.7173820622 0.0000022148 -0.0014343699 -0.0003967406 3.7383128964
159 3.7325953149 0.0000022148 402211.3318702384 160 3.7795204458 1.7961131622 0.7439744313 0.0000113330 -0.0031128880 -0.0012817774 3.7926211962
160 3.7795204458 0.0000113330 307127.8768009461 161 3.8288389614 1.7984686075 0.7709407429 0.0000283512 -0.0048219245 -0.0022583697 3.8496936107
161 3.8288389614 0.0000283512 294082.4829275837 162 3.8806604635 1.8009376375 0.7983007511 0.0000615642 -0.0072023682 -0.0031128880 3.9116341014
162 3.8806604635 0.0000615642 320579.6996957926 163 3.9351026743 1.8035250034 0.8260752003 0.0001074458 -0.0094302194 -0.0043031098 3.9763347778
163 3.9351026743 0.0001074458 134615.3121535517 164 3.9922921068 1.8062357830 0.8542859023 0.0001790158 -0.0121158483 -0.0056764428 4.0459378900
164 3.9922921068 0.0001790158 11221.2663613222 165 4.0523648050 1.8090754061 0.8829558201 0.0002859828 -0.0151982177 -0.0074159978 4.1207362285
165 4.0523648050 0.0002859828 3533.1118735630 166 4.1154671630 1.8120496806 0.9121091591 1.0000000009 -1.0000000000 -0.0000305185 8.7396221975
166 4.1154671630 1.0000000009 0.0000302819 167 4.1817568311 1.8151648230 0.9417714673 0.0005564899 -0.0229194006 -0.0055848872 4.2760376754
167 4.1817568311 0.0005564899 82399.1506050443 168 4.2514037210 1.8184274906 0.9719697436 0.0010033983 -0.0279244362 -0.0149540696 4.3830340506
168 4.2514037210 0.0010033983 99902.5080538870 169 4.3245911223 1.8218448177 1.0027325578 0.0014897833 -0.0338450270 -0.0185552538 4.4866135938
169 4.3245911223 0.0014897833 121393.9833793927 170 4.4015169437 1.8254244552 1.0340901809 0.0022437619 -0.0413525803 -0.0231025117 4.6025128894
170 4.4015169437 0.0022437619 57954.1755617265 171 4.4823950963 1.8291746139 1.0660747292 0.0033953269 -0.0503860591 -0.0292672506 4.7325223763
171 4.4823950963 0.0033953269 354095.8994709187 172 4.5674570375 1.8331041133 1.0987203226 0.0052455904 -0.0621051668 -0.0372631001 4.8822765519
172 4.5674570375 0.0052455904 1755.5197231379 173 4.6569534965 1.8372224348 1.1320632586 0.0083615556 -0.0778832362 -0.0479140599 5.0599762032
173 4.6569534965 0.0083615556 1795.2650436160 174 4.7511564072 1.8415397808 1.1661422052 0.0138926361 -0.0996429334 -0.0629596850 5.2788817868
174 4.7511564072 0.0138926361 468492.1626762431 175 4.8503610781 1.8460671406 1.2009984141 0.0245873587 -0.1314737388 -0.0854518265 5.5656221513
175 4.8503610781 0.0245873587 152264.3093131891 176 4.9548886316 1.8508163631 1.2366759566 0.0490071966 -0.1840876492 -0.1229590747 5.9894417575
176 4.9548886316 0.0490071966 60439.8058403784 177 5.0650887528 1.8558002391 1.2732219860 0.1188150035 -0.2843104343 -0.1948912015 6.7354300254
177 5.0650887528 0.1188150035 89646.9550531687 178 5.1813427945 1.8610325909 1.3106870298 0.4552395522 -0.5516830958 -0.3884395886 8.7082282503
178 5.1813427945 0.4552395522 524311.9385037831 179 5.3040672913 1.8665283751 1.3491253152 2.0000000000 -1.0000000000 -1.0000000000 13.7353746720
179 5.3040672913 2.0000000000 99728.0453198217 180 5.4337179465 1.8723037957 1.3885951329 1.3148670372 0.9210486160 0.6830347606 1.4027018559
180 5.4337179465 1.3148670372 241570.9540407388 181 5.5707941675 1.8783764321 1.4291592448 0.2924650597 0.4304330576 0.3274025697 3.3104077867
181 5.5707941675 0.2924650597 261945.9624792217 182 5.7158442364 1.8847653829 1.4708853415 0.1357627234 0.2905667287 0.2265694143 4.0897914755
182 5.7158442364 0.1357627234 524312.0010071192 183 5.8694712228 1.8914914283 1.5138465574 0.0826022917 0.2242805261 0.1797235023 4.5594765185
183 5.8694712228 0.0826022917 56782.7946941324 184 6.0323397623 1.8985772132 1.5581220516 0.0578595855 0.1859187597 0.1526230659 4.9086263772
184 6.0323397623 0.0578595855 445516.7447973175 185 6.2051838508 1.9060474551 1.6037976648 0.0442294968 0.1608630634 0.1354716636 5.2016498068
185 6.2051838508 0.0442294968 524312.0010071192 186 6.3888158343 1.9139291801 1.6509666647 0.0357573185 0.1431623280 0.1235389264 5.4686507404
186 6.3888158343 0.0357573185 410726.9153688399 187 6.5841368097 1.9222519921 1.6997305929 0.0302905842 0.1303445540 0.1153294473 5.7212592571
187 6.5841368097 0.0302905842 197092.7655253026 188 6.7921486980 1.9310483798 1.7502002322 0.0263679568 0.1202124088 0.1091647084 5.9721245043
188 6.7921486980 0.0263679568 524311.9385037831 189 7.0139683079 1.9403540689 1.8024967115 0.0235967305 0.1123386334 0.1047700430 6.2239162735
189 7.0139683079 0.0235967305 524311.9385037831 190 7.2508437763 1.9502084270 1.8567527750 0.0214380305 0.1059602649 0.1010467849 6.4837548073
190 7.2508437763 0.0214380305 6649.6016810640 191 7.5041738618 1.9606549298 1.9131142433 0.0199026440 0.1008941923 0.0986053041 6.7511526911
191 7.5041738618 0.0199026440 2699.9059972218 192 7.7755306748 1.9717417015 1.9717417015 0.0186832644 0.0966521195 0.0966521195 7.0319218810
192 7.7755306748 0.0186832644 524311.9385037831 193 8.0666865705 1.9835221415 2.0328124568 0.0177880896 0.0932340464 0.0953703421 7.3268710302
193 8.0666865705 0.0177880896 204423.0191069536 194 8.3796461049 1.9960556554 2.0965228178 0.0170666058 0.0901211585 0.0945768609 7.6403739209
194 8.3796461049 0.0170666058 12214.1483519685 195 8.7166841860 2.0094085097 2.1630907579 0.0165547290 0.0874660482 0.0943632313 7.9734964050
195 8.7166841860 0.0165547290 132986.1174717662 196 9.0803918409 2.0236548371 2.2327590423 0.0161349013 0.0852687155 0.0941496017 8.3309910960
196 9.0803918409 0.0161349013 524311.9385037831 197 9.4737314055 2.0388778222 2.3057989140 0.0158604946 0.0834376049 0.0943327128 8.7143292024
197 9.4737314055 0.0158604946 515613.3192580665 198 9.9001034371 2.0551711076 2.3825144608 0.0156863518 0.0817896054 0.0948515275 9.1276362495
198 9.9001034371 0.0156863518 21511.6861459199 199 10.3634283120 2.0726404698 2.4632478144 0.0156322666 0.0804162725 0.0957365642 9.5740667720
199 10.3634283120 0.0156322666 43483.1510962910 200 10.8682463394 2.0914058264 2.5483853729 0.0156495595 0.0793481246 0.0967131565 10.0590728517
200 10.8682463394 0.0156495595 41924.7690587773 201 11.4198413951 2.1116036540 2.6383652900 0.0157283989 0.0784936064 0.0978118229 10.5879483851
201 11.4198413951 0.0157283989 3532.6713110612 202 12.0243946599 2.1333899177 2.7336865436 0.0159620224 0.0777916807 0.0995513779 11.1641521835
202 12.0243946599 0.0159620224 153357.1474027895 203 12.6891772108 2.1569436440 2.8349199861 0.0162536969 0.0770592364 0.1015655995 11.7971453512
203 12.6891772108 0.0162536969 38543.1189759766 204 13.4227931933 2.1824713060 2.9427219019 0.0166120088 0.0767845698 0.1035187841 12.4949909746
204 13.4227931933 0.0166120088 17503.6341787390 205 14.2354894682 2.2102122473 3.0578507632 0.0170612662 0.0766319773 0.1057771538 13.2669033637
205 14.2354894682 0.0170612662 298165.8483909651 206 15.1395534998 2.2404454402 3.1811881003 0.0176413135 0.0766624958 0.1084627827 14.1235975078
206 15.1395534998 0.0176413135 7022.9075098407 207 16.1498296604 2.2734979794 3.3137647168 0.0183126518 0.0766624958 0.1115146336 15.0804917369
207 16.1498296604 0.0183126518 519404.4843760111 208 17.2843963090 2.3097558532 3.4567939203 0.0190632998 0.0766930143 0.1148106326 16.1554219375
208 17.2843963090 0.0190632998 524311.9385037831 209 18.5654639325 2.3496777368 3.6117140620 0.0200365568 0.0770897549 0.1187170019 17.3656845975
209 18.5654639325 0.0200365568 455901.9606912396 210 20.0205814495 2.3938128454 3.7802435782 0.0210398797 0.0775780511 0.1225623341 18.7435757063
210 20.0205814495 0.0210398797 181518.4354922538 211 21.6842785689 2.4428243131 3.9644530448 0.0222470108 0.0781884213 0.1270180364 20.3174103441
211 21.6842785689 0.0222470108 383527.0898250655 212 23.6003353597 2.4975201984 4.1668607150 0.0238068925 0.0793481246 0.1323282571 22.1250083323
212 23.6003353597 0.0238068925 404048.7449675719 213 25.8249703593 2.5588951869 4.3905609871 0.0255422619 0.0804467910 0.1380962554 24.2261627461
213 25.8249703593 0.0255422619 153162.9407721511 214 28.4314008468 2.6281875552 4.6393998558 0.0276277313 0.0819727165 0.1445966979 26.6864654329
214 28.4314008468 0.0276277313 105200.9367643454 215 31.5164986197 2.7069583365 4.9182187003 0.0300933478 0.0834681234 0.1520737327 29.5988387503
215 31.5164986197 0.0300933478 299843.6601592139 216 35.2107256603 2.7972034785 5.2331996293 0.0331089411 0.0857875301 0.1604663228 33.0843996437
216 35.2107256603 0.0331089411 30812.5317466445 217 39.6933475166 2.9015162305 5.5923654280 0.0311376775 0.0474562822 0.1699575793 37.5481650667
217 39.6933475166 0.0311376775 13638.4203117761 218 45.2164094551 3.0233281158 6.0063213833 2.0000000000 -1.0000000000 -1.0000000000 65.2757084533
218 45.2164094551 2.0000000000 66820.3645340071 219 52.1437921199 3.1672767447 6.4893875013 0.0469552970 0.0949125645 0.1947996460 49.0612579246
219 52.1437921199 0.0469552970 76782.2501793779 220 61.0173117739 3.3397858440 7.0613838793 0.0541453049 0.0994598224 0.2103640858 57.4361849363
220 61.0173117739 0.0541453049 76782.2501793779 221 72.6737226432 3.5500155364 7.7505556146 0.0637655453 0.1051362651 0.2295907468 68.4321057359
221 72.6737226432 0.0637655453 76782.2501793779 222 88.4631627986 3.8114914173 8.5985868592 0.0767398245 0.1122165593 0.2532731101 83.3288960442
222 88.4631627986 0.0767398245 241907.4177675185 223 110.6841927710 4.1450545349 9.6696802260 0.0948931918 0.1212500381 0.2831812494 104.2973656659
223 110.6841927710 0.0948931918 262194.5037659242 224 143.5222469031 4.5845770180 11.0681480144 0.1218542324 0.1335489975 0.3225196081 135.2801802854
224 143.5222469031 0.1218542324 284646.4393307004 225 195.2908900690 5.1890284549 12.9755490737 0.1641280410 0.1504867702 0.3761406293 184.1319954565
225 195.2908900690 0.1641280410 383496.3468203124 226 284.5563298822 6.0709965010 15.7384666142 0.2369245597 0.1751457259 0.4541459395 268.3715148499
226 284.5563298822 0.2369245597 395359.3154182601 227 460.3435403378 7.4755380798 20.1111877013 0.3801011014 0.2147892697 0.5778984954 434.2678604817
227 460.3435403378 0.3801011014 524311.9385037831 228 891.0219038489 10.0561587598 28.1050809436 0.7293181390 0.2877285073 0.8040711692 840.7673643013
228 891.0219038489 0.7293181390 524311.9385037831 229 2520.9612062309 16.3335612334 47.4781632297 1.2165997083 0.4654683065 0.9999694815 2412.0188672316
229 2520.9612062309 1.2165997083 524311.9385037831 230 29674.3925387555 54.0356223232 163.5681633415 1.9998168936 0.9999694815 0.9999389630 29241.2080499192
230 29674.3925387555 1.9998168936 524311.9385037831 231 12646.3668787601 -33.9624011020 -107.2050474098 1.9231053476 -0.9607837153 -1.0000000000 12368.6188454639
231 12646.3668787601 1.9231053476 524312.0010071192 232 1701.3339791277 -11.9734388359 -39.4711380830 1.1139296837 -0.3375347148 -1.0000000000 1615.4227301199
232 1701.3339791277 1.1139296837 524312.0010071192 233 614.8005334533 -6.9059434856 -23.8140395151 0.4854406550 -0.1942197943 -0.6691183203 580.7346120238
233 614.8005334533 0.4854406550 39507.7155363175 234 305.1390814590 -4.6589999605 -16.8354625962 0.2393569949 -0.1304055910 -0.4715414899 288.2860809353
234 305.1390814590 0.2393569949 241638.3616295824 235 177.2728293013 -3.3933793371 -12.8746963450 0.1383144729 -0.0948820460 -0.3595995972 167.5077309875
235 177.2728293013 0.1383144729 23612.6615878289 236 113.0605493668 -2.5836066576 -10.3143359459 0.0877513520 -0.0720542009 -0.2873317667 106.8487085529
236 113.0605493668 0.0877513520 369188.7131911507 237 76.6334178076 -2.0226945813 -8.5171664559 0.0591588737 -0.0562150945 -0.2366405225 72.4341513071
237 76.6334178076 0.0591588737 18486.9844039603 238 54.1715292050 -1.6126138428 -7.1812955516 0.0417016437 -0.0447096164 -0.1992553484 51.2072090624
238 54.1715292050 0.0417016437 263020.5923670025 239 39.4558606961 -1.3009473334 -6.1451929776 0.0301676663 -0.0359508042 -0.1699270608 37.3040189958
239 39.4558606961 0.0301676663 275762.6779754470 240 29.3622922881 -1.0571356147 -5.3145796240 0.0223835743 -0.0292062136 -0.1467329936 27.7632776499
240 29.3622922881 0.0223835743 298206.5560972531 241 22.1867115078 -0.8621686150 -4.6306993842 0.0168118642 -0.0238654744 -0.1274452956 20.9820495425
241 22.1867115078 0.0168118642 306350.8260440312 242 16.9381018576 -0.7036094720 -4.0550013031 0.0127927432 -0.0192571795 -0.1114535966 16.0199065740
242 16.9381018576 0.0127927432 60272.9547485071 243 13.0098559611 -0.5729882637 -3.5611150516 0.0284206490 -0.0000305185 -0.1685842463 11.8375458424
243 13.0098559611 0.0284206490 287926.1899520890 244 10.0148062328 -0.4643458809 -3.1303656553 0.0075402960 -0.0128482925 -0.0858790857 9.4727485448
244 10.0148062328 0.0075402960 277409.8674628224 245 7.6971280947 -0.3733766608 -2.7491304014 0.0057533710 -0.0101626637 -0.0751670888 7.2820042046
245 7.6971280947 0.0057533710 664.9246956826 246 5.8828156120 -0.2969011718 -2.4072111054 0.0043837505 -0.0083925901 -0.0656758324 5.5660246367
246 5.8828156120 0.0043837505 154887.2467884713 247 4.4506125266 -0.2325300028 -2.0967933433 0.0033088651 -0.0064394055 -0.0571611682 4.2112163676
247 4.4506125266 0.0033088651 320637.8880055094 248 3.3143121971 -0.1784426792 -1.8117589264 0.0024624228 -0.0049134800 -0.0493789483 3.1360955700
248 3.3143121971 0.0024624228 49351.9644854838 249 2.4116371536 -0.1332384791 -1.5472183625 0.0017894798 -0.0036317026 -0.0421460616 2.2820405475
249 2.4116371536 0.0017894798 30236.7277313339 250 1.6970640708 -0.0958335955 -1.2991843567 0.0012540027 -0.0026856288 -0.0353099155 1.6060551470
250 1.6970640708 0.0012540027 15000.0849998635 251 1.1370910490 -0.0653890430 -1.0643379736 0.0008387351 -0.0018616291 -0.0289010285 1.0761653997
251 1.1370910490 0.0008387351 278161.6595873554 252 0.7070619306 -0.0412595229 -0.8398568821 0.0005240704 -0.0012512589 -0.0228583636 0.6690872404
252 0.7070619306 0.0005240704 16846.4111517713 253 0.3890121885 -0.0229569748 -0.6232857818 0.0002893703 -0.0006408887 -0.0169988098 0.3680819001
253 0.3890121885 0.0002893703 44046.1600069665 254 0.1702056915 -0.0101247274 -0.4124356694 0.0001228611 -0.0003662221 -0.0110782189 0.1611830314
254 0.1702056915 0.0001228611 2554.7295467908 255 0.0421555481 -0.0025195697 -0.2053027031 0.0000303341 -0.0003967406 -0.0054933317 0.0399282913
255 0.0421555481 0.0000303341 104438.9359336611 