#int double real img int16 real16 img16 error
0 0.0000000000 -0.0000000000 0.0000000000 0.0000152597 -0.0039063692 0.0000000000 0.0000152597
0 0.0000000000 0.0000152597 0.0000000000 1 0.0000000042 -0.0000007968 0.0000649224 0.0000023368 0.0000915555 -0.0015259255 0.0000025393
1 0.0000000042 0.0000023368 0.0010056821 2 0.0000000170 -0.0000032017 0.0001304236 0.0000008988 -0.0007934812 -0.0005188147 0.0000010461
2 0.0000000170 0.0000008988 0.0043353253 3 0.0000000389 -0.0000072596 0.0001971003 0.0000015666 -0.0000305185 -0.0012512589 0.0000020983
3 0.0000000389 0.0000015666 0.0098517860 4 0.0000000707 -0.0000130474 0.0002655861 0.0000000093 -0.0000305185 -0.0000915555 0.0000001279
4 0.0000000707 0.0000000093 0.0183402253 5 0.0000001137 -0.0000206778 0.0003365732 0.0000000373 -0.0000610370 -0.0001831111 0.0000002717
5 0.0000001137 0.0000000373 0.0294762410 6 0.0000001697 -0.0000303052 0.0004108382 0.0000000540 -0.0000915555 -0.0002136296 0.0000003937
6 0.0000001697 0.0000000540 0.0441109387 7 0.0000002412 -0.0000421337 0.0004892734 0.0000000233 -0.0001220740 0.0000915555 0.0000001646
7 0.0000002412 0.0000000233 0.0626949907 8 0.0000003314 -0.0000564285 0.0005729285 0.0000002282 -0.0002136296 0.0004272591 0.0000000459
8 0.0000003314 0.0000002282 0.0864477254 9 0.0000004451 -0.0000735324 0.0006630643 0.0000000671 -0.0001831111 0.0001831111 0.0000002424
9 0.0000004451 0.0000000671 0.1159461919 10 0.0000005883 -0.0000938884 0.0007612270 0.0000001211 -0.0002136296 0.0002746666 0.0000002511
10 0.0000005883 0.0000001211 0.1533766571 11 0.0000007697 -0.0001180721 0.0008693514 0.0000003446 -0.0000915555 0.0005798517 0.0000000845
11 0.0000007697 0.0000003446 0.2005768472 12 0.0000010015 -0.0001468391 0.0009899085 0.0000003251 -0.0001525925 0.0005493332 0.0000001941
12 0.0000010015 0.0000003251 0.2610427061 13 0.0000013010 -0.0001811948 0.0011261235 0.0000001425 -0.0000915555 0.0003662221 0.0000005855
13 0.0000013010 0.0000001425 0.3391681727 14 0.0000016938 -0.0002225009 0.0012823040 0.0000006892 -0.0002441481 0.0007934812 0.0000002394
14 0.0000016938 0.0000006892 0.4416741003 15 0.0000022187 -0.0002726417 0.0014643557 0.0000013198 -0.0003357036 0.0010986663 0.0000001377
15 0.0000022187 0.0000013198 0.5784666266 16 0.0000029362 -0.0003342956 0.0016806176 0.0000027736 -0.0003967406 0.0016174810 0.0000000079
16 0.0000029362 0.0000027736 0.7664468680 17 0.0000039456 -0.0004113957 0.0019432806 0.0000033427 -0.0004577776 0.0017700735 0.0000000322
17 0.0000039456 0.0000033427 1.0300470685 18 0.0000054172 -0.0005099533 0.0022709250 0.0000053694 -0.0005188147 0.0022583697 0.0000000002
18 0.0000054172 0.0000053694 1.4143488764 19 0.0000076633 -0.0006396322 0.0026933645 0.0000070459 -0.0007934812 0.0025330363 0.0000000494
19 0.0000076633 0.0000070459 2.0003041950 20 0.0000113061 -0.0008170082 0.0032616794 0.0000104203 -0.0008545183 0.0031128880 0.0000000235
20 0.0000113061 0.0000104203 2.9514511790 21 0.0000177273 -0.0010730808 0.0040713365 0.0000149393 -0.0010376293 0.0037232582 0.0000001224
21 0.0000177273 0.0000149393 4.6281919149 22 0.0000305139 -0.0014733051 0.0053238407 0.0000293394 -0.0015564440 0.0051881466 0.0000000253
22 0.0000305139 0.0000293394 7.9673821688 23 0.0000614801 -0.0021838511 0.0075306605 0.0000589237 -0.0021973327 0.0073549608 0.0000000311
23 0.0000614801 0.0000589237 16.0503433833 24 0.0001701334 -0.0037863338 0.0124818698 0.0001655853 -0.0037842952 0.0122989593 0.0000000335
24 0.0001701334 0.0001655853 44.4171502282 25 0.0012646367 -0.0107398542 0.0339012126 0.0012341895 -0.0107425153 0.0334482864 0.0000002051
25 0.0012646367 0.0012341895 330.1531544290 26 0.0029674393 0.0170875641 -0.0517247949 0.0029062335 0.0169377728 -0.0511795404 0.0000003197
26 0.0029674393 0.0029062335 774.7214678055 27 0.0002520961 0.0051651256 -0.0150139135 0.0002417721 0.0051271096 -0.0146794031 0.0000001133
27 0.0002520961 0.0002417721 65.8155667644 28 0.0000891022 0.0031800366 -0.0088876070 0.0000880191 0.0031128880 -0.0088503677 0.0000000059
28 0.0000891022 0.0000880191 23.2617767803 29 0.0000460344 0.0023639727 -0.0063597160 0.0000468232 0.0022278512 -0.0064699240 0.0000000307
29 0.0000460344 0.0000468232 12.0186337514 30 0.0000284556 0.0019198177 -0.0049769401 0.0000289072 0.0018005921 -0.0050660726 0.0000000222
30 0.0000284556 0.0000289072 7.4281053197 31 0.0000195291 0.0016409149 -0.0041032289 0.0000177381 0.0016479995 -0.0038758507 0.0000000518
31 0.0000195291 0.0000177381 5.0981557720 32 0.0000143522 0.0014497705 -0.0035000557 0.0000142035 0.0013733329 -0.0035096286 0.0000000059
32 0.0000143522 0.0000142035 3.7469327964 33 0.0000110684 0.0013107813 -0.0030578214 0.0000109176 0.0011902219 -0.0030823695 0.0000000151
33 0.0000110684 0.0000109176 2.8900372941 34 0.0000088463 0.0012052994 -0.0027191119 0.0000088192 0.0011291849 -0.0027466659 0.0000000066
34 0.0000088463 0.0000088192 2.3098500073 35 0.0000072674 0.0011226135 -0.0024509409 0.0000074035 0.0010681478 -0.0025025178 0.0000000056
35 0.0000072674 0.0000074035 1.8976118639 36 0.0000061017 0.0010561330 -0.0022330056 0.0000063334 0.0009765923 -0.0023194067 0.0000000138
36 0.0000061017 0.0000063334 1.5931061555 37 0.0000052144 0.0010015808 -0.0020521245 0.0000050900 0.0008850368 -0.0020752586 0.0000000141
37 0.0000052144 0.0000050900 1.3609305076 38 0.0000045216 0.0009560603 -0.0018993656 0.0000048301 0.0009460738 -0.0019837031 0.0000000072
38 0.0000045216 0.0000048301 1.1802518273 39 0.0000039693 0.0009175400 -0.0017684612 0.0000036557 0.0007934812 -0.0017395550 0.0000000162
39 0.0000039693 0.0000036557 1.0357815586 40 0.0000035211 0.0008845534 -0.0016548830 0.0000035541 0.0009155553 -0.0016479995 0.0000000010
40 0.0000035211 0.0000035541 0.9191020675 41 0.0000031516 0.0008560154 -0.0015552773 0.0000027876 0.0008545183 -0.0014343699 0.0000000146
41 0.0000031516 0.0000027876 0.8228793111 42 0.0000028431 0.0008311059 -0.0014671071 0.0000025566 0.0006408887 -0.0014648885 0.0000000362
42 0.0000028431 0.0000025566 0.7419991865 43 0.0000025825 0.0008091937 -0.0013884173 0.0000023219 0.0008239998 -0.0012817774 0.0000000116
43 0.0000025825 0.0000023219 0.6737690023 44 0.0000023600 0.0007897852 -0.0013176771 0.0000023396 0.0007324442 -0.0013428144 0.0000000039
44 0.0000023600 0.0000023396 0.6159844338 45 0.0000021684 0.0007724889 -0.0012536701 0.0000015135 0.0006103702 -0.0010681478 0.0000000607
45 0.0000021684 0.0000015135 0.5659184395 46 0.0000020021 0.0007569901 -0.0011954180 0.0000021329 0.0006408887 -0.0013122959 0.0000000271
46 0.0000020021 0.0000021329 0.5223334284 47 0.0000018565 0.0007430333 -0.0011421243 0.0000016141 0.0005188147 -0.0011597034 0.0000000506
47 0.0000018565 0.0000016141 0.4844945002 48 0.0000017284 0.0007304089 -0.0010931342 0.0000017678 0.0007019257 -0.0011291849 0.0000000021
48 0.0000017284 0.0000017678 0.4511617533 49 0.0000016150 0.0007189432 -0.0010479044 0.0000014101 0.0005188147 -0.0010681478 0.0000000405
49 0.0000016150 0.0000014101 0.4211670963 50 0.0000015140 0.0007084911 -0.0010059800 0.0000016579 0.0006714072 -0.0010986663 0.0000000100
50 0.0000015140 0.0000016579 0.3951703845 51 0.0000014235 0.0006989305 -0.0009669773 0.0000010022 0.0006103702 -0.0007934812 0.0000000379
51 0.0000014235 0.0000010022 0.3712457750 52 0.0000013423 0.0006901580 -0.0009305704 0.0000012490 0.0006408887 -0.0009155553 0.0000000027
52 0.0000013423 0.0000012490 0.3503420434 53 0.0000012689 0.0006820855 -0.0008964804 0.0000025604 0.0009155553 -0.0013122959 0.0000002274
53 0.0000012689 0.0000025604 0.3318275207 54 0.0000012024 0.0006746371 -0.0008644676 0.0000006417 0.0005188147 -0.0006103702 0.0000000888
54 0.0000012024 0.0000006417 0.3134728702 55 0.0000011420 0.0006677477 -0.0008343244 0.0000024328 0.0007934812 -0.0013428144 0.0000002744
55 0.0000011420 0.0000024328 0.2984757541 56 0.0000010868 0.0006613606 -0.0008058702 0.0000011810 0.0006714072 -0.0008545183 0.0000000025
56 0.0000010868 0.0000011810 0.2835368268 57 0.0000010363 0.0006554265 -0.0007789474 0.0000011717 0.0007019257 -0.0008239998 0.0000000042
57 0.0000010363 0.0000011717 0.2703939250 58 0.0000009900 0.0006499022 -0.0007534172 0.0000009547 0.0006103702 -0.0007629627 0.0000000017
58 0.0000009900 0.0000009547 0.2582637242 59 0.0000009474 0.0006447498 -0.0007291576 0.0000011810 0.0006714072 -0.0008545183 0.0000000164
59 0.0000009474 0.0000011810 0.2472084917 60 0.0000009080 0.0006399358 -0.0007060604 0.0000010022 0.0006103702 -0.0007934812 0.0000000085
60 0.0000009080 0.0000010022 0.2368564898 61 0.0000008717 0.0006354308 -0.0006840294 0.0000012490 0.0006408887 -0.0009155553 0.0000000536
61 0.0000008717 0.0000012490 0.2274710381 62 0.0000008380 0.0006312082 -0.0006629787 0.0000007945 0.0005493332 -0.0007019257 0.0000000082
62 0.0000008380 0.0000007945 0.2185920686 63 0.0000008067 0.0006272448 -0.0006428317 0.0000008988 0.0005188147 -0.0007934812 0.0000000345
63 0.0000008067 0.0000008988 0.2102393695 64 0.0000007776 0.0006235195 -0.0006235195 0.0000007088 0.0005798517 -0.0006103702 0.0000000021
64 0.0000007776 0.0000007088 0.2026983247 65 0.0000007504 0.0006200135 -0.0006049798 0.0000006725 0.0005798517 -0.0005798517 0.0000000022
65 0.0000007504 0.0000006725 0.1958125258 66 0.0000007251 0.0006167101 -0.0005871568 0.0000005458 0.0005798517 -0.0004577776 0.0000000181
66 0.0000007251 0.0000005458 0.1889516338 67 0.0000007014 0.0006135938 -0.0005699995 0.0000007088 0.0005798517 -0.0006103702 0.0000000028
67 0.0000007014 0.0000007088 0.1827762166 68 0.0000006792 0.0006106511 -0.0005534619 0.0000005747 0.0004882962 -0.0005798517 0.0000000157
68 0.0000006792 0.0000005747 0.1768508981 69 0.0000006584 0.0006078695 -0.0005375020 0.0000005747 0.0004882962 -0.0005798517 0.0000000161
69 0.0000006584 0.0000005747 0.1713850738 70 0.0000006389 0.0006052375 -0.0005220815 0.0000004480 0.0004882962 -0.0004577776 0.0000000178
70 0.0000006389 0.0000004480 0.1662592979 71 0.0000006205 0.0006027451 -0.0005071654 0.0000006054 0.0005798517 -0.0005188147 0.0000000007
71 0.0000006205 0.0000006054 0.1613335134 72 0.0000006032 0.0006003828 -0.0004927215 0.0000004787 0.0005188147 -0.0004577776 0.0000000079
72 0.0000006032 0.0000004787 0.1567112655 73 0.0000005869 0.0005981421 -0.0004787203 0.0000003958 0.0004882962 -0.0003967406 0.0000000188
73 0.0000005869 0.0000003958 0.1524297367 74 0.0000005716 0.0005960151 -0.0004651348 0.0000003400 0.0004272591 -0.0003967406 0.0000000332
74 0.0000005716 0.0000003400 0.1479795080 75 0.0000005571 0.0005939948 -0.0004519398 0.0000002282 0.0004272591 -0.0002136296 0.0000000846
75 0.0000005571 0.0000002282 0.1434563039 76 0.0000005434 0.0005920744 -0.0004391123 0.0000001527 0.0003051851 -0.0002441481 0.0000001203
76 0.0000005434 0.0000001527 0.1373065928 77 0.0000005304 0.0005902481 -0.0004266309 0.0000023489 0.0012512589 -0.0008850368 0.0000006471
77 0.0000005304 0.0000023489 0.1571427531 78 0.0000005181 0.0005885102 -0.0004144756 0.0000007460 0.0007324442 -0.0004577776 0.0000000226
78 0.0000005181 0.0000007460 0.1382517631 79 0.0000005065 0.0005868556 -0.0004026281 0.0000004340 0.0006408887 -0.0001525925 0.0000000654
79 0.0000005065 0.0000004340 0.1337531931 80 0.0000004955 0.0005852795 -0.0003910713 0.0000005821 0.0006103702 -0.0004577776 0.0000000051
80 0.0000004955 0.0000005821 0.1304883152 81 0.0000004850 0.0005837777 -0.0003797890 0.0000006725 0.0005798517 -0.0005798517 0.0000000400
81 0.0000004850 0.0000006725 0.1273252752 82 0.0000004751 0.0005823460 -0.0003687665 0.0000004191 0.0004577776 -0.0004577776 0.0000000234
82 0.0000004751 0.0000004191 0.1246758649 83 0.0000004657 0.0005809807 -0.0003579898 0.0000004359 0.0005493332 -0.0003662221 0.0000000011
83 0.0000004657 0.0000004359 0.1221583873 84 0.0000004567 0.0005796784 -0.0003474459 0.0000004145 0.0005493332 -0.0003357036 0.0000000011
84 0.0000004567 0.0000004145 0.1197097815 85 0.0000004482 0.0005784358 -0.0003371224 0.0000001611 0.0003967406 -0.0000610370 0.0000001092
85 0.0000004482 0.0000001611 0.1174828450 86 0.0000004402 0.0005772499 -0.0003270080 0.0000003614 0.0005493332 -0.0002441481 0.0000000076
86 0.0000004402 0.0000003614 0.1152445726 87 0.0000004325 0.0005761179 -0.0003170919 0.0000004787 0.0004577776 -0.0005188147 0.0000000547
87 0.0000004325 0.0000004787 0.1131770919 88 0.0000004251 0.0005750373 -0.0003073638 0.0000004489 0.0005798517 -0.0003357036 0.0000000008
88 0.0000004251 0.0000004489 0.1113378951 89 0.0000004182 0.0005740055 -0.0002978143 0.0000004592 0.0005493332 -0.0003967406 0.0000000104
89 0.0000004182 0.0000004592 0.1095215115 90 0.0000004115 0.0005730204 -0.0002884342 0.0000004145 0.0005493332 -0.0003357036 0.0000000028
90 0.0000004115 0.0000004145 0.1077703943 91 0.0000004052 0.0005720799 -0.0002792151 0.0000002720 0.0004882962 -0.0001831111 0.0000000163
91 0.0000004052 0.0000002720 0.1059582093 92 0.0000003992 0.0005711819 -0.0002701489 0.0000003623 0.0005188147 -0.0003051851 0.0000000040
92 0.0000003992 0.0000003623 0.1044243550 93 0.0000003935 0.0005703247 -0.0002612279 0.0000004117 0.0005798517 -0.0002746666 0.0000000003
93 0.0000003935 0.0000004117 0.1029218407 94 0.0000003881 0.0005695065 -0.0002524449 0.0000002161 0.0004272591 -0.0001831111 0.0000000250
94 0.0000003881 0.0000002161 0.1014334266 95 0.0000003829 0.0005687257 -0.0002437929 0.0000003353 0.0005493332 -0.0001831111 0.0000000041
95 0.0000003829 0.0000003353 0.1000699988 96 0.0000003780 0.0005679809 -0.0002352654 0.0000003288 0.0005188147 -0.0002441481 0.0000000025
96 0.0000003780 0.0000003288 0.0988562140 97 0.0000003733 0.0005672705 -0.0002268561 0.0000004182 0.0006103702 -0.0002136296 0.0000000020
97 0.0000003733 0.0000004182 0.0976866967 98 0.0000003688 0.0005665934 -0.0002185592 0.0000002980 0.0004882962 -0.0002441481 0.0000000068
98 0.0000003688 0.0000002980 0.0964504908 99 0.0000003646 0.0005659482 -0.0002103688 0.0000004322 0.0006103702 -0.0002441481 0.0000000031
99 0.0000003646 0.0000004322 0.0953622522 100 0.0000003605 0.0005653338 -0.0002022797 0.0000003027 0.0005188147 -0.0001831111 0.0000000025
100 0.0000003605 0.0000003027 0.0942657345 101 0.0000003567 0.0005647491 -0.0001942865 0.0000007637 0.0007934812 -0.0003662221 0.0000000819
101 0.0000003567 0.0000007637 0.0934484155 102 0.0000003531 0.0005641932 -0.0001863843 0.0000003511 0.0004882962 -0.0003357036 0.0000000281
102 0.0000003531 0.0000003511 0.0922935842 103 0.0000003496 0.0005636650 -0.0001785683 0.0000005234 0.0006408887 -0.0003357036 0.0000000307
103 0.0000003496 0.0000005234 0.0915539535 104 0.0000003463 0.0005631638 -0.0001708339 0.0000002729 0.0005188147 -0.0000610370 0.0000000140
104 0.0000003463 0.0000002729 0.0905465614 105 0.0000003432 0.0005626885 -0.0001631766 0.0000000317 0.0001525925 -0.0000915555 0.0000001733
105 0.0000003432 0.0000000317 0.0893828773 106 0.0000003403 0.0005622385 -0.0001555924 0.0000001574 0.0003662221 0.0001525925 0.0000001334
106 0.0000003403 0.0000001574 0.0888538501 107 0.0000003376 0.0005618131 -0.0001480769 0.0000000037 0.0000610370 0.0000000000 0.0000002727
107 0.0000003376 0.0000000037 0.0880019667 108 0.0000003350 0.0005614116 -0.0001406263 0.0000003027 0.0005188147 -0.0001831111 0.0000000036
108 0.0000003350 0.0000003027 0.0875584894 109 0.0000003325 0.0005610333 -0.0001332367 0.0000000792 0.0002746666 0.0000610370 0.0000001197
109 0.0000003325 0.0000000792 0.0867474806 110 0.0000003302 0.0005606776 -0.0001259044 0.0000002058 0.0004272591 -0.0001525925 0.0000000185
110 0.0000003302 0.0000002058 0.0862233160 111 0.0000003281 0.0005603440 -0.0001186257 0.0000000969 0.0003051851 -0.0000610370 0.0000000684
111 0.0000003281 0.0000000969 0.0856341776 112 0.0000003260 0.0005600321 -0.0001113973 0.0000003101 0.0005493332 -0.0000915555 0.0000000005
112 0.0000003260 0.0000003101 0.0852457849 113 0.0000003242 0.0005597412 -0.0001042156 0.0000003809 0.0006103702 -0.0000915555 0.0000000027
113 0.0000003242 0.0000003809 0.0846476829 114 0.0000003224 0.0005594711 -0.0000970774 0.0000003027 0.0005493332 -0.0000305185 0.0000000045
114 0.0000003224 0.0000003027 0.0842749476 115 0.0000003208 0.0005592212 -0.0000899795 0.0000001425 0.0003662221 -0.0000915555 0.0000000373
115 0.0000003208 0.0000001425 0.0836578827 116 0.0000003193 0.0005589913 -0.0000829185 0.0000001658 0.0003967406 -0.0000915555 0.0000000264
116 0.0000003193 0.0000001658 0.0834269965 117 0.0000003180 0.0005587809 -0.0000758915 0.0000001658 0.0003967406 -0.0000915555 0.0000000265
117 0.0000003180 0.0000001658 0.0830057578 118 0.0000003168 0.0005585899 -0.0000688955 0.0000001583 0.0003967406 -0.0000305185 0.0000000277
118 0.0000003168 0.0000001583 0.0827008381 119 0.0000003157 0.0005584178 -0.0000619274 0.0000001015 0.0003051851 -0.0000915555 0.0000000650
119 0.0000003157 0.0000001015 0.0824715549 120 0.0000003147 0.0005582645 -0.0000549843 0.0000003027 0.0005493332 -0.0000305185 0.0000000007
120 0.0000003147 0.0000003027 0.0822326859 121 0.0000003138 0.0005581297 -0.0000480633 0.0000001807 0.0003967406 0.0001525925 0.0000000663
121 0.0000003138 0.0000001807 0.0819385153 122 0.0000003131 0.0005580133 -0.0000411615 0.0000003362 0.0005798517 0.0000000000 0.0000000022
122 0.0000003131 0.0000003362 0.0817947280 123 0.0000003124 0.0005579151 -0.0000342763 0.0000002245 0.0004577776 -0.0001220740 0.0000000177
123 0.0000003124 0.0000002245 0.0815737089 124 0.0000003119 0.0005578349 -0.0000274047 0.0000002133 0.0004577776 -0.0000610370 0.0000000111
124 0.0000003119 0.0000002133 0.0814796125 125 0.0000003115 0.0005577727 -0.0000205440 0.0000001611 0.0003967406 0.0000610370 0.0000000326
125 0.0000003115 0.0000001611 0.0813938185 126 0.0000003112 0.0005577283 -0.0000136915 0.0000002468 0.0004882962 0.0000915555 0.0000000159
126 0.0000003112 0.0000002468 0.0813496385 127 0.0000003111 0.0005577016 -0.0000068444 0.0000001136 0.0003357036 -0.0000305185 0.0000000498
127 0.0000003111 0.0000001136 0.0813133287 128 0.0000003110 0.0005576928 0.0000000000 0.0000017221 0.0013122959 0.0000000000 0.0000005694
128 0.0000003110 0.0000017221 0.0813016455 129 0.0000003111 0.0005577016 0.0000068444 0.0000002422 0.0004882962 -0.0000610370 0.0000000094
129 0.0000003111 0.0000002422 0.0812793743 130 0.0000003112 0.0005577283 0.0000136915 0.0000003446 0.0005798517 -0.0000915555 0.0000000116
130 0.0000003112 0.0000003446 0.0813852992 131 0.0000003115 0.0005577727 0.0000205440 0.0000002422 0.0004882962 0.0000610370 0.0000000065
131 0.0000003115 0.0000002422 0.0813976856 132 0.0000003119 0.0005578349 0.0000274047 0.0000001826 0.0004272591 0.0000000000 0.0000000178
132 0.0000003119 0.0000001826 0.0814804666 133 0.0000003124 0.0005579151 0.0000342763 0.0000001164 0.0003357036 -0.0000610370 0.0000000585
133 0.0000003124 0.0000001164 0.0815780006 134 0.0000003131 0.0005580133 0.0000411615 0.0000001863 0.0004272591 0.0000610370 0.0000000175
134 0.0000003131 0.0000001863 0.0817798865 135 0.0000003138 0.0005581297 0.0000480633 0.0000002170 0.0003967406 0.0002441481 0.0000000645
135 0.0000003138 0.0000002170 0.0820619119 136 0.0000003147 0.0005582645 0.0000549843 0.0000003027 0.0005493332 0.0000305185 0.0000000007
136 0.0000003147 0.0000003027 0.0822640957 137 0.0000003157 0.0005584178 0.0000619274 0.0000002328 0.0004577776 0.0001525925 0.0000000183
137 0.0000003157 0.0000002328 0.0824444443 138 0.0000003168 0.0005585899 0.0000688955 0.0000003726 0.0006103702 0.0000000000 0.0000000074
138 0.0000003168 0.0000003726 0.0827750886 139 0.0000003180 0.0005587809 0.0000758915 0.0000002422 0.0004882962 0.0000610370 0.0000000052
139 0.0000003180 0.0000002422 0.0830769850 140 0.0000003193 0.0005589913 0.0000829185 0.0000002058 0.0004272591 0.0001525925 0.0000000222
140 0.0000003193 0.0000002058 0.0834470230 141 0.0000003208 0.0005592212 0.0000899795 0.0000001574 0.0003662221 0.0001525925 0.0000000412
141 0.0000003208 0.0000001574 0.0837939870 142 0.0000003224 0.0005594711 0.0000970774 0.0000002179 0.0004577776 0.0000915555 0.0000000104
142 0.0000003224 0.0000002179 0.0843038315 143 0.0000003242 0.0005597412 0.0001042156 0.0000002096 0.0003662221 0.0002746666 0.0000000665
143 0.0000003242 0.0000002096 0.0848386110 144 0.0000003260 0.0005600321 0.0001113973 0.0000002422 0.0004882962 0.0000610370 0.0000000077
144 0.0000003260 0.0000002422 0.0852073553 145 0.0000003281 0.0005603440 0.0001186257 0.0000001863 0.0004272591 -0.0000610370 0.0000000500
145 0.0000003281 0.0000001863 0.0856829129 146 0.0000003302 0.0005606776 0.0001259044 0.0000003101 0.0005493332 0.0000915555 0.0000000013
146 0.0000003302 0.0000003101 0.0862914772 147 0.0000003325 0.0005610333 0.0001332367 0.0000001164 0.0003357036 0.0000610370 0.0000000560
147 0.0000003325 0.0000001164 0.0868141301 148 0.0000003350 0.0005614116 0.0001406263 0.0000001583 0.0003967406 0.0000305185 0.0000000392
148 0.0000003350 0.0000001583 0.0875102915 149 0.0000003376 0.0005618131 0.0001480769 0.0000002701 0.0005188147 0.0000305185 0.0000000157
149 0.0000003376 0.0000002701 0.0880914471 150 0.0000003403 0.0005622385 0.0001555924 0.0000002394 0.0004882962 0.0000305185 0.0000000211
150 0.0000003403 0.0000002394 0.0890748049 151 0.0000003432 0.0005626885 0.0001631766 0.0000002729 0.0005188147 0.0000610370 0.0000000124
151 0.0000003432 0.0000002729 0.0896492826 152 0.0000003463 0.0005631638 0.0001708339 0.0000002841 0.0005188147 0.0001220740 0.0000000043
152 0.0000003463 0.0000002841 0.0905167395 153 0.0000003496 0.0005636650 0.0001785683 0.0000000689 0.0001525925 0.0002136296 0.0000001702
153 0.0000003496 0.0000000689 0.0912252957 154 0.0000003531 0.0005641932 0.0001863843 0.0000003055 0.0005493332 0.0000610370 0.0000000159
154 0.0000003531 0.0000003055 0.0924054345 155 0.0000003567 0.0005647491 0.0001942865 0.0000000084 0.0000915555 0.0000000000 0.0000002617
155 0.0000003567 0.0000000084 0.0930947447 156 0.0000003605 0.0005653338 0.0002022797 0.0000002552 0.0004577776 0.0002136296 0.0000000117
156 0.0000003605 0.0000002552 0.0942367658 157 0.0000003646 0.0005659482 0.0002103688 0.0000005076 0.0004882962 0.0005188147 0.0000001012
157 0.0000003646 0.0000005076 0.0954440235 158 0.0000003688 0.0005665934 0.0002185592 0.0000002580 0.0004272591 0.0002746666 0.0000000226
158 0.0000003688 0.0000002580 0.0963484442 159 0.0000003733 0.0005672705 0.0002268561 0.0000003958 0.0005798517 0.0002441481 0.0000000005
159 0.0000003733 0.0000003958 0.0977186002 160 0.0000003780 0.0005679809 0.0002352654 0.0000003614 0.0005493332 0.0002441481 0.0000000004
160 0.0000003780 0.0000003614 0.0988739447 161 0.0000003829 0.0005687257 0.0002437929 0.0000003726 0.0004882962 0.0003662221 0.0000000215
161 0.0000003829 0.0000003726 0.1001257885 162 0.0000003881 0.0005695065 0.0002524449 0.0000003139 0.0004882962 0.0002746666 0.0000000071
162 0.0000003881 0.0000003139 0.1015439338 163 0.0000003935 0.0005703247 0.0002612279 0.0000001798 0.0003662221 0.0002136296 0.0000000439
163 0.0000003935 0.0000001798 0.1029121898 164 0.0000003992 0.0005711819 0.0002701489 0.0000005681 0.0006408887 0.0003967406 0.0000000209
164 0.0000003992 0.0000005681 0.1044759190 165 0.0000004052 0.0005720799 0.0002792151 0.0000004480 0.0004882962 0.0004577776 0.0000000389
165 0.0000004052 0.0000004480 0.1059947716 166 0.0000004115 0.0005730204 0.0002884342 0.0000003726 0.0003662221 0.0004882962 0.0000000827
166 0.0000004115 0.0000003726 0.1075637799 167 0.0000004182 0.0005740055 0.0002978143 0.0000004517 0.0005188147 0.0004272591 0.0000000198
167 0.0000004182 0.0000004517 0.1095042698 168 0.0000004251 0.0005750373 0.0003073638 0.0000004862 0.0006408887 0.0002746666 0.0000000054
168 0.0000004251 0.0000004862 0.1113366647 169 0.0000004325 0.0005761179 0.0003170919 0.0000002692 0.0004577776 0.0002441481 0.0000000193
169 0.0000004325 0.0000002692 0.1133705925 170 0.0000004402 0.0005772499 0.0003270080 0.0000004517 0.0004272591 0.0005188147 0.0000000593
170 0.0000004402 0.0000004517 0.1153185241 171 0.0000004482 0.0005784358 0.0003371224 0.0000002580 0.0004272591 0.0002746666 0.0000000268
171 0.0000004482 0.0000002580 0.1174707883 172 0.0000004567 0.0005796784 0.0003474459 0.0000005458 0.0005798517 0.0004577776 0.0000000122
172 0.0000004567 0.0000005458 0.1197858072 173 0.0000004657 0.0005809807 0.0003579898 0.0000004517 0.0005188147 0.0004272591 0.0000000087
173 0.0000004657 0.0000004517 0.1221668480 174 0.0000004751 0.0005823460 0.0003687665 0.0000003651 0.0004272591 0.0004272591 0.0000000275
174 0.0000004751 0.0000003651 0.1245981926 175 0.0000004850 0.0005837777 0.0003797890 0.0000003958 0.0004882962 0.0003967406 0.0000000094
175 0.0000004850 0.0000003958 0.1275108284 176 0.0000004955 0.0005852795 0.0003910713 0.0000004843 0.0005493332 0.0004272591 0.0000000026
176 0.0000004955 0.0000004843 0.1304394057 177 0.0000005065 0.0005868556 0.0004026281 0.0000004843 0.0005493332 0.0004272591 0.0000000020
177 0.0000005065 0.0000004843 0.1338842019 178 0.0000005181 0.0005885102 0.0004144756 0.0000008289 0.0007019257 0.0005798517 0.0000000402
178 0.0000005181 0.0000008289 0.1382724118 179 0.0000005304 0.0005902481 0.0004266309 0.0000023117 0.0011902219 0.0009460738 0.0000006298
179 0.0000005304 0.0000023117 0.1572386815 180 0.0000005434 0.0005920744 0.0004391123 0.0000001686 0.0003051851 0.0002746666 0.0000001093
180 0.0000005434 0.0000001686 0.1373604936 181 0.0000005571 0.0005939948 0.0004519398 0.0000003027 0.0004577776 0.0003051851 0.0000000401
181 0.0000005571 0.0000003027 0.1433819211 182 0.0000005716 0.0005960151 0.0004651348 0.0000003921 0.0004272591 0.0004577776 0.0000000285
182 0.0000005716 0.0000003921 0.1478043723 183 0.0000005869 0.0005981421 0.0004787203 0.0000004191 0.0004577776 0.0004577776 0.0000000201
183 0.0000005869 0.0000004191 0.1522066303 184 0.0000006032 0.0006003828 0.0004927215 0.0000004191 0.0004577776 0.0004577776 0.0000000216
184 0.0000006032 0.0000004191 0.1566739135 185 0.0000006205 0.0006027451 0.0005071654 0.0000004769 0.0004882962 0.0004882962 0.0000000135
185 0.0000006205 0.0000004769 0.1614657619 186 0.0000006389 0.0006052375 0.0005220815 0.0000004145 0.0003357036 0.0005493332 0.0000000734
186 0.0000006389 0.0000004145 0.1663055120 187 0.0000006584 0.0006078695 0.0005375020 0.0000005234 0.0003357036 0.0006408887 0.0000000848
187 0.0000006584 0.0000005234 0.1714899098 188 0.0000006792 0.0006106511 0.0005534619 0.0000007917 0.0004577776 0.0007629627 0.0000000673
188 0.0000006792 0.0000007917 0.1769008471 189 0.0000007014 0.0006135938 0.0005699995 0.0000004517 0.0004272591 0.0005188147 0.0000000373
189 0.0000007014 0.0000004517 0.1827024663 190 0.0000007251 0.0006167101 0.0005871568 0.0000004852 0.0003357036 0.0006103702 0.0000000795
190 0.0000007251 0.0000004852 0.1887613679 191 0.0000007504 0.0006200135 0.0006049798 0.0000004480 0.0004882962 0.0004577776 0.0000000390
191 0.0000007504 0.0000004480 0.1954275513 192 0.0000007776 0.0006235195 0.0006235195 0.0000006725 0.0005798517 0.0005798517 0.0000000038
192 0.0000007776 0.0000006725 0.2026788933 193 0.0000008067 0.0006272448 0.0006428317 0.0000007870 0.0005798517 0.0006714072 0.0000000031
193 0.0000008067 0.0000007870 0.2102222609 194 0.0000008380 0.0006312082 0.0006629787 0.0000005709 0.0005188147 0.0005493332 0.0000000255
194 0.0000008380 0.0000005709 0.2184523701 195 0.0000008717 0.0006354308 0.0006840294 0.0000012760 0.0007019257 0.0008850368 0.0000000448
195 0.0000008717 0.0000012760 0.2272806315 196 0.0000009080 0.0006399358 0.0007060604 0.0000007451 0.0006103702 0.0006103702 0.0000000100
196 0.0000009080 0.0000007451 0.2368922473 197 0.0000009474 0.0006447498 0.0007291576 0.0000006743 0.0006103702 0.0005493332 0.0000000335
197 0.0000009474 0.0000006743 0.2469505378 198 0.0000009900 0.0006499022 0.0007534172 0.0000007526 0.0005493332 0.0006714072 0.0000000168
198 0.0000009900 0.0000007526 0.2582507669 199 0.0000010363 0.0006554265 0.0007789474 0.0000009472 0.0006408887 0.0007324442 0.0000000024
199 0.0000010363 0.0000009472 0.2703094219 200 0.0000010868 0.0006613606 0.0008058702 0.0000010404 0.0006408887 0.0007934812 0.0000000006
200 0.0000010868 0.0000010404 0.2835574448 201 0.0000011420 0.0006677477 0.0008343244 0.0000013263 0.0006103702 0.0009765923 0.0000000235
201 0.0000011420 0.0000013263 0.2978303389 202 0.0000012024 0.0006746371 0.0008644676 0.0000012890 0.0006714072 0.0009155553 0.0000000026
202 0.0000012024 0.0000012890 0.3137245792 203 0.0000012689 0.0006820855 0.0008964804 0.0000011363 0.0004272591 0.0009765923 0.0000000714
203 0.0000012689 0.0000011363 0.3310664347 204 0.0000013423 0.0006901580 0.0009305704 0.0000013458 0.0006714072 0.0009460738 0.0000000006
204 0.0000013423 0.0000013458 0.3502624896 205 0.0000014235 0.0006989305 0.0009669773 0.0000011223 0.0007019257 0.0007934812 0.0000000301
205 0.0000014235 0.0000011223 0.3714484422 206 0.0000015140 0.0007084911 0.0010059800 0.0000017920 0.0009155553 0.0009765923 0.0000000437
206 0.0000015140 0.0000017920 0.3953414165 207 0.0000016150 0.0007189432 0.0010479044 0.0000020239 0.0008239998 0.0011597034 0.0000000235
207 0.0000016150 0.0000020239 0.4214079324 208 0.0000017284 0.0007304089 0.0010931342 0.0000015275 0.0006714072 0.0010376293 0.0000000066
208 0.0000017284 0.0000015275 0.4510367175 209 0.0000018565 0.0007430333 0.0011421243 0.0000016811 0.0005798517 0.0011597034 0.0000000269
209 0.0000018565 0.0000016811 0.4845515630 210 0.0000020021 0.0007569901 0.0011954180 0.0000019009 0.0006408887 0.0012207404 0.0000000141
210 0.0000020021 0.0000019009 0.5223060644 211 0.0000021684 0.0007724889 0.0012536701 0.0000025157 0.0007934812 0.0013733329 0.0000000148
211 0.0000021684 0.0000025157 0.5660207152 212 0.0000023600 0.0007897852 0.0013176771 0.0000016467 0.0005493332 0.0011597034 0.0000000828
212 0.0000023600 0.0000016467 0.6156558991 213 0.0000025825 0.0008091937 0.0013884173 0.0000019764 0.0006408887 0.0012512589 0.0000000471
213 0.0000025825 0.0000019764 0.6739926227 214 0.0000028431 0.0008311059 0.0014671071 0.0000025082 0.0006714072 0.0014343699 0.0000000266
214 0.0000028431 0.0000025082 0.7419016124 215 0.0000031516 0.0008560154 0.0015552773 0.0000031006 0.0007629627 0.0015869625 0.0000000097
215 0.0000031516 0.0000031006 0.8225567185 216 0.0000035211 0.0008845534 0.0016548830 0.0000034992 0.0008850368 0.0016479995 0.0000000000
216 0.0000035211 0.0000034992 0.9192052829 217 0.0000039693 0.0009175400 0.0017684612 0.0000033716 0.0006714072 0.0017090365 0.0000000641
217 0.0000039693 0.0000033716 1.0356957087 218 0.0000045216 0.0009560603 0.0018993656 0.0000037590 0.0009155553 0.0017090365 0.0000000379
218 0.0000045216 0.0000037590 1.1804593442 219 0.0000052144 0.0010015808 0.0020521245 0.0000065988 0.0010376293 0.0023499252 0.0000000900
219 0.0000052144 0.0000065988 1.3608275967 220 0.0000061017 0.0010561330 0.0022330056 0.0000050760 0.0009460738 0.0020447401 0.0000000476
220 0.0000061017 0.0000050760 1.5924173296 221 0.0000072674 0.0011226135 0.0024509409 0.0000061145 0.0010071108 0.0022583697 0.0000000504
221 0.0000072674 0.0000061145 1.8971596429 222 0.0000088463 0.0012052994 0.0027191119 0.0000080741 0.0011597034 0.0025940733 0.0000000177
222 0.0000088463 0.0000080741 2.3091436361 223 0.0000110684 0.0013107813 0.0030578214 0.0000107714 0.0012817774 0.0030213324 0.0000000022
223 0.0000110684 0.0000107714 2.8893424674 224 0.0000143522 0.0014497705 0.0035000557 0.0000137788 0.0013733329 0.0034485916 0.0000000085
224 0.0000143522 0.0000137788 3.7467144848 225 0.0000195291 0.0016409149 0.0041032289 0.0000180688 0.0015259255 0.0039674062 0.0000000317
225 0.0000195291 0.0000180688 5.0981299644 226 0.0000284556 0.0019198177 0.0049769401 0.0000280988 0.0018311106 0.0049745170 0.0000000079
226 0.0000284556 0.0000280988 7.4292051149 227 0.0000460344 0.0023639727 0.0063597160 0.0000427289 0.0022583697 0.0061342204 0.0000000620
227 0.0000460344 0.0000427289 12.0183335538 228 0.0000891022 0.0031800366 0.0088876070 0.0000865978 0.0031434065 0.0087588122 0.0000000179
228 0.0000891022 0.0000865978 23.2602129113 229 0.0002520961 0.0051651256 0.0150139135 0.0002417237 0.0049439985 0.0147404401 0.0000001237
229 0.0002520961 0.0002417237 65.8137088021 230 0.0029674393 0.0170875641 0.0517247949 0.0028917245 0.0167851802 0.0510879849 0.0000004970
230 0.0029674393 0.0028917245 774.7020957077 231 0.0012646367 -0.0107398542 -0.0339012126 0.0012308412 -0.0106814783 -0.0334177679 0.0000002371
231 0.0012646367 0.0012308412 330.1572786181 232 0.0001701334 -0.0037863338 -0.0124818698 0.0001673875 -0.0037232582 -0.0123905148 0.0000000123
232 0.0001701334 0.0001673875 44.4180818843 233 0.0000614801 -0.0021838511 -0.0075306605 0.0000583016 -0.0022583697 -0.0072939238 0.0000000616
233 0.0000614801 0.0000583016 16.0512217598 234 0.0000305139 -0.0014733051 -0.0053238407 0.0000297902 -0.0014954070 -0.0052491836 0.0000000061
234 0.0000305139 0.0000297902 7.9666720525 235 0.0000177273 -0.0010730808 -0.0040713365 0.0000165348 -0.0011291849 -0.0039063692 0.0000000304
235 0.0000177273 0.0000165348 4.6271496511 236 0.0000113061 -0.0008170082 -0.0032616794 0.0000105283 -0.0009155553 -0.0031128880 0.0000000319
236 0.0000113061 0.0000105283 2.9520105394 237 0.0000076633 -0.0006396322 -0.0026933645 0.0000063492 -0.0007324442 -0.0024109622 0.0000000884
237 0.0000076633 0.0000063492 2.0004438656 238 0.0000054172 -0.0005099533 -0.0022709250 0.0000051878 -0.0007019257 -0.0021668142 0.0000000477
238 0.0000054172 0.0000051878 1.4139788692 239 0.0000039456 -0.0004113957 -0.0019432806 0.0000028733 -0.0003967406 -0.0016479995 0.0000000874
239 0.0000039456 0.0000028733 1.0301739699 240 0.0000029362 -0.0003342956 -0.0016806176 0.0000029748 -0.0003967406 -0.0016785180 0.0000000039
240 0.0000029362 0.0000029748 0.7665516892 241 0.0000022187 -0.0002726417 -0.0014643557 0.0000023117 -0.0002746666 -0.0014954070 0.0000000010
241 0.0000022187 0.0000023117 0.5791800148 242 0.0000016938 -0.0002225009 -0.0012823040 0.0000017976 -0.0002746666 -0.0013122959 0.0000000036
242 0.0000016938 0.0000017976 0.4421660466 243 0.0000013010 -0.0001811948 -0.0011261235 0.0000008960 -0.0000305185 -0.0009460738 0.0000000551
243 0.0000013010 0.0000008960 0.3395022576 244 0.0000010015 -0.0001468391 -0.0009899085 0.0000010478 -0.0001831111 -0.0010071108 0.0000000016
244 0.0000010015 0.0000010478 0.2614884951 245 0.0000007697 -0.0001180721 -0.0008693514 0.0000004703 -0.0002441481 -0.0006408887 0.0000000681
245 0.0000007697 0.0000004703 0.2009302126 246 0.0000005883 -0.0000938884 -0.0007612270 0.0000007125 -0.0001831111 -0.0008239998 0.0000000119
246 0.0000005883 0.0000007125 0.1535158443 247 0.0000004451 -0.0000735324 -0.0006630643 0.0000004340 -0.0001525925 -0.0006408887 0.0000000067
247 0.0000004451 0.0000004340 0.1160586922 248 0.0000003314 -0.0000564285 -0.0005729285 0.0000003595 -0.0001525925 -0.0005798517 0.0000000093
248 0.0000003314 0.0000003595 0.0865264335 249 0.0000002412 -0.0000421337 -0.0004892734 0.0000003763 -0.0000610370 -0.0006103702 0.0000000150
249 0.0000002412 0.0000003763 0.0629375322 250 0.0000001697 -0.0000303052 -0.0004108382 0.0000000605 -0.0001220740 -0.0002136296 0.0000000473
250 0.0000001697 0.0000000605 0.0442763405 251 0.0000001137 -0.0000206778 -0.0003365732 0.0000001863 -0.0000610370 -0.0004272591 0.0000000099
251 0.0000001137 0.0000001863 0.0296556125 252 0.0000000707 -0.0000130474 -0.0002655861 0.0000000484 -0.0001220740 -0.0001831111 0.0000000187
252 0.0000000707 0.0000000484 0.0184551687 253 0.0000000389 -0.0000072596 -0.0001971003 0.0000000494 -0.0000610370 -0.0002136296 0.0000000032
253 0.0000000389 0.0000000494 0.0101388418 254 0.0000000170 -0.0000032017 -0.0001304236 0.0000000494 -0.0002136296 -0.0000610370 0.0000000491
254 0.0000000170 0.0000000494 0.0044334825 255 0.0000000042 -0.0000007968 -0.0000649224 0.0000000373 -0.0001831111 0.0000610370 0.0000000491
255 0.0000000042 0.0000000373 0.0011028166 