#int double real img int16 real16 img16 error
0 0.0000000000 -0.0000000000 0.0000000000 0.0000038149 -0.0019531846 0.0000000000 0.0000038149
0 0.0000000000 0.0000038149 0.0000000000 1 0.0000000004 -0.0000002520 0.0000205303 0.0000005830 -0.0000305185 -0.0007629627 0.0000006148
1 0.0000000004 0.0000005830 0.0000924394 2 0.0000000017 -0.0000010125 0.0000412436 0.0000003027 -0.0004577776 -0.0003051851 0.0000003286
2 0.0000000017 0.0000003027 0.0004214911 3 0.0000000039 -0.0000022957 0.0000623286 0.0000004936 -0.0000305185 -0.0007019257 0.0000005849
3 0.0000000039 0.0000004936 0.0009514451 4 0.0000000071 -0.0000041260 0.0000839857 0.0000000149 0.0000000000 -0.0001220740 0.0000000425
4 0.0000000071 0.0000000149 0.0018040819 5 0.0000000114 -0.0000065389 0.0001064338 0.0000000186 -0.0000610370 -0.0001220740 0.0000000552
5 0.0000000114 0.0000000186 0.0028991839 6 0.0000000170 -0.0000095834 0.0001299184 0.0000000242 -0.0000305185 -0.0001525925 0.0000000803
6 0.0000000170 0.0000000242 0.0043371583 7 0.0000000241 -0.0000133238 0.0001547218 0.0000000019 0.0000305185 -0.0000305185 0.0000000362
7 0.0000000241 0.0000000019 0.0061732443 8 0.0000000331 -0.0000178443 0.0001811759 0.0000000168 -0.0000915555 0.0000915555 0.0000000135
8 0.0000000331 0.0000000168 0.0085216569 9 0.0000000445 -0.0000232530 0.0002096793 0.0000000000 0.0000000000 0.0000000000 0.0000000445
9 0.0000000445 0.0000000000 0.0114340087 10 0.0000000588 -0.0000296901 0.0002407211 0.0000000037 -0.0000610370 0.0000000000 0.0000000589
10 0.0000000588 0.0000000037 0.0150939731 11 0.0000000770 -0.0000373377 0.0002749130 0.0000000233 -0.0000915555 0.0001220740 0.0000000263
11 0.0000000770 0.0000000233 0.0197610585 12 0.0000001001 -0.0000464346 0.0003130366 0.0000000233 -0.0000915555 0.0001220740 0.0000000385
12 0.0000001001 0.0000000233 0.0257410257 13 0.0000001301 -0.0000572988 0.0003561115 0.0000000168 -0.0000915555 0.0000915555 0.0000000712
13 0.0000001301 0.0000000168 0.0333882106 14 0.0000001694 -0.0000703609 0.0004055001 0.0000000568 -0.0001525925 0.0001831111 0.0000000562
14 0.0000001694 0.0000000568 0.0435225454 15 0.0000002219 -0.0000862169 0.0004630699 0.0000000745 -0.0001220740 0.0002441481 0.0000000492
15 0.0000002219 0.0000000745 0.0570050495 16 0.0000002936 -0.0001057136 0.0005314580 0.0000002533 -0.0001220740 0.0004882962 0.0000000021
16 0.0000002936 0.0000002533 0.0755826564 17 0.0000003946 -0.0001300947 0.0006145193 0.0000002058 -0.0001525925 0.0004272591 0.0000000356
17 0.0000003946 0.0000002058 0.1015936052 18 0.0000005417 -0.0001612614 0.0007181296 0.0000005383 -0.0002136296 0.0007019257 0.0000000030
18 0.0000005417 0.0000005383 0.1394136152 19 0.0000007663 -0.0002022695 0.0008517166 0.0000007386 -0.0002441481 0.0008239998 0.0000000025
19 0.0000007663 0.0000007386 0.1972214625 20 0.0000011306 -0.0002583607 0.0010314336 0.0000010469 -0.0003051851 0.0009765923 0.0000000052
20 0.0000011306 0.0000010469 0.2910010542 21 0.0000017727 -0.0003393379 0.0012874696 0.0000015023 -0.0003967406 0.0011597034 0.0000000196
21 0.0000017727 0.0000015023 0.4563418090 22 0.0000030514 -0.0004659000 0.0016835463 0.0000027876 -0.0005188147 0.0015869625 0.0000000121
22 0.0000030514 0.0000027876 0.7853169923 23 0.0000061480 -0.0006905943 0.0023814040 0.0000060148 -0.0007019257 0.0023499252 0.0000000011
23 0.0000061480 0.0000060148 1.5825088990 24 0.0000170133 -0.0011973439 0.0039471138 0.0000167499 -0.0012207404 0.0039063692 0.0000000022
24 0.0000170133 0.0000167499 4.3789521192 25 0.0001264637 -0.0033962401 0.0107205047 0.0001232122 -0.0033265175 0.0105899228 0.0000000219
25 0.0001264637 0.0001232122 32.5481686678 26 0.0002967439 0.0054035622 -0.0163568163 0.0002994357 0.0053712577 -0.0164494766 0.0000000096
26 0.0002967439 0.0002994357 76.3729047014 27 0.0000252096 0.0016333561 -0.0047478163 0.0000242252 0.0015564440 -0.0046693319 0.0000000121
27 0.0000252096 0.0000242252 6.4878070377 28 0.0000089102 0.0010056159 -0.0028105081 0.0000090092 0.0009765923 -0.0028382214 0.0000000016
28 0.0000089102 0.0000090092 2.2930773290 29 0.0000046034 0.0007475538 -0.0020111188 0.0000048432 0.0007324442 -0.0020752586 0.0000000043
29 0.0000046034 0.0000048432 1.1847030153 30 0.0000028456 0.0006070997 -0.0015738467 0.0000030885 0.0006103702 -0.0016479995 0.0000000055
30 0.0000028456 0.0000030885 0.7323347810 31 0.0000019529 0.0005189028 -0.0012975549 0.0000017771 0.0003662221 -0.0012817774 0.0000000236
31 0.0000019529 0.0000017771 0.5025276292 32 0.0000014352 0.0004584577 -0.0011068148 0.0000014576 0.0004272591 -0.0011291849 0.0000000015
32 0.0000014352 0.0000014576 0.3692907947 33 0.0000011068 0.0004145055 -0.0009669680 0.0000014166 0.0004577776 -0.0010986663 0.0000000192
33 0.0000011068 0.0000014166 0.2849352762 34 0.0000008846 0.0003811491 -0.0008598587 0.0000008233 0.0003051851 -0.0008545183 0.0000000058
34 0.0000008846 0.0000008233 0.2276527176 35 0.0000007267 0.0003550016 -0.0007750556 0.0000007917 0.0003357036 -0.0008239998 0.0000000028
35 0.0000007267 0.0000007917 0.1869799362 36 0.0000006102 0.0003339786 -0.0007061384 0.0000007051 0.0002746666 -0.0007934812 0.0000000111
36 0.0000006102 0.0000007051 0.1569826695 37 0.0000005214 0.0003167277 -0.0006489388 0.0000004182 0.0002136296 -0.0006103702 0.0000000121
37 0.0000005214 0.0000004182 0.1340134298 38 0.0000004522 0.0003023328 -0.0006006321 0.0000005039 0.0003051851 -0.0006408887 0.0000000016
38 0.0000004522 0.0000005039 0.1163300953 39 0.0000003969 0.0002901516 -0.0005592365 0.0000003958 0.0002441481 -0.0005798517 0.0000000025
39 0.0000003969 0.0000003958 0.1020117172 40 0.0000003521 0.0002797203 -0.0005233200 0.0000003446 0.0002746666 -0.0005188147 0.0000000000
40 0.0000003521 0.0000003446 0.0905613899 41 0.0000003152 0.0002706958 -0.0004918219 0.0000002692 0.0002441481 -0.0004577776 0.0000000019
41 0.0000003152 0.0000002692 0.0810799632 42 0.0000002843 0.0002628188 -0.0004639400 0.0000002692 0.0002441481 -0.0004577776 0.0000000004
42 0.0000002843 0.0000002692 0.0731107931 43 0.0000002582 0.0002558895 -0.0004390561 0.0000002692 0.0002441481 -0.0004577776 0.0000000005
43 0.0000002582 0.0000002692 0.0663260265 44 0.0000002360 0.0002497520 -0.0004166861 0.0000002282 0.0002136296 -0.0004272591 0.0000000014
44 0.0000002360 0.0000002282 0.0606436909 45 0.0000002168 0.0002442824 -0.0003964453 0.0000001080 0.0001220740 -0.0003051851 0.0000000233
45 0.0000002168 0.0000001080 0.0556815612 46 0.0000002002 0.0002393813 -0.0003780244 0.0000001360 0.0001525925 -0.0003357036 0.0000000093
46 0.0000002002 0.0000001360 0.0514601902 47 0.0000001857 0.0002349678 -0.0003611714 0.0000001388 0.0002136296 -0.0003051851 0.0000000036
47 0.0000001857 0.0000001388 0.0477032058 48 0.0000001728 0.0002309756 -0.0003456794 0.0000002030 0.0002136296 -0.0003967406 0.0000000029
48 0.0000001728 0.0000002030 0.0444061115 49 0.0000001615 0.0002273498 -0.0003313765 0.0000002161 0.0001831111 -0.0004272591 0.0000000112
49 0.0000001615 0.0000002161 0.0414220761 50 0.0000001514 0.0002240445 -0.0003181188 0.0000001676 0.0001831111 -0.0003662221 0.0000000040
50 0.0000001514 0.0000001676 0.0389033691 51 0.0000001424 0.0002210212 -0.0003057851 0.0000000689 0.0001525925 -0.0002136296 0.0000000132
51 0.0000001424 0.0000000689 0.0365029622 52 0.0000001342 0.0002182471 -0.0002942722 0.0000001462 0.0001831111 -0.0003357036 0.0000000030
52 0.0000001342 0.0000001462 0.0344807885 53 0.0000001269 0.0002156944 -0.0002834920 0.0000004145 0.0003357036 -0.0005493332 0.0000000851
53 0.0000001269 0.0000004145 0.0326517642 54 0.0000001202 0.0002133390 -0.0002733687 0.0000000913 0.0002136296 -0.0002136296 0.0000000036
54 0.0000001202 0.0000000913 0.0307947054 55 0.0000001142 0.0002111604 -0.0002638365 0.0000003651 0.0004272591 -0.0004272591 0.0000000734
55 0.0000001142 0.0000003651 0.0293687560 56 0.0000001087 0.0002091406 -0.0002548385 0.0000001388 0.0002136296 -0.0003051851 0.0000000026
56 0.0000001087 0.0000001388 0.0278653839 57 0.0000001036 0.0002072640 -0.0002463248 0.0000001574 0.0001525925 -0.0003662221 0.0000000174
57 0.0000001036 0.0000001574 0.0265685452 58 0.0000000990 0.0002055171 -0.0002382514 0.0000000689 0.0001525925 -0.0002136296 0.0000000034
58 0.0000000990 0.0000000689 0.0253724193 59 0.0000000947 0.0002038878 -0.0002305799 0.0000001164 0.0001525925 -0.0003051851 0.0000000082
59 0.0000000947 0.0000001164 0.0242822024 60 0.0000000908 0.0002023655 -0.0002232759 0.0000001090 0.0001831111 -0.0002746666 0.0000000030
60 0.0000000908 0.0000001090 0.0232355071 61 0.0000000872 0.0002009409 -0.0002163091 0.0000001211 0.0002136296 -0.0002746666 0.0000000036
61 0.0000000872 0.0000001211 0.0223054288 62 0.0000000838 0.0001996056 -0.0002096523 0.0000001351 0.0002441481 -0.0002746666 0.0000000062
62 0.0000000838 0.0000001351 0.0214269433 63 0.0000000807 0.0001983522 -0.0002032812 0.0000000903 0.0001220740 -0.0002746666 0.0000000109
63 0.0000000807 0.0000000903 0.0206223517 64 0.0000000778 0.0001971742 -0.0001971742 0.0000000792 0.0001831111 -0.0002136296 0.0000000005
64 0.0000000778 0.0000000792 0.0198391873 65 0.0000000750 0.0001960655 -0.0001913114 0.0000000671 0.0001831111 -0.0001831111 0.0000000002
65 0.0000000750 0.0000000671 0.0191371386 66 0.0000000725 0.0001950208 -0.0001856753 0.0000000568 0.0001525925 -0.0001831111 0.0000000018
66 0.0000000725 0.0000000568 0.0184650860 67 0.0000000701 0.0001940354 -0.0001802497 0.0000000969 0.0000610370 -0.0003051851 0.0000000333
67 0.0000000701 0.0000000969 0.0178441456 68 0.0000000679 0.0001931048 -0.0001750200 0.0000000568 0.0001525925 -0.0001831111 0.0000000017
68 0.0000000679 0.0000000568 0.0172335835 69 0.0000000658 0.0001922252 -0.0001699731 0.0000000931 0.0001831111 -0.0002441481 0.0000000056
69 0.0000000658 0.0000000931 0.0166979090 70 0.0000000639 0.0001913929 -0.0001650967 0.0000000745 0.0002441481 -0.0001220740 0.0000000046
70 0.0000000639 0.0000000745 0.0161222001 71 0.0000000621 0.0001906047 -0.0001603798 0.0000000689 0.0002136296 -0.0001525925 0.0000000006
71 0.0000000621 0.0000000689 0.0156089076 72 0.0000000603 0.0001898577 -0.0001558122 0.0000000671 0.0001831111 -0.0001831111 0.0000000008
72 0.0000000603 0.0000000671 0.0150847422 73 0.0000000587 0.0001891491 -0.0001513847 0.0000000382 0.0001220740 -0.0001525925 0.0000000045
73 0.0000000587 0.0000000382 0.0145567497 74 0.0000000572 0.0001884765 -0.0001470885 0.0000000419 0.0001831111 -0.0000915555 0.0000000031
74 0.0000000572 0.0000000419 0.0139645377 75 0.0000000557 0.0001878376 -0.0001429159 0.0000000568 0.0001525925 -0.0001831111 0.0000000029
75 0.0000000557 0.0000000568 0.0131863553 76 0.0000000543 0.0001872304 -0.0001388595 0.0000000317 0.0001525925 -0.0000915555 0.0000000034
76 0.0000000543 0.0000000317 0.0114645579 77 0.0000000530 0.0001866528 -0.0001349125 0.0000000186 0.0001220740 -0.0000610370 0.0000000096
77 0.0000000530 0.0000000186 0.0262055792 78 0.0000000518 0.0001861033 -0.0001310687 0.0000000382 0.0001220740 -0.0001525925 0.0000000046
78 0.0000000518 0.0000000382 0.0151337132 79 0.0000000507 0.0001855800 -0.0001273222 0.0000000298 0.0001220740 -0.0001220740 0.0000000041
79 0.0000000507 0.0000000298 0.0140106009 80 0.0000000495 0.0001850816 -0.0001236676 0.0000000466 0.0001525925 -0.0001525925 0.0000000019
80 0.0000000495 0.0000000466 0.0134234463 81 0.0000000485 0.0001846067 -0.0001200998 0.0000000168 0.0000915555 -0.0000915555 0.0000000095
81 0.0000000485 0.0000000168 0.0129968605 82 0.0000000475 0.0001841540 -0.0001166142 0.0000000419 0.0001831111 -0.0000915555 0.0000000006
82 0.0000000475 0.0000000419 0.0126345754 83 0.0000000466 0.0001837222 -0.0001132063 0.0000000298 0.0001220740 -0.0001220740 0.0000000039
83 0.0000000466 0.0000000298 0.0123181262 84 0.0000000457 0.0001833104 -0.0001098720 0.0000000233 0.0001220740 -0.0000915555 0.0000000041
84 0.0000000457 0.0000000233 0.0120449051 85 0.0000000448 0.0001829175 -0.0001066075 0.0000000298 0.0001220740 -0.0001220740 0.0000000039
85 0.0000000448 0.0000000298 0.0117986325 86 0.0000000440 0.0001825424 -0.0001034090 0.0000000233 0.0001220740 -0.0000915555 0.0000000038
86 0.0000000440 0.0000000233 0.0115425973 87 0.0000000432 0.0001821845 -0.0001002733 0.0000000466 0.0001525925 -0.0001525925 0.0000000036
87 0.0000000432 0.0000000466 0.0113307094 88 0.0000000425 0.0001818427 -0.0000971970 0.0000000382 0.0001525925 -0.0001220740 0.0000000015
88 0.0000000425 0.0000000382 0.0111273799 89 0.0000000418 0.0001815165 -0.0000941771 0.0000000605 0.0002136296 -0.0001220740 0.0000000018
89 0.0000000418 0.0000000605 0.0109035844 90 0.0000000412 0.0001812050 -0.0000912109 0.0000000373 0.0001831111 -0.0000610370 0.0000000009
90 0.0000000412 0.0000000373 0.0107537589 91 0.0000000405 0.0001809075 -0.0000882956 0.0000000540 0.0002136296 -0.0000915555 0.0000000011
91 0.0000000405 0.0000000540 0.0105853516 92 0.0000000399 0.0001806236 -0.0000854286 0.0000000186 0.0001220740 -0.0000610370 0.0000000040
92 0.0000000399 0.0000000186 0.0104160156 93 0.0000000394 0.0001803525 -0.0000826075 0.0000000419 0.0001831111 -0.0000915555 0.0000000001
93 0.0000000394 0.0000000419 0.0102617010 94 0.0000000388 0.0001800938 -0.0000798301 0.0000000037 0.0000610370 0.0000000000 0.0000000205
94 0.0000000388 0.0000000037 0.0101089035 95 0.0000000383 0.0001798469 -0.0000770941 0.0000000494 0.0002136296 -0.0000610370 0.0000000014
95 0.0000000383 0.0000000494 0.0099498891 96 0.0000000378 0.0001796113 -0.0000743974 0.0000000233 0.0001220740 -0.0000915555 0.0000000036
96 0.0000000378 0.0000000233 0.0098428494 97 0.0000000373 0.0001793867 -0.0000717382 0.0000000270 0.0001525925 -0.0000610370 0.0000000008
97 0.0000000373 0.0000000270 0.0097180138 98 0.0000000369 0.0001791726 -0.0000691145 0.0000000484 0.0001220740 -0.0001831111 0.0000000163
98 0.0000000369 0.0000000484 0.0095858259 99 0.0000000365 0.0001789685 -0.0000665245 0.0000000466 0.0001525925 -0.0001525925 0.0000000081
99 0.0000000365 0.0000000466 0.0094838874 100 0.0000000361 0.0001787742 -0.0000639664 0.0000000298 0.0001220740 -0.0001220740 0.0000000066
100 0.0000000361 0.0000000298 0.0093782550 101 0.0000000357 0.0001785894 -0.0000614388 0.0000000568 0.0001831111 -0.0001525925 0.0000000083
101 0.0000000357 0.0000000568 0.0092997565 102 0.0000000353 0.0001784136 -0.0000589399 0.0000000168 0.0000915555 -0.0000915555 0.0000000086
102 0.0000000353 0.0000000168 0.0091876109 103 0.0000000350 0.0001782465 -0.0000564682 0.0000000689 0.0002136296 -0.0001525925 0.0000000105
103 0.0000000350 0.0000000689 0.0091027669 104 0.0000000346 0.0001780880 -0.0000540224 0.0000000270 0.0001525925 -0.0000610370 0.0000000007
104 0.0000000346 0.0000000270 0.0089955232 105 0.0000000343 0.0001779377 -0.0000516010 0.0000000037 0.0000000000 -0.0000610370 0.0000000318
105 0.0000000343 0.0000000037 0.0088680919 106 0.0000000340 0.0001777954 -0.0000492026 0.0000000186 0.0000610370 0.0001220740 0.0000000430
106 0.0000000340 0.0000000186 0.0088252755 107 0.0000000338 0.0001776609 -0.0000468260 0.0000000019 -0.0000305185 0.0000305185 0.0000000493
107 0.0000000338 0.0000000019 0.0087130992 108 0.0000000335 0.0001775339 -0.0000444699 0.0000000373 0.0001831111 -0.0000610370 0.0000000003
108 0.0000000335 0.0000000373 0.0087035181 109 0.0000000333 0.0001774143 -0.0000421331 0.0000000121 0.0000915555 -0.0000610370 0.0000000077
109 0.0000000333 0.0000000121 0.0086206700 110 0.0000000330 0.0001773018 -0.0000398145 0.0000000037 0.0000610370 0.0000000000 0.0000000151
110 0.0000000330 0.0000000037 0.0085655026 111 0.0000000328 0.0001771963 -0.0000375128 0.0000000037 0.0000610370 0.0000000000 0.0000000149
111 0.0000000328 0.0000000037 0.0085041768 112 0.0000000326 0.0001770977 -0.0000352269 0.0000000242 0.0001525925 -0.0000305185 0.0000000006
112 0.0000000326 0.0000000242 0.0084669561 113 0.0000000324 0.0001770057 -0.0000329559 0.0000000019 0.0000305185 0.0000305185 0.0000000255
113 0.0000000324 0.0000000019 0.0084015202 114 0.0000000322 0.0001769203 -0.0000306986 0.0000000158 0.0001220740 -0.0000305185 0.0000000030
114 0.0000000322 0.0000000158 0.0083585752 115 0.0000000321 0.0001768413 -0.0000284540 0.0000000270 0.0001525925 0.0000610370 0.0000000086
115 0.0000000321 0.0000000270 0.0083218537 116 0.0000000319 0.0001767686 -0.0000262211 0.0000000233 0.0001525925 0.0000000000 0.0000000013
116 0.0000000319 0.0000000233 0.0082722075 117 0.0000000318 0.0001767020 -0.0000239990 0.0000000093 0.0000915555 0.0000305185 0.0000000102
117 0.0000000318 0.0000000093 0.0082481117 118 0.0000000317 0.0001766416 -0.0000217867 0.0000000093 0.0000915555 0.0000305185 0.0000000100
118 0.0000000317 0.0000000093 0.0082232392 119 0.0000000316 0.0001765872 -0.0000195832 0.0000000186 0.0001220740 0.0000610370 0.0000000095
119 0.0000000316 0.0000000186 0.0081780785 120 0.0000000315 0.0001765387 -0.0000173875 0.0000000233 0.0001525925 0.0000000000 0.0000000009
120 0.0000000315 0.0000000233 0.0081622339 121 0.0000000314 0.0001764961 -0.0000151989 0.0000000466 0.0002136296 -0.0000305185 0.0000000016
121 0.0000000314 0.0000000466 0.0081334310 122 0.0000000313 0.0001764593 -0.0000130164 0.0000000233 0.0001525925 0.0000000000 0.0000000007
122 0.0000000313 0.0000000233 0.0081272215 123 0.0000000312 0.0001764282 -0.0000108391 0.0000000047 0.0000610370 -0.0000305185 0.0000000137
123 0.0000000312 0.0000000047 0.0080970858 124 0.0000000312 0.0001764029 -0.0000086661 0.0000000149 0.0001220740 0.0000000000 0.0000000030
124 0.0000000312 0.0000000149 0.0080859549 125 0.0000000312 0.0001763832 -0.0000064966 0.0000000047 -0.0000305185 0.0000610370 0.0000000474
125 0.0000000312 0.0000000047 0.0080722915 126 0.0000000311 0.0001763692 -0.0000043296 0.0000000158 0.0001220740 -0.0000305185 0.0000000036
126 0.0000000311 0.0000000158 0.0080665281 127 0.0000000311 0.0001763607 -0.0000021644 0.0000000084 0.0000915555 0.0000000000 0.0000000072
127 0.0000000311 0.0000000084 0.0080570895 128 0.0000000311 0.0001763579 0.0000000000 0.0000000456 -0.0002136296 0.0000000000 0.0000001521
128 0.0000000311 0.0000000456 0.0080669091 129 0.0000000311 0.0001763607 0.0000021644 0.0000000047 0.0000610370 0.0000305185 0.0000000141
129 0.0000000311 0.0000000047 0.0080680500 130 0.0000000311 0.0001763692 0.0000043296 0.0000000373 0.0001831111 0.0000610370 0.0000000033
130 0.0000000311 0.0000000373 0.0080825721 131 0.0000000312 0.0001763832 0.0000064966 0.0000000149 0.0001220740 0.0000000000 0.0000000030
131 0.0000000312 0.0000000149 0.0080836618 132 0.0000000312 0.0001764029 0.0000086661 0.0000000149 0.0001220740 0.0000000000 0.0000000030
132 0.0000000312 0.0000000149 0.0080862222 133 0.0000000312 0.0001764282 0.0000108391 0.0000000233 0.0001525925 0.0000000000 0.0000000007
133 0.0000000312 0.0000000233 0.0080960883 134 0.0000000313 0.0001764593 0.0000130164 0.0000000270 0.0001525925 -0.0000610370 0.0000000061
134 0.0000000313 0.0000000270 0.0081040814 135 0.0000000314 0.0001764961 0.0000151989 0.0000000345 0.0001831111 0.0000305185 0.0000000003
135 0.0000000314 0.0000000345 0.0081334310 136 0.0000000315 0.0001765387 0.0000173875 0.0000000345 0.0001831111 0.0000305185 0.0000000002
136 0.0000000315 0.0000000345 0.0081611535 137 0.0000000316 0.0001765872 0.0000195832 0.0000000158 0.0001220740 0.0000305185 0.0000000031
137 0.0000000316 0.0000000158 0.0081927198 138 0.0000000317 0.0001766416 0.0000217867 0.0000000373 0.0001831111 0.0000610370 0.0000000016
138 0.0000000317 0.0000000373 0.0082355893 139 0.0000000318 0.0001767020 0.0000239990 0.0000000093 0.0000915555 0.0000305185 0.0000000073
139 0.0000000318 0.0000000093 0.0082261535 140 0.0000000319 0.0001767686 0.0000262211 0.0000000233 0.0001525925 0.0000000000 0.0000000013
140 0.0000000319 0.0000000233 0.0082831940 141 0.0000000321 0.0001768413 0.0000284540 0.0000000270 0.0001525925 0.0000610370 0.0000000016
141 0.0000000321 0.0000000270 0.0083192021 142 0.0000000322 0.0001769203 0.0000306986 0.0000000149 0.0001220740 0.0000000000 0.0000000040
142 0.0000000322 0.0000000149 0.0083604789 143 0.0000000324 0.0001770057 0.0000329559 0.0000000373 0.0001831111 0.0000610370 0.0000000008
143 0.0000000324 0.0000000373 0.0084070218 144 0.0000000326 0.0001770977 0.0000352269 0.0000000149 0.0001220740 0.0000000000 0.0000000043
144 0.0000000326 0.0000000149 0.0084592582 145 0.0000000328 0.0001771963 0.0000375128 0.0000000149 0.0001220740 0.0000000000 0.0000000044
145 0.0000000328 0.0000000149 0.0085096859 146 0.0000000330 0.0001773018 0.0000398145 0.0000000158 0.0001220740 -0.0000305185 0.0000000080
146 0.0000000330 0.0000000158 0.0085790076 147 0.0000000333 0.0001774143 0.0000421331 0.0000000233 0.0001525925 0.0000000000 0.0000000024
147 0.0000000333 0.0000000233 0.0086261847 148 0.0000000335 0.0001775339 0.0000444699 0.0000000149 0.0001220740 0.0000000000 0.0000000051
148 0.0000000335 0.0000000149 0.0086814286 149 0.0000000338 0.0001776609 0.0000468260 0.0000000121 0.0000610370 0.0000915555 0.0000000156
149 0.0000000338 0.0000000121 0.0087424237 150 0.0000000340 0.0001777954 0.0000492026 0.0000000270 0.0001525925 0.0000610370 0.0000000008
150 0.0000000340 0.0000000270 0.0088393914 151 0.0000000343 0.0001779377 0.0000516010 0.0000000158 0.0001220740 0.0000305185 0.0000000036
151 0.0000000343 0.0000000158 0.0088989215 152 0.0000000346 0.0001780880 0.0000540224 0.0000000093 0.0000915555 0.0000305185 0.0000000080
152 0.0000000346 0.0000000093 0.0090010640 153 0.0000000350 0.0001782465 0.0000564682 0.0000000009 0.0000305185 0.0000000000 0.0000000250
153 0.0000000350 0.0000000009 0.0090694943 154 0.0000000353 0.0001784136 0.0000589399 0.0000000931 0.0003051851 0.0000000000 0.0000000195
154 0.0000000353 0.0000000931 0.0091932225 155 0.0000000357 0.0001785894 0.0000614388 0.0000000009 0.0000000000 -0.0000305185 0.0000000404
155 0.0000000357 0.0000000009 0.0092572045 156 0.0000000361 0.0001787742 0.0000639664 0.0000000075 0.0000610370 0.0000610370 0.0000000139
156 0.0000000361 0.0000000075 0.0093687055 157 0.0000000365 0.0001789685 0.0000665245 0.0000000466 0.0002136296 0.0000305185 0.0000000025
157 0.0000000365 0.0000000466 0.0094845393 158 0.0000000369 0.0001791726 0.0000691145 0.0000000345 0.0000305185 0.0001831111 0.0000000351
158 0.0000000369 0.0000000345 0.0095768316 159 0.0000000373 0.0001793867 0.0000717382 0.0000000568 0.0001831111 0.0001525925 0.0000000066
159 0.0000000373 0.0000000568 0.0097213845 160 0.0000000378 0.0001796113 0.0000743974 0.0000000270 0.0001525925 0.0000610370 0.0000000009
160 0.0000000378 0.0000000270 0.0098405312 161 0.0000000383 0.0001798469 0.0000770941 0.0000000168 0.0000915555 0.0000915555 0.0000000080
161 0.0000000383 0.0000000168 0.0099690848 162 0.0000000388 0.0001800938 0.0000798301 0.0000000382 0.0001525925 0.0001220740 0.0000000025
162 0.0000000388 0.0000000382 0.0101089035 163 0.0000000394 0.0001803525 0.0000826075 0.0000000689 0.0002136296 0.0001525925 0.0000000060
163 0.0000000394 0.0000000689 0.0102694435 164 0.0000000399 0.0001806236 0.0000854286 0.0000000568 0.0001831111 0.0001525925 0.0000000045
164 0.0000000399 0.0000000568 0.0104243124 165 0.0000000405 0.0001809075 0.0000882956 0.0000000373 0.0001831111 0.0000610370 0.0000000007
165 0.0000000405 0.0000000373 0.0105627973 166 0.0000000412 0.0001812050 0.0000912109 0.0000000168 0.0000915555 0.0000915555 0.0000000080
166 0.0000000412 0.0000000168 0.0107367631 167 0.0000000418 0.0001815165 0.0000941771 0.0000000186 0.0000610370 0.0001220740 0.0000000153
167 0.0000000418 0.0000000186 0.0109379783 168 0.0000000425 0.0001818427 0.0000971970 0.0000000419 0.0001831111 0.0000915555 0.0000000000
168 0.0000000425 0.0000000419 0.0111330586 169 0.0000000432 0.0001821845 0.0001002733 0.0000000317 0.0001525925 0.0000915555 0.0000000010
169 0.0000000432 0.0000000317 0.0113464078 170 0.0000000440 0.0001825424 0.0001034090 0.0000000671 0.0001831111 0.0001831111 0.0000000064
170 0.0000000440 0.0000000671 0.0115458338 171 0.0000000448 0.0001829175 0.0001066075 0.0000000540 0.0000915555 0.0002136296 0.0000000198
171 0.0000000448 0.0000000540 0.0117929073 172 0.0000000457 0.0001833104 0.0001098720 0.0000000484 0.0001831111 0.0001220740 0.0000000001
172 0.0000000457 0.0000000484 0.0120575411 173 0.0000000466 0.0001837222 0.0001132063 0.0000000317 0.0000915555 0.0001525925 0.0000000100
173 0.0000000466 0.0000000317 0.0123332192 174 0.0000000475 0.0001841540 0.0001166142 0.0000000075 0.0000610370 0.0000610370 0.0000000182
174 0.0000000475 0.0000000075 0.0126324500 175 0.0000000485 0.0001846067 0.0001200998 0.0000000075 0.0000610370 0.0000610370 0.0000000188
175 0.0000000485 0.0000000075 0.0129738173 176 0.0000000495 0.0001850816 0.0001236676 0.0000000298 0.0001220740 0.0001220740 0.0000000040
176 0.0000000495 0.0000000298 0.0134136389 177 0.0000000507 0.0001855800 0.0001273222 0.0000000317 0.0000915555 0.0001525925 0.0000000095
177 0.0000000507 0.0000000317 0.0140027727 178 0.0000000518 0.0001861033 0.0001310687 0.0000000233 0.0000915555 0.0001220740 0.0000000090
178 0.0000000518 0.0000000233 0.0151380394 179 0.0000000530 0.0001866528 0.0001349125 0.0000000121 0.0000610370 0.0000915555 0.0000000177
179 0.0000000530 0.0000000121 0.0262020017 180 0.0000000543 0.0001872304 0.0001388595 0.0000000466 0.0001525925 0.0001525925 0.0000000014
180 0.0000000543 0.0000000466 0.0114632037 181 0.0000000557 0.0001878376 0.0001429159 0.0000000484 0.0001220740 0.0001831111 0.0000000059
181 0.0000000557 0.0000000484 0.0131836990 182 0.0000000572 0.0001884765 0.0001470885 0.0000000317 0.0000915555 0.0001525925 0.0000000094
182 0.0000000572 0.0000000317 0.0139544155 183 0.0000000587 0.0001891491 0.0001513847 0.0000000233 0.0001220740 0.0000915555 0.0000000081
183 0.0000000587 0.0000000233 0.0145406545 184 0.0000000603 0.0001898577 0.0001558122 0.0000000382 0.0001525925 0.0001220740 0.0000000025
184 0.0000000603 0.0000000382 0.0150837046 185 0.0000000621 0.0001906047 0.0001603798 0.0000000466 0.0001525925 0.0001525925 0.0000000015
185 0.0000000621 0.0000000466 0.0155825226 186 0.0000000639 0.0001913929 0.0001650967 0.0000000317 0.0000915555 0.0001525925 0.0000000101
186 0.0000000639 0.0000000317 0.0161256658 187 0.0000000658 0.0001922252 0.0001699731 0.0000000689 0.0001525925 0.0002136296 0.0000000035
187 0.0000000658 0.0000000689 0.0166266371 188 0.0000000679 0.0001931048 0.0001750200 0.0000000689 0.0001525925 0.0002136296 0.0000000031
188 0.0000000679 0.0000000689 0.0172276478 189 0.0000000701 0.0001940354 0.0001802497 0.0000000419 0.0000915555 0.0001831111 0.0000000105
189 0.0000000701 0.0000000419 0.0178211070 190 0.0000000725 0.0001950208 0.0001856753 0.0000000838 0.0000915555 0.0002746666 0.0000000186
190 0.0000000725 0.0000000838 0.0184582357 191 0.0000000750 0.0001960655 0.0001913114 0.0000000186 0.0000610370 0.0001220740 0.0000000230
191 0.0000000750 0.0000000186 0.0191490808 192 0.0000000778 0.0001971742 0.0001971742 0.0000000671 0.0001831111 0.0001831111 0.0000000004
192 0.0000000778 0.0000000671 0.0198331082 193 0.0000000807 0.0001983522 0.0002032812 0.0000000671 0.0001831111 0.0001831111 0.0000000006
193 0.0000000807 0.0000000671 0.0206093328 194 0.0000000838 0.0001996056 0.0002096523 0.0000000419 0.0000915555 0.0001831111 0.0000000124
194 0.0000000838 0.0000000419 0.0214198434 195 0.0000000872 0.0002009409 0.0002163091 0.0000000689 0.0001525925 0.0002136296 0.0000000023
195 0.0000000872 0.0000000689 0.0222791918 196 0.0000000908 0.0002023655 0.0002232759 0.0000000671 0.0001831111 0.0001831111 0.0000000020
196 0.0000000908 0.0000000671 0.0232286121 197 0.0000000947 0.0002038878 0.0002305799 0.0000000680 0.0000915555 0.0002441481 0.0000000128
197 0.0000000947 0.0000000680 0.0242449258 198 0.0000000990 0.0002055171 0.0002382514 0.0000000689 0.0001525925 0.0002136296 0.0000000034
198 0.0000000990 0.0000000689 0.0253513468 199 0.0000001036 0.0002072640 0.0002463248 0.0000001090 0.0001831111 0.0002746666 0.0000000014
199 0.0000001036 0.0000001090 0.0265457031 200 0.0000001087 0.0002091406 0.0002548385 0.0000000931 0.0001831111 0.0002441481 0.0000000008
200 0.0000001087 0.0000000931 0.0278575072 201 0.0000001142 0.0002111604 0.0002638365 0.0000001164 0.0001525925 0.0003051851 0.0000000051
201 0.0000001142 0.0000001164 0.0292871327 202 0.0000001202 0.0002133390 0.0002733687 0.0000000838 0.0000915555 0.0002746666 0.0000000148
202 0.0000001202 0.0000000838 0.0308688944 203 0.0000001269 0.0002156944 0.0002834920 0.0000001360 0.0001525925 0.0003357036 0.0000000067
203 0.0000001269 0.0000001360 0.0325703355 204 0.0000001342 0.0002182471 0.0002942722 0.0000001211 0.0002136296 0.0002746666 0.0000000004
204 0.0000001342 0.0000001211 0.0344443753 205 0.0000001424 0.0002210212 0.0003057851 0.0000000903 0.0001220740 0.0002746666 0.0000000108
205 0.0000001424 0.0000000903 0.0365029622 206 0.0000001514 0.0002240445 0.0003181188 0.0000001686 0.0003051851 0.0002746666 0.0000000085
206 0.0000001514 0.0000001686 0.0389044803 207 0.0000001615 0.0002273498 0.0003313765 0.0000001490 0.0001220740 0.0003662221 0.0000000123
207 0.0000001615 0.0000001490 0.0414188536 208 0.0000001728 0.0002309756 0.0003456794 0.0000001462 0.0001831111 0.0003357036 0.0000000024
208 0.0000001728 0.0000001462 0.0443847233 209 0.0000001857 0.0002349678 0.0003611714 0.0000001360 0.0001525925 0.0003357036 0.0000000074
209 0.0000001857 0.0000001360 0.0476808564 210 0.0000002002 0.0002393813 0.0003780244 0.0000001462 0.0001831111 0.0003357036 0.0000000050
210 0.0000002002 0.0000001462 0.0514219887 211 0.0000002168 0.0002442824 0.0003964453 0.0000001360 0.0001525925 0.0003357036 0.0000000121
211 0.0000002168 0.0000001360 0.0557410261 212 0.0000002360 0.0002497520 0.0004166861 0.0000001360 0.0001525925 0.0003357036 0.0000000160
212 0.0000002360 0.0000001360 0.0606179066 213 0.0000002582 0.0002558895 0.0004390561 0.0000001583 0.0002136296 0.0003357036 0.0000000125
213 0.0000002582 0.0000001583 0.0663611088 214 0.0000002843 0.0002628188 0.0004639400 0.0000002328 0.0001525925 0.0004577776 0.0000000122
214 0.0000002843 0.0000002328 0.0730533605 215 0.0000003152 0.0002706958 0.0004918219 0.0000003958 0.0002441481 0.0005798517 0.0000000085
215 0.0000003152 0.0000003958 0.0809924266 216 0.0000003521 0.0002797203 0.0005233200 0.0000003623 0.0003051851 0.0005188147 0.0000000007
216 0.0000003521 0.0000003623 0.0905365332 217 0.0000003969 0.0002901516 0.0005592365 0.0000003148 0.0002136296 0.0005188147 0.0000000075
217 0.0000003969 0.0000003148 0.1020373479 218 0.0000004522 0.0003023328 0.0006006321 0.0000003474 0.0002136296 0.0005493332 0.0000000105
218 0.0000004522 0.0000003474 0.1162276594 219 0.0000005214 0.0003167277 0.0006489388 0.0000006492 0.0003357036 0.0007324442 0.0000000073
219 0.0000005214 0.0000006492 0.1340633955 220 0.0000006102 0.0003339786 0.0007061384 0.0000004703 0.0002441481 0.0006408887 0.0000000123
220 0.0000006102 0.0000004703 0.1568630412 221 0.0000007267 0.0003550016 0.0007750556 0.0000004480 0.0002746666 0.0006103702 0.0000000336
221 0.0000007267 0.0000004480 0.1869579594 222 0.0000008846 0.0003811491 0.0008598587 0.0000006892 0.0002441481 0.0007934812 0.0000000232
222 0.0000008846 0.0000006892 0.2275344315 223 0.0000011068 0.0004145055 0.0009669680 0.0000011270 0.0003357036 0.0010071108 0.0000000078
223 0.0000011068 0.0000011270 0.2847128572 224 0.0000014352 0.0004584577 0.0011068148 0.0000013896 0.0004272591 0.0010986663 0.0000000010
224 0.0000014352 0.0000013896 0.3692565264 225 0.0000019529 0.0005189028 0.0012975549 0.0000017231 0.0003967406 0.0012512589 0.0000000171
225 0.0000019529 0.0000017231 0.5024955040 226 0.0000028456 0.0006070997 0.0015738467 0.0000028202 0.0005493332 0.0015869625 0.0000000035
226 0.0000028456 0.0000028202 0.7322073776 227 0.0000046034 0.0007475538 0.0020111188 0.0000047631 0.0007629627 0.0020447401 0.0000000014
227 0.0000046034 0.0000047631 1.1846016151 228 0.0000089102 0.0010056159 0.0028105081 0.0000086078 0.0009460738 0.0027771844 0.0000000047
228 0.0000089102 0.0000086078 2.2929344154 229 0.0000252096 0.0016333561 0.0047478163 0.0000242252 0.0015564440 0.0046693319 0.0000000121
229 0.0000252096 0.0000242252 6.4874671597 230 0.0002967439 0.0054035622 0.0163568163 0.0002954345 0.0053712577 0.0163274026 0.0000000019
230 0.0002967439 0.0002954345 76.3702049510 231 0.0001264637 -0.0033962401 -0.0107205047 0.0001232122 -0.0033265175 -0.0105899228 0.0000000219
231 0.0001264637 0.0001232122 32.5487109663 232 0.0000170133 -0.0011973439 -0.0039471138 0.0000172305 -0.0012207404 -0.0039674062 0.0000000010
232 0.0000170133 0.0000172305 4.3791224163 233 0.0000061480 -0.0006905943 -0.0023814040 0.0000058304 -0.0006714072 -0.0023194067 0.0000000042
233 0.0000061480 0.0000058304 1.5824875136 234 0.0000030514 -0.0004659000 -0.0016835463 0.0000030559 -0.0004882962 -0.0016785180 0.0000000005
234 0.0000030514 0.0000030559 0.7853835543 235 0.0000017727 -0.0003393379 -0.0012874696 0.0000018348 -0.0003357036 -0.0013122959 0.0000000006
235 0.0000017727 0.0000018348 0.4563229625 236 0.0000011306 -0.0002583607 -0.0010314336 0.0000011270 -0.0003357036 -0.0010071108 0.0000000066
236 0.0000011306 0.0000011270 0.2910809442 237 0.0000007663 -0.0002022695 -0.0008517166 0.0000007637 -0.0001831111 -0.0008545183 0.0000000004
237 0.0000007663 0.0000007637 0.1973131186 238 0.0000005417 -0.0001612614 -0.0007181296 0.0000006119 -0.0002746666 -0.0007324442 0.0000000131
238 0.0000005417 0.0000006119 0.1394408487 239 0.0000003946 -0.0001300947 -0.0006145193 0.0000003474 -0.0002136296 -0.0005493332 0.0000000112
239 0.0000003946 0.0000003474 0.1015665086 240 0.0000002936 -0.0001057136 -0.0005314580 0.0000002841 -0.0001220740 -0.0005188147 0.0000000004
240 0.0000002936 0.0000002841 0.0755991148 241 0.0000002219 -0.0000862169 -0.0004630699 0.0000002422 -0.0000610370 -0.0004882962 0.0000000013
241 0.0000002219 0.0000002422 0.0571457390 242 0.0000001694 -0.0000703609 -0.0004055001 0.0000001909 -0.0000915555 -0.0004272591 0.0000000009
242 0.0000001694 0.0000001909 0.0436125911 243 0.0000001301 -0.0000572988 -0.0003561115 0.0000000969 -0.0000610370 -0.0003051851 0.0000000026
243 0.0000001301 0.0000000969 0.0334745820 244 0.0000001001 -0.0000464346 -0.0003130366 0.0000001490 -0.0001220740 -0.0003662221 0.0000000086
244 0.0000001001 0.0000001490 0.0257894808 245 0.0000000770 -0.0000373377 -0.0002749130 0.0000000494 -0.0000610370 -0.0002136296 0.0000000043
245 0.0000000770 0.0000000494 0.0197985643 246 0.0000000588 -0.0000296901 -0.0002407211 0.0000001136 -0.0000305185 -0.0003357036 0.0000000090
246 0.0000000588 0.0000001136 0.0151321298 247 0.0000000445 -0.0000232530 -0.0002096793 0.0000000792 -0.0000610370 -0.0002746666 0.0000000057
247 0.0000000445 0.0000000792 0.0114520262 248 0.0000000331 -0.0000178443 -0.0001811759 0.0000000242 -0.0000305185 -0.0001525925 0.0000000010
248 0.0000000331 0.0000000242 0.0085373758 249 0.0000000241 -0.0000133238 -0.0001547218 0.0000000242 -0.0000305185 -0.0001525925 0.0000000003
249 0.0000000241 0.0000000242 0.0062131893 250 0.0000000170 -0.0000095834 -0.0001299184 0.0000000242 -0.0000305185 -0.0001525925 0.0000000010
250 0.0000000170 0.0000000242 0.0043649674 251 0.0000000114 -0.0000065389 -0.0001064338 0.0000000382 -0.0001220740 -0.0001525925 0.0000000155
251 0.0000000114 0.0000000382 0.0029260980 252 0.0000000071 -0.0000041260 -0.0000839857 0.0000000047 -0.0000305185 -0.0000610370 0.0000000012
252 0.0000000071 0.0000000047 0.0018170514 253 0.0000000039 -0.0000022957 -0.0000623286 0.0000000084 -0.0000915555 0.0000000000 0.0000000119
253 0.0000000039 0.0000000084 0.0009935071 254 0.0000000017 -0.0000010125 -0.0000412436 0.0000000093 -0.0000915555 -0.0000305185 0.0000000083
254 0.0000000017 0.0000000093 0.0004361240 255 0.0000000004 -0.0000002520 -0.0000205303 0.0000000047 -0.0000305185 0.0000610370 0.0000000076
255 0.0000000004 0.0000000047 0.0001070807 