#int double real img int16 real16 img16 error
0 0.0004071321 0.0201775140 0.0000000000 0.0004069392 0.0201727348 0.0000000000 0.0000000000
0 0.0004071321 0.0004069392 0.0004069392 1 0.0004459451 0.0204384621 0.0053117213 0.0004444030 0.0204168828 0.0052491836 0.0000000044
1 0.0004459451 0.0004444030 0.0004444030 2 0.0005852481 0.0213060846 0.0114585696 0.0005814527 0.0212408826 0.0114139225 0.0000000062
2 0.0005852481 0.0005814527 0.0005827501 3 0.0009262382 0.0231142952 0.0197981708 0.0009236099 0.0231025117 0.0197454756 0.0000000029
3 0.0009262382 0.0009236099 0.0009236099 4 0.0018514340 0.0268634267 0.0336123528 0.0018465910 0.0268257698 0.0335703604 0.0000000032
4 0.0018514340 0.0018465910 0.0018465910 5 0.0055889618 0.0365176772 0.0652335883 0.0055816749 0.0365001373 0.0651875362 0.0000000024
5 0.0055889618 0.0055816749 0.0055816749 6 0.0715164434 0.0959041903 0.2496373964 0.0714487763 0.0958586383 0.2495193335 0.0000000160
6 0.0715164434 0.0714487763 0.0714487763 7 0.0334813989 -0.0434232184 -0.1777521392 0.0334774134 -0.0434278390 -0.1777397992 0.0000000002
7 0.0334813989 0.0334774134 0.0334774134 8 0.0049779113 -0.0088178970 -0.0700011144 0.0049791143 -0.0088198492 -0.0700094607 0.0000000001
8 0.0049779113 0.0049791143 0.0049791143 9 0.0019954190 -0.0009451463 -0.0446601130 0.0019971755 -0.0009765923 -0.0446790979 0.0000000013
9 0.0019954190 0.0019971755 0.0019971755 10 0.0011016375 0.0024864459 -0.0330976606 0.0011025539 0.0024719993 -0.0331125828 0.0000000004
10 0.0011016375 0.0011025539 0.0011025539 11 0.0007137094 0.0043818094 -0.0263535411 0.0007143168 0.0043641469 -0.0263679922 0.0000000005
11 0.0007137094 0.0007143168 0.0007140513 12 0.0005089945 0.0055693353 -0.0218626844 0.0005096629 0.0055543687 -0.0218817713 0.0000000006
12 0.0005089945 0.0005096629 0.0005096629 13 0.0003870169 0.0063743535 -0.0186114075 0.0003879987 0.0063478500 -0.0186468093 0.0000000020
13 0.0003870169 0.0003879987 0.0003879987 14 0.0003080774 0.0069503022 -0.0161174043 0.0003086312 0.0069277017 -0.0161442915 0.0000000012
14 0.0003080774 0.0003086312 0.0003086312 15 0.0002538552 0.0073787970 -0.0141212081 0.0002537543 0.0073549608 -0.0141300699 0.0000000006
15 0.0002538552 0.0002537543 0.0002546177 16 0.0002149104 0.0077071245 -0.0124703895 0.0002149484 0.0076906644 -0.0124820704 0.0000000004
16 0.0002149104 0.0002149484 0.0002149484 17 0.0001859612 0.0079644917 -0.0110692382 0.0001856882 0.0079348125 -0.0110782189 0.0000000010
17 0.0001859612 0.0001856882 0.0001856882 18 0.0001638563 0.0081698574 -0.0098544291 0.0001635670 0.0081484420 -0.0098574786 0.0000000005
18 0.0001638563 0.0001635670 0.0001635670 19 0.0001466172 0.0083360251 -0.0087822467 0.0001461595 0.0083010346 -0.0087893307 0.0000000013
19 0.0001466172 0.0001461595 0.0001466671 20 0.0001329482 0.0084719235 -0.0078214255 0.0001329805 0.0084536271 -0.0078432569 0.0000000008
20 0.0001329482 0.0001329805 0.0001324654 21 0.0001219716 0.0085839456 -0.0069489175 0.0001214370 0.0085451827 -0.0069582202 0.0000000016
21 0.0001219716 0.0001214370 0.0001214370 22 0.0001130753 0.0086767688 -0.0061472764 0.0001125973 0.0086367382 -0.0061647389 0.0000000019
22 0.0001130753 0.0001125973 0.0001125973 23 0.0001058225 0.0087538759 -0.0054029784 0.0001053623 0.0087282937 -0.0054017762 0.0000000007
23 0.0001058225 0.0001053623 0.0001053623 24 0.0000998952 0.0088178970 -0.0047053074 0.0000993409 0.0087893307 -0.0046998505 0.0000000008
24 0.0000998952 0.0000993409 0.0000993409 25 0.0000950586 0.0088708381 -0.0040455933 0.0000942649 0.0088198492 -0.0040589618 0.0000000028
25 0.0000950586 0.0000942649 0.0000948042 26 0.0000911373 0.0089142390 -0.0034166771 0.0000913059 0.0089114048 -0.0034485916 0.0000000010
26 0.0000911373 0.0000913059 0.0000905534 27 0.0000880000 0.0089492824 -0.0028125256 0.0000872963 0.0089114048 -0.0028077029 0.0000000015
27 0.0000880000 0.0000872963 0.0000874686 28 0.0000855480 0.0089768723 -0.0022279462 0.0000849213 0.0089419233 -0.0022278512 0.0000000012
28 0.0000855480 0.0000849213 0.0000849213 29 0.0000837086 0.0089976881 -0.0016583705 0.0000832206 0.0089724418 -0.0016479995 0.0000000007
29 0.0000837086 0.0000832206 0.0000833221 30 0.0000824295 0.0090122240 -0.0010996851 0.0000817118 0.0089724418 -0.0010986663 0.0000000016
30 0.0000824295 0.0000817118 0.0000817118 31 0.0000816755 0.0090208159 -0.0005480934 0.0000813551 0.0090029603 -0.0005493332 0.0000000003
31 0.0000816755 0.0000813551 0.0000813551 32 0.0000814264 0.0090236586 0.0000000000 0.0000799580 0.0089419233 0.0000000000 0.0000000067
32 0.0000814264 0.0000799580 0.0000799580 33 0.0000816755 0.0090208159 0.0005480934 0.0000813225 0.0090029603 0.0005188147 0.0000000012
33 0.0000816755 0.0000813225 0.0000813225 34 0.0000824295 0.0090122240 0.0010996851 0.0000822604 0.0090029603 0.0010986663 0.0000000001
34 0.0000824295 0.0000822604 0.0000822604 35 0.0000837086 0.0089976881 0.0016583705 0.0000832206 0.0089724418 0.0016479995 0.0000000007
35 0.0000837086 0.0000832206 0.0000832206 36 0.0000855480 0.0089768723 0.0022279462 0.0000847863 0.0089419233 0.0021973327 0.0000000022
36 0.0000855480 0.0000847863 0.0000847863 37 0.0000880000 0.0089492824 0.0028125256 0.0000871259 0.0089114048 0.0027771844 0.0000000027
37 0.0000880000 0.0000871259 0.0000872963 38 0.0000911373 0.0089142390 0.0034166771 0.0000903457 0.0088808863 0.0033875546 0.0000000020
38 0.0000911373 0.0000903457 0.0000905534 39 0.0000950586 0.0088708381 0.0040455933 0.0000945574 0.0088503677 0.0040284433 0.0000000007
39 0.0000950586 0.0000945574 0.0000945574 40 0.0000998952 0.0088178970 0.0047053074 0.0000993409 0.0087893307 0.0046998505 0.0000000008
40 0.0000998952 0.0000993409 0.0000993409 41 0.0001058225 0.0087538759 0.0054029784 0.0001050335 0.0087282937 0.0053712577 0.0000000017
41 0.0001058225 0.0001050335 0.0001053623 42 0.0001130753 0.0086767688 0.0061472764 0.0001122219 0.0086367382 0.0061342204 0.0000000018
42 0.0001130753 0.0001122219 0.0001122219 43 0.0001219716 0.0085839456 0.0069489175 0.0001214370 0.0085451827 0.0069582202 0.0000000016
43 0.0001219716 0.0001214370 0.0001214370 44 0.0001329482 0.0084719235 0.0078214255 0.0001325027 0.0084536271 0.0078127384 0.0000000004
44 0.0001329482 0.0001325027 0.0001325027 45 0.0001466172 0.0083360251 0.0087822467 0.0001461316 0.0083315531 0.0087588122 0.0000000006
45 0.0001466172 0.0001461316 0.0001456240 46 0.0001638563 0.0081698574 0.0098544291 0.0001629663 0.0081484420 0.0098269601 0.0000000012
46 0.0001638563 0.0001629663 0.0001629663 47 0.0001859612 0.0079644917 0.0110692382 0.0001850129 0.0079348125 0.0110477004 0.0000000013
47 0.0001859612 0.0001850129 0.0001850129 48 0.0002149104 0.0077071245 0.0124703895 0.0002141875 0.0076906644 0.0124515519 0.0000000006
48 0.0002149104 0.0002141875 0.0002141875 49 0.0002538552 0.0073787970 0.0141212081 0.0002528928 0.0073549608 0.0140995514 0.0000000010
49 0.0002538552 0.0002528928 0.0002528928 50 0.0003080774 0.0069503022 0.0161174043 0.0003066641 0.0069277017 0.0160832545 0.0000000017
50 0.0003080774 0.0003066641 0.0003066641 51 0.0003870169 0.0063743535 0.0186114075 0.0003857261 0.0063478500 0.0185857723 0.0000000014
51 0.0003870169 0.0003857261 0.0003857261 52 0.0005089945 0.0055693353 0.0218626844 0.0005069955 0.0055543687 0.0218207343 0.0000000020
52 0.0005089945 0.0005069955 0.0005069955 53 0.0007137094 0.0043818094 0.0263535411 0.0007111017 0.0043641469 0.0263069552 0.0000000025
53 0.0007137094 0.0007111017 0.0007111017 54 0.0011016375 0.0024864459 0.0330976606 0.0011005338 0.0024719993 0.0330820643 0.0000000005
54 0.0011016375 0.0011005338 0.0011005338 55 0.0019954190 -0.0009451463 0.0446601130 0.0019916664 -0.0009460738 0.0446180609 0.0000000018
55 0.0019954190 0.0019916664 0.0019916664 56 0.0049779113 -0.0088178970 0.0700011144 0.0049705717 -0.0088198492 0.0699484237 0.0000000028
56 0.0049779113 0.0049705717 0.0049705717 57 0.0334813989 -0.0434232184 0.1777521392 0.0334557197 -0.0434278390 0.1776787622 0.0000000054
57 0.0334813989 0.0334557197 0.0334665656 58 0.0715164434 0.0959041903 -0.2496373964 0.0714792399 0.0958586383 -0.2495803705 0.0000000053
58 0.0715164434 0.0714792399 0.0714792399 59 0.0055889618 0.0365176772 -0.0652335883 0.0055834278 0.0364696188 -0.0652180548 0.0000000026
59 0.0055889618 0.0055834278 0.0055874094 60 0.0018514340 0.0268634267 -0.0336123528 0.0018506928 0.0268257698 -0.0336313974 0.0000000018
60 0.0018514340 0.0018506928 0.0018486410 61 0.0009262382 0.0231142952 -0.0197981708 0.0009246148 0.0230719932 -0.0198065126 0.0000000019
61 0.0009262382 0.0009246148 0.0009246148 62 0.0005852481 0.0213060846 -0.0114585696 0.0005834477 0.0212714011 -0.0114444411 0.0000000014
62 0.0005852481 0.0005834477 0.0005834477 63 0.0004459451 0.0204384621 -0.0053117213 0.0004450475 0.0204168828 -0.0053102206 0.0000000005
63 0.0004459451 0.0004450475 0.0004450475 