#int double real img int16 real16 img16 error
0 0.0000020405 0.0014284586 0.0000000000 0.0000019708 0.0014038514 0.0000000000 0.0000000006
0 0.0000020405 0.0000019708 0.0000019708 1 0.0000022350 0.0014469323 0.0003760411 0.0000021506 0.0014343699 0.0003051851 0.0000000052
1 0.0000022350 0.0000021506 0.0000021506 2 0.0000029332 0.0015083553 0.0008112046 0.0000027280 0.0014648885 0.0007629627 0.0000000042
2 0.0000029332 0.0000027280 0.0000027280 3 0.0000046422 0.0016363668 0.0014016032 0.0000044194 0.0016174810 0.0013428144 0.0000000038
3 0.0000046422 0.0000044194 0.0000044194 4 0.0000092792 0.0019017850 0.0023795723 0.0000091024 0.0018921476 0.0023499252 0.0000000010
4 0.0000092792 0.0000091024 0.0000091024 5 0.0000280112 0.0025852536 0.0046181844 0.0000275279 0.0025635548 0.0045777764 0.0000000021
5 0.0000280112 0.0000275279 0.0000275279 6 0.0003584313 0.0067894967 0.0176729742 0.0003534268 0.0067445906 0.0175481429 0.0000000176
6 0.0003584313 0.0003534268 0.0003544988 7 0.0001678045 -0.0030741284 -0.0125838878 0.0001668305 -0.0030823695 -0.0125431074 0.0000000017
7 0.0001678045 0.0001668305 0.0001668305 8 0.0000249487 -0.0006242593 -0.0049556994 0.0000248539 -0.0006408887 -0.0049439985 0.0000000004
8 0.0000249487 0.0000248539 0.0000248539 9 0.0000100008 -0.0000669112 -0.0031616939 0.0000100822 -0.0000915555 -0.0031739250 0.0000000008
9 0.0000100008 0.0000100822 0.0000100822 10 0.0000055213 0.0001760269 -0.0023431349 0.0000055454 0.0001525925 -0.0023499252 0.0000000006
10 0.0000055213 0.0000055454 0.0000055454 11 0.0000035770 0.0003102083 -0.0018656878 0.0000036734 0.0003051851 -0.0018921476 0.0000000007
11 0.0000035770 0.0000036734 0.0000036734 12 0.0000025510 0.0003942787 -0.0015477595 0.0000025566 0.0003662221 -0.0015564440 0.0000000009
12 0.0000025510 0.0000025566 0.0000025566 13 0.0000019397 0.0004512697 -0.0013175867 0.0000019857 0.0004272591 -0.0013428144 0.0000000012
13 0.0000019397 0.0000019857 0.0000019857 14 0.0000015440 0.0004920437 -0.0011410248 0.0000015833 0.0004882962 -0.0011597034 0.0000000004
14 0.0000015440 0.0000015833 0.0000015833 15 0.0000012723 0.0005223788 -0.0009997050 0.0000013151 0.0004882962 -0.0010376293 0.0000000026
15 0.0000012723 0.0000013151 0.0000013151 16 0.0000010771 0.0005456226 -0.0008828360 0.0000010525 0.0005188147 -0.0008850368 0.0000000007
16 0.0000010771 0.0000010525 0.0000010525 17 0.0000009320 0.0005638428 -0.0007836421 0.0000009314 0.0005493332 -0.0007934812 0.0000000003
17 0.0000009320 0.0000009314 0.0000009314 18 0.0000008212 0.0005783816 -0.0006976402 0.0000007945 0.0005493332 -0.0007019257 0.0000000009
18 0.0000008212 0.0000007945 0.0000007945 19 0.0000007348 0.0005901454 -0.0006217355 0.0000007451 0.0006103702 -0.0006103702 0.0000000005
19 0.0000007348 0.0000007451 0.0000007451 20 0.0000006663 0.0005997663 -0.0005537145 0.0000006380 0.0005493332 -0.0005798517 0.0000000032
20 0.0000006663 0.0000006380 0.0000006380 21 0.0000006113 0.0006076968 -0.0004919457 0.0000006054 0.0005798517 -0.0005188147 0.0000000015
21 0.0000006113 0.0000006054 0.0000006054 22 0.0000005667 0.0006142682 -0.0004351938 0.0000005458 0.0005798517 -0.0004577776 0.0000000017
22 0.0000005667 0.0000005458 0.0000005458 23 0.0000005304 0.0006197270 -0.0003825016 0.0000004936 0.0005798517 -0.0003967406 0.0000000018
23 0.0000005304 0.0000004936 0.0000004936 24 0.0000005007 0.0006242593 -0.0003331103 0.0000004852 0.0006103702 -0.0003357036 0.0000000002
24 0.0000005007 0.0000004852 0.0000004852 25 0.0000004764 0.0006280072 -0.0002864061 0.0000004294 0.0005798517 -0.0003051851 0.0000000027
25 0.0000004764 0.0000004294 0.0000004294 26 0.0000004568 0.0006310798 -0.0002418822 0.0000004480 0.0006103702 -0.0002746666 0.0000000015
26 0.0000004568 0.0000004480 0.0000004322 27 0.0000004410 0.0006335607 -0.0001991116 0.0000003819 0.0005798517 -0.0002136296 0.0000000031
27 0.0000004410 0.0000003819 0.0000003819 28 0.0000004288 0.0006355139 -0.0001577265 0.0000004061 0.0006103702 -0.0001831111 0.0000000013
28 0.0000004288 0.0000004061 0.0000004061 29 0.0000004195 0.0006369875 -0.0001174036 0.0000003875 0.0006103702 -0.0001220740 0.0000000007
29 0.0000004195 0.0000003875 0.0000003875 30 0.0000004131 0.0006380166 -0.0000778517 0.0000003809 0.0006103702 -0.0000915555 0.0000000010
30 0.0000004131 0.0000003809 0.0000003809 31 0.0000004093 0.0006386249 -0.0000388020 0.0000003735 0.0006103702 -0.0000305185 0.0000000009
31 0.0000004093 0.0000003735 0.0000003735 32 0.0000004081 0.0006388261 0.0000000000 0.0000002692 0.0005188147 0.0000000000 0.0000000144
32 0.0000004081 0.0000002692 0.0000002692 33 0.0000004093 0.0006386249 0.0000388020 0.0000003735 0.0006103702 0.0000305185 0.0000000009
33 0.0000004093 0.0000003735 0.0000003735 34 0.0000004131 0.0006380166 0.0000778517 0.0000003763 0.0006103702 0.0000610370 0.0000000010
34 0.0000004131 0.0000003763 0.0000003763 35 0.0000004195 0.0006369875 0.0001174036 0.0000003875 0.0006103702 0.0001220740 0.0000000007
35 0.0000004195 0.0000003875 0.0000003875 36 0.0000004288 0.0006355139 0.0001577265 0.0000003958 0.0006103702 0.0001525925 0.0000000007
36 0.0000004288 0.0000003958 0.0000003958 37 0.0000004410 0.0006335607 0.0001991116 0.0000004061 0.0006103702 0.0001831111 0.0000000008
37 0.0000004410 0.0000004061 0.0000004061 38 0.0000004568 0.0006310798 0.0002418822 0.0000004182 0.0006103702 0.0002136296 0.0000000012
38 0.0000004568 0.0000004182 0.0000004182 39 0.0000004764 0.0006280072 0.0002864061 0.0000004480 0.0006103702 0.0002746666 0.0000000004
39 0.0000004764 0.0000004480 0.0000004480 40 0.0000005007 0.0006242593 0.0003331103 0.0000004657 0.0006103702 0.0003051851 0.0000000010
40 0.0000005007 0.0000004657 0.0000004657 41 0.0000005304 0.0006197270 0.0003825016 0.0000004703 0.0005798517 0.0003662221 0.0000000019
41 0.0000005304 0.0000004703 0.0000004703 42 0.0000005667 0.0006142682 0.0004351938 0.0000005188 0.0005798517 0.0004272591 0.0000000012
42 0.0000005667 0.0000005188 0.0000005188 43 0.0000006113 0.0006076968 0.0004919457 0.0000005747 0.0005798517 0.0004882962 0.0000000008
43 0.0000006113 0.0000005747 0.0000005747 44 0.0000006663 0.0005997663 0.0005537145 0.0000006380 0.0005798517 0.0005493332 0.0000000004
44 0.0000006663 0.0000006380 0.0000006380 45 0.0000007348 0.0005901454 0.0006217355 0.0000006725 0.0005798517 0.0005798517 0.0000000019
45 0.0000007348 0.0000006725 0.0000006725 46 0.0000008212 0.0005783816 0.0006976402 0.0000007526 0.0005493332 0.0006714072 0.0000000015
46 0.0000008212 0.0000007526 0.0000007526 47 0.0000009320 0.0005638428 0.0007836421 0.0000009314 0.0005493332 0.0007934812 0.0000000003
47 0.0000009320 0.0000009314 0.0000009314 48 0.0000010771 0.0005456226 0.0008828360 0.0000009994 0.0005188147 0.0008545183 0.0000000015
48 0.0000010771 0.0000009994 0.0000009994 49 0.0000012723 0.0005223788 0.0009997050 0.0000011922 0.0004882962 0.0009765923 0.0000000017
49 0.0000012723 0.0000011922 0.0000011922 50 0.0000015440 0.0004920437 0.0011410248 0.0000014846 0.0004577776 0.0011291849 0.0000000013
50 0.0000015440 0.0000014846 0.0000014846 51 0.0000019397 0.0004512697 0.0013175867 0.0000019047 0.0004272591 0.0013122959 0.0000000006
51 0.0000019397 0.0000019047 0.0000019047 52 0.0000025510 0.0003942787 0.0015477595 0.0000024626 0.0003662221 0.0015259255 0.0000000013
52 0.0000025510 0.0000024626 0.0000024626 53 0.0000035770 0.0003102083 0.0018656878 0.0000034461 0.0003051851 0.0018311106 0.0000000012
53 0.0000035770 0.0000034461 0.0000034461 54 0.0000055213 0.0001760269 0.0023431349 0.0000054029 0.0001525925 0.0023194067 0.0000000011
54 0.0000055213 0.0000054029 0.0000054029 55 0.0000100008 -0.0000669112 0.0031616939 0.0000096985 -0.0000915555 0.0031128880 0.0000000030
55 0.0000100008 0.0000096985 0.0000098894 56 0.0000249487 -0.0006242593 0.0049556994 0.0000245530 -0.0006408887 0.0049134800 0.0000000021
56 0.0000249487 0.0000245530 0.0000245530 57 0.0001678045 -0.0030741284 0.0125838878 0.0001660659 -0.0030823695 0.0125125889 0.0000000052
57 0.0001678045 0.0001660659 0.0001660659 58 0.0003584313 0.0067894967 -0.0176729742 0.0003555727 0.0067445906 -0.0176091800 0.0000000061
58 0.0003584313 0.0003555727 0.0003555727 59 0.0000280112 0.0025852536 -0.0046181844 0.0000278082 0.0025635548 -0.0046082949 0.0000000006
59 0.0000280112 0.0000278082 0.0000278082 60 0.0000092792 0.0019017850 -0.0023795723 0.0000092467 0.0018921476 -0.0023804437 0.0000000001
60 0.0000092792 0.0000092467 0.0000092467 61 0.0000046422 0.0016363668 -0.0014016032 0.0000045870 0.0016174810 -0.0014038514 0.0000000004
61 0.0000046422 0.0000045870 0.0000045870 62 0.0000029332 0.0015083553 -0.0008112046 0.0000028249 0.0014648885 -0.0008239998 0.0000000021
62 0.0000029332 0.0000028249 0.0000028249 63 0.0000022350 0.0014469323 -0.0003760411 0.0000021915 0.0014343699 -0.0003662221 0.0000000003
63 0.0000022350 0.0000021915 0.0000021915 