#int double real img int16 real16 img16 error
0 0.0000000000 -0.0000000010 0.0000000000 0.0000000037 -0.0000610370 0.0000000000 0.0000000037
0 0.0000000000 0.0000000037 0.0000031332 1 53.0706907796 -0.0893977075 7.2844147898 0.0000238331 -0.0007629627 -0.0048219245 53.1408279947
1 53.0706907796 0.0000238331 38.5816031390 2 214.2762702218 -0.3592388851 14.6337697688 0.0000681993 -0.0005493332 -0.0082399976 214.5171081918
2 214.2762702218 0.0000681993 159.8173091815 3 489.7373295530 -0.8145442019 22.1150140695 0.0001589399 -0.0002746666 -0.0126041444 490.2945226988
3 489.7373295530 0.0001589399 11.3092052161 4 890.1382322068 -1.4639431160 29.7992466811 0.0002504936 0.0007629627 -0.0158085879 891.0828845900
4 890.1382322068 0.0002504936 662.7948493794 5 1431.5128171445 -2.3200907981 37.7641363708 0.0004062835 0.0013428144 -0.0201116977 1433.0384561234
5 1431.5128171445 0.0004062835 405.7416976189 6 2136.4770841831 -3.4003042839 46.0968004851 0.0006003914 0.0016785180 -0.0244453261 2138.7428021577
6 2136.4770841831 0.0006003914 1586.2818244820 7 3036.0712967093 -4.7274796342 54.8973791088 0.0008570339 0.0024109622 -0.0291756951 3039.2982876779
7 3036.0712967093 0.0008570339 608.2971032855 8 4172.4718475201 -6.3313851803 64.2836325142 0.0011344220 0.0030823695 -0.0335398419 4176.8241390231
8 4172.4718475201 0.0011344220 3084.7718056042 9 5602.9892077064 -8.2504758409 74.3970352642 0.0015423690 0.0043336283 -0.0390331736 5608.8701638558
9 5602.9892077064 0.0015423690 1434.8527852653 10 7406.0260669403 -10.5344511030 85.4110730930 0.0020263985 0.0054933317 -0.0446790979 7413.7760111956
10 7406.0260669403 0.0020263985 5447.4231878730 11 9690.1101562341 -13.2479038493 97.5428275161 0.0026366169 0.0069582202 -0.0508743553 9700.2220134416
11 9690.1101562341 0.0026366169 482.7208865148 12 12607.8940606732 -16.4756135767 111.0695647689 0.0034505186 0.0086062197 -0.0581072420 12621.0889888583
12 12607.8940606732 0.0034505186 9211.8000614336 13 16378.4382732311 -20.3303907833 126.3531300911 0.0044798344 0.0104983673 -0.0661030915 16395.5742899293
13 16378.4382732311 0.0044798344 0.0000000047 14 21323.8068561840 -24.9650061463 143.8768755718 0.0058327534 0.0128177740 -0.0752891629 21346.1174195882
14 21323.8068561840 0.0058327534 15455.6576379838 15 27931.4149213394 -30.5908968375 164.3034143042 0.0076356161 0.0158085879 -0.0859401227 27960.6302658848
15 27931.4149213394 0.0076356161 7063.1620744574 16 36964.9359100572 -37.5085870329 188.5684008758 0.0100000718 0.0194708090 -0.0980864895 37003.3985801288
16 36964.9359100572 0.0100000718 26541.7894264870 17 49671.9856745514 -46.1593532560 218.0396747877 0.0134310445 0.0240180670 -0.1133762627 49723.6574693673
17 49671.9856745514 0.0134310445 13206.3238359257 18 68197.9147121323 -57.2176983085 254.8019813746 0.0184824795 0.0298471023 -0.1326334422 68268.9392873270
18 68197.9147121323 0.0184824795 48432.7622946193 19 96475.7570706563 -71.7679119785 302.2004696901 0.0261628000 0.0373241371 -0.1573839534 96576.2635934857
19 96475.7570706563 0.0261628000 24893.9600948513 20 142334.7986693195 -91.6698234617 365.9664494675 0.0386456984 0.0477004303 -0.1907101657 142483.1697395176
20 142334.7986693195 0.0386456984 99803.9877920206 21 223173.2696280113 -120.4016423536 456.8114645525 0.0605654802 0.0626850185 -0.2379833369 223405.8519851706
21 223173.2696280113 0.0605654802 61994.2384294360 22 384147.3437810491 -165.3075566434 597.3447543066 0.1043959768 0.0862453078 -0.3113803522 384547.9650191698
22 384147.3437810491 0.1043959768 265462.0471259694 23 773988.0147491761 -245.0321213969 844.9540071702 0.2105523604 0.1277504807 -0.4407177953 774795.6037785232
23 773988.0147491761 0.2105523604 200611.7573766007 24 2141852.5802727630 -424.8336414158 1400.4888280147 0.5837393863 0.2217780084 -0.7311319315 2144089.4857336939
24 2141852.5802727630 0.5837393863 384818.8858009521 25 15920832.6305445880 -1205.0314641492 3803.7786214441 1.3962611118 0.6294442579 -1.0000305185 15929958.8164913934
25 15920832.6305445880 1.3962611118 384609.9639032878 26 37357846.8465920389 1917.2562295803 -5803.6174405906 2.0000610380 -1.0000305185 1.0000000000 37373290.7110170275
26 37357846.8465920389 2.0000610380 524319.9702129969 27 3173702.1246708338 579.5366219463 -1684.5888010116 0.8683924331 -0.3031403546 0.8811914426 3177023.2454089927
27 3173702.1246708338 0.8683924331 362994.4398270911 28 1121730.1172204479 356.8059772228 -997.2059024287 0.3074656816 -0.1868953520 0.5220496231 1122904.9773745940
28 1121730.1172204479 0.3074656816 345242.2832663915 29 579538.1810859550 265.2421002431 -713.5718669795 0.1589642230 -0.1388897366 0.3737296670 580145.3848135825
29 579538.1810859550 0.1589642230 3585.8159755226 30 358235.1947758431 215.4070844551 -558.4218680732 0.0984779957 -0.1130710776 0.2927335429 358610.9434999074
30 358235.1947758431 0.0984779957 228085.7444059519 31 245856.6641997072 184.1136772896 -460.3898544002 0.0676781733 -0.0965910825 0.2415540025 246114.7173807462
31 245856.6641997072 0.0676781733 85156.1463406900 32 180683.8037840383 162.6669309952 -392.7127109537 0.0499298583 -0.0855433821 0.2064271981 180873.8170419077
32 180683.8037840383 0.0499298583 111882.4123380870 33 139343.1429632371 147.0720848084 -343.0932013803 0.0385653408 -0.0773949400 0.1804864650 139489.7941571394
33 139343.1429632371 0.0385653408 24666.3020142377 34 111368.5236548420 135.2368187790 -305.0893746124 0.0309255679 -0.0712607196 0.1607715079 111485.9280840757
34 111368.5236548420 0.0309255679 66797.2627699036 35 91490.7962052181 125.9593044285 -275.0000906056 0.0254549144 -0.0664387951 0.1450544755 91587.3388168078
35 91490.7962052181 0.0254549144 171.7375074723 36 76816.2443514332 118.5000734612 -250.5473546879 0.0214414952 -0.0625019074 0.1324198126 76897.4336216854
36 76816.2443514332 0.0214414952 44414.8168526072 37 65645.1449669484 112.3792196435 -230.2521573390 0.0183065242 -0.0593585009 0.1215857418 65714.4953561806
37 65645.1449669484 0.0183065242 18730.9326021877 38 56924.0868929670 107.2717295522 -213.1123246831 0.0128151782 -0.0106204413 0.1127048555 56974.4158418737
38 56924.0868929670 0.0128151782 0.0000155000 39 49970.9638679383 102.9496807668 -198.4246131354 0.0140537936 -0.0545976135 0.1052278207 50023.9791146995
39 49970.9638679383 0.0140537936 13935.1755638752 40 44327.6773014214 99.2485246593 -185.6809297003 0.0125133293 -0.0527665029 0.0986358226 44374.7933923701
40 44327.6773014214 0.0125133293 23405.3496029919 41 39676.9210030285 96.0465061888 -174.5049846049 0.0112324451 -0.0511795404 0.0928067873 39719.1539615432
41 39676.9210030285 0.0112324451 14781.0672326145 42 35793.0130191127 93.2516133995 -164.6121186836 0.0101737368 -0.0498062075 0.0877101962 35831.1885337208
42 35793.0130191127 0.0101737368 17848.9412447340 43 32511.7114441901 90.7930273953 -155.7829824486 0.0092643687 -0.0486159856 0.0830713828 32546.4309091182
43 32511.7114441901 0.0092643687 13828.9841592776 44 29711.0619112143 88.6153606289 -147.8457972748 0.0084950614 -0.0474562822 0.0790124210 29742.8444261690
44 29711.0619112143 0.0084950614 13860.5179258839 45 27298.8893268405 86.6746773822 -140.6641021282 0.0078614244 -0.0466322825 0.0754112369 27328.1961722060
45 27298.8893268405 0.0078614244 12934.7497173946 46 25204.4187457187 84.9356848861 -134.1281036124 0.0072746405 -0.0456862087 0.0720236824 25231.5075990694
46 25204.4187457187 0.0072746405 10858.6700489276 47 23372.5343264209 83.3697121395 -128.1484507288 0.0068030486 -0.0450453200 0.0690939055 23397.7605140680
47 23372.5343264209 0.0068030486 15327.4362236549 48 21759.7657409090 81.9532302591 -122.6516766742 0.0063601973 -0.0443433943 0.0662862026 21783.3004976823
48 21759.7657409090 0.0063601973 8516.2402256124 49 20331.4309556107 80.6667523492 -117.5768090273 0.0059692647 -0.0437330241 0.0636921293 20353.4699615621
49 20331.4309556107 0.0059692647 12423.3123420247 50 19059.5686241190 79.4940040025 -112.8728131649 0.0056494961 -0.0433057649 0.0614337596 19080.3277734522
50 19059.5686241190 0.0056494961 6630.3203840287 51 17921.4194409097 78.4212898400 -108.4966393062 0.0053399493 -0.0430005799 0.0590838343 17940.9898976583
51 17921.4194409097 0.0053399493 84045.8041600377 52 16898.2954483542 77.4370041003 -104.4117131568 0.0050781833 -0.0425122837 0.0571916868 16916.8275382973
52 16898.2954483542 0.0050781833 5070.0872968035 53 15974.7276453758 76.5312484716 -100.5867568458 0.0048232461 -0.0420545061 0.0552690207 15992.2880994116
53 15974.7276453758 0.0048232461 12992.1592430081 54 15137.8159987590 75.6955307270 -96.9948587643 0.0046462757 -0.0418103580 0.0538346507 15154.5937281949
54 15137.8159987590 0.0046462757 3750.4023776388 55 14376.7285309391 74.9225249190 -93.6127330586 0.0044181846 -0.0416272469 0.0518204291 14392.6726900046
55 14376.7285309391 0.0044181846 12460.9747533262 56 13682.3114983498 74.2058789526 -90.4201251228 0.0042819051 -0.0415662099 0.0505386517 13697.6241169557
56 13682.3114983498 0.0042819051 2620.0310751065 57 13046.7832552731 73.5400589738 -87.3993305546 0.0041067695 -0.0413220618 0.0489822077 13061.4270400961
57 13046.7832552731 0.0041067695 14820.2395932858 58 12463.4917963838 72.9202226127 -84.5348030724 0.0039785968 -0.0411999878 0.0477614673 12477.5794120139
58 12463.4917963838 0.0039785968 1652.4661956515 59 11926.7212109313 72.3421150321 -81.8128327563 0.0038707123 -0.0413220618 0.0465102084 11940.3139961535
59 11926.7212109313 0.0038707123 18697.8820094201 60 11431.5360376217 71.8019831400 -79.2212803152 0.0037752682 -0.0413220618 0.0454725791 11444.6786167378
60 11431.5360376217 0.0037752682 847.6355880343 61 10973.6552283126 71.2965043687 -76.7493563043 0.0036899287 -0.0413525803 0.0444959868 10986.3855837836
61 10973.6552283126 0.0036899287 20213.4748262043 62 10549.3494233206 70.8227272190 -74.3874366582 0.0036324561 -0.0415356914 0.0436719871 10561.7336920024
62 10549.3494233206 0.0036324561 253.3607870649 63 10155.3567125809 70.3780213660 -72.1269077473 0.0035401778 -0.0415967284 0.0425428022 10167.3522051817
63 10155.3567125809 0.0035401778 30937.0740543801 64 9788.8131567501 69.9600355803 -69.9600355800 1.0000000000 -1.0000000000 0.0000000000 9929.7332279106
64 9788.8131567501 1.0000000000 0.0000000000 65 9447.1951691236 69.5666620757 -67.8798548671 0.0035018562 -0.0423596912 0.0413220618 9458.7021867396
65 9447.1951691236 0.0035018562 26735.2917425952 66 9128.2714869387 69.1960061689 -65.8800745082 0.0035366870 -0.0430616169 0.0410168767 9139.6387972299
66 9128.2714869387 0.0035366870 415.7446602837 67 8830.0629403141 68.8463603508 -63.9549967302 0.0035658355 -0.0438550981 0.0405285806 8841.2890444034
67 8830.0629403141 0.0035658355 24250.6927758195 68 8550.8085966190 68.5161820404 -62.0994476241 0.0036346318 -0.0447706534 0.0403759880 8561.9619128366
68 8550.8085966190 0.0036346318 2359.5474192511 69 8288.9371444551 68.2040744275 -60.3087172467 0.0037549679 -0.0459608753 0.0405285806 8300.0987907521
69 8288.9371444551 0.0037549679 46609.6482729833 70 8043.0426050569 67.9087699144 -58.5785077803 0.0039391063 -0.0474257637 0.0411084323 8054.3039359553
70 8043.0426050569 0.0039391063 8408.2518693844 71 7811.8636345740 67.6291157576 -56.9048885108 0.0042567709 -0.0499588000 0.0419629505 7823.4010243261
71 7811.8636345740 0.0042567709 83614.1439573068 72 7594.2658192777 67.3640615739 -55.2842565976 0.0047282454 -0.0531632435 0.0436109500 7606.2551294463
72 7594.2658192777 0.0047282454 28474.5740969399 73 7389.2264761503 67.1126484386 -53.7133027816 0.0055972718 -0.0583819086 0.0467848750 7402.0943427557
73 7389.2264761503 0.0055972718 123063.6543483890 74 7195.8215590339 66.8739993421 -52.1889813181 0.0072381826 -0.0670491653 0.0523697623 7210.2627379799
74 7195.8215590339 0.0072381826 124566.8877153438 75 7013.2143412945 66.6473108124 -50.7084835385 0.0117027470 -0.0860316782 0.0655842769 7031.3449624842
75 7013.2143412945 0.0117027470 524311.9697554512 76 6840.6456033822 66.4318455433 -49.2692145370 0.0360533407 -0.1525620289 0.1130405591 6872.0904501135
76 6840.6456033822 0.0360533407 524311.9697554512 77 6677.4250988705 66.2269258885 -47.8687725582 0.3046417550 0.4472487564 -0.3234351634 6587.5250315910
77 6677.4250988705 0.3046417550 524311.9697554512 78 6522.9241112695 66.0319281061 -46.5049307263 0.0033877660 0.0475478378 -0.0335703604 6513.5257736540
78 6522.9241112695 0.0033877660 524311.9697554512 79 6376.5689439350 65.8462772562 -45.1756208086 0.0001903525 0.0114749596 -0.0076601459 6374.3658638586
79 6376.5689439350 0.0001903525 390120.2486890581 80 6237.8352109580 65.6694426656 -43.8789187531 0.0000068857 -0.0021973327 0.0014343699 6238.2496902734
80 6237.8352109580 0.0000068857 215243.1662535159 81 6106.2428176462 65.5009338892 -42.6130317777 0.0001212889 -0.0092471084 0.0059816279 6107.9641179992
81 6106.2428176462 0.0001212889 524311.9697554512 82 5981.3515364064 65.3402971045 -41.3762868163 0.0002547630 -0.0135196997 0.0084841456 5983.8206384458
82 5981.3515364064 0.0002547630 99496.2535922305 83 5862.7570982307 65.1871118881 -40.1671201597 0.0003680113 -0.0163274026 0.0100711081 5865.6951934988
83 5862.7570982307 0.0003680113 33561.0332445415 84 5750.0877318299 65.0409883269 -38.9840681470 0.0004665699 -0.0185247353 0.0111087374 5753.3640601338
84 5750.0877318299 0.0004665699 61962.8064807204 85 5643.0010924595 64.9015644253 -37.8257587844 0.0005403910 -0.0201116977 0.0116580706 5646.4941448786
85 5643.0010924595 0.0005403910 114385.6779387441 86 5541.1815308111 64.7685037726 -36.6909041844 0.0005896843 -0.0211493271 0.0119327372 5544.7973868701
86 5541.1815308111 0.0005896843 44521.4349609438 87 5444.3376594561 64.6414934432 -35.5782937321 0.0006414224 -0.0221564379 0.0122684408 5448.0757317278
87 5444.3376594561 0.0006414224 973.4113182423 88 5352.2001801560 64.5202421005 -34.4867878969 0.0006792708 -0.0230109561 0.0122379223 5356.0142976110
88 5352.2001801560 0.0006792708 34747.5319848337 89 5264.5199405679 64.4044782846 -33.4153126194 0.0007099831 -0.0236213263 0.0123294778 5268.3872756610
89 5264.5199405679 0.0007099831 38811.9301623816 90 5181.0661929430 64.2939488623 -32.3628542103 0.0006229550 -0.0242316965 0.0059816279 5184.5698839129
90 5181.0661929430 0.0006229550 228699.2505988041 91 5101.6250309014 64.1884176204 -31.3284547065 0.0007416109 -0.0245674001 0.0117496261 5105.5158528521
91 5101.6250309014 0.0007416109 51314.5550910727 92 5025.9979845309 64.0876639929 -30.3112076378 0.0007590230 -0.0249336222 0.0117191076 5029.9050593725
92 5025.9979845309 0.0007590230 24429.5709926561 93 4954.0007547230 63.9914819007 -29.3102541593 0.0007646346 -0.0251167333 0.0115665151 4957.8940683203
93 4954.0007547230 0.0007646346 298.2332592426 94 4885.4620720699 63.8996786969 -28.3247795137 0.0007770685 -0.0255134739 0.0112308115 4889.3596752287
94 4885.4620720699 0.0007770685 21434.3821756736 95 4820.2226661945 63.8120742070 -27.3540097901 0.0007763243 -0.0256050295 0.0109866634 4824.0923211946
95 4820.2226661945 0.0007763243 12973.4237108351 96 4758.1343336589 63.7284998521 -26.3972089484 0.0007901860 -0.0260017701 0.0106814783 4762.0131538755
96 4758.1343336589 0.0007901860 19195.4944497298 97 4699.0590939216 63.6487978493 -25.4536760855 0.0007907570 -0.0261238441 0.0104068117 4702.9151704541
97 4699.0590939216 0.0007907570 11902.1240792717 98 4642.8684240681 63.5728204808 -24.5227429173 0.0007969423 -0.0263374737 0.0101626637 4646.7163487588
98 4642.8684240681 0.0007969423 17470.0123477478 99 4589.4425641987 63.5004294251 -23.6037714577 0.0007966768 -0.0264595477 0.0098269601 4593.2676527986
99 4589.4425641987 0.0007966768 836.5715112155 100 4538.6698862598 63.4314951452 -22.6961518744 0.0007986690 -0.0266731773 0.0093386639 4542.4784274277
100 4538.6698862598 0.0007986690 16106.9320462678 101 4490.4463199721 63.3658963275 -21.7993005068 0.0007919873 -0.0266426588 0.0090639973 4494.2187614693
101 4490.4463199721 0.0007919873 8270.1485364226 102 4444.6748301802 63.3035193681 -20.9126580280 0.0007893115 -0.0267342143 0.0086367382 4448.4215935014
102 4444.6748301802 0.0007893115 262155.9692673906 103 4401.2649407772 63.2442579015 -20.0356877414 0.0008009435 -0.0270088809 0.0084536271 4405.0208034441
103 4401.2649407772 0.0008009435 10302.4071505411 104 4360.1323002992 63.1880123663 -19.1678739950 0.0008009435 -0.0270088809 0.0084536271 4363.8704523606
104 4360.1323002992 0.0008009435 14120.1678250725 105 4321.1982861986 63.1346896106 -18.3087207083 0.0008023657 -0.0271919919 0.0079348125 4324.9231570373
105 4321.1982861986 0.0008023657 6331.0288120342 106 4284.3896431193 63.0842025249 -17.4577499957 0.0007988115 -0.0272225105 0.0075991089 4288.0903893414
106 4284.3896431193 0.0007988115 13386.7404962316 107 4249.6381528348 63.0364697082 -16.6145008823 0.0008017109 -0.0273751030 0.0072328867 4253.3305558542
107 4249.6381528348 0.0008017109 4044.3644916685 108 4216.8803328967 62.9914151599 -15.7785281015 0.0007894605 -0.0272530290 0.0068361461 4220.5302647280
108 4216.8803328967 0.0007894605 12776.9276091604 109 4186.0571612878 62.9489679977 -14.9494009685 0.0007903798 -0.0273445845 0.0065309610 4189.6958463258
109 4186.0571612878 0.0007903798 5287.0571740399 110 4157.1138250718 62.9090621979 -14.1267023206 0.0007978364 -0.0275582141 0.0061952574 4160.7569828273
110 4157.1138250718 0.0007978364 12270.8637490196 111 4129.9994909382 62.8716363578 -13.3100275220 0.0007850457 -0.0274056215 0.0058290353 4133.6015177642
111 4129.9994909382 0.0007850457 2400.0806045201 112 4104.6670959089 62.8366334776 -12.4989835232 0.0007812448 -0.0274056215 0.0054933317 4108.2493532667
112 4104.6670959089 0.0007812448 11849.8007864939 113 4081.0731565757 62.8040007610 -11.6931879736 0.0007837493 -0.0275276955 0.0050965911 4084.6508299442
113 4081.0731565757 0.0007837493 4865.3536282014 114 4059.1775954634 62.7736894327 -10.8922683802 0.0007840957 -0.0275887326 0.0047914060 4062.7464511789
114 4059.1775954634 0.0007840957 11500.5671901841 115 4038.9435832326 62.7456545720 -10.0958613087 0.0007838228 -0.0276497696 0.0043946654 4042.5029087022
115 4038.9435832326 0.0007838228 55188.9601650922 116 4020.3373955915 62.7198549611 -9.3036116239 0.0007831727 -0.0276802881 0.0041199988 4023.8870478104
116 4020.3373955915 0.0007831727 10971.8576138641 117 4003.3282839058 62.6962529481 -8.5151717644 0.0007807512 -0.0276802881 0.0038148137 4006.8649329326
117 4003.3282839058 0.0007807512 5192.7170513943 118 3987.8883585687 62.6748143221 -7.7302010487 0.0007802063 -0.0277108066 0.0035096286 3991.4169383615
118 3987.8883585687 0.0007802063 10981.4068667954 119 3973.9924843763 62.6555082021 -6.9483650096 0.0007792712 -0.0277413251 0.0031128880 3977.5128162576
119 3973.9924843763 0.0007792712 273.8101572671 120 3961.6181871227 62.6383069361 -6.1693347541 0.0007730868 -0.0276802881 0.0026245918 3965.1190369440
120 3961.6181871227 0.0007730868 10797.5712059270 121 3950.7455709103 62.6231860124 -5.3927863450 0.0007782103 -0.0278023621 0.0022888882 3954.2531810817
121 3950.7455709103 0.0007782103 7719.0216110146 122 3941.3572454861 62.6101239821 -4.6184002031 0.0007764370 -0.0278023621 0.0018616291 3944.8566360996
122 3941.3572454861 0.0007764370 10659.2676087550 123 3933.4382631644 62.5991023896 -3.8458605257 0.0007722970 -0.0277413251 0.0016479995 3936.9248755164
123 3933.4382631644 0.0007722970 319.9025920978 124 3926.9760650641 62.5901057158 -3.0748547206 0.0007747745 -0.0278023621 0.0013428144 3930.4654033272
124 3926.9760650641 0.0007747745 10561.8527120608 125 3921.9604360749 62.5831213285 -2.3050728520 0.0007686190 -0.0277108066 0.0008545183 3925.4336016912
125 3921.9604360749 0.0007686190 20658.5973412793 126 3918.3834684483 62.5781394434 -1.5362070975 0.0007768198 -0.0278633992 0.0006714072 3921.8735874641
126 3918.3834684483 0.0007768198 10504.8560543820 127 3916.2395337064 62.5751530932 -0.7679512123 0.0007781638 -0.0278939177 0.0003051851 3919.7317129407
127 3916.2395337064 0.0007781638 95743.5206747403 128 3915.5252626994 62.5741581062 0.0000000000 1.0000000000 -1.0000000000 0.0000000000 4041.6735789118
128 3915.5252626994 1.0000000000 262155.9692518915 129 3916.2395337041 62.5751530932 0.7679512122 0.0007662915 -0.0276802881 -0.0003051851 3919.7049652605
129 3916.2395337041 0.0007662915 156075.4116244995 130 3918.3834684476 62.5781394434 1.5362070975 0.0007716478 -0.0277718436 -0.0006103702 3921.8619360112
130 3918.3834684476 0.0007716478 10505.2752228535 131 3921.9604360758 62.5831213285 2.3050728520 0.0007705954 -0.0277413251 -0.0010071108 3925.4381270296
131 3921.9604360758 0.0007705954 48193.2821634734 132 3926.9760650619 62.5901057158 3.0748547205 0.0007749421 -0.0278023621 -0.0014038514 3930.4657788525
132 3926.9760650619 0.0007749421 10562.6460457897 133 3933.4382631594 62.5991023895 3.8458605257 0.0007774867 -0.0278328806 -0.0016785180 3936.9365780287
133 3933.4382631594 0.0007774867 36840.4718482416 134 3941.3572454770 62.6101239820 4.6184002031 0.0007728233 -0.0277413251 -0.0018005921 3944.8484256193
134 3941.3572454770 0.0007728233 10659.4217259929 135 3950.7455709162 62.6231860125 5.3927863450 0.0007786379 -0.0278023621 -0.0023804437 3954.2541689939
135 3950.7455709162 0.0007786379 22502.6002484488 136 3961.6181871223 62.6383069361 6.1693347540 0.0007735758 -0.0276802881 -0.0027161473 3965.1201671061
136 3961.6181871223 0.0007735758 10797.6836264026 137 3973.9924843699 62.6555082021 6.9483650096 0.0007770173 -0.0277108066 -0.0030213324 3977.5077173693
137 3973.9924843699 0.0007770173 7593.8533214689 138 3987.8883585761 62.6748143222 7.7302010487 0.0007724079 -0.0275887326 -0.0033570360 3991.3992694930
138 3987.8883585761 0.0007724079 10980.9776069852 139 4003.3282839097 62.6962529481 8.5151717644 0.0007853661 -0.0277718436 -0.0037537767 4006.8753784473
139 4003.3282839097 0.0007853661 98311.5473915705 140 4020.3373955926 62.7198549611 9.3036116239 0.0007812336 -0.0276497696 -0.0040894803 4023.8826497747
140 4020.3373955926 0.0007812336 10972.4586037962 141 4038.9435832305 62.7456545720 10.0958613086 0.0007753734 -0.0274666585 -0.0045777764 4042.4836187322
141 4038.9435832305 0.0007753734 0.0000000009 142 4059.1775954625 62.7736894327 10.8922683801 0.0007840957 -0.0275887326 -0.0047914060 4062.7464511781
142 4059.1775954625 0.0007840957 11500.4067549833 143 4081.0731565768 62.8040007610 11.6931879736 0.0007794677 -0.0274666585 -0.0050050356 4084.6410177739
143 4081.0731565768 0.0007794677 1475.4484108999 144 4104.6670959070 62.8366334776 12.4989835232 0.0007845940 -0.0274666585 -0.0054933317 4108.2570273356
144 4104.6670959070 0.0007845940 11849.8073031219 145 4129.9994909343 62.8716363577 13.3100275219 0.0007900724 -0.0274971770 -0.0058290353 4133.6130352787
145 4129.9994909343 0.0007900724 4617.7217371753 146 4157.1138250689 62.9090621979 14.1267023206 0.0007909311 -0.0274666585 -0.0060426649 4160.7411453153
146 4157.1138250689 0.0007909311 12270.6731644858 147 4186.0571612868 62.9489679977 14.9494009684 0.0007891112 -0.0273140660 -0.0065614795 4189.6929153058
147 4186.0571612868 0.0007891112 3226.9233611407 148 4216.8803328919 62.9914151599 15.7785281015 0.0007923748 -0.0273140660 -0.0068056276 4220.5369941796
148 4216.8803328919 0.0007923748 12777.5812176337 149 4249.6381528266 63.0364697081 16.6145008822 0.0007969963 -0.0273445845 -0.0070192572 4253.3196048759
149 4249.6381528266 0.0007969963 4921.7450484091 150 4284.3896431049 63.0842025248 17.4577499957 0.0008021384 -0.0272835475 -0.0075991089 4288.0980935972
150 4284.3896431049 0.0008021384 13386.7998693468 151 4321.1982862008 63.1346896106 18.3087207083 0.0007992623 -0.0271614734 -0.0078432569 4324.9159478536
151 4321.1982862008 0.0007992623 9548.3425471083 152 4360.1323002913 63.1880123663 19.1678739950 0.0007999152 -0.0270088809 -0.0083925901 4363.8681114247
152 4360.1323002913 0.0007999152 14120.0211381049 153 4401.2649407496 63.2442579013 20.0356877413 0.0007992064 -0.0269478439 -0.0085451827 4405.0167499535
153 4401.2649407496 0.0007992064 5772.5821919804 154 4444.6748302188 63.3035193683 20.9126580281 0.0007870873 -0.0265816218 -0.0089724418 4448.4163129347
154 4444.6748302188 0.0007870873 30487.4598527015 155 4490.4463199853 63.3658963276 21.7993005068 0.0007969115 -0.0267036958 -0.0091555528 4494.2304934305
155 4490.4463199853 0.0007969115 12819.3229250870 156 4538.6698862661 63.4314951452 22.6961518744 0.0008009639 -0.0266731773 -0.0094607379 4542.4839709507
156 4538.6698862661 0.0008009639 16107.9942522601 157 4589.4425641999 63.5004294251 23.6037714576 0.0007987147 -0.0265205847 -0.0097659230 4593.2725251838
157 4589.4425641999 0.0007987147 10704.7915560041 158 4642.8684240692 63.5728204808 24.5227429173 0.0008072424 -0.0265205847 -0.0101931822 4646.7411376278
158 4642.8684240692 0.0008072424 17470.5250357354 159 4699.0590939248 63.6487978493 25.4536760855 0.0007942822 -0.0262153996 -0.0103457747 4702.9237215482
159 4699.0590939248 0.0007942822 7970.9119804470 160 4758.1343336584 63.7284998521 26.3972089484 0.0007885999 -0.0259712516 -0.0106814783 4762.0092624912
160 4758.1343336584 0.0007885999 19195.4866368712 161 4820.2226661907 63.8120742070 27.3540097900 0.0007765506 -0.0256355480 -0.0109256264 4824.0928771014
161 4820.2226661907 0.0007765506 10278.8507761877 162 4885.4620720660 63.8996786969 28.3247795137 0.0007817487 -0.0256050295 -0.0112308115 4889.3713806427
162 4885.4620720660 0.0007817487 21433.9684993947 163 4954.0007547208 63.9914819007 29.3102541592 0.0007648953 -0.0251777703 -0.0114444411 4957.8947242353
163 4954.0007547208 0.0007648953 920.2117657588 164 5025.9979845220 64.0876639929 30.3112076377 0.0007553645 -0.0249031037 -0.0116275521 5029.8955936679
164 5025.9979845220 0.0007553645 24430.1912164338 165 5101.6250308834 64.1884176203 31.3284547064 0.0007453317 -0.0246284371 -0.0117801447 5105.5256044896
165 5101.6250308834 0.0007453317 16117.7488218826 166 5181.0661928830 64.2939488619 32.3628542101 0.0006141376 -0.0240791040 -0.0058595538 5184.5423521520
166 5181.0661928830 0.0006141376 13332.1263856512 167 5264.5199406114 64.4044782849 33.4153126195 0.0007099244 -0.0236518448 -0.0122684408 5268.3871275611
167 5264.5199406114 0.0007099244 77412.2837111643 168 5352.2001801708 64.5202421006 34.4867878969 0.0006715255 -0.0228583636 -0.0122074038 5355.9924942935
168 5352.2001801708 0.0006715255 34749.4480744168 169 5444.3376594585 64.6414934432 35.5782937321 0.0006402917 -0.0222479934 -0.0120548112 5448.0723660208
169 5444.3376594585 0.0006402917 29996.6618828936 170 5541.1815308266 64.7685037727 36.6909041844 0.0005928379 -0.0212408826 -0.0119022187 5544.8070103650
170 5541.1815308266 0.0005928379 44521.5790218545 171 5643.0010924717 64.9015644253 37.8257587844 0.0005379396 -0.0200506607 -0.0116580706 5646.4862196433
171 5643.0010924717 0.0005379396 42768.8229507181 172 5750.0877318373 65.0409883270 38.9840681470 0.0004586951 -0.0184026612 -0.0109561449 5753.3362752777
172 5750.0877318373 0.0004586951 61963.5366309342 173 5862.7570982335 65.1871118881 40.1671201597 0.0003731972 -0.0165410321 -0.0099795526 5865.7156954327
173 5862.7570982335 0.0003731972 76323.1395368944 174 5981.3515364094 65.3402971045 41.3762868163 0.0002574566 -0.0135807367 -0.0085451827 5983.8336684667
174 5981.3515364094 0.0002574566 99497.5305687821 175 6106.2428176535 65.5009338893 42.6130317777 0.0001199989 -0.0092165899 -0.0059205908 6107.9549167899
175 6106.2428176535 0.0001199989 171211.1735531453 176 6237.8352109621 65.6694426657 43.8789187531 0.0000073849 -0.0022888882 -0.0014648885 6238.2643938163
176 6237.8352109621 0.0000073849 215243.6898219143 177 6376.5689439346 65.8462772562 45.1756208085 0.0001870992 0.0113528855 0.0076296274 6374.3846942321
177 6376.5689439346 0.0001870992 408369.5672741014 178 6522.9241112694 66.0319281061 46.5049307263 0.0033795847 0.0475478378 0.0334482864 6513.5371195619
178 6522.9241112694 0.0033795847 524311.9385037831 179 6677.4250988753 66.2269258885 47.8687725582 0.3042185437 0.4469740898 0.3231604968 6587.5872849361
179 6677.4250988753 0.3042185437 524312.0010071192 180 6840.6456033808 66.4318455433 49.2692145369 0.0360485236 -0.1525009919 -0.1131015961 6872.0883501833
180 6840.6456033808 0.0360485236 524311.9385037831 181 7013.2143412885 66.6473108124 50.7084835385 0.0116735120 -0.0860011597 -0.0654011658 7031.3222947219
181 7013.2143412885 0.0116735120 464873.5636095145 182 7195.8215590153 66.8739993420 52.1889813181 0.0072878912 -0.0673238319 -0.0524918363 7210.3122656153
182 7195.8215590153 0.0072878912 124568.5949127270 183 7389.2264761677 67.1126484387 53.7133027816 0.0055794545 -0.0583513901 -0.0466322825 7402.0738361004
183 7389.2264761677 0.0055794545 202226.4618085694 184 7594.2658192825 67.3640615739 55.2842565976 0.0047309082 -0.0531632435 -0.0436414686 7606.2585065002
184 7594.2658192825 0.0047309082 28474.9069945429 185 7811.8636345681 67.6291157576 56.9048885107 0.0042313172 -0.0498062075 -0.0418408765 7823.3664662494
185 7811.8636345681 0.0042313172 176299.8951715632 186 8043.0426050694 67.9087699145 58.5785077803 0.0039557221 -0.0475478378 -0.0411694693 8054.3276832941
186 8043.0426050694 0.0039557221 8406.0931288090 187 8288.9371444666 68.2040744275 60.3087172468 0.0037592709 -0.0458998383 -0.0406506546 8300.1051933772
187 8288.9371444666 0.0037592709 42227.9746818717 188 8550.8085966246 68.5161820405 62.0994476241 0.0036343654 -0.0447401349 -0.0404065065 8561.9615209175
188 8550.8085966246 0.0036343654 2359.2223594285 189 8830.0629403141 68.8463603508 63.9549967302 0.0035597182 -0.0436719871 -0.0406506546 8841.2794397159
189 8830.0629403141 0.0035597182 3031.1573987092 190 9128.2714869379 69.1960061690 65.8800745082 0.0035344452 -0.0431226539 -0.0409253212 9139.6351786531
190 9128.2714869379 0.0035344452 415.6016606603 191 9447.1951691315 69.5666620757 67.8798548671 0.0035148071 -0.0425122837 -0.0413220618 9458.7234304068
191 9447.1951691315 0.0035148071 293496.1118442749 192 9788.8131567501 69.9600355803 69.9600355800 1.0000000000 -1.0000000000 0.0000000000 9929.7332279106
192 9788.8131567501 1.0000000000 0.0000000000 193 10155.3567125774 70.3780213660 72.1269077472 0.0035763414 -0.0417493210 -0.0428174688 10167.4133413679
193 10155.3567125774 0.0035763414 32125.6471390559 194 10549.3494233158 70.8227272190 74.3874366582 0.0036218086 -0.0415356914 -0.0435499130 10561.7155198005
194 10549.3494233158 0.0036218086 253.2880193743 195 10973.6552283178 71.2965043687 76.7493563043 0.0036976974 -0.0414136174 -0.0445265053 10986.3989795616
195 10973.6552283178 0.0036976974 23953.8840108045 196 11431.5360376163 71.8019831400 79.2212803152 0.0037833461 -0.0413525803 -0.0455336161 11444.6926782508
196 11431.5360376163 0.0037833461 847.4610941930 197 11926.7212109181 72.3421150321 81.8128327563 0.0038678744 -0.0413220618 -0.0464796899 11940.3089996911
197 11926.7212109181 0.0038678744 21916.2785841804 198 12463.4917963441 72.9202226126 84.5348030723 0.0040024727 -0.0413830988 -0.0478530229 12477.6216201053
198 12463.4917963441 0.0040024727 1651.8270640184 199 13046.7832553043 73.5400589740 87.3993305547 0.0041343756 -0.0414746544 -0.0491348003 13061.4761840363
199 13046.7832553043 0.0041343756 16603.8940330115 200 13682.3114983582 74.2058789527 90.4201251228 0.0042706690 -0.0415051729 -0.0504776147 13697.6040091668
200 13682.3114983582 0.0042706690 2620.3027882047 201 14376.7285309294 74.9225249190 93.6127330586 0.0044524491 -0.0416577654 -0.0521256142 14392.7344357286
201 14376.7285309294 0.0044524491 17330.9095901027 202 15137.8159987736 75.6955307271 96.9948587643 0.0046295611 -0.0419629505 -0.0535599841 15154.5635301494
202 15137.8159987736 0.0046295611 3750.9311712527 203 15974.7276453951 76.5312484716 100.5867568458 0.0048665404 -0.0422070986 -0.0555436872 15992.3667545635
203 15974.7276453951 0.0048665404 1501.3847959019 204 16898.2954483618 77.4370041003 104.4117131568 0.0050816750 -0.0425122837 -0.0572222053 16916.8339147764
204 16898.2954483618 0.0050816750 5069.4056818926 205 17921.4194409070 78.4212898400 108.4966393062 0.0053589970 -0.0429700613 -0.0592669454 17941.0248639702
205 17921.4194409070 0.0053589970 0.0000000000 206 19059.5686241104 79.4940040025 112.8728131649 0.0056396672 -0.0430616169 -0.0615253151 19080.3096152586
206 19059.5686241104 0.0056396672 6629.6799081143 207 20331.4309556250 80.6667523492 117.5768090273 0.0059979661 -0.0437940611 -0.0638752403 20353.5228968216
207 20331.4309556250 0.0059979661 7216.5069170509 208 21759.7657409075 81.9532302592 122.6516766742 0.0063710003 -0.0443739128 -0.0663472396 21783.3204832501
208 21759.7657409075 0.0063710003 8516.6215243643 209 23372.5343264097 83.3697121396 128.1484507287 0.0068019850 -0.0448927274 -0.0691854610 23397.7585351979
209 23372.5343264097 0.0068019850 15132.8953413295 210 25204.4187456966 84.9356848861 134.1281036123 0.0073046020 -0.0458693197 -0.0721152379 25231.5632946738
210 25204.4187456966 0.0073046020 10858.2802900521 211 27298.8893268489 86.6746773823 140.6641021282 0.0078713203 -0.0465407270 -0.0755333110 27328.2146538884
211 27298.8893268489 0.0078713203 12030.4488025860 212 29711.0619111921 88.6153606289 147.8457972747 0.0085394994 -0.0475173193 -0.0792565691 29742.9274807535
212 29711.0619111921 0.0085394994 13860.5655220947 213 32511.7114441455 90.7930273953 155.7829824485 0.0092956826 -0.0486770226 -0.0832239753 32546.4895665032
213 32511.7114441455 0.0092956826 16628.9784664929 214 35793.0130189661 93.2516133994 164.6121186832 0.0101599943 -0.0497756890 -0.0876491592 35831.1627331651
214 35793.0130189661 0.0101599943 17851.3981167828 215 39676.9210031220 96.0465061890 174.5049846050 0.0112355699 -0.0512100589 -0.0928067873 39719.1598271540
215 39676.9210031220 0.0112355699 8826.8790832932 216 44327.6773014300 99.2485246593 185.6809297003 0.0125221542 -0.0527359844 -0.0986968596 44374.8100101903
216 44327.6773014300 0.0125221542 23404.3267300066 217 49970.9638678316 102.9496807668 198.4246131352 0.0140830762 -0.0546891690 -0.1053193762 50024.0343288408
217 49970.9638678316 0.0140830762 20955.9295103778 218 56924.0868931486 107.2717295525 213.1123246834 0.0128414170 -0.0105594043 -0.1128269295 56974.4548041649
218 56924.0868931486 0.0128414170 62785.2761120033 219 65645.1449670842 112.3792196438 230.2521573392 0.0183587113 -0.0592974639 -0.1218298898 65714.5941211607
219 65645.1449670842 0.0183587113 903.3289166973 220 76816.2443515059 118.5000734613 250.5473546880 0.0214767619 -0.0626545000 -0.1324808496 76897.5004068082
220 76816.2443515059 0.0214767619 44413.1285305659 221 91490.7962052499 125.9593044287 275.0000906056 0.0254092200 -0.0665608692 -0.1448408460 91587.2520275668
221 91490.7962052499 0.0254092200 3814.8965230991 222 111368.5236547953 135.2368187792 305.0893746122 0.0309114072 -0.0712302011 -0.1607409894 111485.9011936700
222 111368.5236547953 0.0309114072 66786.5822223536 223 139343.1429633991 147.0720848086 343.0932013804 0.0385842348 -0.0773033845 -0.1805780206 139489.8300698292
223 139343.1429633991 0.0385842348 20239.2727626548 224 180683.8037840720 162.6669309953 392.7127109538 0.0499372386 -0.0855128636 -0.2064577166 180873.8310906304
224 180683.8037840720 0.0499372386 111880.7288126496 225 245856.6641997179 184.1136772899 460.3898544001 0.0677991204 -0.0966826380 -0.2417676321 246114.9479207238
225 245856.6641997179 0.0677991204 76526.6575103895 226 358235.1947755591 215.4070844553 558.4218680729 0.0985714354 -0.1130100406 -0.2929166540 358611.1218038872
226 358235.1947755591 0.0985714354 228113.3205112747 227 579538.1810865594 265.2421002435 713.5718669797 0.1591578726 -0.1390118107 -0.3739432966 580145.7546462822
227 579538.1810865594 0.1591578726 372.3154307005 228 1121730.1172205550 356.8059772231 997.2059024286 0.3075384717 -0.1868343150 -0.5221411786 1122905.1164901713
228 1121730.1172205550 0.3075384717 345239.8625080795 229 3173702.1246714154 579.5366219472 1684.5888010115 0.8685370167 -0.3032013916 -0.8812524796 3177023.5219450914
229 3173702.1246714154 0.8685370167 361235.6497140685 230 37357846.8465944976 1917.2562295831 5803.6174405899 2.0000000000 -1.0000000000 -1.0000000000 37373290.5939348415
230 37357846.8465944976 2.0000000000 524311.9385037831 231 15920832.6305432431 -1205.0314641509 -3803.7786214434 1.3961006193 0.6294137394 0.9999694815 15929958.2784354128
231 15920832.6305432431 1.3961006193 367483.4565057337 232 2141852.5802727072 -424.8336414163 -1400.4888280146 0.5835473610 0.2217474899 0.7310098575 2144089.1176843806
232 2141852.5802727072 0.5835473610 384815.5170022806 233 773988.0147489201 -245.0321213972 -844.9540071699 0.2105098700 0.1276894436 0.4406872768 774795.5222502423
233 773988.0147489201 0.2105098700 246869.3229397460 234 384147.3437802287 -165.3075566435 -597.3447543059 0.1045153098 0.0862758263 0.3115634632 384548.1939884209
234 384147.3437802287 0.1045153098 265476.6413654283 235 223173.2696281100 -120.4016423538 -456.8114645525 0.0605509553 0.0626850185 0.2379528184 223405.8240883344
235 223173.2696281100 0.0605509553 5212.0121366972 236 142334.7986692623 -91.6698234618 -365.9664494674 0.0385846092 0.0476699118 0.1905575732 142483.0523956129
236 142334.7986692623 0.0385846092 99802.4870556939 237 96475.7570706026 -71.7679119787 -302.2004696899 0.0261577547 0.0373851741 0.1573534349 96576.2539039697
237 96475.7570706026 0.0261577547 20486.3836214083 238 68197.9147119730 -57.2176983086 -254.8019813742 0.0184149591 0.0296639912 0.1324198126 68268.8093987873
238 68197.9147119730 0.0184149591 48424.4319240294 239 49671.9856745723 -46.1593532562 -218.0396747877 0.0134172079 0.0240180670 0.1133152257 49723.6308385681
239 49671.9856745723 0.0134172079 1613.4730502724 240 36964.9359100495 -37.5085870329 -188.5684008758 0.0099749516 0.0194402905 0.0979644154 37003.3502269764
240 36964.9359100495 0.0099749516 26541.3721008493 241 27931.4149213198 -30.5908968376 -164.3034143041 0.0075183648 0.0159001434 0.0852381970 27960.4050925611
241 27931.4149213198 0.0075183648 5451.9112623079 242 21323.8068561151 -24.9650061464 -143.8768755715 0.0057253551 0.0129093295 0.0745567186 21345.9111199157
242 21323.8068561151 0.0057253551 15456.5713610725 243 16378.4382732323 -20.3303907833 -126.3531300911 0.0044254614 0.0105899228 0.0656758324 16395.4699872192
243 16378.4382732323 0.0044254614 262156.0005035605 244 12607.8940606518 -16.4756135768 -111.0695647688 0.0034035221 0.0085451827 0.0577105014 12620.9987989790
244 12607.8940606518 0.0034035221 9210.8532981210 245 9690.1101562142 -13.2479038493 -97.5428275160 0.0026155043 0.0067751091 0.0506912442 9700.1814182934
245 9690.1101562142 0.0026155043 1736.3838863810 246 7406.0260668601 -10.5344511030 -85.4110730925 0.0019799729 0.0054628132 0.0441602832 7413.6866966644
246 7406.0260668601 0.0019799729 5444.7128565489 247 5602.9892077423 -8.2504758409 -74.3970352645 0.0015120870 0.0043946654 0.0386364330 5608.8121081265
247 5602.9892077423 0.0015120870 4002.1821121729 248 4172.4718475345 -6.3313851804 -64.2836325143 0.0011170369 0.0032349620 0.0332651753 4176.7907407651
248 4172.4718475345 0.0011170369 3084.4995631053 249 3036.0712967237 -4.7274796342 -54.8973791089 0.0008161352 0.0023194067 0.0284737693 3039.2203133753
249 3036.0712967237 0.0008161352 481.3780934497 250 2136.4770841568 -3.4003042839 -46.0968004848 0.0005770724 0.0017700735 0.0239570299 2138.6983836652
250 2136.4770841568 0.0005770724 1585.7493342130 251 1431.5128171436 -2.3200907981 -37.7641363708 0.0003825697 0.0010376293 0.0195318461 1432.9932210985
251 1431.5128171436 0.0003825697 426.7429128427 252 890.1382322042 -1.4639431160 -29.7992466810 0.0002408063 0.0006714072 0.0155034028 891.0644182641
252 890.1382322042 0.0002408063 662.7175857928 253 489.7373295526 -0.8145442019 -22.1150140695 0.0001346486 0.0003967406 0.0115970336 490.2510476492
253 489.7373295526 0.0001346486 14218.0465108818 254 214.2762702173 -0.3592388851 -14.6337697686 0.0000563969 0.0001831111 0.0075075533 214.4961857893
254 214.2762702173 0.0000563969 159.6764411037 255 53.0706907796 -0.0893977075 -7.2844147898 0.0000153352 0.0002746666 0.0039063692 53.1276664512
255 53.0706907796 0.0000153352 6458.7899875826 