#int double real img int16 real16 img16 error
0 0.0002040494 0.0142845860 0.0000000000 0.0002031236 0.0142521439 0.0000000000 0.0000000011
0 0.0002040494 0.0002031236 0.0002031236 1 0.0002235020 0.0144693231 0.0037604107 0.0002220129 0.0144352550 0.0036927396 0.0000000057
1 0.0002235020 0.0002220129 0.0002220129 2 0.0002933189 0.0150835528 0.0081120460 0.0002917770 0.0150456252 0.0080874050 0.0000000020
2 0.0002933189 0.0002917770 0.0002908595 3 0.0004642188 0.0163636679 0.0140160315 0.0004611017 0.0163274026 0.0139469588 0.0000000061
3 0.0004642188 0.0004611017 0.0004611017 4 0.0009279151 0.0190178497 0.0237957235 0.0009240849 0.0189825129 0.0237434004 0.0000000040
4 0.0009279151 0.0009240849 0.0009240849 5 0.0028011163 0.0258525357 0.0461818438 0.0027958706 0.0258186590 0.0461439863 0.0000000026
5 0.0028011163 0.0027958706 0.0027958706 6 0.0358431284 0.0678949672 0.1767297424 0.0357939338 0.0678426466 0.1766106143 0.0000000169
6 0.0358431284 0.0357939338 0.0357939338 7 0.0167804497 -0.0307412844 -0.1258388776 0.0167713008 -0.0307626576 -0.1257972961 0.0000000022
7 0.0167804497 0.0167713008 0.0167713008 8 0.0024948656 -0.0062425930 -0.0495569938 0.0024955390 -0.0062562944 -0.0495620594 0.0000000002
8 0.0024948656 0.0024955390 0.0024955390 9 0.0010000785 -0.0006691123 -0.0316169387 0.0010020693 -0.0007019257 -0.0316476943 0.0000000020
9 0.0010000785 0.0010020693 0.0010020693 10 0.0005521267 0.0017602689 -0.0234313493 0.0005523760 0.0017395550 -0.0234382153 0.0000000005
10 0.0005521267 0.0005523760 0.0005523760 11 0.0003577020 0.0031020835 -0.0186568783 0.0003583436 0.0030823695 -0.0186773278 0.0000000008
11 0.0003577020 0.0003583436 0.0003583436 12 0.0002551015 0.0039427875 -0.0154775952 0.0002556152 0.0039063692 -0.0155034028 0.0000000020
12 0.0002551015 0.0002556152 0.0002556152 13 0.0001939679 0.0045126967 -0.0131758675 0.0001947496 0.0044862209 -0.0132145146 0.0000000022
13 0.0001939679 0.0001947496 0.0001939439 14 0.0001544045 0.0049204371 -0.0114102484 0.0001548185 0.0048829615 -0.0114444411 0.0000000026
14 0.0001544045 0.0001548185 0.0001548185 15 0.0001272290 0.0052237883 -0.0099970497 0.0001277303 0.0051881466 -0.0100405896 0.0000000032
15 0.0001272290 0.0001277303 0.0001277303 16 0.0001077103 0.0054562263 -0.0088283597 0.0001072996 0.0054322947 -0.0088198492 0.0000000006
16 0.0001077103 0.0001072996 0.0001072996 17 0.0000932014 0.0056384283 -0.0078364205 0.0000930495 0.0056154057 -0.0078432569 0.0000000006
17 0.0000932014 0.0000930495 0.0000930495 18 0.0000821227 0.0057838161 -0.0069764015 0.0000821123 0.0057679983 -0.0069887387 0.0000000004
18 0.0000821227 0.0000821123 0.0000821123 19 0.0000734827 0.0059014538 -0.0062173546 0.0000730742 0.0058900723 -0.0061952574 0.0000000006
19 0.0000734827 0.0000730742 0.0000730742 20 0.0000666319 0.0059976626 -0.0055371452 0.0000662667 0.0059511093 -0.0055543687 0.0000000025
20 0.0000666319 0.0000662667 0.0000662667 21 0.0000611306 0.0060769681 -0.0049194568 0.0000609569 0.0060426649 -0.0049439985 0.0000000018
21 0.0000611306 0.0000609569 0.0000609569 22 0.0000566719 0.0061426819 -0.0043519384 0.0000563010 0.0061037019 -0.0043641469 0.0000000017
22 0.0000566719 0.0000563010 0.0000563010 23 0.0000530369 0.0061972695 -0.0038250158 0.0000525568 0.0061647389 -0.0038148137 0.0000000012
23 0.0000530369 0.0000525568 0.0000525568 24 0.0000500662 0.0062425930 -0.0033311026 0.0000498260 0.0062257759 -0.0033265175 0.0000000003
24 0.0000500662 0.0000498260 0.0000500300 25 0.0000476422 0.0062800724 -0.0028640607 0.0000469900 0.0062257759 -0.0028687399 0.0000000030
25 0.0000476422 0.0000469900 0.0000469900 26 0.0000456769 0.0063107979 -0.0024188222 0.0000453368 0.0062868130 -0.0024109622 0.0000000006
26 0.0000456769 0.0000453368 0.0000454848 27 0.0000441045 0.0063356068 -0.0019911156 0.0000435811 0.0062868130 -0.0020142216 0.0000000029
27 0.0000441045 0.0000435811 0.0000435811 28 0.0000428756 0.0063551389 -0.0015772651 0.0000424271 0.0063173315 -0.0015869625 0.0000000015
28 0.0000428756 0.0000424271 0.0000424271 29 0.0000419537 0.0063698754 -0.0011740364 0.0000417118 0.0063478500 -0.0011902219 0.0000000007
29 0.0000419537 0.0000417118 0.0000417118 30 0.0000413126 0.0063801660 -0.0007785174 0.0000409248 0.0063478500 -0.0007934812 0.0000000013
30 0.0000413126 0.0000409248 0.0000409248 31 0.0000409347 0.0063862486 -0.0003880204 0.0000404526 0.0063478500 -0.0003967406 0.0000000016
31 0.0000409347 0.0000404526 0.0000408410 32 0.0000408099 0.0063882611 0.0000000000 0.0000399087 0.0063173315 0.0000000000 0.0000000050
32 0.0000408099 0.0000399087 0.0000399087 33 0.0000409347 0.0063862486 0.0003880204 0.0000408177 0.0063783685 0.0003662221 0.0000000005
33 0.0000409347 0.0000408177 0.0000408177 34 0.0000413126 0.0063801660 0.0007785174 0.0000408773 0.0063478500 0.0007629627 0.0000000013
34 0.0000413126 0.0000408773 0.0000408773 35 0.0000419537 0.0063698754 0.0011740364 0.0000416401 0.0063478500 0.0011597034 0.0000000007
35 0.0000419537 0.0000416401 0.0000416401 36 0.0000428756 0.0063551389 0.0015772651 0.0000427177 0.0063478500 0.0015564440 0.0000000005
36 0.0000428756 0.0000427177 0.0000427177 37 0.0000441045 0.0063356068 0.0019911156 0.0000434591 0.0062868130 0.0019837031 0.0000000024
37 0.0000441045 0.0000434591 0.0000438438 38 0.0000456769 0.0063107979 0.0024188222 0.0000451905 0.0062868130 0.0023804437 0.0000000020
38 0.0000456769 0.0000451905 0.0000451905 39 0.0000476422 0.0062800724 0.0028640607 0.0000471967 0.0062562944 0.0028382214 0.0000000012
39 0.0000476422 0.0000471967 0.0000471967 40 0.0000500662 0.0062425930 0.0033311026 0.0000498260 0.0062257759 0.0033265175 0.0000000003
40 0.0000500662 0.0000498260 0.0000498260 41 0.0000530369 0.0061972695 0.0038250158 0.0000525568 0.0061647389 0.0038148137 0.0000000012
41 0.0000530369 0.0000525568 0.0000525568 42 0.0000566719 0.0061426819 0.0043519384 0.0000560355 0.0061037019 0.0043336283 0.0000000019
42 0.0000566719 0.0000560355 0.0000566744 43 0.0000611306 0.0060769681 0.0049194568 0.0000606561 0.0060426649 0.0049134800 0.0000000012
43 0.0000611306 0.0000606561 0.0000606561 44 0.0000666319 0.0059976626 0.0055371452 0.0000662928 0.0059816279 0.0055238502 0.0000000004
44 0.0000666319 0.0000662928 0.0000662928 45 0.0000734827 0.0059014538 0.0062173546 0.0000726970 0.0058900723 0.0061647389 0.0000000029
45 0.0000734827 0.0000726970 0.0000726970 46 0.0000821227 0.0057838161 0.0069764015 0.0000816866 0.0057679983 0.0069582202 0.0000000006
46 0.0000821227 0.0000816866 0.0000816866 47 0.0000932014 0.0056384283 0.0078364205 0.0000925717 0.0056154057 0.0078127384 0.0000000011
47 0.0000932014 0.0000925717 0.0000925717 48 0.0001077103 0.0054562263 0.0088283597 0.0001067622 0.0054322947 0.0087893307 0.0000000021
48 0.0001077103 0.0001067622 0.0001067622 49 0.0001272290 0.0052237883 0.0099970497 0.0001265083 0.0051881466 0.0099795526 0.0000000016
49 0.0001272290 0.0001265083 0.0001265083 50 0.0001544045 0.0049204371 0.0114102484 0.0001537242 0.0049134800 0.0113834040 0.0000000008
50 0.0001544045 0.0001537242 0.0001534252 51 0.0001939679 0.0045126967 0.0131758675 0.0001931402 0.0044862209 0.0131534776 0.0000000012
51 0.0001939679 0.0001931402 0.0001931402 52 0.0002551015 0.0039427875 0.0154775952 0.0002537264 0.0039063692 0.0154423658 0.0000000026
52 0.0002551015 0.0002537264 0.0002537264 53 0.0003577020 0.0031020835 0.0186568783 0.0003560673 0.0030823695 0.0186162908 0.0000000020
53 0.0003577020 0.0003560673 0.0003560673 54 0.0005521267 0.0017602689 0.0234313493 0.0005509463 0.0017395550 0.0234076968 0.0000000010
54 0.0005521267 0.0005509463 0.0005509463 55 0.0010000785 -0.0006691123 0.0316169387 0.0009962407 -0.0006714072 0.0315561388 0.0000000037
55 0.0010000785 0.0009962407 0.0009962407 56 0.0024948656 -0.0062425930 0.0495569938 0.0024894924 -0.0062562944 0.0495010224 0.0000000033
56 0.0024948656 0.0024894924 0.0024925148 57 0.0167804497 -0.0307412844 0.1258388776 0.0167617467 -0.0307321390 0.1257667776 0.0000000053
57 0.0167804497 0.0167617467 0.0167617467 58 0.0358431284 0.0678949672 -0.1767297424 0.0358047145 0.0678426466 -0.1766411328 0.0000000106
58 0.0358431284 0.0358047145 0.0358154971 59 0.0028011163 0.0258525357 -0.0461818438 0.0027986881 0.0258186590 -0.0461745048 0.0000000012
59 0.0028011163 0.0027986881 0.0027986881 60 0.0009279151 0.0190178497 -0.0237957235 0.0009269870 0.0189825129 -0.0238044374 0.0000000013
60 0.0009279151 0.0009269870 0.0009269870 61 0.0004642188 0.0163636679 -0.0140160315 0.0004636640 0.0163274026 -0.0140385144 0.0000000018
61 0.0004642188 0.0004636640 0.0004636640 62 0.0002933189 0.0150835528 -0.0081120460 0.0002922715 0.0150456252 -0.0081179235 0.0000000015
62 0.0002933189 0.0002922715 0.0002922715 63 0.0002235020 0.0144693231 -0.0037604107 0.0002224674 0.0144352550 -0.0037537767 0.0000000012
63 0.0002235020 0.0002224674 0.0002233494 