#int double real img int16 real16 img16 error
0 0.0000000000 -0.0000000000 0.0000000000 0.0000000037 -0.0000610370 0.0000000000 0.0000000037
0 0.0000000000 0.0000000037 0.0000003362 1 0.0016782426 -0.0005027203 0.0409632747 0.0000005858 -0.0007629627 -0.0000610370 0.0016830619
1 0.0016782426 0.0000005858 180.1169277754 2 0.0067760106 -0.0020201487 0.0822917348 0.0000022726 -0.0007934812 0.0012817774 0.0065641179
2 0.0067760106 0.0000022726 159.8173091815 3 0.0154868542 -0.0045805187 0.1243618632 0.0000045451 -0.0008545183 0.0019531846 0.0149977677
3 0.0154868542 0.0000045451 132.8303360353 4 0.0281486425 -0.0082323571 0.1675734787 0.0000141663 -0.0002746666 0.0037537767 0.0269002196
4 0.0281486425 0.0000141663 4906.5840456918 5 0.0452684100 -0.0130468293 0.2123633449 0.0000233106 -0.0002441481 0.0048219245 0.0432373498
5 0.0452684100 0.0000233106 4471.7366384534 6 0.0675613375 -0.0191213162 0.2592213587 0.0000350292 -0.0005798517 0.0058900723 0.0645205266
6 0.0675613375 0.0000350292 1586.2818244820 7 0.0960090044 -0.0265845716 0.3087106492 0.0000518462 -0.0006408887 0.0071718497 0.0915987223
7 0.0960090044 0.0000518462 6915.1027713279 8 0.1319451451 -0.0356039953 0.3614934310 0.0000794699 -0.0010681478 0.0088503677 0.1255498548
8 0.1319451451 0.0000794699 23015.9033391721 9 0.1771820760 -0.0463958352 0.4183652740 0.0001026343 -0.0010986663 0.0100711081 0.1687559594
9 0.1771820760 0.0001026343 21048.6077097536 10 0.2341991078 -0.0592395719 0.4803017603 0.0001340031 -0.0015259255 0.0114749596 0.2231294341
10 0.2341991078 0.0001340031 5447.4231878730 11 0.3064281887 -0.0744984381 0.5485236289 0.0001837807 -0.0018616291 0.0134281442 0.2916032838
11 0.3064281887 0.0001837807 15847.4042826450 12 0.3986966173 -0.0926491837 0.6245900624 0.0002400910 -0.0023194067 0.0153202918 0.3793691220
12 0.3986966173 0.0002400910 69650.3533914923 13 0.5179316946 -0.1143261889 0.7105358662 0.0003087150 -0.0028687399 0.0173345134 0.4929508785
13 0.5179316946 0.0003087150 56770.3480508407 14 0.6743179805 -0.1403885464 0.8090791287 0.0004084658 -0.0035401471 0.0198980682 0.6415342307
14 0.6743179805 0.0004084658 15455.6576379838 15 0.8832688942 -0.1720252547 0.9239459973 0.0005406928 -0.0044251839 0.0228278451 0.8401037080
15 0.8832688942 0.0005406928 62094.6204288377 16 1.1689339104 -0.2109262854 1.0603980444 0.0007448744 -0.0053407392 0.0267647328 1.1106632396
16 1.1689339104 0.0007448744 204622.0384725186 17 1.5707661063 -0.2595731188 1.2261271966 0.0010052797 -0.0066225166 0.0310068056 1.4922967562
17 1.5707661063 0.0010052797 158761.4023491749 18 2.1566074216 -0.3217587629 1.4328568387 0.0013914855 -0.0081179235 0.0364085818 2.0484383102
18 2.1566074216 0.0013914855 48432.7622946193 19 3.0508313133 -0.4035806273 1.6993981260 0.0019831825 -0.0102542192 0.0433362835 2.8972464896
19 3.0508313133 0.0019831825 228512.1359832768 20 4.5010215410 -0.5154973001 2.0579805817 0.0029340287 -0.0132450331 0.0525223548 4.2741200394
20 4.5010215410 0.0029340287 308803.3927959352 21 7.0573584489 -0.6770681912 2.5688396434 0.0046159201 -0.0173955504 0.0656758324 6.7009970576
21 7.0573584489 0.0046159201 317285.9993047579 22 12.1478056345 -0.9295927047 3.3591164073 0.0080121924 -0.0239570299 0.0862453078 11.5318612096
22 12.1478056345 0.0080121924 265462.0471259694 23 24.4756500828 -1.3779168786 4.7515255612 0.0162952700 -0.0355845820 0.1225928526 23.2288740152
23 24.4756500828 0.0162952700 320977.1212736365 24 67.7313256597 -2.3890151290 7.8755274346 0.0453871707 -0.0618610187 0.2038636433 64.2700715798
24 67.7313256597 0.0453871707 524319.9702129969 25 503.4609335885 -6.7763899045 21.3902191071 0.3397682260 -0.1760307627 0.5556810205 477.6427180826
25 503.4609335885 0.3397682260 524319.9702129969 26 1181.3588451497 10.7815240887 -32.6361392244 0.8036695286 0.2810449538 -0.8512833033 1120.5371279869
26 1181.3588451497 0.8036695286 524319.9702129969 27 100.3612732888 3.2589739198 -9.4731389876 0.0688169030 0.0852687155 -0.2480849635 95.1740264714
27 100.3612732888 0.0688169030 524319.9702129969 28 35.4722209042 2.0064674607 -5.6077008866 0.0246050046 0.0527054659 -0.1477401044 33.6283576757
28 35.4722209042 0.0246050046 524319.9702129969 29 18.3266064326 1.4915659415 -4.0127094930 0.0128156039 0.0392773217 -0.1061738945 17.3701626174
29 18.3266064326 0.0128156039 392342.9039090757 30 11.3283915353 1.2113230533 -3.1402369331 0.0080000584 0.0319833979 -0.0835291604 10.7343044300
30 11.3283915353 0.0080000584 228085.7444059519 31 7.7746703680 1.0353472927 -2.5889624083 0.0055292131 0.0277108066 -0.0690023499 7.3655299838
31 7.7746703680 0.0055292131 336073.9731812043 32 5.7137235626 0.9147433754 -2.2083858630 0.0041203713 0.0245063631 -0.0593279824 5.4109717120
32 5.7137235626 0.0041203713 371716.0307885099 33 4.4064170809 0.8270471107 -1.9293548553 0.0032165943 0.0222785119 -0.0521561327 4.1715275417
33 4.4064170809 0.0032165943 320816.0451714185 34 3.5217819440 0.7604925189 -1.7156436322 0.0025944989 0.0206305124 -0.0465712455 3.3331984208
34 3.5217819440 0.0025944989 66797.2627699036 35 2.8931930095 0.7083212217 -1.5464391538 0.0021602507 0.0191961425 -0.0423291726 2.7372402102
35 2.8931930095 0.0021602507 91152.2534177571 36 2.4291429345 0.6663748835 -1.4089313146 0.0018507794 0.0182195502 -0.0389721366 2.2968934854
36 2.4291429345 0.0018507794 70688.8644692767 37 2.0758817543 0.6319547930 -1.2948030329 0.0015972608 0.0173955504 -0.0359813227 1.9623151607
37 2.0758817543 0.0015972608 7681.3479755116 38 1.8000976831 0.6032332655 -1.1984186708 0.0013985267 0.0165410321 -0.0335398419 1.7011504626
38 1.8000976831 0.0013985267 0.0000155000 39 1.5802206270 0.5789285991 -1.1158235990 0.0012441189 0.0162968841 -0.0312814722 1.4927860716
39 1.5802206270 0.0012441189 0.0000150232 40 1.4017642366 0.5581154688 -1.0441606007 0.0011327669 0.0159001434 -0.0296639912 1.3232008297
40 1.4017642366 0.0011327669 9286.7958002209 41 1.2546944091 0.5401091957 -0.9813136430 0.0010319358 0.0154423658 -0.0281685842 1.1837607853
41 1.2546944091 0.0010319358 21083.1665388906 42 1.1318744546 0.5243923586 -0.9256819696 0.0009445622 0.0151066622 -0.0267647328 1.0674241192
42 1.1318744546 0.0009445622 17848.9412447340 43 1.0281105879 0.5105667134 -0.8760320879 0.0008671683 0.0148625141 -0.0254219184 0.9692603137
43 1.0281105879 0.0008671683 137862.2790583550 44 0.9395462734 0.4983207933 -0.8313980156 0.0008202565 0.0146183660 -0.0246284371 0.8848451909
44 0.9395462734 0.0008202565 171940.9271365682 45 0.8632666787 0.4874075294 -0.7910123760 0.0007707724 0.0145878475 -0.0236213263 0.8124474746
45 0.8632666787 0.0007707724 82973.9984026657 46 0.7970337034 0.4776284559 -0.7542577553 0.0007240693 0.0143436995 -0.0227668081 0.7497117715
46 0.7970337034 0.0007240693 10858.6700489276 47 0.7391044316 0.4688223441 -0.7206316960 0.0006887290 0.0141605884 -0.0220954009 0.6946702677
47 0.7391044316 0.0006887290 84707.8977601162 48 0.6881042109 0.4608568811 -0.6897210640 0.0006616836 0.0141911069 -0.0214545122 0.6460904981
48 0.6881042109 0.0006616836 127869.1451582284 49 0.6429362991 0.4536224841 -0.6611829860 0.0006307916 0.0141911069 -0.0207220679 0.6032901229
49 0.6429362991 0.0006307916 62070.7502881299 50 0.6027164807 0.4470276356 -0.6347304733 0.0006191037 0.0142216254 -0.0204168828 0.5647022299
50 0.6027164807 0.0006191037 6630.3203840287 51 0.5667250434 0.4409953205 -0.6101214393 0.0005950844 0.0142826624 -0.0197759941 0.5305914371
51 0.5667250434 0.0005950844 71314.6100286937 52 0.5343710219 0.4354602750 -0.5871502114 0.0005851158 0.0144352550 -0.0194097720 0.4995912740
52 0.5343710219 0.0005851158 101363.1363128529 53 0.5051652436 0.4303668368 -0.5656409014 0.0005765797 0.0144657735 -0.0191656240 0.4716089234
53 0.5051652436 0.0005765797 49979.0453361367 54 0.4786997736 0.4256672506 -0.5454421741 0.0005531844 0.0143742180 -0.0186162908 0.4467074701
54 0.4786997736 0.0005531844 3750.4023776388 55 0.4546320746 0.4213203195 -0.5264230836 0.0005575209 0.0146794031 -0.0184942167 0.4233485687
55 0.4546320746 0.0005575209 27892.3794758794 56 0.4326726799 0.4172903231 -0.5084697299 0.0005506259 0.0148625141 -0.0181585131 0.4023532307
56 0.4326726799 0.0005506259 84459.6342102932 57 0.4125755123 0.4135461422 -0.4914825536 0.0005471156 0.0148930326 -0.0180364391 0.3830755251
57 0.4125755123 0.0005471156 40369.7259976727 58 0.3941302168 0.4100605462 -0.4753741318 0.0005553266 0.0153813288 -0.0178533280 0.3650969706
58 0.3941302168 0.0005553266 1652.4661956515 59 0.3771560404 0.4068096083 -0.4600673679 0.0005631763 0.0155644398 -0.0179143651 0.3485720598
59 0.3771560404 0.0005631763 46843.0407769897 60 0.3614969103 0.4037722235 -0.4454939976 0.0005742560 0.0160527360 -0.0177922910 0.3332551508
60 0.3614969103 0.0005742560 73624.4346054959 61 0.3470174478 0.4009297075 -0.4315933473 0.0005872347 0.0164189581 -0.0178228095 0.3190545743
61 0.3470174478 0.0005872347 31622.2139459401 62 0.3335997201 0.3982654628 -0.4183112971 0.0006163515 0.0170598468 -0.0180364391 0.3055376836
62 0.3335997201 0.0006163515 253.3607870649 63 0.3211405766 0.3957646980 -0.4055994088 0.0006386776 0.0176396985 -0.0180974761 0.2931362631
63 0.3211405766 0.0006386776 65355.8622906555 64 0.3095494517 0.3934141912 -0.3934141912 1.0000000000 -1.0000000000 0.0000000000 2.0963778340
64 0.3095494517 1.0000000000 67473.8021865676 65 0.2987465423 0.3912020894 -0.3817164754 0.0007253434 0.0191656240 -0.0189214759 0.2700313433
65 0.2987465423 0.0007253434 28051.2865234980 66 0.2886612900 0.3891177381 -0.3704708840 0.0007837791 0.0202337718 -0.0193487350 0.2593621441
66 0.2886612900 0.0007837791 415.7446602837 67 0.2792311077 0.3871515351 -0.3596453761 0.0008663552 0.0215765862 -0.0200201422 0.2489903428
67 0.2792311077 0.0008663552 29338.0131757906 68 0.2704003100 0.3852948061 -0.3492108567 0.0009772825 0.0231330302 -0.0210272530 0.2388656296
68 0.2704003100 0.0009772825 66771.9981680344 69 0.2621192076 0.3835396960 -0.3391408398 0.0011294140 0.0250251778 -0.0224311045 0.2288377162
69 0.2621192076 0.0011294140 21922.3243650508 70 0.2543433395 0.3818790767 -0.3294111569 0.0013304355 0.0277413251 -0.0236823634 0.2188836423
70 0.2543433395 0.0013304355 8408.2518693844 71 0.2470328186 0.3803064658 -0.3199997041 0.0016770241 0.0312814722 -0.0264290292 0.2080021873
71 0.2470328186 0.0016770241 41302.8527964447 72 0.2401517715 0.3788159566 -0.3108862212 0.0022017064 0.0362559893 -0.0297860652 0.1963646289
72 0.2401517715 0.0022017064 80142.2097746354 73 0.2336678581 0.3774021566 -0.3020520987 0.0031759451 0.0440687277 -0.0351268044 0.1823602875
73 0.2336678581 0.0031759451 1531.9617873111 74 0.2275518576 0.3760601341 -0.2934802091 0.0052434249 0.0572222053 -0.0443739128 0.1637115718
74 0.2275518576 0.0052434249 124566.8877153438 75 0.2217773104 0.3747853708 -0.2851547583 0.0114243093 0.0850550859 -0.0647297586 0.1325308185
75 0.2217773104 0.0114243093 138560.0057857038 76 0.2163202077 0.3735737206 -0.2770611539 0.0520400102 0.1832026124 -0.1359294412 0.0561593192
76 0.2163202077 0.0520400102 427937.1305551045 77 0.2111587222 0.3724213727 -0.2691858900 0.7453984680 -0.6997894223 0.5056611835 1.7500239761
77 0.2111587222 0.7453984680 52656.6632748365 78 0.2062729720 0.3713248196 -0.2615164437 0.0184761992 -0.1112094485 0.0781579028 0.3482179815
78 0.2062729720 0.0184761992 524311.9697554512 79 0.2016448152 0.3702808281 -0.2540411847 0.0048935606 -0.0577410199 0.0394909513 0.2693638173
79 0.2016448152 0.0048935606 11656.2753595632 80 0.1972576694 0.3692864141 -0.2467492932 0.0020452841 -0.0376293222 0.0250862148 0.2394749599
80 0.1972576694 0.0020452841 3371.9066841943 81 0.1930963525 0.3683388196 -0.2396306876 0.0010467550 -0.0271614734 0.0175786615 0.2225771311
81 0.1930963525 0.0010467550 2133.3771714540 82 0.1891469434 0.3674354926 -0.2326759596 0.0006058903 -0.0208441420 0.0130924406 0.2111631812
82 0.1891469434 0.0006058903 99496.2535922305 83 0.1853966580 0.3665740688 -0.2258763158 0.0003716250 -0.0164189581 0.0101016266 0.2023692480
83 0.1853966580 0.0003716250 92.8314966607 84 0.1818337398 0.3657523557 -0.2192235254 0.0002393813 -0.0133365886 0.0078432569 0.1952677514
84 0.1818337398 0.0002393813 14157.0769233491 85 0.1784473629 0.3649683175 -0.2127098732 0.0001611109 -0.0109561449 0.0064088870 0.1893322325
85 0.1784473629 0.0001611109 3991.9783178093 86 0.1752275457 0.3642200624 -0.2063281168 0.0001077606 -0.0090945158 0.0050050356 0.1840254756
86 0.1752275457 0.0001077606 44521.4349609438 87 0.1721650735 0.3635058309 -0.2000714485 0.0000768835 -0.0076906644 0.0042115543 0.1795183833
87 0.1721650735 0.0000768835 4500.5570625915 88 0.1692514306 0.3628239844 -0.1939334601 0.0000537313 -0.0065004425 0.0033875546 0.1753361152
88 0.1692514306 0.0000537313 5625.7416242243 89 0.1664787380 0.3621729967 -0.1879081118 0.0000367234 -0.0054017762 0.0027466659 0.1714604579
89 0.1664787380 0.0000367234 136197.2413711606 90 0.1638396988 0.3615514440 -0.1819897032 0.0000281891 -0.0047303690 0.0024109622 0.1681659720
90 0.1638396988 0.0000281891 228699.2505988041 91 0.1613275487 0.3609579983 -0.1761728474 0.0000188399 -0.0039063692 0.0018921476 0.1648331491
91 0.1613275487 0.0000188399 58366.3985995187 92 0.1589360115 0.3603914190 -0.1704524467 0.0000126342 -0.0032654805 0.0014038514 0.1617809278
92 0.1589360115 0.0000126342 71682.4756199874 93 0.1566592592 0.3598505473 -0.1648236717 0.0000081635 -0.0026245918 0.0011291849 0.1589285771
93 0.1566592592 0.0000081635 12811.7281810747 94 0.1544918757 0.3593343000 -0.1592819405 0.0000056665 -0.0021973327 0.0009155553 0.1563683591
94 0.1544918757 0.0000056665 21434.3821756736 95 0.1524288245 0.3588416637 -0.1538229011 0.0000035839 -0.0017700735 0.0006714072 0.1539093164
95 0.1524288245 0.0000035839 25567.2545377893 96 0.1504654191 0.3583716906 -0.1484424146 0.0000026302 -0.0015259255 0.0005493332 0.1517248350
96 0.1504654191 0.0000026302 18636.8008732891 97 0.1485972960 0.3579234933 -0.1431365394 0.0000012667 -0.0010986663 0.0002441481 0.1494549327
97 0.1485972960 0.0000012667 11817.0918380084 98 0.1468203910 0.3574962412 -0.1379015175 0.0000007386 -0.0008545183 0.0000915555 0.1474573550
98 0.1468203910 0.0000007386 17470.0123477478 99 0.1451309169 0.3570891563 -0.1327337612 0.0000004145 -0.0006408887 0.0000610370 0.1456052436
99 0.1451309169 0.0000004145 20182.1083942602 100 0.1435253439 0.3567015104 -0.1276298412 0.0000001127 -0.0003357036 0.0000000000 0.1437649485
100 0.1435253439 0.0000001127 71053.9091715278 101 0.1420003808 0.3563326211 -0.1225864754 0.0000000009 0.0000000000 -0.0000305185 0.1419928994
101 0.1420003808 0.0000000009 68014.4655719877 102 0.1405529592 0.3559818497 -0.1176005183 0.0000002729 -0.0000610370 -0.0005188147 0.1404746625
102 0.1405529592 0.0000002729 262155.9692673906 103 0.1391802180 0.3556485980 -0.1126689520 0.0000000838 0.0002746666 -0.0000915555 0.1389643013
103 0.1391802180 0.0000000838 262156.0005185818 104 0.1378794897 0.3553323061 -0.1077888766 0.0000001835 0.0004272591 0.0000305185 0.1375826143
104 0.1378794897 0.0000001835 60580.5070793158 105 0.1366482881 0.3550324502 -0.1029575027 0.0000001583 0.0003967406 -0.0000305185 0.1363604506
105 0.1366482881 0.0000001583 50203.4502861383 106 0.1354842966 0.3547485405 -0.0981721427 0.0000001975 0.0004272591 0.0001220740 0.1352053234
106 0.1354842966 0.0000001975 13386.7404962316 107 0.1343853579 0.3544801191 -0.0934302044 0.0000004517 0.0006714072 -0.0000305185 0.1339041059
107 0.1343853579 0.0000004517 15934.4848699001 108 0.1333494647 0.3542267588 -0.0887291840 0.0000009770 0.0009765923 -0.0001525925 0.1326314927
108 0.1333494647 0.0000009770 17986.9541225651 109 0.1323747505 0.3539880608 -0.0840666595 0.0000011484 0.0010071108 -0.0003662221 0.1316013143
109 0.1323747505 0.0000011484 11277.9819672687 110 0.1314594818 0.3537636540 -0.0794402850 0.0000010739 0.0010071108 -0.0002441481 0.1307092069
110 0.1314594818 0.0000010739 12270.8637490196 111 0.1306020513 0.3535531931 -0.0748477852 0.0000013086 0.0011291849 -0.0001831111 0.1297774951
111 0.1306020513 0.0000013086 14140.2594284291 112 0.1298009706 0.3533563574 -0.0702869496 0.0000018488 0.0013428144 -0.0002136296 0.1288238046
112 0.1298009706 0.0000018488 17736.3552951033 113 0.1290548647 0.3531728502 -0.0657556282 0.0000019196 0.0013733329 -0.0001831111 0.1280626553
113 0.1290548647 0.0000019196 10654.3313496923 114 0.1283624663 0.3530023970 -0.0612517264 0.0000020639 0.0014038514 -0.0003051851 0.1273360182
114 0.1283624663 0.0000020639 11500.5671901841 115 0.1277226106 0.3528447454 -0.0567732003 0.0000023368 0.0015259255 -0.0000915555 0.1266377221
115 0.1277226106 0.0000023368 10879.7208787182 116 0.1271342313 0.3526996635 -0.0523180529 0.0000021794 0.0014648885 -0.0001831111 0.1260839194
116 0.1271342313 0.0000021794 17528.0193967681 117 0.1265963560 0.3525669397 -0.0478843297 0.0000024262 0.0015564440 -0.0000610370 0.1254954354
117 0.1265963560 0.0000024262 12078.0731665436 118 0.1261081027 0.3524463814 -0.0434701150 0.0000019857 0.0014038514 -0.0001220740 0.1251099105
118 0.1261081027 0.0000019857 10981.4068667954 119 0.1256686766 0.3523378151 -0.0390735279 0.0000024682 0.0015564440 -0.0002136296 0.1245576620
119 0.1256686766 0.0000024682 613.0522336626 120 0.1252773669 0.3522410853 -0.0346927188 0.0000027615 0.0016479995 -0.0002136296 0.1241043194
120 0.1252773669 0.0000027615 17373.2124915287 121 0.1249335446 0.3521560541 -0.0303258662 0.0000024216 0.0015259255 -0.0003051851 0.1238427284
121 0.1249335446 0.0000024216 6829.7539049901 122 0.1246366597 0.3520826009 -0.0259711729 0.0000028631 0.0016785180 -0.0002136296 0.1234464723
122 0.1246366597 0.0000028631 10659.2676087550 123 0.1243862395 0.3520206219 -0.0216268630 0.0000032878 0.0018005921 -0.0002136296 0.1231125959
123 0.1243862395 0.0000032878 20949.9411334853 124 0.1241818868 0.3519700299 -0.0172911788 0.0000027168 0.0016479995 0.0000305185 0.1230255662
124 0.1241818868 0.0000027168 17280.4318679277 125 0.1240232787 0.3519307538 -0.0129623772 0.0000033539 0.0018311106 -0.0000305185 0.1227369932
125 0.1240232787 0.0000033539 1022.6876240032 126 0.1239101651 0.3519027386 -0.0086387273 0.0000034694 0.0018616291 -0.0000610370 0.1226023551
126 0.1239101651 0.0000034694 10504.8560543820 127 0.1238423679 0.3518859451 -0.0043185070 0.0000034657 0.0018616291 0.0000000000 0.1225356713
127 0.1238423679 0.0000034657 94327.6738218683 128 0.1238197807 0.3518803499 0.0000000000 1.0000000000 -1.0000000000 0.0000000000 1.8275804805
128 0.1238197807 1.0000000000 118707.0507468718 129 0.1238423679 0.3518859451 0.0043185070 0.0000040608 0.0020142216 -0.0000610370 0.1224294033
129 0.1238423679 0.0000040608 117724.6452015343 130 0.1239101651 0.3519027386 0.0086387273 0.0000034666 0.0018616291 0.0000305185 0.1226028796
130 0.1239101651 0.0000034666 10505.2752228535 131 0.1240232787 0.3519307538 0.0129623772 0.0000036966 0.0019226661 0.0000000000 0.1226736847
131 0.1240232787 0.0000036966 640.6901354650 132 0.1241818868 0.3519700299 0.0172911788 0.0000027168 0.0016479995 -0.0000305185 0.1230255662
132 0.1241818868 0.0000027168 17280.1604401976 133 0.1243862395 0.3520206219 0.0216268630 0.0000034666 0.0018616291 0.0000305185 0.1230777224
133 0.1243862395 0.0000034666 1053.1000476178 134 0.1246366597 0.3520826009 0.0259711729 0.0000027308 0.0016479995 0.0001220740 0.1234725858
134 0.1246366597 0.0000027308 10659.4217259929 135 0.1249335446 0.3521560541 0.0303258662 0.0000035951 0.0018921476 0.0001220740 0.1235970733
135 0.1249335446 0.0000035951 3746.5908285742 136 0.1252773669 0.3522410853 0.0346927188 0.0000029441 0.0017090365 0.0001525925 0.1240657375
136 0.1252773669 0.0000029441 17374.1087274490 137 0.1256686765 0.3523378151 0.0390735279 0.0000023117 0.0014954070 0.0002746666 0.1245957470
137 0.1256686765 0.0000023117 8894.9861834287 138 0.1261081027 0.3524463814 0.0434701150 0.0000026619 0.0016174810 0.0002136296 0.1249520409
138 0.1261081027 0.0000026619 10980.9776069852 139 0.1265963560 0.3525669397 0.0478843297 0.0000027913 0.0016479995 0.0002746666 0.1254107826
139 0.1265963560 0.0000027913 844.4297341934 140 0.1271342313 0.3526996635 0.0523180529 0.0000022819 0.0014954070 0.0002136296 0.1260593008
140 0.1271342313 0.0000022819 17528.5600521350 141 0.1277226106 0.3528447454 0.0567732003 0.0000024234 0.0015564440 0.0000305185 0.1266232027
141 0.1277226106 0.0000024234 12174.2822167231 142 0.1283624663 0.3530023970 0.0612517264 0.0000015889 0.0012512589 0.0001525925 0.1274619673
142 0.1283624663 0.0000015889 11500.4067549833 143 0.1290548647 0.3531728502 0.0657556282 0.0000022586 0.0014648885 0.0003357036 0.1279782569
143 0.1290548647 0.0000022586 16684.9283889374 144 0.1298009706 0.3533563574 0.0702869496 0.0000016765 0.0012817774 0.0001831111 0.1288710581
144 0.1298009706 0.0000016765 17735.8980778768 145 0.1306020513 0.3535531931 0.0748477852 0.0000015358 0.0012207404 0.0002136296 0.1297084144
145 0.1306020513 0.0000015358 10786.7123259625 146 0.1314594818 0.3537636540 0.0794402850 0.0000013682 0.0011291849 0.0003051851 0.1306134329
146 0.1314594818 0.0000013682 12270.6731644858 147 0.1323747505 0.3539880608 0.0840666595 0.0000011493 0.0010681478 0.0000915555 0.1316042831
147 0.1323747505 0.0000011493 13179.7746260717 148 0.1333494647 0.3542267588 0.0887291840 0.0000008168 0.0008850368 0.0001831111 0.1326907795
148 0.1333494647 0.0000008168 17986.6837464360 149 0.1343853579 0.3544801191 0.0934302044 0.0000007842 0.0008850368 0.0000305185 0.1337529836
149 0.1343853579 0.0000007842 11439.3075256783 150 0.1354842966 0.3547485405 0.0981721427 0.0000006753 0.0007934812 0.0002136296 0.1348800542
150 0.1354842966 0.0000006753 13386.7998693468 151 0.1366482881 0.3550324502 0.1029575027 0.0000002170 0.0003967406 0.0002441481 0.1363165197
151 0.1366482881 0.0000002170 17256.8113540542 152 0.1378794897 0.3553323061 0.1077888766 0.0000001835 0.0004272591 0.0000305185 0.1375694561
152 0.1378794897 0.0000001835 38447.4666557529 153 0.1391802180 0.3556485980 0.1126689520 0.0000000494 0.0002136296 -0.0000610370 0.1390420672
153 0.1391802180 0.0000000494 3261.1429098040 154 0.1405529592 0.3559818497 0.1176005183 0.0000000382 0.0001220740 0.0001525925 0.1404301952
154 0.1405529592 0.0000000382 30487.4598527015 155 0.1420003808 0.3563326211 0.1225864754 0.0000000745 -0.0002441481 0.0001220740 0.1421445219
155 0.1420003808 0.0000000745 13617.2453593347 156 0.1435253439 0.3567015104 0.1276298412 0.0000002729 -0.0005188147 0.0000610370 0.1438801604
156 0.1435253439 0.0000002729 17582.5738472176 157 0.1451309169 0.3570891563 0.1327337612 0.0000003819 -0.0005798517 -0.0002136296 0.1456021280
157 0.1451309169 0.0000003819 12595.9353800920 158 0.1468203910 0.3574962412 0.1379015175 0.0000010292 -0.0009765923 -0.0002746666 0.1475954302
158 0.1468203910 0.0000010292 17470.5250357354 159 0.1485972960 0.3579234933 0.1431365394 0.0000015545 -0.0011597034 -0.0004577776 0.1495600700
159 0.1485972960 0.0000015545 14113.2687351029 160 0.1504654191 0.3583716906 0.1484424146 0.0000025380 -0.0014954070 -0.0005493332 0.1517028688
160 0.1504654191 0.0000025380 18636.8085716774 161 0.1524288245 0.3588416637 0.1538229011 0.0000041623 -0.0018921476 -0.0007629627 0.1540256719
161 0.1524288245 0.0000041623 12079.0104073249 162 0.1544918757 0.3593343000 0.1592819405 0.0000062179 -0.0023194067 -0.0009155553 0.1564566412
162 0.1544918757 0.0000062179 21433.9684993947 163 0.1566592592 0.3598505473 0.1648236717 0.0000089431 -0.0027161473 -0.0012512589 0.1590354906
163 0.1566592592 0.0000089431 15211.1366234595 164 0.1589360115 0.3603914190 0.1704524467 0.0000125494 -0.0032654805 -0.0013733329 0.1617704391
164 0.1589360115 0.0000125494 41303.0232348048 165 0.1613275487 0.3609579983 0.1761728474 0.0000187254 -0.0039063692 -0.0018616291 0.1648222815
165 0.1613275487 0.0000187254 21786.3708188214 166 0.1638396988 0.3615514440 0.1819897032 0.0000271003 -0.0047608875 -0.0021057772 0.1680758701
166 0.1638396988 0.0000271003 13332.1263856512 167 0.1664787380 0.3621729967 0.1879081118 0.0000375653 -0.0054322947 -0.0028382214 0.1715178139
167 0.1664787380 0.0000375653 13485.9592361520 168 0.1692514306 0.3628239844 0.1939334601 0.0000519533 -0.0063783685 -0.0033570360 0.1752339173
168 0.1692514306 0.0000519533 31304.4051402396 169 0.1721650735 0.3635058309 0.2000714485 0.0000751856 -0.0076296274 -0.0041199988 0.1794356755
169 0.1721650735 0.0000751856 5524.1512958865 170 0.1752275457 0.3642200624 0.2063281168 0.0001090552 -0.0092471084 -0.0048524430 0.1840749565
170 0.1752275457 0.0001090552 44521.5790218545 171 0.1784473629 0.3649683175 0.2127098732 0.0001605195 -0.0110171819 -0.0062562944 0.1893112783
171 0.1784473629 0.0001605195 18883.5600227780 172 0.1818337398 0.3657523557 0.2192235254 0.0002358569 -0.0132755516 -0.0077211829 0.1951660551
172 0.1818337398 0.0002358569 14158.1191361133 173 0.1853966580 0.3665740688 0.2258763158 0.0003677831 -0.0163579211 -0.0100100711 0.2022792964
173 0.1853966580 0.0003677831 3967.3985055155 174 0.1891469434 0.3674354926 0.2326759596 0.0006012837 -0.0207525864 -0.0130619221 0.2110770912
174 0.1891469434 0.0006012837 99497.5305687821 175 0.1930963525 0.3683388196 0.2396306876 0.0010500744 -0.0272225105 -0.0175786615 0.2226254151
175 0.1930963525 0.0010500744 19050.1247539583 176 0.1972576694 0.3692864141 0.2467492932 0.0020514135 -0.0376903592 -0.0251167333 0.2395412304
176 0.1972576694 0.0020514135 3372.1601707393 177 0.2016448152 0.3702808281 0.2540411847 0.0048994972 -0.0577715384 -0.0395214698 0.2694078606
177 0.2016448152 0.0048994972 1226.4374642123 178 0.2062729720 0.3713248196 0.2615164437 0.0184761992 -0.1112094485 -0.0781579028 0.3482179815
178 0.2062729720 0.0184761992 524311.9385037831 179 0.2111587222 0.3724213727 0.2691858900 0.7453439106 -0.6997283853 -0.5056917020 1.7499403860
179 0.2111587222 0.7453439106 53876.0598389875 180 0.2163202077 0.3735737206 0.2770611539 0.0520205332 0.1831720939 0.1358989227 0.0561795550
180 0.2163202077 0.0520205332 427927.2893191674 181 0.2217773104 0.3747853708 0.2851547583 0.0114584350 0.0851161229 0.0649128697 0.1324147627
181 0.2217773104 0.0114584350 352669.1098407976 182 0.2275518576 0.3760601341 0.2934802091 0.0052574068 0.0571306497 0.0446485794 0.1636331960
182 0.2275518576 0.0052574068 124568.5949127270 183 0.2336678581 0.3774021566 0.3020520987 0.0031737918 0.0439466536 0.0352488784 0.1823765308
183 0.2336678581 0.0031737918 1235.3220545974 184 0.2401517715 0.3788159566 0.3108862212 0.0021980741 0.0362559893 0.0297250282 0.1963989476
184 0.2401517715 0.0021980741 80137.0129254042 185 0.2470328186 0.3803064658 0.3199997041 0.0016661791 0.0311593982 0.0263679922 0.2081232571
185 0.2470328186 0.0016661791 289.0236592065 186 0.2543433395 0.3818790767 0.3294111569 0.0013416008 0.0276802881 0.0239875484 0.2187403624
186 0.2543433395 0.0013416008 8406.0931288090 187 0.2621192076 0.3835396960 0.3391408398 0.0011329756 0.0251777703 0.0223395489 0.2287863276
187 0.2621192076 0.0011329756 23118.5951419069 188 0.2704003100 0.3852948061 0.3492108567 0.0009715303 0.0229804376 0.0210577715 0.2389561489
188 0.2704003100 0.0009715303 66774.3381144482 189 0.2792311077 0.3871515351 0.3596453761 0.0008649479 0.0215155492 0.0200506607 0.2490142450
189 0.2792311077 0.0008649479 23001.9364858601 190 0.2886612900 0.3891177381 0.3704708840 0.0007825450 0.0202032533 0.0193487350 0.2593846606
190 0.2886612900 0.0007825450 415.6016606603 191 0.2987465423 0.3912020894 0.3817164754 0.0007103864 0.0190740684 0.0186162908 0.2703210081
191 0.2987465423 0.0007103864 5997.2167021321 192 0.3095494517 0.3934141912 0.3934141912 1.0000000000 -1.0000000000 0.0000000000 2.0963778340
192 0.3095494517 1.0000000000 67473.7909755265 193 0.3211405766 0.3957646980 0.4055994088 0.0006386292 0.0177007355 0.0180364391 0.2931374153
193 0.3211405766 0.0006386292 29979.9155588692 194 0.3335997201 0.3982654628 0.4183112971 0.0006141535 0.0170598468 0.0179754021 0.3055865505
194 0.3335997201 0.0006141535 253.2880193743 195 0.3470174478 0.4009297075 0.4315933473 0.0005868529 0.0165715506 0.0176702170 0.3190635505
195 0.3470174478 0.0005868529 28757.2456389339 196 0.3614969103 0.4037722235 0.4454939976 0.0005731709 0.0160527360 0.0177617725 0.3332812573
196 0.3614969103 0.0005731709 73624.0283798332 197 0.3771560404 0.4068096083 0.4600673679 0.0005553145 0.0156254769 0.0176396985 0.3487672674
197 0.3771560404 0.0005553145 34372.6013233296 198 0.3941302168 0.4100605462 0.4753741318 0.0005568922 0.0152897732 0.0179754021 0.3650575611
198 0.3941302168 0.0005568922 1651.8270640184 199 0.4125755123 0.4135461422 0.4914825536 0.0005513263 0.0151066622 0.0179754021 0.3829630418
199 0.4125755123 0.0005513263 40241.5422103049 200 0.4326726799 0.4172903231 0.5084697299 0.0005515340 0.0148930326 0.0181585131 0.4023286686
200 0.4326726799 0.0005515340 84463.3081258303 201 0.4546320746 0.4213203195 0.5264230836 0.0005485639 0.0145268105 0.0183721427 0.4235967175
201 0.4546320746 0.0005485639 28468.6877613370 202 0.4786997736 0.4256672506 0.5454421741 0.0005555734 0.0144962920 0.0185857723 0.4466392254
202 0.4786997736 0.0005555734 3750.9311712527 203 0.5051652436 0.4303668368 0.5656409014 0.0005698524 0.0143131809 0.0191045869 0.4718025876
203 0.5051652436 0.0005698524 25928.6091398559 204 0.5343710219 0.4354602750 0.5871502114 0.0005792155 0.0144352550 0.0192571795 0.4997645632
204 0.5343710219 0.0005792155 101364.3943497629 205 0.5667250434 0.4409953205 0.6101214393 0.0005965019 0.0143742180 0.0197454756 0.5305493436
205 0.5667250434 0.0005965019 56049.0761610262 206 0.6027164807 0.4470276356 0.6347304733 0.0006177821 0.0144352550 0.0202337718 0.5647423639
206 0.6027164807 0.0006177821 6629.6799081143 207 0.6429362991 0.4536224841 0.6611829860 0.0006268938 0.0140079958 0.0207525864 0.6034119950
207 0.6429362991 0.0006268938 56813.7599295806 208 0.6881042109 0.4608568811 0.6897210640 0.0006568982 0.0141605884 0.0213629566 0.6462401375
208 0.6881042109 0.0006568982 127867.9543375052 209 0.7391044316 0.4688223441 0.7206316960 0.0006903803 0.0143131809 0.0220343638 0.6946168119
209 0.7391044316 0.0006903803 71501.3060351005 210 0.7970337034 0.4776284559 0.7542577553 0.0007191935 0.0142216254 0.0227362896 0.7498695454
210 0.7970337034 0.0007191935 10858.2802900521 211 0.8632666787 0.4874075294 0.7910123760 0.0007655659 0.0145573290 0.0235297708 0.8126168612
211 0.8632666787 0.0007655659 82126.9313328852 212 0.9395462734 0.4983207933 0.8313980156 0.0008086022 0.0145268105 0.0244453261 0.8852292609
212 0.9395462734 0.0008086022 171935.8135742169 213 1.0281105879 0.5105667134 0.8760320879 0.0008678146 0.0148319956 0.0254524369 0.9692386532
213 1.0281105879 0.0008678146 99140.5972768697 214 1.1318744546 0.5243923586 0.9256819696 0.0009364173 0.0151066622 0.0266121403 1.0676984786
214 1.1318744546 0.0009364173 17851.3981167828 215 1.2546944091 0.5401091957 0.9813136430 0.0010273981 0.0153508103 0.0281380657 1.1839150441
215 1.2546944091 0.0010273981 4115.0242577835 216 1.4017642366 0.5581154688 1.0441606007 0.0011263739 0.0158696249 0.0295724357 1.3234196998
216 1.4017642366 0.0011263739 935.8031249072 217 1.5802206270 0.5789285991 1.1158235990 0.0012480223 0.0163579211 0.0313119907 1.4926511963
217 1.5802206270 0.0012480223 12305.8888131933 218 1.8000976831 0.6032332655 1.1984186708 0.0013883002 0.0167241432 0.0332956938 1.7015045019
218 1.8000976831 0.0013883002 62785.2761120033 219 2.0758817543 0.6319547930 1.2948030329 0.0015938743 0.0174871059 0.0358897671 1.9624331490
219 2.0758817543 0.0015938743 66877.8240213909 220 2.4291429345 0.6663748835 1.4089313146 0.0018330627 0.0181890316 0.0387585070 2.2975184210
220 2.4291429345 0.0018330627 125578.7503337377 221 2.8931930095 0.7083212217 1.5464391538 0.0021499311 0.0191961425 0.0422070986 2.7376074507
221 2.8931930095 0.0021499311 267333.1606728823 222 3.5217819440 0.7604925189 1.7156436322 0.0025882261 0.0204779199 0.0465712455 3.3334242390
222 3.5217819440 0.0025882261 66786.5822223536 223 4.4064170809 0.8270471107 1.9293548553 0.0031912272 0.0220648824 0.0520035401 4.1724443484
223 4.4064170809 0.0031912272 323684.9632759824 224 5.7137235626 0.9147433754 2.2083858630 0.0041131327 0.0245063631 0.0592669454 5.4112340599
224 5.7137235626 0.0041131327 371710.3224823781 225 7.7746703680 1.0353472927 2.5889624083 0.0055334229 0.0275582141 0.0690939055 7.3653760986
225 7.7746703680 0.0055334229 357218.5383395554 226 11.3283915352 1.2113230533 3.1402369331 0.0079753666 0.0320749535 0.0833460494 10.7352079557
226 11.3283915352 0.0079753666 228113.3205112747 227 18.3266064326 1.4915659415 4.0127094930 0.0127822959 0.0394299142 0.1059602649 17.3713885725
227 18.3266064326 0.0127822959 453933.8077767777 228 35.4722209042 2.0064674607 5.6077008866 0.0245631577 0.0527359844 0.1475875118 33.6299047468
228 35.4722209042 0.0245631577 524311.9385037831 229 100.3612732888 3.2589739198 9.4731389876 0.0687757621 0.0851161229 0.2480544450 95.1755581329
229 100.3612732888 0.0687757621 524311.9385037831 230 1181.3588451498 10.7815240887 32.6361392244 0.8033921153 0.2811059908 0.8511001923 1120.5474865054
230 1181.3588451498 0.8033921153 524311.9385037831 231 503.4609335885 -6.7763899045 -21.3902191071 0.3396201562 -0.1760917997 -0.5555284280 477.6482707676
231 503.4609335885 0.3396201562 524312.0010071192 232 67.7313256597 -2.3890151290 -7.8755274346 0.0454369585 -0.0618610187 -0.2039857173 64.2681985727
232 67.7313256597 0.0454369585 524312.0010071192 233 24.4756500828 -1.3779168786 -4.7515255612 0.0162653541 -0.0355845820 -0.1224707785 23.2300041751
233 24.4756500828 0.0162653541 317536.1647320210 234 12.1478056345 -0.9295927047 -3.3591164073 0.0080309215 -0.0240180670 -0.0863368633 11.5311513682
234 12.1478056345 0.0080309215 265476.6413654283 235 7.0573584489 -0.6770681912 -2.5688396434 0.0046349259 -0.0173650319 -0.0658284249 6.7002734180
235 7.0573584489 0.0046349259 296115.1216030561 236 4.5010215410 -0.5154973001 -2.0579805817 0.0029524895 -0.0132145146 -0.0527054659 4.2734162867
236 4.5010215410 0.0029524895 308800.1092968571 237 3.0508313133 -0.4035806273 -1.6993981260 0.0019804144 -0.0103762932 -0.0432752464 2.8973526405
237 3.0508313133 0.0019804144 284044.6553115909 238 2.1566074216 -0.3217587629 -1.4328568387 0.0013858218 -0.0081789605 -0.0363170263 2.0486557401
238 2.1566074216 0.0013858218 48424.4319240294 239 1.5707661063 -0.2595731188 -1.2261271966 0.0010019035 -0.0066530351 -0.0309457686 1.4924272147
239 1.5707661063 0.0010019035 104024.8470472584 240 1.1689339104 -0.2109262854 -1.0603980444 0.0007481454 -0.0053407392 -0.0268257698 1.1105370635
240 1.1689339104 0.0007481454 204617.9974969951 241 0.8832688942 -0.1720252547 -0.9239459973 0.0005624228 -0.0043336283 -0.0233161412 0.8392546192
241 0.8832688942 0.0005624228 89328.1772997131 242 0.6743179805 -0.1403885464 -0.8090791287 0.0004225342 -0.0034485916 -0.0202642903 0.6409814006
242 0.6743179805 0.0004225342 15456.5713610725 243 0.5179316946 -0.1143261889 -0.7105358662 0.0003249713 -0.0028992584 -0.0177922910 0.4923096218
243 0.5179316946 0.0003249713 208099.3772561648 244 0.3986966173 -0.0926491837 -0.6245900624 0.0002496777 -0.0023499252 -0.0156254769 0.3789918225
244 0.3986966173 0.0002496777 69646.0742565742 245 0.3064281887 -0.0744984381 -0.5485236289 0.0001919573 -0.0018311106 -0.0137333293 0.2912812051
245 0.3064281887 0.0001919573 34391.8086703245 246 0.2341991078 -0.0592395719 -0.4803017603 0.0001470061 -0.0015564440 -0.0120242927 0.2226111299
246 0.2341991078 0.0001470061 5444.7128565489 247 0.1771820760 -0.0463958352 -0.4183652740 0.0001109208 -0.0011597034 -0.0104678488 0.1684266172
247 0.1771820760 0.0001109208 39685.8170637361 248 0.1319451451 -0.0356039953 -0.3614934310 0.0000830511 -0.0009460738 -0.0090639973 0.1254076772
248 0.1319451451 0.0000830511 23013.7757655119 249 0.0960090044 -0.0265845716 -0.3087106492 0.0000595571 -0.0006408887 -0.0076906644 0.0912861059
249 0.0960090044 0.0000595571 10692.8386032012 250 0.0675613375 -0.0191213162 -0.2592213587 0.0000431871 -0.0003662221 -0.0065614795 0.0641887681
250 0.0675613375 0.0000431871 1585.7493342130 251 0.0452684100 -0.0130468293 -0.2123633449 0.0000261094 -0.0003662221 -0.0050965911 0.0431203050
251 0.0452684100 0.0000261094 4897.1540006971 252 0.0281486425 -0.0082323571 -0.1675734787 0.0000167695 -0.0002136296 -0.0040894803 0.0267913177
252 0.0281486425 0.0000167695 4906.5948120430 253 0.0154868542 -0.0045805187 -0.1243618632 0.0000087866 -0.0001525925 -0.0029602954 0.0147579472
253 0.0154868542 0.0000087866 1507.1354295410 254 0.0067760106 -0.0020201487 -0.0822917348 0.0000035951 -0.0001220740 -0.0018921476 0.0064676963
254 0.0067760106 0.0000035951 159.6764411037 255 0.0016782426 -0.0005027203 -0.0409632747 0.0000008988 -0.0000610370 -0.0009460738 0.0016015714
255 0.0016782426 0.0000008988 6651.1025537950 