#int double real img int16 real16 img16 error
0 0.0008123353 0.0285014961 0.0000000000 0.0008107555 0.0284737693 0.0000000000 0.0000000008
0 0.0008123353 0.0008107555 0.0008107555 1 0.0008897775 0.0288700951 0.0075030058 0.0008867421 0.0288399915 0.0074159978 0.0000000085
1 0.0008897775 0.0008867421 0.0008867421 2 0.0011677234 0.0300956444 0.0161856597 0.0011642857 0.0300607318 0.0161442915 0.0000000029
2 0.0011677234 0.0011642857 0.0011642857 3 0.0018480882 0.0326498098 0.0279656595 0.0018387227 0.0325937681 0.0278633992 0.0000000136
3 0.0018480882 0.0018387227 0.0018387227 4 0.0036940964 0.0379455988 0.0474787103 0.0036888111 0.0379039888 0.0474562822 0.0000000022
4 0.0036940964 0.0036888111 0.0036888111 5 0.0111514448 0.0515825902 0.0921448926 0.0111402712 0.0515457625 0.0921048616 0.0000000030
5 0.0111514448 0.0111402712 0.0111402712 6 0.1426940644 0.1354682695 0.3526221949 0.1426274144 0.1354106265 0.3525498215 0.0000000086
6 0.1426940644 0.1426274144 0.1426274144 7 0.0668041735 -0.0613369263 -0.2510815703 0.0668172379 -0.0613422040 -0.2511062960 0.0000000006
7 0.0668041735 0.0668172379 0.0668209829 8 0.0099322389 -0.0124556105 -0.0988792023 0.0099330507 -0.0124820704 -0.0988799707 0.0000000007
8 0.0099322389 0.0099330507 0.0099330507 9 0.0039813843 -0.0013350547 -0.0630840863 0.0039849627 -0.0013428144 -0.0631122776 0.0000000009
9 0.0039813843 0.0039849627 0.0039850456 10 0.0021980559 0.0035121981 -0.0467516882 0.0022009287 0.0034791101 -0.0467848750 0.0000000022
10 0.0021980559 0.0022009287 0.0022009287 11 0.0014240374 0.0061894702 -0.0372253662 0.0014265426 0.0061647389 -0.0372631001 0.0000000020
11 0.0014240374 0.0014265426 0.0014284426 12 0.0010155775 0.0078668953 -0.0308818625 0.0010172694 0.0078432569 -0.0309152501 0.0000000017
12 0.0010155775 0.0010172694 0.0010172694 13 0.0007722002 0.0090040136 -0.0262893118 0.0007736205 0.0089419233 -0.0263374737 0.0000000062
13 0.0007722002 0.0007736205 0.0007736205 14 0.0006146953 0.0098175628 -0.0227664387 0.0006156884 0.0097964415 -0.0227973266 0.0000000014
14 0.0006146953 0.0006156884 0.0006156884 15 0.0005065076 0.0104228279 -0.0199467366 0.0005072525 0.0103762932 -0.0199896237 0.0000000040
15 0.0005065076 0.0005072525 0.0005072525 16 0.0004288026 0.0108866028 -0.0176148933 0.0004281225 0.0108645894 -0.0176091800 0.0000000005
16 0.0004288026 0.0004281225 0.0004281225 17 0.0003710413 0.0112501436 -0.0156357145 0.0003712413 0.0112308115 -0.0156559954 0.0000000008
17 0.0003710413 0.0003712413 0.0003712413 18 0.0003269364 0.0115402303 -0.0139197511 0.0003260433 0.0115054781 -0.0139164403 0.0000000012
18 0.0003269364 0.0003260433 0.0003260433 19 0.0002925397 0.0117749484 -0.0124052532 0.0002930539 0.0117801447 -0.0124210334 0.0000000003
19 0.0002925397 0.0002930539 0.0002930539 20 0.0002652665 0.0119669101 -0.0110480572 0.0002644419 0.0119327372 -0.0110477004 0.0000000012
20 0.0002652665 0.0002644419 0.0002644419 21 0.0002433653 0.0121251455 -0.0098156068 0.0002426243 0.0120853298 -0.0098269601 0.0000000017
21 0.0002433653 0.0002426243 0.0002426243 22 0.0002256149 0.0122562616 -0.0086832587 0.0002241420 0.0122074038 -0.0086672567 0.0000000026
22 0.0002256149 0.0002241420 0.0002246720 23 0.0002111437 0.0123651783 -0.0076319099 0.0002106939 0.0123294778 -0.0076601459 0.0000000021
23 0.0002111437 0.0002106939 0.0002109807 24 0.0001993172 0.0124556105 -0.0066464234 0.0001985449 0.0124210334 -0.0066530351 0.0000000012
24 0.0001993172 0.0001985449 0.0001985449 25 0.0001896668 0.0125303919 -0.0057145525 0.0001891343 0.0125125889 -0.0057069613 0.0000000004
25 0.0001896668 0.0001891343 0.0001883715 26 0.0001818429 0.0125916972 -0.0048261847 0.0001816423 0.0125736259 -0.0048524430 0.0000000010
26 0.0001818429 0.0001816423 0.0001816423 27 0.0001755830 0.0126411974 -0.0039727980 0.0001748479 0.0126041444 -0.0039979247 0.0000000020
27 0.0001755830 0.0001748479 0.0001746048 28 0.0001706907 0.0126801692 -0.0031470576 0.0001702878 0.0126651814 -0.0031434065 0.0000000002
28 0.0001706907 0.0001702878 0.0001702878 29 0.0001670206 0.0127095723 -0.0023425106 0.0001667029 0.0126956999 -0.0023499252 0.0000000002
29 0.0001670206 0.0001667029 0.0001667029 30 0.0001644685 0.0127301048 -0.0015533465 0.0001636033 0.0126956999 -0.0015564440 0.0000000012
30 0.0001644685 0.0001636033 0.0001636033 31 0.0001629641 0.0127422412 -0.0007742025 0.0001618104 0.0126956999 -0.0007934812 0.0000000025
31 0.0001629641 0.0001618104 0.0001618104 32 0.0001624671 0.0127462565 0.0000000000 0.0001619566 0.0127262185 0.0000000000 0.0000000004
32 0.0001624671 0.0001619566 0.0001619566 33 0.0001629641 0.0127422412 0.0007742025 0.0001617629 0.0126956999 0.0007629627 0.0000000023
33 0.0001629641 0.0001617629 0.0001617629 34 0.0001644685 0.0127301048 0.0015533465 0.0001635092 0.0126956999 0.0015259255 0.0000000019
34 0.0001644685 0.0001635092 0.0001635092 35 0.0001670206 0.0127095723 0.0023425106 0.0001667029 0.0126956999 0.0023499252 0.0000000002
35 0.0001670206 0.0001667029 0.0001667029 36 0.0001706907 0.0126801692 0.0031470576 0.0001700969 0.0126651814 0.0031128880 0.0000000014
36 0.0001706907 0.0001700969 0.0001700969 37 0.0001755830 0.0126411974 0.0039727980 0.0001743635 0.0126041444 0.0039368877 0.0000000027
37 0.0001755830 0.0001743635 0.0001751338 38 0.0001818429 0.0125916972 0.0048261847 0.0001810536 0.0125736259 0.0047914060 0.0000000015
38 0.0001818429 0.0001810536 0.0001810536 39 0.0001896668 0.0125303919 0.0057145525 0.0001891343 0.0125125889 0.0057069613 0.0000000004
39 0.0001896668 0.0001891343 0.0001887869 40 0.0001993172 0.0124556105 0.0066464234 0.0001988989 0.0124515519 0.0066225166 0.0000000006
40 0.0001993172 0.0001988989 0.0001988989 41 0.0002111437 0.0123651783 0.0076319099 0.0002102272 0.0123294778 0.0076296274 0.0000000013
41 0.0002111437 0.0002102272 0.0002102272 42 0.0002256149 0.0122562616 0.0086832587 0.0002241420 0.0122074038 0.0086672567 0.0000000026
42 0.0002256149 0.0002241420 0.0002241420 43 0.0002433653 0.0121251455 0.0098156068 0.0002426243 0.0120853298 0.0098269601 0.0000000017
43 0.0002433653 0.0002426243 0.0002426243 44 0.0002652665 0.0119669101 0.0110480572 0.0002637685 0.0119327372 0.0110171819 0.0000000021
44 0.0002652665 0.0002637685 0.0002637685 45 0.0002925397 0.0117749484 0.0124052532 0.0002915413 0.0117801447 0.0123599963 0.0000000021
45 0.0002925397 0.0002915413 0.0002915413 46 0.0003269364 0.0115402303 0.0139197511 0.0003251949 0.0115054781 0.0138859218 0.0000000024
46 0.0003269364 0.0003251949 0.0003258980 47 0.0003710413 0.0112501436 0.0156357145 0.0003693339 0.0112308115 0.0155949583 0.0000000020
47 0.0003710413 0.0003693339 0.0003693339 48 0.0004288026 0.0108866028 0.0176148933 0.0004270486 0.0108645894 0.0175786615 0.0000000018
48 0.0004288026 0.0004270486 0.0004270486 49 0.0005065076 0.0104228279 0.0199467366 0.0005048160 0.0103762932 0.0199285867 0.0000000025
49 0.0005065076 0.0005048160 0.0005048160 50 0.0006146953 0.0098175628 0.0227664387 0.0006129091 0.0097964415 0.0227362896 0.0000000014
50 0.0006146953 0.0006129091 0.0006129091 51 0.0007722002 0.0090040136 0.0262893118 0.0007709558 0.0089724418 0.0262764367 0.0000000012
51 0.0007722002 0.0007709558 0.0007709558 52 0.0010155775 0.0078668953 0.0308818625 0.0010134991 0.0078432569 0.0308542131 0.0000000013
52 0.0010155775 0.0010134991 0.0010134991 53 0.0014240374 0.0061894702 0.0372253662 0.0014219975 0.0061647389 0.0372020631 0.0000000012
53 0.0014240374 0.0014219975 0.0014219975 54 0.0021980559 0.0035121981 0.0467516882 0.0021952212 0.0034791101 0.0467238380 0.0000000019
54 0.0021980559 0.0021952212 0.0021980741 55 0.0039813843 -0.0013350547 0.0630840863 0.0039772621 -0.0013428144 0.0630512406 0.0000000011
55 0.0039813843 0.0039772621 0.0039772621 56 0.0099322389 -0.0124556105 0.0988792023 0.0099262553 -0.0124515519 0.0988494522 0.0000000009
56 0.0099322389 0.0099262553 0.0099262553 57 0.0668041735 -0.0613369263 0.2510815703 0.0667712659 -0.0613422040 0.2510147404 0.0000000045
57 0.0668041735 0.0667712659 0.0667712659 58 0.1426940644 0.1354682695 -0.3526221949 0.1426787213 0.1354411451 -0.3526108585 0.0000000009
58 0.1426940644 0.1426787213 0.1426787213 59 0.0111514448 0.0515825902 -0.0921448926 0.0111515185 0.0515457625 -0.0921658986 0.0000000018
59 0.0111514448 0.0111515185 0.0111458939 60 0.0036940964 0.0379455988 -0.0474787103 0.0036917086 0.0379039888 -0.0474868007 0.0000000018
60 0.0036940964 0.0036917086 0.0036917086 61 0.0018480882 0.0326498098 -0.0279656595 0.0018458236 0.0326242866 -0.0279549547 0.0000000008
61 0.0018480882 0.0018458236 0.0018458236 62 0.0011677234 0.0300956444 -0.0161856597 0.0011652721 0.0300607318 -0.0161748100 0.0000000013
62 0.0011677234 0.0011652721 0.0011652721 63 0.0008897775 0.0288700951 -0.0075030058 0.0008881085 0.0288399915 -0.0075075533 0.0000000009
63 0.0008897775 0.0008881085 0.0008881085 