#int double real img int16 real16 img16 error
0 0.0000000000 -0.0000000000 0.0000000000 0.0000009537 -0.0009765923 0.0000000000 0.0000009537
0 0.0000000000 0.0000009537 0.0000000000 1 0.0000066812 -0.0000317195 0.0025846079 0.0000031015 -0.0008239998 0.0015564440 0.0000016848
1 0.0000066812 0.0000031015 1.7482895955 2 0.0000269758 -0.0001274628 0.0051922574 0.0000210799 -0.0009765923 0.0044862209 0.0000012195
2 0.0000269758 0.0000210799 7.0654994832 3 0.0000616543 -0.0002890112 0.0078467031 0.0000470430 -0.0010681478 0.0067751091 0.0000017554
3 0.0000616543 0.0000470430 16.1540651188 4 0.0001120618 -0.0005194266 0.0105731717 0.0001054508 -0.0005493332 0.0102542192 0.0000001026
4 0.0001120618 0.0001054508 29.3670566418 5 0.0001802168 -0.0008231993 0.0133992212 0.0001663146 -0.0006714072 0.0128788110 0.0000002939
5 0.0001802168 0.0001663146 47.2314748938 6 0.0002689665 -0.0012064735 0.0163557620 0.0002516336 -0.0013122959 0.0158085879 0.0000003106
6 0.0002689665 0.0002516336 70.4942096798 7 0.0003822187 -0.0016773731 0.0194783251 0.0003665360 -0.0016479995 0.0190740684 0.0000001643
7 0.0003822187 0.0003665360 100.1473389397 8 0.0005252831 -0.0022464602 0.0228086935 0.0005170693 -0.0023804437 0.0226142155 0.0000000558
8 0.0005252831 0.0005170693 137.6517536656 9 0.0007053745 -0.0029273793 0.0263970642 0.0006797449 -0.0028992584 0.0259102145 0.0000002378
9 0.0007053745 0.0006797449 184.8414866699 10 0.0009323634 -0.0037377643 0.0303049923 0.0009024405 -0.0036622211 0.0298165838 0.0000002442
10 0.0009323634 0.0009024405 244.3749656886 11 0.0012199126 -0.0047005337 0.0346095012 0.0011891946 -0.0047914060 0.0341502121 0.0000002192
11 0.0012199126 0.0011891946 319.6911051130 12 0.0015872398 -0.0058457683 0.0394089687 0.0015579230 -0.0058595538 0.0390331736 0.0000001414
12 0.0015872398 0.0015579230 415.9764209490 13 0.0020619232 -0.0072134949 0.0448317823 0.0020204321 -0.0073549608 0.0443433943 0.0000002585
13 0.0020619232 0.0020204321 540.3690074877 14 0.0026845082 -0.0088579184 0.0510494419 0.0026397416 -0.0089114048 0.0505996887 0.0000002051
14 0.0026845082 0.0026397416 703.5387169829 15 0.0035163568 -0.0108540598 0.0582970513 0.0034505391 -0.0109561449 0.0577105014 0.0000003545
15 0.0035163568 0.0034505391 921.5810254565 16 0.0046536097 -0.0133085489 0.0669065934 0.0046407749 -0.0133365886 0.0668050172 0.0000000111
16 0.0046536097 0.0046407749 1219.6382116901 17 0.0062533325 -0.0163779566 0.0773633960 0.0062245363 -0.0163579211 0.0771813105 0.0000000336
17 0.0062533325 0.0062245363 1638.8356924375 18 0.0085856088 -0.0203016055 0.0904071546 0.0085484322 -0.0203863643 0.0901821955 0.0000000578
18 0.0085856088 0.0085484322 2250.1948984458 19 0.0121455782 -0.0254642161 0.1072247729 0.0120998043 -0.0253913999 0.1070284127 0.0000000439
19 0.0121455782 0.0120998043 3183.1078367886 20 0.0179188895 -0.0325256808 0.1298497963 0.0178656353 -0.0326548051 0.1296121097 0.0000000732
20 0.0179188895 0.0178656353 4696.2193511391 21 0.0280958500 -0.0427201148 0.1620828240 0.0280254098 -0.0428174688 0.1618396558 0.0000000686
21 0.0280958500 0.0280254098 7363.1708735816 22 0.0483612853 -0.0586533344 0.2119459168 0.0483688292 -0.0588091678 0.2119205298 0.0000000249
22 0.0483612853 0.0483688292 12674.5430413105 23 0.0974393180 -0.0869406775 0.2998009950 0.0973513768 -0.0869167150 0.2996612445 0.0000000201
23 0.0974393180 0.0973513768 25536.3807014732 24 0.2696432642 -0.1507366642 0.4969121877 0.2693892004 -0.1507309183 0.4966582232 0.0000000645
24 0.2696432642 0.2693892004 70668.0994492978 25 2.0043140776 -0.4275612979 1.3496315846 1.1826286107 -0.4273506882 1.0000000000 0.1222422893
25 2.0043140776 1.1826286107 310068.3442562734 26 4.7030742725 0.6802681808 -2.0592011739 1.4624793004 0.6800134281 -1.0000305185 1.1218425422
26 4.7030742725 1.4624793004 383437.4521191433 27 0.3995454254 0.2056273530 -0.5977146620 0.3994122078 0.2054200873 -0.5976744896 0.0000000446
27 0.3995454254 0.3994122078 104710.6786042716 28 0.1412174550 0.1265995381 -0.3538220060 0.1411479433 0.1264687033 -0.3537705618 0.0000000198
28 0.1412174550 0.1411479433 37010.2409663300 29 0.0729595343 0.0941114486 -0.2531848526 0.0729174015 0.0938138981 -0.2532120731 0.0000000893
29 0.0729595343 0.0729174015 19120.4440728727 30 0.0450991390 0.0764293177 -0.1981355556 0.0450602332 0.0763573107 -0.1980651265 0.0000000101
30 0.0450991390 0.0450602332 11818.2786085723 31 0.0309515202 0.0653259978 -0.1633524846 0.0309915878 0.0652180548 -0.1635181738 0.0000000391
31 0.0309515202 0.0309915878 8111.5714039029 32 0.0227467432 0.0577164051 -0.1393397280 0.0227411905 0.0576494644 -0.1393475143 0.0000000045
32 0.0227467432 0.0227411905 5961.5846415371 33 0.0175422624 0.0521831449 -0.1217340616 0.0175394550 0.0520035401 -0.1217993713 0.0000000365
33 0.0175422624 0.0175394550 4597.4816023789 34 0.0140204665 0.0479838340 -0.1082497950 0.0140503894 0.0478835414 -0.1084322642 0.0000000434
34 0.0140204665 0.0140503894 3674.7601127559 35 0.0115180088 0.0446920477 -0.0975737142 0.0115395088 0.0446790979 -0.0976897488 0.0000000136
35 0.0115180088 0.0115395088 3018.6700380137 36 0.0096705922 0.0420454127 -0.0888975561 0.0096804606 0.0419629505 -0.0889919736 0.0000000157
36 0.0096705922 0.0096804606 2534.4879330580 37 0.0082642341 0.0398736518 -0.0816965483 0.0082809783 0.0397045808 -0.0818811609 0.0000000627
37 0.0082642341 0.0082809783 2165.8585856887 38 0.0071663180 0.0380614459 -0.0756151062 0.0071673987 0.0379955443 -0.0756553850 0.0000000060
38 0.0071663180 0.0071673987 1878.2149525750 39 0.0062909716 0.0365279252 -0.0704037095 0.0063090543 0.0366527299 -0.0704672384 0.0000000196
39 0.0062909716 0.0063090543 1648.6211455136 40 0.0055805239 0.0352147054 -0.0658820800 0.0055857767 0.0352183599 -0.0659199805 0.0000000014
40 0.0055805239 0.0055857767 1462.5987804300 41 0.0049950284 0.0340785864 -0.0619167050 0.0049934203 0.0342112491 -0.0618305002 0.0000000250
41 0.0049950284 0.0049934203 1309.2636707795 42 0.0045060734 0.0330869210 -0.0584065837 0.0044774883 0.0330210273 -0.0581987976 0.0000000475
42 0.0045060734 0.0044774883 1180.6479576201 43 0.0040929820 0.0322145818 -0.0552738880 0.0040871053 0.0322885830 -0.0551774651 0.0000000148
43 0.0040929820 0.0040871053 1072.5997657689 44 0.0037404011 0.0314419164 -0.0524576684 0.0037307204 0.0312814722 -0.0524613178 0.0000000258
44 0.0037404011 0.0037307204 980.2726344504 45 0.0034367265 0.0307533360 -0.0499095068 0.0034206753 0.0306100650 -0.0498367260 0.0000000258
45 0.0034367265 0.0034206753 900.6638634357 46 0.0031730483 0.0301363182 -0.0475904470 0.0031794499 0.0302133244 -0.0476088748 0.0000000063
46 0.0031730483 0.0031794499 831.5394551970 47 0.0029424277 0.0295806901 -0.0454687861 0.0029442328 0.0295113987 -0.0455336161 0.0000000090
47 0.0029424277 0.0029442328 771.1373452991 48 0.0027393922 0.0290781034 -0.0435184571 0.0027433669 0.0290536210 -0.0435804315 0.0000000044
48 0.0027393922 0.0027433669 717.9381829936 49 0.0025595755 0.0286216438 -0.0417178261 0.0025596775 0.0284432508 -0.0418408765 0.0000000470
49 0.0025595755 0.0025596775 670.7979846391 50 0.0023994575 0.0282055370 -0.0400487854 0.0024158287 0.0282906583 -0.0401928770 0.0000000280
50 0.0023994575 0.0024158287 628.8974505173 51 0.0022561730 0.0278249236 -0.0384960603 0.0022616919 0.0277718436 -0.0386059145 0.0000000149
51 0.0022561730 0.0022616919 591.2799304754 52 0.0021273694 0.0274756859 -0.0370466738 0.0021367353 0.0274361400 -0.0372020631 0.0000000257
52 0.0021273694 0.0021367353 557.5313468443 53 0.0020110991 0.0271543117 -0.0356895281 0.0020033906 0.0270699179 -0.0356456191 0.0000000091
53 0.0020110991 0.0020033906 527.0467378012 54 0.0019057381 0.0268577878 -0.0344150746 0.0018900315 0.0268257698 -0.0342112491 0.0000000426
54 0.0019057381 0.0018900315 499.4109665916 55 0.0018099229 0.0265835150 -0.0332150511 0.0018270768 0.0264595477 -0.0335703604 0.0000001416
55 0.0018099229 0.0018270768 474.2948546366 56 0.0017225010 0.0263292394 -0.0320822710 0.0017212125 0.0262764367 -0.0321054720 0.0000000033
56 0.0017225010 0.0017212125 451.3913545817 57 0.0016424927 0.0260929976 -0.0310104527 0.0016450992 0.0260017701 -0.0311288797 0.0000000223
57 0.0016424927 0.0016450992 430.4006168334 58 0.0015690607 0.0258730713 -0.0299940800 0.0015605607 0.0256660665 -0.0300302133 0.0000000442
58 0.0015690607 0.0015605607 411.2529145365 59 0.0015014852 0.0256679510 -0.0290282885 0.0015146763 0.0257576220 -0.0291756951 0.0000000298
59 0.0015014852 0.0015146763 393.5005217769 60 0.0014391451 0.0254763050 -0.0281087710 0.0014349250 0.0253608814 -0.0281380657 0.0000000142
60 0.0014391451 0.0014349250 377.1580594326 61 0.0013815013 0.0252969544 -0.0272316992 0.0013769085 0.0251167333 -0.0273140660 0.0000000393
61 0.0013815013 0.0013769085 362.0303458410 62 0.0013280844 0.0251288519 -0.0263936585 0.0013326596 0.0250862148 -0.0265205847 0.0000000179
62 0.0013280844 0.0013326596 348.0528868455 63 0.0012784837 0.0249710643 -0.0255915926 0.0012696685 0.0248115482 -0.0255745109 0.0000000257
63 0.0012784837 0.0012696685 335.0434834610 64 0.0012323386 0.0248227573 -0.0248227573 0.0012297124 0.0247810297 -0.0248115482 0.0000000019
64 0.0012323386 0.0012297124 322.9515684694 65 0.0011893314 0.0246831831 -0.0240846814 0.0011848310 0.0245674001 -0.0241096225 0.0000000140
65 0.0011893314 0.0011848310 311.6586666356 66 0.0011491813 0.0245516695 -0.0233751325 0.0011515501 0.0245979186 -0.0233771783 0.0000000021
66 0.0011491813 0.0011515501 301.1647547197 67 0.0011116391 0.0244276105 -0.0226920891 0.0011116349 0.0244148076 -0.0227057711 0.0000000004
67 0.0011116391 0.0011116349 291.3089475789 68 0.0010764830 0.0243104588 -0.0220337155 0.0010740341 0.0242316965 -0.0220648824 0.0000000072
68 0.0010764830 0.0010740341 282.0841607316 69 0.0010435154 0.0241997188 -0.0213983404 0.0010448559 0.0242316965 -0.0213934751 0.0000000010
69 0.0010435154 0.0010448559 273.4306459887 70 0.0010125591 0.0240949408 -0.0207844389 0.0010060723 0.0239875484 -0.0207525864 0.0000000125
70 0.0010125591 0.0010060723 265.2854836929 71 0.0009834554 0.0239957158 -0.0201906164 0.0009788965 0.0240180670 -0.0200506607 0.0000000201
71 0.0009834554 0.0009788965 257.7022967208 72 0.0009560614 0.0239016710 -0.0196155945 0.0009534419 0.0238654744 -0.0195928831 0.0000000018
72 0.0009560614 0.0009534419 250.5072973592 73 0.0009302485 0.0238124663 -0.0190581990 0.0009226366 0.0237128819 -0.0189825129 0.0000000156
73 0.0009302485 0.0009226366 243.7254766991 74 0.0009059003 0.0237277904 -0.0185173493 0.0009051518 0.0236823634 -0.0185552538 0.0000000035
74 0.0009059003 0.0009051518 237.2883868287 75 0.0008829114 0.0236473582 -0.0179920489 0.0008763582 0.0235908078 -0.0178838466 0.0000000149
75 0.0008829114 0.0008763582 231.2095952135 76 0.0008611863 0.0235709083 -0.0174813770 0.0008416485 0.0232856227 -0.0173039949 0.0000001129
76 0.0008611863 0.0008416485 225.3110746641 77 0.0008406380 0.0234982000 -0.0169844814 0.0008415730 0.0235297708 -0.0169682913 0.0000000013
77 0.0008406380 0.0008415730 221.9105717533 78 0.0008211875 0.0234290122 -0.0165005721 0.0008133969 0.0232551042 -0.0165105136 0.0000000303
78 0.0008211875 0.0008133969 215.4902823750 79 0.0008027625 0.0233631408 -0.0160289151 0.0008012517 0.0233771783 -0.0159611805 0.0000000048
79 0.0008027625 0.0008012517 210.5382891863 80 0.0007852969 0.0233003975 -0.0155688279 0.0007863758 0.0232856227 -0.0156254769 0.0000000034
80 0.0007852969 0.0007863758 205.9090095320 81 0.0007687304 0.0232406084 -0.0151196742 0.0007717857 0.0232551042 -0.0151982177 0.0000000064
81 0.0007687304 0.0007717857 201.5434967038 82 0.0007530075 0.0231836123 -0.0146808606 0.0007486987 0.0230719932 -0.0147099216 0.0000000133
82 0.0007530075 0.0007486987 197.4176945804 83 0.0007380774 0.0231292601 -0.0142518320 0.0007312241 0.0229804376 -0.0142521439 0.0000000221
83 0.0007380774 0.0007312241 193.4771191543 84 0.0007238932 0.0230774135 -0.0138320693 0.0007214763 0.0230109561 -0.0138554033 0.0000000050
84 0.0007238932 0.0007214763 189.7574319675 85 0.0007104117 0.0230279440 -0.0134210857 0.0007078344 0.0229499191 -0.0134586627 0.0000000075
85 0.0007104117 0.0007078344 186.2197429397 86 0.0006975934 0.0229807323 -0.0130184241 0.0006869743 0.0228278451 -0.0128788110 0.0000000429
86 0.0006975934 0.0006869743 182.8454122535 87 0.0006854015 0.0229356674 -0.0126236550 0.0006789421 0.0228888821 -0.0124515519 0.0000000318
87 0.0006854015 0.0006789421 179.6448823962 88 0.0006738021 0.0228926458 -0.0122363741 0.0006694848 0.0227973266 -0.0122379223 0.0000000091
88 0.0006738021 0.0006694848 176.5941713974 89 0.0006627638 0.0228515712 -0.0118562003 0.0006593291 0.0227362896 -0.0119327372 0.0000000191
89 0.0006627638 0.0006593291 173.6631385226 90 0.0006522576 0.0228123539 -0.0114827740 0.0006562769 0.0228888821 -0.0115054781 0.0000000064
90 0.0006522576 0.0006562769 171.0281777956 91 0.0006422565 0.0227749100 -0.0111157552 0.0006341297 0.0226142155 -0.0110782189 0.0000000272
91 0.0006422565 0.0006341297 168.3439845247 92 0.0006327357 0.0227391613 -0.0107548223 0.0006262269 0.0226447340 -0.0106509598 0.0000000197
92 0.0006327357 0.0006262269 165.8482417292 93 0.0006236717 0.0227050346 -0.0103996706 0.0006259950 0.0227668081 -0.0103762932 0.0000000044
93 0.0006236717 0.0006259950 163.4674587100 94 0.0006150432 0.0226724616 -0.0100500110 0.0006080837 0.0225226600 -0.0100405896 0.0000000225
94 0.0006150432 0.0006080837 161.2141551857 95 0.0006068301 0.0226413783 -0.0097055689 0.0006014550 0.0225226600 -0.0097048860 0.0000000141
95 0.0006068301 0.0006014550 159.0591472259 96 0.0005990136 0.0226117250 -0.0093660832 0.0005964274 0.0225531785 -0.0093691824 0.0000000034
96 0.0005990136 0.0005964274 157.0045667619 97 0.0005915765 0.0225834457 -0.0090313051 0.0005880525 0.0224921415 -0.0090639973 0.0000000094
97 0.0005915765 0.0005880525 155.0492968687 98 0.0005845025 0.0225564879 -0.0087009975 0.0005850600 0.0225226600 -0.0088198492 0.0000000153
98 0.0005845025 0.0005850600 153.2105418088 99 0.0005777766 0.0225308026 -0.0083749341 0.0005735900 0.0224311045 -0.0083925901 0.0000000103
99 0.0005777766 0.0005735900 151.4420245598 100 0.0005713847 0.0225063438 -0.0080528986 0.0005676869 0.0224005860 -0.0081179235 0.0000000154
100 0.0005713847 0.0005676869 149.7595741364 101 0.0005653137 0.0224830684 -0.0077346837 0.0005614588 0.0223700674 -0.0078127384 0.0000000189
101 0.0005653137 0.0005614588 148.1573271122 102 0.0005595514 0.0224609363 -0.0074200911 0.0005631800 0.0224921415 -0.0075685904 0.0000000230
102 0.0005595514 0.0005631800 146.6378804757 103 0.0005540864 0.0224399095 -0.0071089303 0.0005496899 0.0223700674 -0.0070192572 0.0000000129
103 0.0005540864 0.0005496899 145.2349153600 104 0.0005489081 0.0224199528 -0.0068010183 0.0005482332 0.0224311045 -0.0067140721 0.0000000077
104 0.0005489081 0.0005482332 143.8660180573 105 0.0005440066 0.0224010332 -0.0064961792 0.0005401293 0.0223395489 -0.0064088870 0.0000000114
105 0.0005440066 0.0005401293 142.5761253409 106 0.0005393727 0.0223831197 -0.0061942434 0.0005276767 0.0221869564 -0.0059511093 0.0000000976
106 0.0005393727 0.0005276767 141.3895668977 107 0.0005349977 0.0223661835 -0.0058950474 0.0005265954 0.0221869564 -0.0058595538 0.0000000334
107 0.0005349977 0.0005265954 140.2247004823 108 0.0005308738 0.0223501975 -0.0055984330 0.0005241291 0.0222174749 -0.0055238502 0.0000000232
108 0.0005308738 0.0005241291 139.1427045624 109 0.0005269934 0.0223351367 -0.0053042476 0.0005229332 0.0222785119 -0.0051576281 0.0000000247
109 0.0005269934 0.0005229332 138.1312843400 110 0.0005233496 0.0223209776 -0.0050123431 0.0005139994 0.0221259194 -0.0049439985 0.0000000427
110 0.0005233496 0.0005139994 137.1702212658 111 0.0005199361 0.0223076984 -0.0047225760 0.0005141587 0.0221564379 -0.0048219245 0.0000000327
111 0.0005199361 0.0005141587 136.2805112082 112 0.0005167470 0.0222952789 -0.0044348067 0.0005159143 0.0222785119 -0.0044251839 0.0000000004
112 0.0005167470 0.0005159143 135.4427632303 113 0.0005137767 0.0222837004 -0.0041488997 0.0005092354 0.0221869564 -0.0041199988 0.0000000102
113 0.0005137767 0.0005092354 134.6555705832 114 0.0005110202 0.0222729455 -0.0038647227 0.0005016456 0.0220648824 -0.0038453322 0.0000000437
114 0.0005110202 0.0005016456 133.9423079092 115 0.0005084729 0.0222629984 -0.0035821468 0.0005003109 0.0220954009 -0.0034791101 0.0000000387
115 0.0005084729 0.0005003109 133.2722695174 116 0.0005061305 0.0222538443 -0.0033010460 0.0005023348 0.0221869564 -0.0031739250 0.0000000206
116 0.0005061305 0.0005023348 132.6558396318 117 0.0005039892 0.0222454700 -0.0030212970 0.0005013895 0.0221869564 -0.0030213324 0.0000000034
117 0.0005039892 0.0005013895 132.0954974549 118 0.0005020454 0.0222378633 -0.0027427788 0.0004952564 0.0220954009 -0.0026551103 0.0000000280
118 0.0005020454 0.0004952564 131.5949596173 119 0.0005002960 0.0222310132 -0.0024653729 0.0004942514 0.0221259194 -0.0021668142 0.0000001002
119 0.0005002960 0.0004942514 131.1150180993 120 0.0004987382 0.0222249100 -0.0021889626 0.0004954715 0.0221564379 -0.0021362957 0.0000000075
120 0.0004987382 0.0004954715 130.7139479849 121 0.0004973694 0.0222195449 -0.0019134328 0.0004919034 0.0220954009 -0.0019226661 0.0000000155
121 0.0004973694 0.0004919034 130.3421508734 122 0.0004961875 0.0222149103 -0.0016386702 0.0004909226 0.0220954009 -0.0016479995 0.0000000144
122 0.0004961875 0.0004909226 130.0562528572 123 0.0004951905 0.0222109997 -0.0013645628 0.0004858122 0.0220038453 -0.0012817774 0.0000000498
123 0.0004951905 0.0004858122 129.7857991181 124 0.0004943770 0.0222078075 -0.0010909996 0.0004921148 0.0221564379 -0.0010986663 0.0000000027
124 0.0004943770 0.0004921148 129.5767366182 125 0.0004937456 0.0222053294 -0.0008178707 0.0004969142 0.0222785119 -0.0007629627 0.0000000084
125 0.0004937456 0.0004969142 129.4098035586 126 0.0004932953 0.0222035617 -0.0005450668 0.0004869717 0.0220648824 -0.0003357036 0.0000000631
126 0.0004932953 0.0004869717 129.2807937915 127 0.0004930253 0.0222025022 -0.0002724794 0.0004882663 0.0220954009 -0.0002441481 0.0000000123
127 0.0004930253 0.0004882663 129.2278270411 128 0.0004929354 0.0222021491 0.0000000000 0.0005004199 0.0223700674 0.0000000000 0.0000000282
128 0.0004929354 0.0005004199 128.0667947851 129 0.0004930253 0.0222025022 0.0002724794 0.0004936758 0.0222174749 0.0002441481 0.0000000010
129 0.0004930253 0.0004936758 129.2222766456 130 0.0004932953 0.0222035617 0.0005450668 0.0004952750 0.0222479934 0.0005493332 0.0000000020
130 0.0004932953 0.0004952750 129.3000903897 131 0.0004937456 0.0222053294 0.0008178707 0.0004970111 0.0222785119 0.0008239998 0.0000000054
131 0.0004937456 0.0004970111 129.4113482029 132 0.0004943770 0.0222078075 0.0010909996 0.0004877541 0.0220648824 0.0009460738 0.0000000414
132 0.0004943770 0.0004877541 129.5761108719 133 0.0004951905 0.0222109997 0.0013645628 0.0004916137 0.0221259194 0.0014343699 0.0000000121
133 0.0004951905 0.0004916137 129.7832791705 134 0.0004961875 0.0222149103 0.0016386702 0.0004908230 0.0220954009 0.0016174810 0.0000000147
134 0.0004961875 0.0004908230 130.0491058241 135 0.0004973694 0.0222195449 0.0019134328 0.0004929093 0.0221259194 0.0018311106 0.0000000155
135 0.0004973694 0.0004929093 130.3598071728 136 0.0004987382 0.0222249100 0.0021889626 0.0004970893 0.0221869564 0.0021973327 0.0000000015
136 0.0004987382 0.0004970893 130.7199036748 137 0.0005002960 0.0222310132 0.0024653729 0.0004998788 0.0222174749 0.0025025178 0.0000000016
137 0.0005002960 0.0004998788 131.1299903103 138 0.0005020454 0.0222378633 0.0027427788 0.0005004907 0.0221869564 0.0028687399 0.0000000185
138 0.0005020454 0.0005004907 131.5828312578 139 0.0005039892 0.0222454700 0.0030212970 0.0004971517 0.0220954009 0.0029908139 0.0000000234
139 0.0005039892 0.0004971517 132.0824278071 140 0.0005061305 0.0222538443 0.0033010460 0.0005058368 0.0222479934 0.0032959990 0.0000000001
140 0.0005061305 0.0005058368 132.6600120178 141 0.0005084729 0.0222629984 0.0035821468 0.0005016186 0.0220954009 0.0036622211 0.0000000345
141 0.0005084729 0.0005016186 133.2746923873 142 0.0005110202 0.0222729455 0.0038647227 0.0005127151 0.0223090304 0.0038758507 0.0000000014
142 0.0005110202 0.0005127151 133.9413544337 143 0.0005137767 0.0222837004 0.0041488997 0.0005113534 0.0222174749 0.0042115543 0.0000000083
143 0.0005137767 0.0005113534 134.6673936179 144 0.0005167470 0.0222952789 0.0044348067 0.0005129293 0.0222174749 0.0043946654 0.0000000077
144 0.0005167470 0.0005129293 135.4378901628 145 0.0005199361 0.0223076984 0.0047225760 0.0005143496 0.0221869564 0.0046998505 0.0000000151
145 0.0005199361 0.0005143496 136.2726141240 146 0.0005233496 0.0223209776 0.0050123431 0.0005294417 0.0224311045 0.0051271096 0.0000000253
146 0.0005233496 0.0005294417 137.1624743033 147 0.0005269934 0.0223351367 0.0053042476 0.0005279738 0.0223700674 0.0052491836 0.0000000043
147 0.0005269934 0.0005279738 138.1274022342 148 0.0005308738 0.0223501975 0.0055984330 0.0005231120 0.0221869564 0.0055543687 0.0000000286
148 0.0005308738 0.0005231120 139.1402566747 149 0.0005349977 0.0223661835 0.0058950474 0.0005335873 0.0222785119 0.0061037019 0.0000000512
149 0.0005349977 0.0005335873 140.2189521967 150 0.0005393727 0.0223831197 0.0061942434 0.0005394149 0.0224005860 0.0061342204 0.0000000039
150 0.0005393727 0.0005394149 141.3886218856 151 0.0005440066 0.0224010332 0.0064961792 0.0005379880 0.0223090304 0.0063478500 0.0000000305
151 0.0005440066 0.0005379880 142.5574159485 152 0.0005489081 0.0224199528 0.0068010183 0.0005472758 0.0224005860 0.0067445906 0.0000000036
152 0.0005489081 0.0005472758 143.8587760943 153 0.0005540864 0.0224399095 0.0071089303 0.0005569696 0.0225226600 0.0070497757 0.0000000103
153 0.0005540864 0.0005569696 145.1807793373 154 0.0005595514 0.0224609363 0.0074200911 0.0005590978 0.0224921415 0.0072939238 0.0000000169
154 0.0005595514 0.0005590978 146.7340751678 155 0.0005653137 0.0224830684 0.0077346837 0.0005505244 0.0221564379 0.0077211829 0.0000001069
155 0.0005653137 0.0005505244 148.1883976372 156 0.0005713847 0.0225063438 0.0080528986 0.0005648425 0.0223700674 0.0080263680 0.0000000193
156 0.0005713847 0.0005648425 149.7737497675 157 0.0005777766 0.0225308026 0.0083749341 0.0005713687 0.0223700674 0.0084231086 0.0000000282
157 0.0005777766 0.0005713687 151.4447412045 158 0.0005845025 0.0225564879 0.0087009975 0.0005716900 0.0222479934 0.0087588122 0.0000000985
158 0.0005845025 0.0005716900 153.2171576577 159 0.0005915765 0.0225834457 0.0090313051 0.0005960502 0.0226447340 0.0091250343 0.0000000125
159 0.0005915765 0.0005960502 155.0604458287 160 0.0005990136 0.0226117250 0.0093660832 0.0005978049 0.0225836970 0.0093691824 0.0000000008
160 0.0005990136 0.0005978049 157.0052733557 161 0.0006068301 0.0226413783 0.0097055689 0.0006032330 0.0226142155 0.0095828120 0.0000000158
161 0.0006068301 0.0006032330 159.0516660213 162 0.0006150432 0.0226724616 0.0100500110 0.0006074717 0.0225226600 0.0100100711 0.0000000240
162 0.0006150432 0.0006074717 161.2019722641 163 0.0006236717 0.0227050346 0.0103996706 0.0006216185 0.0226142155 0.0104983673 0.0000000180
163 0.0006236717 0.0006216185 163.4680219012 164 0.0006327357 0.0227391613 0.0107548223 0.0006357046 0.0227668081 0.0108340709 0.0000000070
164 0.0006327357 0.0006357046 165.8456685784 165 0.0006422565 0.0227749100 0.0111157552 0.0006347872 0.0225836970 0.0111697745 0.0000000395
165 0.0006422565 0.0006347872 168.3317766944 166 0.0006522576 0.0228123539 0.0114827740 0.0006472752 0.0226447340 0.0115970336 0.0000000412
166 0.0006522576 0.0006472752 170.9312659507 167 0.0006627638 0.0228515712 0.0118562003 0.0006599904 0.0227668081 0.0119022187 0.0000000093
167 0.0006627638 0.0006599904 173.7246247197 168 0.0006738021 0.0228926458 0.0122363741 0.0006750657 0.0229194006 0.0122379223 0.0000000007
168 0.0006738021 0.0006750657 176.6310632506 169 0.0006854015 0.0229356674 0.0126236550 0.0006874148 0.0228888821 0.0127872555 0.0000000290
169 0.0006854015 0.0006874148 179.6633327571 170 0.0006975934 0.0229807323 0.0130184241 0.0006855819 0.0227973266 0.0128788110 0.0000000531
170 0.0006975934 0.0006855819 182.8590270470 171 0.0007104117 0.0230279440 0.0134210857 0.0007120452 0.0230414747 0.0134586627 0.0000000016
171 0.0007104117 0.0007120452 186.2188422380 172 0.0007238932 0.0230774135 0.0138320693 0.0007316321 0.0231940672 0.0139164403 0.0000000207
172 0.0007238932 0.0007316321 189.7693987578 173 0.0007380774 0.0231292601 0.0142518320 0.0007373917 0.0231330302 0.0142216254 0.0000000009
173 0.0007380774 0.0007373917 193.4992491289 174 0.0007530075 0.0231836123 0.0146808606 0.0007453811 0.0229804376 0.0147404401 0.0000000448
174 0.0007530075 0.0007453811 197.4016837043 175 0.0007687304 0.0232406084 0.0151196742 0.0007623760 0.0230719932 0.0151676992 0.0000000307
175 0.0007687304 0.0007623760 201.5366274974 176 0.0007852969 0.0233003975 0.0155688279 0.0007825841 0.0232245857 0.0155949583 0.0000000064
176 0.0007852969 0.0007825841 205.9114359235 177 0.0008027625 0.0233631408 0.0160289151 0.0007962037 0.0231635487 0.0161137730 0.0000000470
177 0.0008027625 0.0007962037 210.5195904256 178 0.0008211875 0.0234290122 0.0165005721 0.0008221212 0.0233771783 0.0166020692 0.0000000130
178 0.0008211875 0.0008221212 215.4923462224 179 0.0008406380 0.0234982000 0.0169844814 0.0008371471 0.0233466597 0.0170903653 0.0000000342
179 0.0008406380 0.0008371471 221.9117974859 180 0.0008611863 0.0235709083 0.0174813770 0.0008441278 0.0233161412 0.0173345134 0.0000000865
180 0.0008611863 0.0008441278 225.2962652899 181 0.0008829114 0.0236473582 0.0179920489 0.0008760117 0.0235602893 0.0179143651 0.0000000136
181 0.0008829114 0.0008760117 231.2159534604 182 0.0009059003 0.0237277904 0.0185173493 0.0009000031 0.0236213263 0.0184942167 0.0000000119
182 0.0009059003 0.0009000031 237.2668780553 183 0.0009302485 0.0238124663 0.0190581990 0.0009270066 0.0236823634 0.0191351054 0.0000000228
183 0.0009302485 0.0009270066 243.7168464517 184 0.0009560614 0.0239016710 0.0196155945 0.0009522470 0.0238654744 0.0195623646 0.0000000041
184 0.0009560614 0.0009522470 250.4844879563 185 0.0009834554 0.0239957158 0.0201906164 0.0009828977 0.0238959929 0.0202948088 0.0000000208
185 0.0009834554 0.0009828977 257.6594539306 186 0.0010125591 0.0240949408 0.0207844389 0.0010073399 0.0239875484 0.0207831050 0.0000000115
186 0.0010125591 0.0010073399 265.3211003126 187 0.0010435154 0.0241997188 0.0213983404 0.0010267471 0.0240180670 0.0212103641 0.0000000683
187 0.0010435154 0.0010267471 273.4316960035 188 0.0010764830 0.0243104588 0.0220337155 0.0010710798 0.0241706595 0.0220648824 0.0000000205
188 0.0010764830 0.0010710798 282.0992584526 189 0.0011116391 0.0244276105 0.0226920891 0.0011029209 0.0242927335 0.0226447340 0.0000000204
189 0.0011116391 0.0011029209 291.3194163171 190 0.0011491813 0.0245516695 0.0233751325 0.0011555410 0.0244453261 0.0236213263 0.0000000719
190 0.0011491813 0.0011555410 301.1810075662 191 0.0011893314 0.0246831831 0.0240846814 0.0011878040 0.0245979186 0.0241401410 0.0000000103
191 0.0011893314 0.0011878040 311.6556191323 192 0.0012323386 0.0248227573 0.0248227573 0.0012281989 0.0247810297 0.0247810297 0.0000000035
192 0.0012323386 0.0012281989 322.9507928530 193 0.0012784837 0.0249710643 0.0255915926 0.0012710069 0.0249946593 0.0254219184 0.0000000293
193 0.0012784837 0.0012710069 335.0539565068 194 0.0013280844 0.0251288519 0.0263936585 0.0013229807 0.0250862148 0.0263374737 0.0000000050
194 0.0013280844 0.0013229807 348.0342743762 195 0.0013815013 0.0252969544 0.0272316992 0.0013777160 0.0253303629 0.0271309549 0.0000000113
195 0.0013815013 0.0013777160 362.0514969061 196 0.0014391451 0.0254763050 0.0281087710 0.0014395773 0.0254524369 0.0281380657 0.0000000014
196 0.0014391451 0.0014395773 377.1482601270 197 0.0015014852 0.0256679510 0.0290282885 0.0014977512 0.0256355480 0.0289925840 0.0000000023
197 0.0015014852 0.0014977512 393.4852363085 198 0.0015690607 0.0258730713 0.0299940800 0.0015602962 0.0256965850 0.0299996948 0.0000000312
198 0.0015690607 0.0015602962 411.1938541031 199 0.0016424927 0.0260929976 0.0310104527 0.0016460725 0.0260933256 0.0310678426 0.0000000033
199 0.0016424927 0.0016460725 430.4826462588 200 0.0017225010 0.0263292394 0.0320822710 0.0017208585 0.0263069552 0.0320749535 0.0000000006
200 0.0017225010 0.0017208585 451.4097095805 201 0.0018099229 0.0265835150 0.0332150511 0.0018192541 0.0265816218 0.0333567309 0.0000000201
201 0.0018099229 0.0018192541 474.2840816763 202 0.0019057381 0.0268577878 0.0344150746 0.0019009575 0.0267952513 0.0343943602 0.0000000043
202 0.0019057381 0.0019009575 499.4633730838 203 0.0020110991 0.0271543117 0.0356895281 0.0020132344 0.0271309549 0.0357371746 0.0000000028
203 0.0020110991 0.0020132344 527.0688231851 204 0.0021273694 0.0274756859 0.0370466738 0.0021287580 0.0274971770 0.0370494705 0.0000000005
204 0.0021273694 0.0021287580 557.5310477821 205 0.0022561730 0.0278249236 0.0384960603 0.0022472043 0.0276802881 0.0384838404 0.0000000211
205 0.0022561730 0.0022472043 591.2610900482 206 0.0023994575 0.0282055370 0.0400487854 0.0024004293 0.0283211768 0.0399792474 0.0000000182
206 0.0023994575 0.0024004293 628.8289039305 207 0.0025595755 0.0286216438 0.0417178261 0.0025624744 0.0286263619 0.0417493210 0.0000000010
207 0.0025595755 0.0025624744 670.8163565275 208 0.0027393922 0.0290781034 0.0435184571 0.0027336228 0.0290231025 0.0434888760 0.0000000039
208 0.0027393922 0.0027336228 717.9291216293 209 0.0029424277 0.0295806901 0.0454687861 0.0029416175 0.0294198431 0.0455641346 0.0000000350
209 0.0029424277 0.0029416175 771.1257733484 210 0.0031730483 0.0301363182 0.0475904470 0.0031560472 0.0299691763 0.0475173193 0.0000000333
210 0.0031730483 0.0031560472 831.5275086279 211 0.0034367265 0.0307533360 0.0499095068 0.0034433963 0.0307321390 0.0499893185 0.0000000068
211 0.0034367265 0.0034433963 900.6692666573 212 0.0037404011 0.0314419164 0.0524576684 0.0037326306 0.0313119907 0.0524613178 0.0000000169
212 0.0037404011 0.0037326306 980.2313151548 213 0.0040929820 0.0322145818 0.0552738880 0.0040657804 0.0321665090 0.0550553911 0.0000000501
213 0.0040929820 0.0040657804 1072.6135619383 214 0.0045060734 0.0330869210 0.0584065837 0.0044979190 0.0328989532 0.0584429456 0.0000000367
214 0.0045060734 0.0044979190 1180.7882751167 215 0.0049950284 0.0340785864 0.0619167050 0.0049867777 0.0340586566 0.0618610187 0.0000000035
215 0.0049950284 0.0049867777 1309.1459177413 216 0.0055805239 0.0352147054 0.0658820800 0.0055879273 0.0352488784 0.0659199805 0.0000000026
216 0.0055805239 0.0055879273 1462.5390798148 217 0.0062909716 0.0365279252 0.0704037095 0.0062611544 0.0364085818 0.0702536088 0.0000000368
217 0.0062909716 0.0062611544 1648.7085786543 218 0.0071663180 0.0380614459 0.0756151062 0.0071697476 0.0380870998 0.0756248665 0.0000000008
218 0.0071663180 0.0071697476 1878.0212981913 219 0.0082642341 0.0398736518 0.0816965483 0.0082805675 0.0398876919 0.0817896054 0.0000000089
219 0.0082642341 0.0082805675 2165.8592826436 220 0.0096705922 0.0420454127 0.0888975561 0.0096345054 0.0419324320 0.0887478256 0.0000000352
220 0.0096705922 0.0096345054 2534.3779852151 221 0.0115180088 0.0446920477 0.0975737142 0.0114820092 0.0444349498 0.0975066378 0.0000000706
221 0.0115180088 0.0114820092 3018.5071902067 222 0.0140204665 0.0479838340 0.1082497950 0.0140011847 0.0478530229 0.1082186346 0.0000000181
222 0.0140204665 0.0140011847 3674.1589406460 223 0.0175422624 0.0521831449 0.1217340616 0.0175394550 0.0520035401 0.1217993713 0.0000000365
223 0.0175422624 0.0175394550 4597.2435908753 224 0.0227467432 0.0577164051 0.1393397280 0.0227241835 0.0576494644 0.1392864772 0.0000000073
224 0.0227467432 0.0227241835 5961.4892912709 225 0.0309515202 0.0653259978 0.1633524846 0.0309397025 0.0652790918 0.1633350627 0.0000000025
225 0.0309515202 0.0309397025 8111.6561009815 226 0.0450991390 0.0764293177 0.1981355556 0.0450750980 0.0762962737 0.1981261635 0.0000000178
226 0.0450991390 0.0450750980 11819.5195578031 227 0.0729595343 0.0941114486 0.2531848526 0.0728723599 0.0941496017 0.2529984436 0.0000000362
227 0.0729595343 0.0728723599 19121.0256671767 228 0.1412174550 0.1265995381 0.3538220060 0.1410986147 0.1265297403 0.3536790063 0.0000000253
228 0.1412174550 0.1410986147 37009.8463028888 229 0.3995454254 0.2056273530 0.5977146620 0.3994258962 0.2055421613 0.5976439711 0.0000000123
229 0.3995454254 0.3994258962 104710.0076064630 230 4.7030742725 0.6802681808 2.0592011739 1.4624817527 0.6801049837 0.9999694815 1.1219718049
230 4.7030742725 1.4624817527 383435.7163069827 231 2.0043140776 -0.4275612979 -1.3496315846 1.1827068717 -0.4274422437 -1.0000000000 0.1222422591
231 2.0043140776 1.1827068717 310066.2723856362 232 0.2696432642 -0.1507366642 -0.4969121877 0.2695012742 -0.1507003998 -0.4967802973 0.0000000187
232 0.2696432642 0.2695012742 70667.2182406312 233 0.0974393180 -0.0869406775 -0.2998009950 0.0973749743 -0.0869472335 -0.2996917631 0.0000000120
233 0.0974393180 0.0973749743 25535.5860321621 234 0.0483612853 -0.0586533344 -0.2119459168 0.0483638407 -0.0586565752 -0.2119510483 0.0000000000
234 0.0483612853 0.0483638407 12675.2681761020 235 0.0280958500 -0.0427201148 -0.1620828240 0.0280919904 -0.0427869503 -0.1620532853 0.0000000053
235 0.0280958500 0.0280919904 7363.2057430077 236 0.0179188895 -0.0325256808 -0.1298497963 0.0179388687 -0.0325632496 -0.1299172948 0.0000000060
236 0.0179188895 0.0179388687 4696.0824231455 237 0.0121455782 -0.0254642161 -0.1072247729 0.0121343930 -0.0252998444 -0.1072115238 0.0000000272
237 0.0121455782 0.0121343930 3183.0069453383 238 0.0085856088 -0.0203016055 -0.0904071546 0.0085674463 -0.0204474013 -0.0902737510 0.0000000391
238 0.0085856088 0.0085674463 2249.7793435690 239 0.0062533325 -0.0163779566 -0.0773633960 0.0062794728 -0.0164494766 -0.0775170141 0.0000000287
239 0.0062533325 0.0062794728 1638.8070013317 240 0.0046536097 -0.0133085489 -0.0669065934 0.0046489338 -0.0133365886 -0.0668660543 0.0000000024
240 0.0046536097 0.0046489338 1219.6185527657 241 0.0035163568 -0.0108540598 -0.0582970513 0.0035051393 -0.0108645894 -0.0581987976 0.0000000098
241 0.0035163568 0.0035051393 921.5638267169 242 0.0026845082 -0.0088579184 -0.0510494419 0.0026883112 -0.0088503677 -0.0510879849 0.0000000015
242 0.0026845082 0.0026883112 703.5894199355 243 0.0020619232 -0.0072134949 -0.0448317823 0.0020667132 -0.0073549608 -0.0448622089 0.0000000209
243 0.0020619232 0.0020667132 540.4527873075 244 0.0015872398 -0.0058457683 -0.0394089687 0.0015842429 -0.0058595538 -0.0393688772 0.0000000018
244 0.0015872398 0.0015842429 415.9670298093 245 0.0012199126 -0.0047005337 -0.0346095012 0.0012098404 -0.0047608875 -0.0344553972 0.0000000274
245 0.0012199126 0.0012098404 319.6762876171 246 0.0009323634 -0.0037377643 -0.0303049923 0.0009371111 -0.0038758507 -0.0303659169 0.0000000228
246 0.0009323634 0.0009371111 244.2647987777 247 0.0007053745 -0.0029273793 -0.0263970642 0.0007115711 -0.0028687399 -0.0265205847 0.0000000187
247 0.0007053745 0.0007115711 184.8842036755 248 0.0005252831 -0.0022464602 -0.0228086935 0.0005263495 -0.0022888882 -0.0228278451 0.0000000022
248 0.0005252831 0.0005263495 137.6440060958 249 0.0003822187 -0.0016773731 -0.0194783251 0.0003785815 -0.0017395550 -0.0193792535 0.0000000137
249 0.0003822187 0.0003785815 100.1607803346 250 0.0002689665 -0.0012064735 -0.0163557620 0.0002654888 -0.0013733329 -0.0162358470 0.0000000422
250 0.0002689665 0.0002654888 70.4778052708 251 0.0001802168 -0.0008231993 -0.0133992212 0.0001795178 -0.0009155553 -0.0133671072 0.0000000096
251 0.0001802168 0.0001795178 47.2264507650 252 0.0001120618 -0.0005194266 -0.0105731717 0.0001092741 -0.0005798517 -0.0104373302 0.0000000221
252 0.0001120618 0.0001092741 29.3698783032 253 0.0000616543 -0.0002890112 -0.0078467031 0.0000587905 -0.0003357036 -0.0076601459 0.0000000370
253 0.0000616543 0.0000587905 16.1577516825 254 0.0000269758 -0.0001274628 -0.0051922574 0.0000260348 -0.0002441481 -0.0050965911 0.0000000228
254 0.0000269758 0.0000260348 7.0637613215 255 0.0000066812 -0.0000317195 -0.0025846079 0.0000062859 -0.0001525925 -0.0025025178 0.0000000213
255 0.0000066812 0.0000062859 1.7515856625 