#int double real img int16 real16 img16 error
0 0.0000128746 0.0035881258 0.0000000000 0.0000127497 0.0035706656 0.0000000000 0.0000000003
0 0.0000128746 0.0000127497 0.0000127497 1 0.0000141020 0.0036345296 0.0009445725 0.0000137518 0.0036011841 0.0008850368 0.0000000047
1 0.0000141020 0.0000137518 0.0000137518 2 0.0000185072 0.0037888172 0.0020376538 0.0000181479 0.0037537767 0.0020142216 0.0000000018
2 0.0000185072 0.0000181479 0.0000181479 3 0.0000292902 0.0041103675 0.0035206679 0.0000286166 0.0040894803 0.0034485916 0.0000000056
3 0.0000292902 0.0000286166 0.0000286166 4 0.0000585475 0.0047770679 0.0059772155 0.0000580818 0.0047608875 0.0059511093 0.0000000009
4 0.0000585475 0.0000580818 0.0000580818 5 0.0001767385 0.0064938634 0.0116003547 0.0001756442 0.0064699240 0.0115665151 0.0000000017
5 0.0001767385 0.0001756442 0.0001756442 6 0.0022615485 0.0170544447 0.0443925042 0.0022498867 0.0169988098 0.0442823572 0.0000000152
6 0.0022615485 0.0022498867 0.0022498867 7 0.0010587748 -0.0077218615 -0.0316092969 0.0010573336 -0.0077211829 -0.0315866573 0.0000000005
7 0.0010587748 0.0010573336 0.0010573336 8 0.0001574154 -0.0015680685 -0.0124481540 0.0001575596 -0.0015869625 -0.0124515519 0.0000000004
8 0.0001574154 0.0001575596 0.0001575596 9 0.0000631007 -0.0001680734 -0.0079418159 0.0000634800 -0.0001831111 -0.0079653310 0.0000000008
9 0.0000631007 0.0000634800 0.0000634800 10 0.0000348368 0.0004421595 -0.0058856888 0.0000348755 0.0004272591 -0.0058900723 0.0000000002
10 0.0000348368 0.0000348755 0.0000348755 11 0.0000225695 0.0007792081 -0.0046863960 0.0000226707 0.0007629627 -0.0046998505 0.0000000004
11 0.0000225695 0.0000226707 0.0000226707 12 0.0000160958 0.0009903834 -0.0038877961 0.0000162135 0.0009765923 -0.0039063692 0.0000000005
12 0.0000160958 0.0000162135 0.0000162135 13 0.0000122385 0.0011335382 -0.0033096283 0.0000122728 0.0010986663 -0.0033265175 0.0000000015
13 0.0000122385 0.0000122728 0.0000122728 14 0.0000097423 0.0012359579 -0.0028661248 0.0000097199 0.0012207404 -0.0028687399 0.0000000002
14 0.0000097423 0.0000097199 0.0000097199 15 0.0000080276 0.0013121563 -0.0025111454 0.0000080592 0.0012817774 -0.0025330363 0.0000000014
15 0.0000080276 0.0000080592 0.0000080592 16 0.0000067961 0.0013705421 -0.0022175837 0.0000067665 0.0013428144 -0.0022278512 0.0000000009
16 0.0000067961 0.0000067665 0.0000067665 17 0.0000058806 0.0014163092 -0.0019684198 0.0000059059 0.0014038514 -0.0019837031 0.0000000004
17 0.0000058806 0.0000059059 0.0000059059 18 0.0000051816 0.0014528289 -0.0017523928 0.0000051906 0.0014343699 -0.0017700735 0.0000000007
18 0.0000051816 0.0000051906 0.0000051906 19 0.0000046364 0.0014823782 -0.0015617289 0.0000045684 0.0014648885 -0.0015564440 0.0000000003
19 0.0000046364 0.0000045684 0.0000045684 20 0.0000042042 0.0015065447 -0.0013908680 0.0000041167 0.0014648885 -0.0014038514 0.0000000019
20 0.0000042042 0.0000041167 0.0000041167 21 0.0000038571 0.0015264654 -0.0012357117 0.0000038019 0.0014954070 -0.0012512589 0.0000000012
21 0.0000038571 0.0000038019 0.0000038019 22 0.0000035758 0.0015429719 -0.0010931575 0.0000035355 0.0015259255 -0.0010986663 0.0000000003
22 0.0000035758 0.0000035355 0.0000035355 23 0.0000033464 0.0015566837 -0.0009608005 0.0000032235 0.0015259255 -0.0009460738 0.0000000012
23 0.0000033464 0.0000032235 0.0000032235 24 0.0000031590 0.0015680685 -0.0008367351 0.0000031527 0.0015564440 -0.0008545183 0.0000000005
24 0.0000031590 0.0000031527 0.0000031527 25 0.0000030060 0.0015774829 -0.0007194195 0.0000029590 0.0015564440 -0.0007324442 0.0000000006
25 0.0000030060 0.0000029590 0.0000029590 26 0.0000028820 0.0015852008 -0.0006075807 0.0000028333 0.0015564440 -0.0006408887 0.0000000019
26 0.0000028820 0.0000028333 0.0000028333 27 0.0000027828 0.0015914325 -0.0005001456 0.0000026917 0.0015564440 -0.0005188147 0.0000000016
27 0.0000027828 0.0000026917 0.0000026917 28 0.0000027053 0.0015963387 -0.0003961911 0.0000025799 0.0015564440 -0.0003967406 0.0000000016
28 0.0000027053 0.0000025799 0.0000025799 29 0.0000026471 0.0016000403 -0.0002949046 0.0000026116 0.0015869625 -0.0003051851 0.0000000003
29 0.0000026471 0.0000026116 0.0000026116 30 0.0000026066 0.0016026252 -0.0001955547 0.0000024682 0.0015564440 -0.0002136296 0.0000000025
30 0.0000026066 0.0000024682 0.0000024682 31 0.0000025828 0.0016041531 -0.0000974663 0.0000025268 0.0015869625 -0.0000915555 0.0000000003
31 0.0000025828 0.0000025268 0.0000025268 32 0.0000025749 0.0016046586 0.0000000000 0.0000023284 0.0015259255 0.0000000000 0.0000000062
32 0.0000025749 0.0000023284 0.0000023284 33 0.0000025828 0.0016041531 0.0000974663 0.0000025268 0.0015869625 0.0000915555 0.0000000003
33 0.0000025828 0.0000025268 0.0000025268 34 0.0000026066 0.0016026252 0.0001955547 0.0000025520 0.0015869625 0.0001831111 0.0000000004
34 0.0000026066 0.0000025520 0.0000025520 35 0.0000026471 0.0016000403 0.0002949046 0.0000025939 0.0015869625 0.0002746666 0.0000000006
35 0.0000026471 0.0000025939 0.0000025939 36 0.0000027053 0.0015963387 0.0003961911 0.0000026526 0.0015869625 0.0003662221 0.0000000010
36 0.0000027053 0.0000026526 0.0000026526 37 0.0000027828 0.0015914325 0.0005001456 0.0000026610 0.0015564440 0.0004882962 0.0000000014
37 0.0000027828 0.0000026610 0.0000026610 38 0.0000028820 0.0015852008 0.0006075807 0.0000027951 0.0015564440 0.0006103702 0.0000000008
38 0.0000028820 0.0000027951 0.0000027951 39 0.0000030060 0.0015774829 0.0007194195 0.0000029152 0.0015564440 0.0007019257 0.0000000007
39 0.0000030060 0.0000029152 0.0000029152 40 0.0000031590 0.0015680685 0.0008367351 0.0000031015 0.0015564440 0.0008239998 0.0000000003
40 0.0000031590 0.0000031015 0.0000031015 41 0.0000033464 0.0015566837 0.0009608005 0.0000032235 0.0015259255 0.0009460738 0.0000000012
41 0.0000033464 0.0000032235 0.0000032235 42 0.0000035758 0.0015429719 0.0010931575 0.0000035355 0.0015259255 0.0010986663 0.0000000003
42 0.0000035758 0.0000035355 0.0000035355 43 0.0000038571 0.0015264654 0.0012357117 0.0000036361 0.0014648885 0.0012207404 0.0000000040
43 0.0000038571 0.0000036361 0.0000036361 44 0.0000042042 0.0015065447 0.0013908680 0.0000041223 0.0014954070 0.0013733329 0.0000000004
44 0.0000042042 0.0000041223 0.0000041223 45 0.0000046364 0.0014823782 0.0015617289 0.0000044743 0.0014648885 0.0015259255 0.0000000016
45 0.0000046364 0.0000044743 0.0000044743 46 0.0000051816 0.0014528289 0.0017523928 0.0000050835 0.0014343699 0.0017395550 0.0000000005
46 0.0000051816 0.0000050835 0.0000050835 47 0.0000058806 0.0014163092 0.0019684198 0.0000057010 0.0013733329 0.0019531846 0.0000000021
47 0.0000058806 0.0000057010 0.0000057010 48 0.0000067961 0.0013705421 0.0022175837 0.0000066314 0.0013428144 0.0021973327 0.0000000012
48 0.0000067961 0.0000066314 0.0000066314 49 0.0000080276 0.0013121563 0.0025111454 0.0000079055 0.0012817774 0.0025025178 0.0000000010
49 0.0000080276 0.0000079055 0.0000079055 50 0.0000097423 0.0012359579 0.0028661248 0.0000095457 0.0012207404 0.0028382214 0.0000000010
50 0.0000097423 0.0000095457 0.0000095457 51 0.0000122385 0.0011335382 0.0033096283 0.0000120707 0.0010986663 0.0032959990 0.0000000014
51 0.0000122385 0.0000120707 0.0000120707 52 0.0000160958 0.0009903834 0.0038877961 0.0000159760 0.0009765923 0.0038758507 0.0000000003
52 0.0000160958 0.0000159760 0.0000159760 53 0.0000225695 0.0007792081 0.0046863960 0.0000221007 0.0007629627 0.0046388134 0.0000000025
53 0.0000225695 0.0000221007 0.0000221007 54 0.0000348368 0.0004421595 0.0058856888 0.0000345169 0.0004272591 0.0058595538 0.0000000009
54 0.0000348368 0.0000345169 0.0000345169 55 0.0000631007 -0.0001680734 0.0079418159 0.0000625114 -0.0001831111 0.0079042940 0.0000000016
55 0.0000631007 0.0000625114 0.0000625114 56 0.0001574154 -0.0015680685 0.0124481540 0.0001568005 -0.0015869625 0.0124210334 0.0000000011
56 0.0001574154 0.0001568005 0.0001568005 57 0.0010587748 -0.0077218615 0.0316092969 0.0010534814 -0.0077211829 0.0315256203 0.0000000070
57 0.0010587748 0.0010534814 0.0010534814 58 0.0022615485 0.0170544447 -0.0443925042 0.0022525905 0.0169988098 -0.0443128758 0.0000000094
58 0.0022615485 0.0022525905 0.0022525905 59 0.0001767385 0.0064938634 -0.0116003547 0.0001763511 0.0064699240 -0.0115970336 0.0000000006
59 0.0001767385 0.0001763511 0.0001763511 60 0.0000585475 0.0047770679 -0.0059772155 0.0000581563 0.0047303690 -0.0059816279 0.0000000022
60 0.0000585475 0.0000581563 0.0000581563 61 0.0000292902 0.0041103675 -0.0035206679 0.0000290413 0.0040894803 -0.0035096286 0.0000000006
61 0.0000292902 0.0000290413 0.0000290413 62 0.0000185072 0.0037888172 -0.0020376538 0.0000182718 0.0037537767 -0.0020447401 0.0000000013
62 0.0000185072 0.0000182718 0.0000182718 63 0.0000141020 0.0036345296 -0.0009445725 0.0000138636 0.0036011841 -0.0009460738 0.0000000011
63 0.0000141020 0.0000138636 0.0000138636 