#int double real img int16 real16 img16 error
0 0.0000000000 -0.0000000000 0.0000000000 0.0000038149 -0.0019531846 0.0000000000 0.0000038149
0 0.0000000000 0.0000038149 0.0000000000 1 0.0000000002 -0.0000001590 0.0000129537 0.0000007311 0.0000305185 -0.0008545183 0.0000007534
1 0.0000000002 0.0000007311 0.0000336265 2 0.0000000007 -0.0000006388 0.0000260229 0.0000002701 -0.0003967406 -0.0003357036 0.0000002877
2 0.0000000007 0.0000002701 0.0001655713 3 0.0000000015 -0.0000014485 0.0000393267 0.0000004936 -0.0000305185 -0.0007019257 0.0000005503
3 0.0000000015 0.0000004936 0.0003714211 4 0.0000000028 -0.0000026033 0.0000529914 0.0000000233 0.0000000000 -0.0001525925 0.0000000423
4 0.0000000028 0.0000000233 0.0007214251 5 0.0000000045 -0.0000041258 0.0000671552 0.0000000373 -0.0000610370 -0.0001831111 0.0000000659
5 0.0000000045 0.0000000373 0.0011623485 6 0.0000000068 -0.0000060467 0.0000819730 0.0000000158 -0.0000305185 -0.0001220740 0.0000000422
6 0.0000000068 0.0000000158 0.0017399779 7 0.0000000096 -0.0000084068 0.0000976229 0.0000000233 -0.0000915555 -0.0001220740 0.0000000552
7 0.0000000096 0.0000000233 0.0024603412 8 0.0000000132 -0.0000112590 0.0001143143 0.0000000084 -0.0000915555 0.0000000000 0.0000000195
8 0.0000000132 0.0000000084 0.0034171715 9 0.0000000177 -0.0000146717 0.0001322987 0.0000000270 -0.0000610370 -0.0001525925 0.0000000833
9 0.0000000177 0.0000000270 0.0045606018 10 0.0000000234 -0.0000187332 0.0001518848 0.0000000233 -0.0000915555 -0.0001220740 0.0000000804
10 0.0000000234 0.0000000233 0.0060534968 11 0.0000000306 -0.0000235585 0.0001734584 0.0000000093 -0.0000305185 -0.0000915555 0.0000000703
11 0.0000000306 0.0000000093 0.0079289420 12 0.0000000399 -0.0000292982 0.0001975127 0.0000000009 -0.0000305185 0.0000000000 0.0000000390
12 0.0000000399 0.0000000009 0.0103181425 13 0.0000000518 -0.0000361531 0.0002246912 0.0000000009 -0.0000305185 0.0000000000 0.0000000505
13 0.0000000518 0.0000000009 0.0133954267 14 0.0000000674 -0.0000443948 0.0002558533 0.0000000037 -0.0000610370 0.0000000000 0.0000000657
14 0.0000000674 0.0000000037 0.0174309596 15 0.0000000883 -0.0000543992 0.0002921774 0.0000000317 -0.0001525925 0.0000915555 0.0000000499
15 0.0000000883 0.0000000317 0.0228680863 16 0.0000001169 -0.0000667007 0.0003353273 0.0000000838 -0.0000915555 0.0002746666 0.0000000043
16 0.0000001169 0.0000000838 0.0303451136 17 0.0000001571 -0.0000820842 0.0003877355 0.0000000466 -0.0000305185 0.0002136296 0.0000000330
17 0.0000001571 0.0000000466 0.0407803157 18 0.0000002157 -0.0001017491 0.0004531091 0.0000001863 -0.0000610370 0.0004272591 0.0000000023
18 0.0000002157 0.0000001863 0.0559828857 19 0.0000003051 -0.0001276234 0.0005373969 0.0000002161 -0.0001831111 0.0004272591 0.0000000152
19 0.0000003051 0.0000002161 0.0792025919 20 0.0000004501 -0.0001630146 0.0006507906 0.0000003819 -0.0002136296 0.0005798517 0.0000000076
20 0.0000004501 0.0000003819 0.1168384487 21 0.0000007057 -0.0002141078 0.0008123384 0.0000003474 -0.0002136296 0.0005493332 0.0000000692
21 0.0000007057 0.0000003474 0.1832488060 22 0.0000012148 -0.0002939630 0.0010622459 0.0000009882 -0.0003051851 0.0009460738 0.0000000136
22 0.0000012148 0.0000009882 0.3153585866 23 0.0000024476 -0.0004357356 0.0015025643 0.0000020416 -0.0004882962 0.0013428144 0.0000000283
23 0.0000024476 0.0000020416 0.6355654791 24 0.0000067731 -0.0007554729 0.0024904604 0.0000063492 -0.0007324442 0.0024109622 0.0000000069
24 0.0000067731 0.0000063492 1.7588873857 25 0.0000503461 -0.0021428826 0.0067641812 0.0000468195 -0.0021362957 0.0065004425 0.0000000696
25 0.0000503461 0.0000468195 13.0753753928 26 0.0001181359 0.0034094173 -0.0103204534 0.0001147553 0.0033875546 -0.0101626637 0.0000000254
26 0.0001181359 0.0001147553 30.6822336560 27 0.0000100361 0.0010305780 -0.0029956696 0.0000090679 0.0009155553 -0.0028687399 0.0000000293
27 0.0000100361 0.0000090679 2.6066664307 28 0.0000035472 0.0006345007 -0.0017733107 0.0000035057 0.0006103702 -0.0017700735 0.0000000006
28 0.0000035472 0.0000035057 0.9213408568 29 0.0000018327 0.0004716746 -0.0012689302 0.0000020127 0.0004577776 -0.0013428144 0.0000000057
29 0.0000018327 0.0000020127 0.4761370045 30 0.0000011328 0.0003830540 -0.0009930301 0.0000011698 0.0003051851 -0.0010376293 0.0000000081
30 0.0000011328 0.0000011698 0.2942103903 31 0.0000007775 0.0003274056 -0.0008187018 0.0000005961 0.0002441481 -0.0007324442 0.0000000144
31 0.0000007775 0.0000005961 0.2019288562 32 0.0000005714 0.0002892673 -0.0006983529 0.0000005523 0.0002441481 -0.0007019257 0.0000000020
32 0.0000005714 0.0000005523 0.1484194730 33 0.0000004406 0.0002615353 -0.0006101156 0.0000004443 0.0001831111 -0.0006408887 0.0000000071
33 0.0000004406 0.0000004443 0.1144728539 34 0.0000003522 0.0002404889 -0.0005425342 0.0000003474 0.0002136296 -0.0005493332 0.0000000008
34 0.0000003522 0.0000003474 0.0914818992 35 0.0000002893 0.0002239908 -0.0004890270 0.0000003027 0.0001831111 -0.0005188147 0.0000000026
35 0.0000002893 0.0000003027 0.0751589151 36 0.0000002429 0.0002107262 -0.0004455432 0.0000002282 0.0002136296 -0.0004272591 0.0000000003
36 0.0000002429 0.0000002282 0.0630888115 37 0.0000002076 0.0001998417 -0.0004094527 0.0000001276 0.0001220740 -0.0003357036 0.0000000115
37 0.0000002076 0.0000001276 0.0539403697 38 0.0000001800 0.0001907591 -0.0003789733 0.0000002533 0.0001220740 -0.0004882962 0.0000000167
38 0.0000001800 0.0000002533 0.0467851256 39 0.0000001580 0.0001830733 -0.0003528544 0.0000001015 0.0000915555 -0.0003051851 0.0000000106
39 0.0000001580 0.0000001015 0.0410317341 40 0.0000001402 0.0001764916 -0.0003301926 0.0000001583 0.0002136296 -0.0003357036 0.0000000014
40 0.0000001402 0.0000001583 0.0364327315 41 0.0000001255 0.0001707975 -0.0003103186 0.0000000633 0.0000610370 -0.0002441481 0.0000000164
41 0.0000001255 0.0000000633 0.0325712343 42 0.0000001132 0.0001658274 -0.0002927263 0.0000000494 0.0000610370 -0.0002136296 0.0000000172
42 0.0000001132 0.0000000494 0.0293890890 43 0.0000001028 0.0001614554 -0.0002770257 0.0000000838 0.0000915555 -0.0002746666 0.0000000049
43 0.0000001028 0.0000000838 0.0266701931 44 0.0000000940 0.0001575829 -0.0002629111 0.0000000903 0.0001220740 -0.0002746666 0.0000000014
44 0.0000000940 0.0000000903 0.0244049741 45 0.0000000863 0.0001541318 -0.0002501401 0.0000001164 0.0001525925 -0.0003051851 0.0000000030
45 0.0000000863 0.0000001164 0.0223969648 46 0.0000000797 0.0001510394 -0.0002385172 0.0000000689 0.0001525925 -0.0002136296 0.0000000006
46 0.0000000797 0.0000000689 0.0207145387 47 0.0000000739 0.0001482546 -0.0002278838 0.0000000605 0.0000305185 -0.0002441481 0.0000000141
47 0.0000000739 0.0000000605 0.0191710343 48 0.0000000688 0.0001457357 -0.0002181090 0.0000000745 0.0001220740 -0.0002441481 0.0000000012
48 0.0000000688 0.0000000745 0.0178853647 49 0.0000000643 0.0001434480 -0.0002090844 0.0000000605 0.0001220740 -0.0002136296 0.0000000005
49 0.0000000643 0.0000000605 0.0167038102 50 0.0000000603 0.0001413626 -0.0002007194 0.0000000605 0.0001220740 -0.0002136296 0.0000000005
50 0.0000000603 0.0000000605 0.0156754379 51 0.0000000567 0.0001394550 -0.0001929373 0.0000000158 0.0000305185 -0.0001220740 0.0000000169
51 0.0000000567 0.0000000158 0.0147182705 52 0.0000000534 0.0001377046 -0.0001856732 0.0000000680 0.0000915555 -0.0002441481 0.0000000055
52 0.0000000534 0.0000000680 0.0138948854 53 0.0000000505 0.0001360939 -0.0001788714 0.0000002580 0.0002746666 -0.0004272591 0.0000000809
53 0.0000000505 0.0000002580 0.0131917126 54 0.0000000479 0.0001346078 -0.0001724840 0.0000000317 0.0000915555 -0.0001525925 0.0000000022
54 0.0000000479 0.0000000317 0.0124158772 55 0.0000000455 0.0001332332 -0.0001664696 0.0000002096 0.0002746666 -0.0003662221 0.0000000599
55 0.0000000455 0.0000002096 0.0118639567 56 0.0000000433 0.0001319588 -0.0001607922 0.0000000317 0.0000915555 -0.0001525925 0.0000000017
56 0.0000000433 0.0000000317 0.0112488141 57 0.0000000413 0.0001307748 -0.0001554204 0.0000001360 0.0001525925 -0.0003357036 0.0000000330
57 0.0000000413 0.0000001360 0.0107152455 58 0.0000000394 0.0001296725 -0.0001503265 0.0000000745 0.0001220740 -0.0002441481 0.0000000089
58 0.0000000394 0.0000000745 0.0102601549 59 0.0000000377 0.0001286445 -0.0001454861 0.0000000382 0.0001525925 -0.0001220740 0.0000000011
59 0.0000000377 0.0000000382 0.0098241901 60 0.0000000361 0.0001276840 -0.0001408776 0.0000000484 0.0001220740 -0.0001831111 0.0000000018
60 0.0000000361 0.0000000484 0.0093989679 61 0.0000000347 0.0001267851 -0.0001364818 0.0000000494 0.0000610370 -0.0002136296 0.0000000103
61 0.0000000347 0.0000000494 0.0090367833 62 0.0000000334 0.0001259426 -0.0001322816 0.0000000186 0.0000610370 -0.0001220740 0.0000000043
62 0.0000000334 0.0000000186 0.0086639615 63 0.0000000321 0.0001251518 -0.0001282618 0.0000000298 0.0001220740 -0.0001220740 0.0000000000
63 0.0000000321 0.0000000298 0.0083497662 64 0.0000000310 0.0001244085 -0.0001244085 0.0000000233 0.0000915555 -0.0001220740 0.0000000011
64 0.0000000310 0.0000000233 0.0080551662 65 0.0000000299 0.0001237090 -0.0001207093 0.0000000298 0.0001220740 -0.0001220740 0.0000000000
65 0.0000000299 0.0000000298 0.0077720977 66 0.0000000289 0.0001230498 -0.0001171532 0.0000000317 0.0001525925 -0.0000915555 0.0000000015
66 0.0000000289 0.0000000317 0.0075152353 67 0.0000000279 0.0001224281 -0.0001137299 0.0000000233 0.0000915555 -0.0001220740 0.0000000010
67 0.0000000279 0.0000000233 0.0072758503 68 0.0000000270 0.0001218409 -0.0001104302 0.0000000186 0.0000610370 -0.0001220740 0.0000000038
68 0.0000000270 0.0000000186 0.0070526332 69 0.0000000262 0.0001212859 -0.0001072458 0.0000000298 0.0001220740 -0.0001220740 0.0000000002
69 0.0000000262 0.0000000298 0.0068314902 70 0.0000000254 0.0001207608 -0.0001041690 0.0000000000 0.0000000000 0.0000000000 0.0000000254
70 0.0000000254 0.0000000000 0.0066332246 71 0.0000000247 0.0001202635 -0.0001011928 0.0000000093 0.0000305185 -0.0000915555 0.0000000081
71 0.0000000247 0.0000000093 0.0064563017 72 0.0000000240 0.0001197921 -0.0000983109 0.0000000168 0.0000915555 -0.0000915555 0.0000000008
72 0.0000000240 0.0000000168 0.0062879893 73 0.0000000234 0.0001193450 -0.0000955173 0.0000000317 0.0000915555 -0.0001525925 0.0000000040
73 0.0000000234 0.0000000317 0.0061269985 74 0.0000000228 0.0001189207 -0.0000928066 0.0000000158 0.0000305185 -0.0001220740 0.0000000087
74 0.0000000228 0.0000000158 0.0059834133 75 0.0000000222 0.0001185175 -0.0000901739 0.0000000233 0.0000915555 -0.0001220740 0.0000000017
75 0.0000000222 0.0000000233 0.0058784319 76 0.0000000216 0.0001181344 -0.0000876144 0.0000000121 0.0000915555 -0.0000610370 0.0000000014
76 0.0000000216 0.0000000121 0.0059166623 77 0.0000000211 0.0001177700 -0.0000851241 0.0000000047 0.0000610370 -0.0000305185 0.0000000062
77 0.0000000211 0.0000000047 0.0043540060 78 0.0000000206 0.0001174232 -0.0000826988 0.0000000158 0.0001220740 -0.0000305185 0.0000000027
78 0.0000000206 0.0000000158 0.0051455854 79 0.0000000202 0.0001170931 -0.0000803349 0.0000000242 0.0001525925 -0.0000305185 0.0000000037
79 0.0000000202 0.0000000242 0.0051285216 80 0.0000000197 0.0001167786 -0.0000780290 0.0000000168 0.0000915555 -0.0000915555 0.0000000008
80 0.0000000197 0.0000000168 0.0050468293 81 0.0000000193 0.0001164790 -0.0000757779 0.0000000009 0.0000305185 0.0000000000 0.0000000131
81 0.0000000193 0.0000000009 0.0049634448 82 0.0000000189 0.0001161933 -0.0000735786 0.0000000047 0.0000305185 -0.0000610370 0.0000000075
82 0.0000000189 0.0000000047 0.0048637052 83 0.0000000185 0.0001159209 -0.0000714284 0.0000000242 0.0001525925 0.0000305185 0.0000000117
83 0.0000000185 0.0000000242 0.0047730150 84 0.0000000182 0.0001156611 -0.0000693246 0.0000000075 0.0000610370 -0.0000610370 0.0000000031
84 0.0000000182 0.0000000075 0.0046802123 85 0.0000000178 0.0001154131 -0.0000672648 0.0000000047 0.0000305185 -0.0000610370 0.0000000072
85 0.0000000178 0.0000000047 0.0046023602 86 0.0000000175 0.0001151765 -0.0000652467 0.0000000121 0.0000610370 -0.0000915555 0.0000000036
86 0.0000000175 0.0000000121 0.0045155891 87 0.0000000172 0.0001149506 -0.0000632681 0.0000000121 0.0000915555 -0.0000610370 0.0000000006
87 0.0000000172 0.0000000121 0.0044454675 88 0.0000000169 0.0001147350 -0.0000613271 0.0000000168 0.0000915555 -0.0000915555 0.0000000015
88 0.0000000169 0.0000000168 0.0043705762 89 0.0000000166 0.0001145292 -0.0000594218 0.0000000317 0.0001525925 -0.0000915555 0.0000000025
89 0.0000000166 0.0000000317 0.0043053433 90 0.0000000164 0.0001143326 -0.0000575502 0.0000000009 0.0000305185 0.0000000000 0.0000000103
90 0.0000000164 0.0000000009 0.0042241484 91 0.0000000161 0.0001141449 -0.0000557107 0.0000000047 0.0000305185 -0.0000610370 0.0000000070
91 0.0000000161 0.0000000047 0.0041661812 92 0.0000000159 0.0001139658 -0.0000539018 0.0000000047 0.0000610370 -0.0000305185 0.0000000033
92 0.0000000159 0.0000000047 0.0040993967 93 0.0000000157 0.0001137947 -0.0000521218 0.0000000047 0.0000305185 -0.0000610370 0.0000000070
93 0.0000000157 0.0000000047 0.0040553126 94 0.0000000154 0.0001136315 -0.0000503694 0.0000000075 0.0000610370 -0.0000610370 0.0000000029
94 0.0000000154 0.0000000075 0.0039908165 95 0.0000000152 0.0001134757 -0.0000486431 0.0000000242 0.0001525925 -0.0000305185 0.0000000019
95 0.0000000152 0.0000000242 0.0039330309 96 0.0000000150 0.0001133271 -0.0000469416 0.0000000121 0.0000915555 -0.0000610370 0.0000000007
96 0.0000000150 0.0000000121 0.0038909614 97 0.0000000149 0.0001131853 -0.0000452637 0.0000000019 0.0000305185 -0.0000305185 0.0000000071
97 0.0000000149 0.0000000019 0.0038438224 98 0.0000000147 0.0001130502 -0.0000436083 0.0000000168 0.0000915555 -0.0000915555 0.0000000028
98 0.0000000147 0.0000000168 0.0038022224 99 0.0000000145 0.0001129215 -0.0000419741 0.0000000186 0.0000610370 -0.0001220740 0.0000000091
99 0.0000000145 0.0000000186 0.0037565559 100 0.0000000144 0.0001127989 -0.0000403601 0.0000000121 0.0000610370 -0.0000915555 0.0000000053
100 0.0000000144 0.0000000121 0.0037124635 101 0.0000000142 0.0001126823 -0.0000387652 0.0000000605 0.0002136296 -0.0001220740 0.0000000171
101 0.0000000142 0.0000000605 0.0036864603 102 0.0000000141 0.0001125713 -0.0000371885 0.0000000121 0.0000915555 -0.0000610370 0.0000000010
102 0.0000000141 0.0000000121 0.0036370525 103 0.0000000139 0.0001124660 -0.0000356291 0.0000000317 0.0001525925 -0.0000915555 0.0000000047
103 0.0000000139 0.0000000317 0.0036145988 104 0.0000000138 0.0001123659 -0.0000340858 0.0000000047 0.0000610370 -0.0000305185 0.0000000026
104 0.0000000138 0.0000000047 0.0035654555 105 0.0000000137 0.0001122711 -0.0000325580 0.0000000484 -0.0001831111 0.0001220740 0.0000001112
105 0.0000000137 0.0000000484 0.0035056563 106 0.0000000135 0.0001121813 -0.0000310448 0.0000000093 0.0000305185 0.0000915555 0.0000000217
106 0.0000000135 0.0000000093 0.0034944844 107 0.0000000134 0.0001120965 -0.0000295452 0.0000000335 -0.0001831111 0.0000000000 0.0000000880
107 0.0000000134 0.0000000335 0.0034534971 108 0.0000000133 0.0001120163 -0.0000280586 0.0000000047 0.0000610370 -0.0000305185 0.0000000026
108 0.0000000133 0.0000000047 0.0034504934 109 0.0000000132 0.0001119409 -0.0000265842 0.0000000009 0.0000000000 -0.0000305185 0.0000000125
109 0.0000000132 0.0000000009 0.0034231556 110 0.0000000131 0.0001118699 -0.0000251212 0.0000000019 0.0000305185 0.0000305185 0.0000000097
110 0.0000000131 0.0000000019 0.0033910901 111 0.0000000131 0.0001118033 -0.0000236689 0.0000000019 0.0000305185 0.0000305185 0.0000000095
111 0.0000000131 0.0000000019 0.0033680561 112 0.0000000130 0.0001117411 -0.0000222267 0.0000000093 0.0000915555 -0.0000305185 0.0000000005
112 0.0000000130 0.0000000093 0.0033607988 113 0.0000000129 0.0001116831 -0.0000207938 0.0000000009 0.0000305185 0.0000000000 0.0000000070
113 0.0000000129 0.0000000009 0.0033302375 114 0.0000000128 0.0001116292 -0.0000193695 0.0000000047 0.0000610370 0.0000305185 0.0000000050
114 0.0000000128 0.0000000047 0.0033234384 115 0.0000000128 0.0001115793 -0.0000179533 0.0000000037 0.0000000000 -0.0000610370 0.0000000143
115 0.0000000128 0.0000000037 0.0032916225 116 0.0000000127 0.0001115334 -0.0000165444 0.0000000037 0.0000610370 0.0000000000 0.0000000028
116 0.0000000127 0.0000000037 0.0032862233 117 0.0000000127 0.0001114915 -0.0000151424 0.0000000000 0.0000000000 0.0000000000 0.0000000127
117 0.0000000127 0.0000000000 0.0032748912 118 0.0000000126 0.0001114533 -0.0000137465 0.0000000093 0.0000915555 0.0000305185 0.0000000024
118 0.0000000126 0.0000000093 0.0032576262 119 0.0000000126 0.0001114190 -0.0000123561 0.0000000186 0.0001220740 0.0000610370 0.0000000055
119 0.0000000126 0.0000000186 0.0032440411 120 0.0000000125 0.0001113884 -0.0000109708 0.0000000093 0.0000915555 -0.0000305185 0.0000000008
120 0.0000000125 0.0000000093 0.0032430054 121 0.0000000125 0.0001113615 -0.0000095899 0.0000000298 0.0001220740 -0.0001220740 0.0000000128
121 0.0000000125 0.0000000298 0.0032319024 122 0.0000000125 0.0001113383 -0.0000082128 0.0000000093 0.0000915555 -0.0000305185 0.0000000009
122 0.0000000125 0.0000000093 0.0032260934 123 0.0000000124 0.0001113187 -0.0000068390 0.0000000009 0.0000000000 -0.0000305185 0.0000000130
123 0.0000000124 0.0000000009 0.0032202490 124 0.0000000124 0.0001113027 -0.0000054680 0.0000000009 0.0000305185 0.0000000000 0.0000000066
124 0.0000000124 0.0000000009 0.0032126126 125 0.0000000124 0.0001112903 -0.0000040991 0.0000000019 0.0000305185 0.0000305185 0.0000000077
125 0.0000000124 0.0000000019 0.0032125372 126 0.0000000124 0.0001112814 -0.0000027318 0.0000000009 0.0000305185 0.0000000000 0.0000000065
126 0.0000000124 0.0000000009 0.0031998788 127 0.0000000124 0.0001112761 -0.0000013656 0.0000000009 0.0000000000 -0.0000305185 0.0000000132
127 0.0000000124 0.0000000009 0.0032019819 128 0.0000000124 0.0001112743 0.0000000000 0.0000015656 0.0012512589 0.0000000000 0.0000012996
128 0.0000000124 0.0000015656 0.0032048999 129 0.0000000124 0.0001112761 0.0000013656 0.0000000084 0.0000915555 0.0000000000 0.0000000004
129 0.0000000124 0.0000000084 0.0032053507 130 0.0000000124 0.0001112814 0.0000027318 0.0000000093 0.0000915555 -0.0000305185 0.0000000015
130 0.0000000124 0.0000000093 0.0032033314 131 0.0000000124 0.0001112903 0.0000040991 0.0000000009 0.0000305185 0.0000000000 0.0000000065
131 0.0000000124 0.0000000009 0.0032057521 132 0.0000000124 0.0001113027 0.0000054680 0.0000000009 0.0000305185 0.0000000000 0.0000000066
132 0.0000000124 0.0000000009 0.0032089896 133 0.0000000124 0.0001113187 0.0000068390 0.0000000093 0.0000305185 0.0000915555 0.0000000137
133 0.0000000124 0.0000000093 0.0032163754 134 0.0000000125 0.0001113383 0.0000082128 0.0000000009 0.0000305185 0.0000000000 0.0000000066
134 0.0000000125 0.0000000009 0.0032260934 135 0.0000000125 0.0001113615 0.0000095899 0.0000000075 0.0000610370 0.0000610370 0.0000000052
135 0.0000000125 0.0000000075 0.0032183853 136 0.0000000125 0.0001113884 0.0000109708 0.0000000037 0.0000610370 0.0000000000 0.0000000027
136 0.0000000125 0.0000000037 0.0032426654 137 0.0000000126 0.0001114190 0.0000123561 0.0000000047 0.0000610370 0.0000305185 0.0000000029
137 0.0000000126 0.0000000047 0.0032505747 138 0.0000000126 0.0001114533 0.0000137465 0.0000000047 0.0000610370 0.0000305185 0.0000000028
138 0.0000000126 0.0000000047 0.0032641170 139 0.0000000127 0.0001114915 0.0000151424 0.0000000093 0.0000915555 0.0000305185 0.0000000006
139 0.0000000127 0.0000000093 0.0032792994 140 0.0000000127 0.0001115334 0.0000165444 0.0000000037 0.0000610370 0.0000000000 0.0000000028
140 0.0000000127 0.0000000037 0.0032896852 141 0.0000000128 0.0001115793 0.0000179533 0.0000000037 0.0000000000 0.0000610370 0.0000000143
141 0.0000000128 0.0000000037 0.0032916225 142 0.0000000128 0.0001116292 0.0000193695 0.0000000121 0.0000915555 0.0000610370 0.0000000021
142 0.0000000128 0.0000000121 0.0033228358 143 0.0000000129 0.0001116831 0.0000207938 0.0000000047 0.0000305185 0.0000610370 0.0000000082
143 0.0000000129 0.0000000047 0.0033384597 144 0.0000000130 0.0001117411 0.0000222267 0.0000000037 0.0000610370 0.0000000000 0.0000000031
144 0.0000000130 0.0000000037 0.0033566393 145 0.0000000131 0.0001118033 0.0000236689 0.0000000009 0.0000305185 0.0000000000 0.0000000072
145 0.0000000131 0.0000000009 0.0033722529 146 0.0000000131 0.0001118699 0.0000251212 0.0000000093 0.0000915555 0.0000305185 0.0000000004
146 0.0000000131 0.0000000093 0.0034038425 147 0.0000000132 0.0001119409 0.0000265842 0.0000000084 0.0000000000 -0.0000915555 0.0000000265
147 0.0000000132 0.0000000084 0.0034188564 148 0.0000000133 0.0001120163 0.0000280586 0.0000000019 0.0000305185 0.0000305185 0.0000000066
148 0.0000000133 0.0000000019 0.0034426708 149 0.0000000134 0.0001120965 0.0000295452 0.0000000037 0.0000610370 0.0000000000 0.0000000035
149 0.0000000134 0.0000000037 0.0034761706 150 0.0000000135 0.0001121813 0.0000310448 0.0000000047 0.0000610370 -0.0000305185 0.0000000064
150 0.0000000135 0.0000000047 0.0034964105 151 0.0000000137 0.0001122711 0.0000325580 0.0000000009 0.0000305185 0.0000000000 0.0000000077
151 0.0000000137 0.0000000009 0.0035385274 152 0.0000000138 0.0001123659 0.0000340858 0.0000000093 0.0000915555 0.0000305185 0.0000000004
152 0.0000000138 0.0000000093 0.0035654555 153 0.0000000139 0.0001124660 0.0000356291 0.0000000019 -0.0000305185 0.0000305185 0.0000000205
153 0.0000000139 0.0000000019 0.0035903261 154 0.0000000141 0.0001125713 0.0000371885 0.0000000242 0.0001525925 -0.0000305185 0.0000000062
154 0.0000000141 0.0000000242 0.0036464333 155 0.0000000142 0.0001126823 0.0000387652 0.0000000000 0.0000000000 0.0000000000 0.0000000142
155 0.0000000142 0.0000000000 0.0036618579 156 0.0000000144 0.0001127989 0.0000403601 0.0000000047 0.0000610370 0.0000305185 0.0000000028
156 0.0000000144 0.0000000047 0.0037112126 157 0.0000000145 0.0001129215 0.0000419741 0.0000000121 0.0000610370 0.0000915555 0.0000000052
157 0.0000000145 0.0000000121 0.0037705937 158 0.0000000147 0.0001130502 0.0000436083 0.0000000149 0.0000000000 0.0001220740 0.0000000189
158 0.0000000147 0.0000000149 0.0037841285 159 0.0000000149 0.0001131853 0.0000452637 0.0000000270 0.0001525925 0.0000610370 0.0000000018
159 0.0000000149 0.0000000270 0.0038403102 160 0.0000000150 0.0001133271 0.0000469416 0.0000000093 0.0000915555 0.0000305185 0.0000000007
160 0.0000000150 0.0000000093 0.0038895038 161 0.0000000152 0.0001134757 0.0000486431 0.0000000093 0.0000915555 0.0000305185 0.0000000008
161 0.0000000152 0.0000000093 0.0039410799 162 0.0000000154 0.0001136315 0.0000503694 0.0000000009 0.0000000000 0.0000305185 0.0000000133
162 0.0000000154 0.0000000009 0.0039825980 163 0.0000000157 0.0001137947 0.0000521218 0.0000000121 0.0000610370 0.0000915555 0.0000000043
163 0.0000000157 0.0000000121 0.0040566314 164 0.0000000159 0.0001139658 0.0000539018 0.0000000186 0.0001220740 0.0000610370 0.0000000001
164 0.0000000159 0.0000000186 0.0041081377 165 0.0000000161 0.0001141449 0.0000557107 0.0000000233 0.0000915555 0.0001220740 0.0000000049
165 0.0000000161 0.0000000233 0.0041661812 166 0.0000000164 0.0001143326 0.0000575502 0.0000000084 0.0000000000 0.0000915555 0.0000000142
166 0.0000000164 0.0000000084 0.0042223648 167 0.0000000166 0.0001145292 0.0000594218 0.0000000019 0.0000305185 0.0000305185 0.0000000079
167 0.0000000166 0.0000000019 0.0043071902 168 0.0000000169 0.0001147350 0.0000613271 0.0000000270 0.0001525925 0.0000610370 0.0000000014
168 0.0000000169 0.0000000270 0.0043741350 169 0.0000000172 0.0001149506 0.0000632681 0.0000000168 0.0000915555 0.0000915555 0.0000000013
169 0.0000000172 0.0000000168 0.0044486602 170 0.0000000175 0.0001151765 0.0000652467 0.0000000233 0.0000000000 0.0001525925 0.0000000209
170 0.0000000175 0.0000000233 0.0045176112 171 0.0000000178 0.0001154131 0.0000672648 0.0000000484 0.0001220740 0.0001831111 0.0000000135
171 0.0000000178 0.0000000484 0.0045931256 172 0.0000000182 0.0001156611 0.0000693246 0.0000000121 0.0000915555 0.0000610370 0.0000000006
172 0.0000000182 0.0000000121 0.0046902414 173 0.0000000185 0.0001159209 0.0000714284 0.0000000047 0.0000305185 0.0000610370 0.0000000074
173 0.0000000185 0.0000000047 0.0047796622 174 0.0000000189 0.0001161933 0.0000735786 0.0000000168 0.0000915555 0.0000915555 0.0000000009
174 0.0000000189 0.0000000168 0.0048574790 175 0.0000000193 0.0001164790 0.0000757779 0.0000000233 0.0000915555 0.0001220740 0.0000000028
175 0.0000000193 0.0000000233 0.0049528010 176 0.0000000197 0.0001167786 0.0000780290 0.0000000075 0.0000610370 0.0000610370 0.0000000034
176 0.0000000197 0.0000000075 0.0050408164 177 0.0000000202 0.0001170931 0.0000803349 0.0000000121 0.0000915555 0.0000610370 0.0000000010
177 0.0000000202 0.0000000121 0.0051285216 178 0.0000000206 0.0001174232 0.0000826988 0.0000000186 0.0000610370 0.0001220740 0.0000000047
178 0.0000000206 0.0000000186 0.0051506297 179 0.0000000211 0.0001177700 0.0000851241 0.0000000121 0.0000610370 0.0000915555 0.0000000033
179 0.0000000211 0.0000000121 0.0043540060 180 0.0000000216 0.0001181344 0.0000876144 0.0000000168 0.0000915555 0.0000915555 0.0000000007
180 0.0000000216 0.0000000168 0.0059166623 181 0.0000000222 0.0001185175 0.0000901739 0.0000000121 0.0000610370 0.0000915555 0.0000000033
181 0.0000000222 0.0000000121 0.0058935175 182 0.0000000228 0.0001189207 0.0000928066 0.0000000121 0.0000610370 0.0000915555 0.0000000034
182 0.0000000228 0.0000000121 0.0059854931 183 0.0000000234 0.0001193450 0.0000955173 0.0000000093 0.0000305185 0.0000915555 0.0000000079
183 0.0000000234 0.0000000093 0.0061389499 184 0.0000000240 0.0001197921 0.0000983109 0.0000000121 0.0000610370 0.0000915555 0.0000000035
184 0.0000000240 0.0000000121 0.0062811790 185 0.0000000247 0.0001202635 0.0001011928 0.0000000186 0.0000610370 0.0001220740 0.0000000039
185 0.0000000247 0.0000000186 0.0064430779 186 0.0000000254 0.0001207608 0.0001041690 0.0000000242 0.0000305185 0.0001525925 0.0000000105
186 0.0000000254 0.0000000242 0.0066407539 187 0.0000000262 0.0001212859 0.0001072458 0.0000000047 0.0000305185 0.0000610370 0.0000000104
187 0.0000000262 0.0000000047 0.0068277134 188 0.0000000270 0.0001218409 0.0001104302 0.0000000270 0.0000610370 0.0001525925 0.0000000055
188 0.0000000270 0.0000000270 0.0070488378 189 0.0000000279 0.0001224281 0.0001137299 0.0000000186 0.0000610370 0.0001220740 0.0000000038
189 0.0000000279 0.0000000186 0.0072641494 190 0.0000000289 0.0001230498 0.0001171532 0.0000000373 0.0000610370 0.0001831111 0.0000000082
190 0.0000000289 0.0000000373 0.0075037486 191 0.0000000299 0.0001237090 0.0001207093 0.0000000037 0.0000000000 0.0000610370 0.0000000189
191 0.0000000299 0.0000000037 0.0077568864 192 0.0000000310 0.0001244085 0.0001244085 0.0000000168 0.0000915555 0.0000915555 0.0000000022
192 0.0000000310 0.0000000168 0.0080512926 193 0.0000000321 0.0001251518 0.0001282618 0.0000000270 0.0000610370 0.0001525925 0.0000000047
193 0.0000000321 0.0000000270 0.0083534610 194 0.0000000334 0.0001259426 0.0001322816 0.0000000317 0.0001525925 0.0000915555 0.0000000024
194 0.0000000334 0.0000000317 0.0086800334 195 0.0000000347 0.0001267851 0.0001364818 0.0000000186 0.0000610370 0.0001220740 0.0000000045
195 0.0000000347 0.0000000186 0.0090200837 196 0.0000000361 0.0001276840 0.0001408776 0.0000000233 0.0000915555 0.0001220740 0.0000000017
196 0.0000000361 0.0000000233 0.0094025286 197 0.0000000377 0.0001286445 0.0001454861 0.0000000168 0.0000915555 0.0000915555 0.0000000043
197 0.0000000377 0.0000000168 0.0097975247 198 0.0000000394 0.0001296725 0.0001503265 0.0000000121 0.0000610370 0.0000915555 0.0000000082
198 0.0000000394 0.0000000121 0.0102420787 199 0.0000000413 0.0001307748 0.0001554204 0.0000000093 0.0000915555 0.0000305185 0.0000000171
199 0.0000000413 0.0000000093 0.0107233820 200 0.0000000433 0.0001319588 0.0001607922 0.0000000317 0.0000915555 0.0001525925 0.0000000017
200 0.0000000433 0.0000000317 0.0112529206 201 0.0000000455 0.0001332332 0.0001664696 0.0000000838 0.0000915555 0.0002746666 0.0000000134
201 0.0000000455 0.0000000838 0.0118079510 202 0.0000000479 0.0001346078 0.0001724840 0.0000000838 0.0000915555 0.0002746666 0.0000000123
202 0.0000000479 0.0000000838 0.0124385098 203 0.0000000505 0.0001360939 0.0001788714 0.0000000335 0.0000000000 0.0001831111 0.0000000185
203 0.0000000505 0.0000000335 0.0131372902 204 0.0000000534 0.0001377046 0.0001856732 0.0000000484 0.0001220740 0.0001831111 0.0000000003
204 0.0000000534 0.0000000484 0.0138891062 205 0.0000000567 0.0001394550 0.0001929373 0.0000000093 0.0000305185 0.0000915555 0.0000000221
205 0.0000000567 0.0000000093 0.0147036022 206 0.0000000603 0.0001413626 0.0002007194 0.0000000689 0.0002136296 0.0001525925 0.0000000075
206 0.0000000603 0.0000000689 0.0156823916 207 0.0000000643 0.0001434480 0.0002090844 0.0000000680 0.0000915555 0.0002441481 0.0000000039
207 0.0000000643 0.0000000680 0.0167017612 208 0.0000000688 0.0001457357 0.0002181090 0.0000000484 0.0001220740 0.0001831111 0.0000000018
208 0.0000000688 0.0000000484 0.0178672596 209 0.0000000739 0.0001482546 0.0002278838 0.0000000466 0.0001525925 0.0001525925 0.0000000057
209 0.0000000739 0.0000000466 0.0192089648 210 0.0000000797 0.0001510394 0.0002385172 0.0000000317 0.0000915555 0.0001525925 0.0000000109
210 0.0000000797 0.0000000317 0.0206930312 211 0.0000000863 0.0001541318 0.0002501401 0.0000000494 0.0000610370 0.0002136296 0.0000000100
211 0.0000000863 0.0000000494 0.0224113294 212 0.0000000940 0.0001575829 0.0002629111 0.0000000186 0.0000610370 0.0001220740 0.0000000292
212 0.0000000940 0.0000000186 0.0243624734 213 0.0000001028 0.0001614554 0.0002770257 0.0000000419 0.0000915555 0.0001831111 0.0000000137
213 0.0000001028 0.0000000419 0.0266809841 214 0.0000001132 0.0001658274 0.0002927263 0.0000001080 0.0001220740 0.0003051851 0.0000000021
214 0.0000001132 0.0000001080 0.0293748296 215 0.0000001255 0.0001707975 0.0003103186 0.0000001164 0.0001525925 0.0003051851 0.0000000004
215 0.0000001255 0.0000001164 0.0325668960 216 0.0000001402 0.0001764916 0.0003301926 0.0000001090 0.0001831111 0.0002746666 0.0000000031
216 0.0000001402 0.0000001090 0.0364121853 217 0.0000001580 0.0001830733 0.0003528544 0.0000001276 0.0001220740 0.0003357036 0.0000000040
217 0.0000001580 0.0000001276 0.0410484039 218 0.0000001800 0.0001907591 0.0003789733 0.0000001574 0.0001525925 0.0003662221 0.0000000016
218 0.0000001800 0.0000001574 0.0467556092 219 0.0000002076 0.0001998417 0.0004094527 0.0000002533 0.0001220740 0.0004882962 0.0000000123
219 0.0000002076 0.0000002533 0.0539403697 220 0.0000002429 0.0002107262 0.0004455432 0.0000001490 0.0001220740 0.0003662221 0.0000000142
220 0.0000002429 0.0000001490 0.0630275863 221 0.0000002893 0.0002239908 0.0004890270 0.0000001658 0.0000915555 0.0003967406 0.0000000261
221 0.0000002893 0.0000001658 0.0750911060 222 0.0000003522 0.0002404889 0.0005425342 0.0000002161 0.0001831111 0.0004272591 0.0000000166
222 0.0000003522 0.0000002161 0.0914406679 223 0.0000004406 0.0002615353 0.0006101156 0.0000003958 0.0002441481 0.0005798517 0.0000000012
223 0.0000004406 0.0000003958 0.1144918364 224 0.0000005714 0.0002892673 0.0006983529 0.0000005104 0.0002441481 0.0006714072 0.0000000028
224 0.0000005714 0.0000005104 0.1483977486 225 0.0000007775 0.0003274056 0.0008187018 0.0000005681 0.0002746666 0.0007019257 0.0000000164
225 0.0000007775 0.0000005681 0.2018982809 226 0.0000011328 0.0003830540 0.0009930301 0.0000009509 0.0003357036 0.0009155553 0.0000000082
226 0.0000011328 0.0000009509 0.2942342075 227 0.0000018327 0.0004716746 0.0012689302 0.0000016476 0.0003967406 0.0012207404 0.0000000079
227 0.0000018327 0.0000016476 0.4760479208 228 0.0000035472 0.0006345007 0.0017733107 0.0000031537 0.0005798517 0.0016785180 0.0000000120
228 0.0000035472 0.0000031537 0.9211753739 229 0.0000100361 0.0010305780 0.0029956696 0.0000088937 0.0009155553 0.0028382214 0.0000000380
229 0.0000100361 0.0000088937 2.6062325774 230 0.0001181359 0.0034094173 0.0103204534 0.0001121167 0.0031739250 0.0101016266 0.0000001033
230 0.0001181359 0.0001121167 30.6808435005 231 0.0000503461 -0.0021428826 -0.0067641812 0.0000459002 -0.0021057772 -0.0064394055 0.0000001069
231 0.0000503461 0.0000459002 13.0758628609 232 0.0000067731 -0.0007554729 -0.0024904604 0.0000064973 -0.0007324442 -0.0024414808 0.0000000029
232 0.0000067731 0.0000064973 1.7590188154 233 0.0000024476 -0.0004357356 -0.0015025643 0.0000023266 -0.0005188147 -0.0014343699 0.0000000116
233 0.0000024476 0.0000023266 0.6355458689 234 0.0000012148 -0.0002939630 -0.0010622459 0.0000012536 -0.0003357036 -0.0010681478 0.0000000018
234 0.0000012148 0.0000012536 0.3154576975 235 0.0000007057 -0.0002141078 -0.0008123384 0.0000006277 -0.0002136296 -0.0007629627 0.0000000024
235 0.0000007057 0.0000006277 0.1833632092 236 0.0000004501 -0.0001630146 -0.0006507906 0.0000004182 -0.0002136296 -0.0006103702 0.0000000042
236 0.0000004501 0.0000004182 0.1168991681 237 0.0000003051 -0.0001276234 -0.0005373969 0.0000002161 -0.0001831111 -0.0004272591 0.0000000152
237 0.0000003051 0.0000002161 0.0792105347 238 0.0000002157 -0.0001017491 -0.0004531091 0.0000002552 -0.0002136296 -0.0004577776 0.0000000125
238 0.0000002157 0.0000002552 0.0560360926 239 0.0000001571 -0.0000820842 -0.0003877355 0.0000002030 -0.0002136296 -0.0003967406 0.0000000174
239 0.0000001571 0.0000002030 0.0407872628 240 0.0000001169 -0.0000667007 -0.0003353273 0.0000001211 -0.0000915555 -0.0003357036 0.0000000006
240 0.0000001169 0.0000001211 0.0303659728 241 0.0000000883 -0.0000543992 -0.0002921774 0.0000000792 -0.0000610370 -0.0002746666 0.0000000004
241 0.0000000883 0.0000000792 0.0229458220 242 0.0000000674 -0.0000443948 -0.0002558533 0.0000000969 -0.0000610370 -0.0003051851 0.0000000027
242 0.0000000674 0.0000000969 0.0175104435 243 0.0000000518 -0.0000361531 -0.0002246912 0.0000000093 -0.0000305185 -0.0000915555 0.0000000178
243 0.0000000518 0.0000000093 0.0134431673 244 0.0000000399 -0.0000292982 -0.0001975127 0.0000000494 -0.0000610370 -0.0002136296 0.0000000013
244 0.0000000399 0.0000000494 0.0103620291 245 0.0000000306 -0.0000235585 -0.0001734584 0.0000000317 -0.0000915555 -0.0001525925 0.0000000051
245 0.0000000306 0.0000000317 0.0079411878 246 0.0000000234 -0.0000187332 -0.0001518848 0.0000000903 -0.0001220740 -0.0002746666 0.0000000258
246 0.0000000234 0.0000000903 0.0060812231 247 0.0000000177 -0.0000146717 -0.0001322987 0.0000000121 -0.0000610370 -0.0000915555 0.0000000038
247 0.0000000177 0.0000000121 0.0045929719 248 0.0000000132 -0.0000112590 -0.0001143143 0.0000000186 -0.0000610370 -0.0001220740 0.0000000025
248 0.0000000132 0.0000000186 0.0034306839 249 0.0000000096 -0.0000084068 -0.0000976229 0.0000000317 -0.0000915555 -0.0001525925 0.0000000099
249 0.0000000096 0.0000000317 0.0024930987 250 0.0000000068 -0.0000060467 -0.0000819730 0.0000000047 -0.0000610370 -0.0000305185 0.0000000057
250 0.0000000068 0.0000000047 0.0017528868 251 0.0000000045 -0.0000041258 -0.0000671552 0.0000000037 0.0000610370 0.0000000000 0.0000000088
251 0.0000000045 0.0000000037 0.0011751047 252 0.0000000028 -0.0000026033 -0.0000529914 0.0000000093 -0.0000915555 -0.0000305185 0.0000000084
252 0.0000000028 0.0000000093 0.0007296352 253 0.0000000015 -0.0000014485 -0.0000393267 0.0000000121 -0.0000915555 0.0000610370 0.0000000182
253 0.0000000015 0.0000000121 0.0004015363 254 0.0000000007 -0.0000006388 -0.0000260229 0.0000000168 -0.0000915555 -0.0000915555 0.0000000126
254 0.0000000007 0.0000000168 0.0001739519 255 0.0000000002 -0.0000001590 -0.0000129537 0.0000000019 0.0000305185 0.0000305185 0.0000000028
255 0.0000000002 0.0000000019 0.0000434777 