#int double real img int16 real16 img16 error
0 20404.9396759587 142.8458598489 0.0000000000 0.0000900839 -0.0094912564 0.0000000000 20407.6513394191
0 20404.9396759587 0.0000900839 4096.2461049571 1 22350.2000175529 144.6932311694 37.6041071070 0.0030773195 -0.0535294656 -0.0145573290 22366.7886282787
1 22350.2000175529 0.0030773195 4719.8801683996 2 29331.8855007705 150.8355278080 81.1204601297 0.0202981254 -0.1202429273 -0.0764183477 29380.5777927757
2 29331.8855007705 0.0202981254 4552.4469091307 3 46421.8765719167 163.6366786294 140.1603152788 0.0000000019 -0.0000305185 -0.0000305185 46421.8951147814
3 46421.8765719167 0.0000000019 8034.0527758921 4 92791.5062999221 190.1784967857 237.9572349399 0.0101337704 -0.0972014527 -0.0261848811 92840.9494498271
4 92791.5062999221 0.0101337704 8192.4922099141 5 280111.6299175697 258.5253566063 461.8184382516 0.0234115573 -0.1109347819 -0.1053804132 280266.3454729636
5 280111.6299175697 0.0234115573 8192.4922099141 6 3584312.8417085642 678.9496723055 1767.2974238042 0.0312519074 -0.1250038148 -0.1250038148 3584924.4533984526
6 3584312.8417085642 0.0312519074 8192.4922099141 7 1678044.9686625155 -307.4128439110 -1258.3887761980 0.0257563851 -0.1250038148 0.1006500443 1678221.4526344980
7 1678044.9686625155 0.0257563851 4327.6395389682 8 249486.5606498947 -62.4259297798 -495.5699384961 0.0013575088 0.0289925840 0.0227362896 249512.7166286670
8 249486.5606498947 0.0013575088 4096.2500114455 9 100007.8525121455 -6.6911234934 -316.1693871622 0.0189601291 -0.1138035218 -0.0775170141 99957.3315117716
9 100007.8525121455 0.0189601291 2035.8914025659 10 55212.6674880045 17.6026887247 -234.3134926496 0.0022253123 0.0405285806 -0.0241401410 55199.9301678403
10 55212.6674880045 0.0022253123 431.1221661429 11 35770.2030752363 31.0208346045 -186.5687832829 0.0312442785 -0.1250038148 0.1249732963 35824.6219965120
11 35770.2030752363 0.0312442785 3015.5137508583 12 25510.1527574625 39.4278747777 -154.7759524215 0.0157905368 0.0131229591 0.1249732963 25547.8194491506
12 25510.1527574625 0.0157905368 3435.3473413903 13 19396.7914567306 45.1269669061 -131.7586745326 0.0200283840 0.1249732963 -0.0664082766 19368.0324204908
13 19396.7914567306 0.0200283840 1108.0937221759 14 15440.4470154362 49.2043711917 -114.1024840705 0.0101943892 -0.0932950835 0.0386059145 15458.4483231457
14 15440.4470154362 0.0101943892 2672.8576404699 15 12722.8967135906 52.2378826283 -99.9704973085 0.0164571260 0.0289620655 0.1249732963 12744.8746219245
15 12722.8967135906 0.0164571260 6085.9158378415 16 10771.0339953990 54.5622633103 -88.2835965390 0.0085754432 0.0605792413 0.0700399792 10776.7986523502
16 10771.0339953990 0.0085754432 4703.2917214213 17 9320.1360495665 56.3842833008 -78.3642051336 0.0272636374 0.1079134495 0.1249732963 9327.5809342415
17 9320.1360495665 0.0272636374 4765.8794253079 18 8212.2707269721 57.8381610410 -69.7640154691 0.0312519074 -0.1250038148 -0.1250038148 8209.3204242827
18 8212.2707269721 0.0312519074 6961.0188127206 19 7348.2654770237 59.0145381432 -62.1735455380 0.0000000019 -0.0000305185 -0.0000305185 7348.2652842092
19 7348.2654770237 0.0000000019 2788.4238191806 20 6663.1933192092 59.9766255335 -55.3714521105 0.0312519074 -0.1250038148 -0.1250038148 6664.3758996081
20 6663.1933192092 0.0312519074 1618.6802645141 21 6113.0597080331 60.7696812948 -49.1945682303 0.0278378663 -0.1250038148 -0.1105075228 6117.4076901312
21 6113.0597080331 0.0278378663 1196.4595346019 22 5667.1908472751 61.4268186071 -43.5193842223 0.0312519074 -0.1250038148 -0.1250038148 5671.6990944058
22 5667.1908472751 0.0312519074 313.4327311796 23 5303.6895588211 61.9726952752 -38.2501581584 0.0079583102 -0.0172429579 0.0875270852 5312.5305519791
23 5303.6895588211 0.0079583102 1199.7585997021 24 5006.6211434305 62.4259297803 -33.3110257197 0.0013592793 -0.0290231025 0.0227362896 5011.7608292812
24 5006.6211434305 0.0013592793 702.7490815316 25 4764.2153771263 62.8007243826 -28.6406074334 0.0158196210 0.0139164403 -0.1250038148 4755.3229013059
25 4764.2153771263 0.0158196210 4046.6946434290 26 4567.6870694971 63.1079788778 -24.1882217505 0.0076168442 -0.0474562822 -0.0732444227 4570.1411217765
26 4567.6870694971 0.0076168442 589.7203222917 27 4410.4454730473 63.3560677804 -19.9111563816 0.0020180990 -0.0449232459 -0.0000305185 4416.1385962591
27 4410.4454730473 0.0020180990 1634.4021970685 28 4287.5555678828 63.5513890589 -15.7726509050 0.0036523010 -0.0589922788 0.0131229591 4295.4712704137
28 4287.5555678828 0.0036523010 2254.2158624460 29 4195.3673589837 63.6987535841 -11.7403641686 0.0000000009 0.0000000000 -0.0000305185 4195.3666423878
29 4195.3673589837 0.0000000009 1832.9240684219 30 4131.2607852206 63.8016602348 -7.7851741473 0.0006752445 -0.0240180670 0.0099185156 4134.4806803023
30 4131.2607852206 0.0006752445 177.0933259615 31 4093.4731118187 63.8624860627 -3.8802043383 0.0053976679 0.0565202795 0.0469374676 4086.6237122872
31 4093.4731118187 0.0053976679 4381.0015870435 32 4080.9879352147 63.8826105855 0.0000000000 0.0156183248 0.1249732963 0.0000000000 4065.0363126967
32 4080.9879352147 0.0156183248 4096.1836014104 33 4093.4731118163 63.8624860627 3.8802043383 0.0045172833 -0.0672017579 0.0010986663 4102.0524456500
33 4093.4731118163 0.0045172833 4104.1127919041 34 4131.2607852203 63.8016602348 7.7851741473 0.0074980188 -0.0240180670 -0.0831934568 4135.6284194329
34 4131.2607852203 0.0074980188 177.1086315384 35 4195.3673589849 63.6987535841 11.7403641686 0.0312519074 -0.1250038148 -0.1250038148 4214.2589659029
35 4195.3673589849 0.0312519074 1590.5360792493 36 4287.5555678809 63.5513890588 15.7726509050 0.0191024429 -0.0589617603 -0.1250038148 4299.0121569273
36 4287.5555678809 0.0191024429 2254.1813378324 37 4410.4454730422 63.3560677804 19.9111563816 0.0001117702 -0.0087588122 -0.0059205908 4411.7912042339
37 4410.4454730422 0.0001117702 1299.6644253639 38 4567.6870694895 63.1079788777 24.1882217506 0.0312442785 0.1249732963 -0.1250038148 4557.9919294659
38 4567.6870694895 0.0312442785 4365.3990196257 39 4764.2153771323 62.8007243826 28.6406074333 0.0054635508 0.0739158300 -0.0000305185 4754.9386534920
39 4764.2153771323 0.0054635508 10.7736689797 40 5006.6211434295 62.4259297803 33.3110257196 0.0164682942 -0.0290231025 -0.1250038148 5018.5892106231
40 5006.6211434295 0.0164682942 702.7474634759 41 5303.6895588109 61.9726952752 38.2501581583 0.0194678575 0.0619830927 -0.1250038148 5305.5893394045
41 5303.6895588109 0.0194678575 0.0000002394 42 5667.1908472923 61.4268186071 43.5193842224 0.0266731717 -0.1250038148 -0.1051057466 5691.7229685231
42 5667.1908472923 0.0266731717 266.1527318966 43 6113.0597080411 60.7696812948 49.1945682303 0.0052217769 0.0578936125 0.0432447279 6101.7737656223
43 6113.0597080411 0.0052217769 1089.2311597448 44 6663.1933192139 59.9766255335 55.3714521105 0.0312442785 -0.1250038148 0.1249732963 6664.3792716922
44 6663.1933192139 0.0312442785 1618.6876315986 45 7348.2654770222 59.0145381432 62.1735455380 0.0156259546 -0.0000305185 -0.1250038148 7363.8285657938
45 7348.2654770222 0.0156259546 3642.4220020025 46 8212.2707269788 57.8381610410 69.7640154691 0.0265516164 -0.1250038148 0.1045258950 8212.1729678339
46 8212.2707269788 0.0265516164 6961.2279016483 47 9320.1360495724 56.3842833009 78.3642051336 0.0089939455 -0.0940275277 -0.0123599963 9332.6855556142
47 9320.1360495724 0.0089939455 4151.3070819328 48 10771.0339953990 54.5622633103 88.2835965390 0.0085797191 0.0605792413 -0.0700704978 10776.8040451937
48 10771.0339953990 0.0085797191 4703.2878149636 49 12722.8967135844 52.2378826283 99.9704973084 0.0297995004 0.1190527055 -0.1250038148 12735.4817776401
49 12722.8967135844 0.0297995004 5047.7762735375 50 15440.4470154495 49.2043711917 114.1024840706 0.0190629841 -0.0932950835 -0.1017792291 15472.8736560029
50 15440.4470154495 0.0190629841 2672.7449756404 51 19396.7914567392 45.1269669062 131.7586745326 0.0312519074 -0.1250038148 -0.1250038148 19441.0454685778
51 19396.7914567392 0.0312519074 552.0057262939 52 25510.1527574627 39.4278747777 154.7759524215 0.0281432796 -0.1118808557 -0.1250038148 25557.6985184707
52 25510.1527574627 0.0281432796 3435.3261711082 53 35770.2030752115 31.0208346045 186.5687832829 0.0158369819 0.0346690268 -0.1209753716 35813.2084436625
53 35770.2030752115 0.0158369819 2883.5541995628 54 55212.6674880460 17.6026887246 234.3134926497 0.0194602947 -0.0619220557 -0.1250038148 55273.4470985721
54 55212.6674880460 0.0194602947 1005.4552560180 55 100007.8525122164 -6.6911234933 316.1693871623 0.0224736210 0.0827967162 0.1249732963 99929.9575309351
55 100007.8525122164 0.0224736210 907.6713446105 56 249486.5606499210 -62.4259297796 495.5699384961 0.0164665236 0.0289925840 -0.1250038148 249614.0931601088
56 249486.5606499210 0.0164665236 4096.1836014114 57 1678044.9686626564 -307.4128439106 1258.3887761981 0.0277839655 0.1102633747 -0.1250038148 1678427.3959969229
57 1678044.9686626564 0.0277839655 8142.8743617845 58 3584312.8417084054 678.9496723049 -1767.2974238043 0.0312442785 -0.1250038148 0.1249732963 3584924.3455200987
58 3584312.8417084054 0.0312442785 8192.3711092785 59 280111.6299175062 258.5253566062 -461.8184382516 0.0204191200 -0.0845362712 0.1152073733 280261.7696543666
59 280111.6299175062 0.0204191200 8192.3711092785 60 92791.5062999156 190.1784967856 -237.9572349400 0.0101321731 -0.0972014527 0.0261543626 92840.9349240230
60 92791.5062999156 0.0101321731 8192.3711092785 61 46421.8765718701 163.6366786293 -140.1603152788 0.0168792179 -0.0354014710 -0.1250038148 46398.4382611608
61 46421.8765718701 0.0168792179 7540.9112744838 62 29331.8855007941 150.8355278080 -81.1204601299 0.0173663973 -0.1202429273 0.0539262062 29376.9257153382
62 29331.8855007941 0.0173663973 4552.3421738123 63 22350.2000175597 144.6932311694 -37.6041071070 0.0214984137 0.0766319773 -0.1250038148 22318.6439454801
63 22350.2000175597 0.0214984137 4338.8992139408 