#int double real img int16 real16 img16 error
0 0.0256882971 0.1602756909 0.0000000000 0.0256125019 0.1600390637 0.0000000000 0.0000000560
0 0.0256882971 0.0256125019 0.0256125019 1 0.0281372348 0.1623484756 0.0421925021 0.0280614058 0.1622058779 0.0418408765 0.0000001440
1 0.0281372348 0.0280614058 0.0280713073 2 0.0369266560 0.1692402458 0.0910186533 0.0368288146 0.1690725425 0.0907925657 0.0000000792
2 0.0369266560 0.0368288146 0.0368343573 3 0.0584416801 0.1836033732 0.1572624603 0.0582881178 0.1834467605 0.1569566942 0.0000001180
3 0.0584416801 0.0582881178 0.0582976989 4 0.1168175853 0.2133837830 0.2669924089 0.1167768920 0.2133854183 0.2669148839 0.0000000060
4 0.1168175853 0.1167768920 0.1167768920 5 0.3526396490 0.2900702210 0.5181688103 0.3523890151 0.2899563585 0.5179906613 0.0000000447
5 0.3526396490 0.3523890151 0.3523750984 6 4.5123825202 0.7617940619 1.9829403237 1.5801578841 0.7616809595 1.0000000000 0.9661716928
6 4.5123825202 1.5801578841 4.5115298639 7 2.1125334532 -0.3449228840 -1.4119354296 1.1190520321 -0.3449507126 -1.0000305185 0.1696656565
7 2.1125334532 1.1190520321 2.1128418903 8 0.3140849711 -0.0700430452 -0.5560386164 0.3141323511 -0.0700704978 -0.5560777612 0.0000000023
8 0.3140849711 0.3141323511 0.3141323511 9 0.1259024269 -0.0075075640 -0.3547478871 0.1259673324 -0.0075380718 -0.3548387097 0.0000000092
9 0.1259024269 0.1259673324 0.1259673324 10 0.0695086302 0.0197505416 -0.2629040628 0.0695461060 0.0197149571 -0.2629779962 0.0000000067
10 0.0695086302 0.0695461060 0.0694967578 11 0.0450320176 0.0348059489 -0.2093336178 0.0450216238 0.0346995453 -0.2093264565 0.0000000114
11 0.0450320176 0.0450216238 0.0450237427 12 0.0321153796 0.0442388031 -0.1736614749 0.0321417641 0.0442213202 -0.1737418744 0.0000000068
12 0.0321153796 0.0321417641 0.0321417641 13 0.0244191137 0.0506332897 -0.1478356643 0.0244083550 0.0505386517 -0.1478316599 0.0000000090
13 0.0244191137 0.0244083550 0.0244142953 14 0.0194383711 0.0552082125 -0.1280250928 0.0194461750 0.0552079836 -0.1280556658 0.0000000009
14 0.0194383711 0.0194461750 0.0194349910 15 0.0160171780 0.0586118683 -0.1121687429 0.0160325465 0.0585345012 -0.1122775964 0.0000000178
15 0.0160171780 0.0160325465 0.0160325465 16 0.0135599284 0.0612198663 -0.0990558245 0.0135576627 0.0611896115 -0.0990630818 0.0000000010
16 0.0135599284 0.0135576627 0.0135576627 17 0.0117333561 0.0632642064 -0.0879260843 0.0117399193 0.0632343516 -0.0879848628 0.0000000043
17 0.0117333561 0.0117399193 0.0117360606 18 0.0103386363 0.0648954841 -0.0782765128 0.0103239627 0.0648518326 -0.0782189398 0.0000000052
18 0.0103386363 0.0103239627 0.0103287379 19 0.0092509181 0.0662154009 -0.0697598655 0.0092404173 0.0661946471 -0.0697042756 0.0000000035
19 0.0092509181 0.0092404173 0.0092446728 20 0.0083884634 0.0672948807 -0.0621277911 0.0083807132 0.0672017579 -0.0621662038 0.0000000101
20 0.0083884634 0.0083807132 0.0083807132 21 0.0076958862 0.0681847039 -0.0551972134 0.0076878898 0.0681173132 -0.0552079836 0.0000000047
21 0.0076958862 0.0076878898 0.0076803643 22 0.0071345706 0.0689220241 -0.0488295522 0.0071144619 0.0688192389 -0.0487685781 0.0000000143
22 0.0071345706 0.0071144619 0.0071192007 23 0.0066769496 0.0695345078 -0.0429173833 0.0066606593 0.0694601276 -0.0428479873 0.0000000103
23 0.0066769496 0.0066606593 0.0066580450 24 0.0063029626 0.0700430452 -0.0373755856 0.0062966949 0.0700094607 -0.0373546556 0.0000000016
24 0.0063029626 0.0062966949 0.0062966949 25 0.0059977918 0.0704635717 -0.0321352901 0.0059877945 0.0704062014 -0.0321054720 0.0000000042
25 0.0059977918 0.0059877945 0.0059815394 26 0.0057503773 0.0708083169 -0.0271396312 0.0057574486 0.0708029420 -0.0272835475 0.0000000207
26 0.0057503773 0.0057574486 0.0057660955 27 0.0055524219 0.0710866772 -0.0223406849 0.0055481089 0.0710470901 -0.0223700674 0.0000000024
27 0.0055524219 0.0055481089 0.0055437734 28 0.0053977127 0.0713058313 -0.0176972054 0.0053827108 0.0711996826 -0.0177007355 0.0000000113
28 0.0053977127 0.0053827108 0.0053827108 29 0.0052816546 0.0714711770 -0.0131729053 0.0052744846 0.0714133122 -0.0132145146 0.0000000051
29 0.0052816546 0.0052744846 0.0052780387 30 0.0052009492 0.0715866402 -0.0087351091 0.0051837039 0.0714743492 -0.0086672567 0.0000000172
30 0.0052009492 0.0051837039 0.0051885974 31 0.0051533773 0.0716548879 -0.0043536609 0.0051443029 0.0715964232 -0.0042725913 0.0000000100
31 0.0051533773 0.0051443029 0.0051443029 32 0.0051376594 0.0716774680 0.0000000000 0.0051129461 0.0715048677 0.0000000000 0.0000000298
32 0.0051376594 0.0051129461 0.0051129461 33 0.0051533773 0.0716548879 0.0043536609 0.0051448282 0.0715964232 0.0043336283 0.0000000038
33 0.0051533773 0.0051448282 0.0051491991 34 0.0052009492 0.0715866402 0.0087351091 0.0051968001 0.0715659047 0.0086672567 0.0000000050
34 0.0052009492 0.0051968001 0.0051973300 35 0.0052816546 0.0714711770 0.0131729053 0.0052824003 0.0714743492 0.0131839961 0.0000000001
35 0.0052816546 0.0052824003 0.0052832060 36 0.0053977127 0.0713058313 0.0176972054 0.0053903267 0.0712607196 0.0176702170 0.0000000028
36 0.0053977127 0.0053903267 0.0053903267 37 0.0055524219 0.0710866772 0.0223406849 0.0055467445 0.0710470901 0.0223395489 0.0000000016
37 0.0055524219 0.0055467445 0.0055497193 38 0.0057503773 0.0708083169 0.0271396312 0.0057481404 0.0707724235 0.0271919919 0.0000000040
38 0.0057503773 0.0057481404 0.0057454822 39 0.0059977918 0.0704635717 0.0321352901 0.0059940534 0.0704367199 0.0321359905 0.0000000007
39 0.0059977918 0.0059940534 0.0059897551 40 0.0063029626 0.0700430452 0.0373755856 0.0063009690 0.0700399792 0.0373546556 0.0000000004
40 0.0063029626 0.0063009690 0.0063009690 41 0.0066769496 0.0695345078 0.0429173833 0.0066763847 0.0694601276 0.0430310984 0.0000000185
41 0.0066769496 0.0066763847 0.0066711355 42 0.0071345706 0.0689220241 0.0488295522 0.0071263835 0.0688192389 0.0488906522 0.0000000143
42 0.0071345706 0.0071263835 0.0071251690 43 0.0076958862 0.0681847039 0.0551972134 0.0076829488 0.0680562761 0.0552385022 0.0000000182
43 0.0076958862 0.0076829488 0.0076871037 44 0.0083884634 0.0672948807 0.0621277911 0.0083851270 0.0672627949 0.0621356853 0.0000000011
44 0.0083884634 0.0083851270 0.0083851270 45 0.0092509181 0.0662154009 0.0697598655 0.0092365959 0.0661336100 0.0697347942 0.0000000073
45 0.0092509181 0.0092365959 0.0092283048 46 0.0103386363 0.0648954841 0.0782765128 0.0103200053 0.0648213141 0.0782189398 0.0000000088
46 0.0103386363 0.0103200053 0.0103208249 47 0.0117333561 0.0632642064 0.0879260843 0.0117384105 0.0632648701 0.0879543443 0.0000000008
47 0.0117333561 0.0117384105 0.0117384105 48 0.0135599284 0.0612198663 0.0990558245 0.0135516171 0.0611896115 0.0990325632 0.0000000015
48 0.0135599284 0.0135516171 0.0135516171 49 0.0160171780 0.0586118683 0.1121687429 0.0160048538 0.0584734642 0.1121860408 0.0000000195
49 0.0160171780 0.0160048538 0.0160012857 50 0.0194383711 0.0552082125 0.1280250928 0.0194238107 0.0551469466 0.1279946287 0.0000000047
50 0.0194383711 0.0194238107 0.0194159992 51 0.0244191137 0.0506332897 0.1478356643 0.0243962489 0.0505081332 0.1478011414 0.0000000169
51 0.0244191137 0.0243962489 0.0243872285 52 0.0321153796 0.0442388031 0.1736614749 0.0321072602 0.0441908017 0.1736503189 0.0000000024
52 0.0321153796 0.0321072602 0.0321072602 53 0.0450320176 0.0348059489 0.2093336178 0.0450152104 0.0347911008 0.2092959380 0.0000000016
53 0.0450320176 0.0450152104 0.0450258635 54 0.0695086302 0.0197505416 0.2629040628 0.0695128045 0.0196844386 0.2629169591 0.0000000045
54 0.0695086302 0.0695128045 0.0694979602 55 0.1259024269 -0.0075075640 0.3547478871 0.1258807141 -0.0075380718 0.3547166356 0.0000000019
55 0.1259024269 0.1258807141 0.1259014494 56 0.3140849711 -0.0700430452 0.5560386164 0.3140601962 -0.0700399792 0.5560167241 0.0000000005
56 0.3140849711 0.3140601962 0.3140601962 57 2.1125334532 -0.3449228840 1.4119354296 1.1189089042 -0.3449201941 0.9999694815 0.1697159424
57 2.1125334532 1.1189089042 2.1120892994 58 4.5123825202 0.7617940619 -1.9829403237 1.5802508693 0.7617419965 -1.0000000000 0.9661716828
58 4.5123825202 1.5802508693 4.5119394306 59 0.3526396490 0.2900702210 -0.5181688103 0.3525964473 0.2899868770 -0.5181737724 0.0000000070
59 0.3526396490 0.3525964473 0.3525787482 60 0.1168175853 0.2133837830 -0.2669924089 0.1167964556 0.2133548997 -0.2669759209 0.0000000011
60 0.1168175853 0.1167964556 0.1167964556 61 0.0584416801 0.1836033732 -0.1572624603 0.0584176121 0.1835383160 -0.1572618793 0.0000000042
61 0.0584416801 0.0584176121 0.0584192178 62 0.0369266560 0.1692402458 -0.0910186533 0.0368771895 0.1691335795 -0.0909451582 0.0000000168
62 0.0369266560 0.0368771895 0.0368930658 63 0.0281372348 0.1623484756 -0.0421925021 0.0281046646 0.1622363964 -0.0422376171 0.0000000146
63 0.0281372348 0.0281046646 0.0281046646 