#int double real img int16 real16 img16 error
0 6.4526084894 2.5401985138 0.0000000000 0.0156259537 -0.1250038148 0.0000000000 7.1033034524
0 6.4526084894 0.0156259537 6.4525023296 1 7.0677538216 2.5730499376 0.6687060940 0.0175412014 -0.1250038148 -0.0437635426 7.7871070340
1 7.0677538216 0.0175412014 7.0674750469 2 9.2755566250 2.6822771340 1.4425484398 0.0202981254 -0.1202429273 -0.0764183477 10.1613787960
2 9.2755566250 0.0202981254 9.2748497308 3 14.6798863226 2.9099173633 2.4924420276 0.0125977980 -0.0879238258 -0.0697653127 15.5519582500
3 14.6798863226 0.0125977980 14.6792288835 4 29.3432507426 3.3819050507 4.2315445136 0.0312519074 -0.1250038148 -0.1250038148 31.2779231289
4 29.3432507426 0.0312519074 29.3423406112 5 88.5790749642 4.5973031863 8.2124221992 0.0213174122 -0.1250038148 -0.0754417554 90.9888723426
5 88.5790749642 0.0213174122 88.5750526889 6 1133.4592426390 12.0736222271 31.4274862017 0.0312519074 -0.1250038148 -0.1250038148 1144.3661035508
6 1133.4592426390 0.0312519074 1133.4153322222 7 530.6444117159 -5.4666593071 -22.3776685054 0.0157066792 0.0093997009 0.1249732963 536.3561103136
7 530.6444117159 0.0157066792 530.6251939601 8 78.8945777255 -1.1101074558 -8.8126181786 0.0026790356 -0.0000305185 0.0517593921 79.8094605225
8 78.8945777255 0.0026790356 78.8940150182 9 31.6252597841 -0.1189868714 -5.6223751128 0.0168236667 -0.0346079897 -0.1250038148 30.2282109831
9 31.6252597841 0.0168236667 31.6247996504 10 17.4597784956 0.3130249892 -4.1667485947 0.0022253123 0.0405285806 -0.0241401410 17.2354590937
10 17.4597784956 0.0022253123 17.4600345617 11 11.3115314085 0.5516371146 -3.3177142587 0.0209473649 -0.0730002747 0.1249732963 12.2422694693
11 11.3115314085 0.0209473649 11.3111013146 12 8.0670186172 0.7011377790 -2.7523488936 0.0140502777 -0.0273751030 0.1153294473 8.7543100862
12 8.0670186172 0.0140502777 8.0669317314 13 6.1338040303 0.8024835609 -2.3430373802 0.0206275478 0.1231421857 -0.0739158300 5.6104173136
13 6.1338040303 0.0206275478 6.1335693379 14 4.8826980660 0.8749912017 -2.0290609806 0.0101943892 -0.0932950835 0.0386059145 5.2128247190
14 4.8826980660 0.0101943892 4.8824292300 15 4.0233332050 0.9289355110 -1.7777547697 0.0157841886 -0.0128788110 0.1249732963 4.5073883105
15 4.0233332050 0.0157841886 4.0233991094 16 3.4061000181 0.9702694941 -1.5699290197 0.0165055345 -0.0297860652 0.1249732963 3.8728049826
16 3.4061000181 0.0165055345 3.4060644400 17 2.9472858019 1.0026701004 -1.3935345247 0.0162928307 0.0259712516 0.1249732963 3.2598066439
17 2.9472858019 0.0162928307 2.9471991562 18 2.5969480259 1.0285241089 -1.2405991227 0.0312519074 -0.1250038148 -0.1250038148 2.5751795619
18 2.5969480259 0.0312519074 2.5970805526 19 2.3237255759 1.0494433807 -1.1056193588 0.0193662291 -0.0612201300 0.1249732963 2.7479317169
19 2.3237255759 0.0193662291 2.3237299534 20 2.1070867379 1.0665519827 -0.9846591319 0.0061464159 -0.0764793847 -0.0172429579 2.2424147608
20 2.1070867379 0.0061464159 2.1069559188 21 1.9331192150 1.0806547300 -0.8748168777 0.0212074349 -0.1250038148 -0.0747093112 2.0937846447
21 1.9331192150 0.0212074349 1.9329395473 22 1.7921231012 1.0923404675 -0.7738962490 0.0312519074 -0.1250038148 -0.1250038148 1.9029884929
22 1.7921231012 0.0312519074 1.7918545149 23 1.6771739008 1.1020476799 -0.6801946868 0.0020042289 0.0217596973 0.0391247291 1.6844425477
23 1.6771739008 0.0020042289 1.6770555925 24 1.5832326195 1.1101074558 -0.5923631116 0.0026790356 -0.0000305185 0.0517593921 1.6473001218
24 1.5832326195 0.0026790356 1.5831374637 25 1.5065771855 1.1167723511 -0.5093100249 0.0312442785 0.1249732963 -0.1250038148 1.1313566281
25 1.5065771855 0.0312442785 1.5063732585 26 1.4444294779 1.1222361945 -0.4301341670 0.0076168442 -0.0474562822 -0.0732444227 1.4955507797
26 1.4444294779 0.0076168442 1.4444813664 27 1.3947053191 1.1266479083 -0.3540759942 0.0111351327 -0.0188604389 -0.1038239692 1.3748154495
27 1.3947053191 0.0111351327 1.3945980267 28 1.3558441189 1.1301212664 -0.2804818035 0.0069529430 -0.0821253090 0.0144352550 1.5565178310
28 1.3558441189 0.0069529430 1.3558047206 29 1.3266916476 1.1327418194 -0.2087764787 0.0173740951 0.0419019135 0.1249732963 1.3013206127
29 1.3266916476 0.0173740951 1.3265846704 30 1.3064193689 1.1345717872 -0.1384421489 0.0006752445 -0.0240180670 0.0099185156 1.3643413370
30 1.3064193689 0.0006752445 1.3063032726 31 1.2944698574 1.1356534404 -0.0690008748 0.0222805936 -0.1250038148 0.0815759758 1.6119301031
31 1.2944698574 0.0222805936 1.2944079880 32 1.2905216979 1.1360113106 0.0000000000 0.0050217035 -0.0708639790 0.0000000000 1.4565479647
32 1.2905216979 0.0050217035 1.2904743666 33 1.2944698574 1.1356534404 0.0690008748 0.0156391430 -0.1250038148 -0.0036317026 1.5945322064
33 1.2944698574 0.0156391430 1.2944037754 34 1.3064193689 1.1345717872 0.1384421489 0.0074980188 -0.0240180670 -0.0831934568 1.3914527919
34 1.3064193689 0.0074980188 1.3063117211 35 1.3266916476 1.1327418194 0.2087764787 0.0177524056 0.0461134678 -0.1250038148 1.2921704589
35 1.3266916476 0.0177524056 1.3266410655 36 1.3558441189 1.1301212664 0.2804818035 0.0069538250 -0.0821253090 -0.0144657735 1.5565358328
36 1.3558441189 0.0069538250 1.3557186239 37 1.3947053191 1.1266479083 0.3540759942 0.0157255452 0.0099795526 -0.1250038148 1.4764656802
37 1.3947053191 0.0157255452 1.3945764141 38 1.4444294778 1.1222361945 0.4301341670 0.0312442785 0.1249732963 -0.1250038148 1.3027114670
38 1.4444294778 0.0312442785 1.4441811334 39 1.5065771855 1.1167723511 0.5093100249 0.0032988761 0.0574358348 -0.0000305185 1.3816216437
39 1.5065771855 0.0032988761 1.5066769990 40 1.5832326195 1.1101074558 0.5923631116 0.0156259546 -0.0000305185 -0.1250038148 1.7470216292
40 1.5832326195 0.0156259546 1.5831013103 41 1.6771739008 1.1020476799 0.6801946868 0.0312519074 -0.1250038148 -0.1250038148 2.1539999978
41 1.6771739008 0.0312519074 1.6769983127 42 1.7921231012 1.0923404675 0.7738962490 0.0266731717 -0.1250038148 -0.1051057466 2.2545716101
42 1.7921231012 0.0266731717 1.7919767817 43 1.9331192150 1.0806547300 0.8748168777 0.0209830703 -0.0732444227 0.1249732963 1.8937486513
43 1.9331192150 0.0209830703 1.9330055048 44 2.1070867379 1.0665519827 0.9846591319 0.0061453644 -0.0764793847 0.0172124393 2.2424738099
44 2.1070867379 0.0061453644 2.1069609166 45 2.3237255759 1.0494433807 1.1056193588 0.0182986736 0.0516983551 -0.1250038148 2.5099285317
45 2.3237255759 0.0182986736 2.3235949891 46 2.5969480259 1.0285241089 1.2405991227 0.0265516164 -0.1250038148 0.1045258950 2.6212890497
46 2.5969480259 0.0265516164 2.5967019423 47 2.9472858019 1.0026701004 1.3935345247 0.0157032061 -0.0087893307 -0.1250038148 3.3290088696
47 2.9472858019 0.0157032061 2.9472603544 48 3.4061000181 0.9702694941 1.5699290197 0.0165131634 -0.0297860652 -0.1250038148 3.8729084353
48 3.4061000181 0.0165131634 3.4059686169 49 4.0233332050 0.9289355110 1.7777547697 0.0157520848 0.0112308115 -0.1250038148 4.4626721467
49 4.0233332050 0.0157520848 4.0230686970 50 4.8826980660 0.8749912017 2.0290609806 0.0190629841 -0.0932950835 -0.1017792291 5.4780583293
50 4.8826980660 0.0190629841 4.8823224194 51 6.1338040303 0.8024835609 2.3430373802 0.0083571120 -0.0905484176 0.0125736259 6.2285674245
51 6.1338040303 0.0083571120 6.1334263292 52 8.0670186172 0.7011377790 2.7523488936 0.0140573180 -0.0273751030 -0.1153599658 8.7544851216
52 8.0670186172 0.0140573180 8.0666385397 53 11.3115314084 0.5516371146 3.3177142587 0.0080559495 0.0897549364 -0.0000305185 11.2207655531
53 11.3115314084 0.0080559495 11.3104596697 54 17.4597784956 0.3130249892 4.1667485947 0.0194602947 -0.0619220557 -0.1250038148 18.5597240314
54 17.4597784956 0.0194602947 17.4588202609 55 31.6252597841 -0.1189868714 5.6223751128 0.0070426460 0.0552079836 -0.0632038331 32.3561517973
55 31.6252597841 0.0070426460 31.6234197196 56 78.8945777255 -1.1101074558 8.8126181786 0.0156259546 -0.0000305185 -0.1250038148 81.1133577042
56 78.8945777255 0.0156259546 78.8924013446 57 530.6444117160 -5.4666593071 22.3776685054 0.0312442785 0.1249732963 -0.1250038148 537.6366167209
57 530.6444117160 0.0312442785 530.6194281291 58 1133.4592426389 12.0736222271 -31.4274862017 0.0312442785 -0.1250038148 0.1249732963 1144.3641776818
58 1133.4592426389 0.0312442785 1133.4035304658 59 88.5790749641 4.5973031863 -8.2124221992 0.0221222143 -0.1250038148 0.0805993835 91.0743903838
59 88.5790749641 0.0221222143 88.5742708406 60 29.3432507426 3.3819050507 -4.2315445136 0.0312442785 -0.1250038148 0.1249732963 31.2776572191
60 29.3432507426 0.0312442785 29.3421341942 61 14.6798863226 2.9099173633 -2.4924420276 0.0177976781 -0.1250038148 -0.0466017640 15.1928811530
61 14.6798863226 0.0177976781 14.6784929820 62 9.2755566250 2.6822771340 -1.4425484398 0.0173663973 -0.1202429273 0.0539262062 10.0935550607
62 9.2755566250 0.0173663973 9.2745223062 63 7.0677538216 2.5730499376 -0.6687060940 0.0038370541 -0.0618610187 -0.0032044435 7.3856481945
63 7.0677538216 0.0038370541 7.0669693070 