#int double real img int16 real16 img16 error
0 0.4071320717 0.6380690180 0.0000000000 0.0187934336 0.1370891446 0.0000000000 0.2509808336
0 0.4071320717 0.0187934336 0.4059020214 1 0.4459451183 0.6463209226 0.1679713764 0.0213807236 0.1400799585 0.0419324320 0.2721657292
1 0.4459451183 0.0213807236 0.4458129232 2 0.5852480577 0.6737575539 0.3623517853 0.0298673728 0.1468245491 0.0911587878 0.3512040334
2 0.5852480577 0.0298673728 0.5849273328 3 0.9262382091 0.7309381942 0.6260731311 0.0510948231 0.1616260262 0.1580248421 0.5431855455
3 0.9262382091 0.0510948231 0.9257747565 4 1.8514339567 0.8494961409 1.0629159248 0.1095105510 0.1916867580 0.2697531053 1.0618204426
4 1.8514339567 0.1095105510 1.8511928152 5 5.5889617916 1.1547903495 2.0628671892 0.3498798119 0.2698751793 0.5263527329 3.1439515328
5 5.5889617916 0.3498798119 5.5887681925 6 71.5164433812 3.0327567852 7.8942276166 1.5674893469 0.7533188879 1.0000000000 52.7262115574
6 71.5164433812 1.5674893469 71.5161197241 7 33.4813988880 -1.3731627339 -5.6210161887 1.1468257664 -0.3830988495 -1.0000305185 22.3337350598
7 33.4813988880 1.1468257664 33.4834699186 8 4.9779113256 -0.2788463856 -2.2136296029 0.3465492615 -0.1021149327 -0.5797601245 2.7007634788
8 4.9779113256 0.3465492615 4.9783342221 9 1.9954189932 -0.0298881508 -1.4122767759 0.1420570758 -0.0392162847 -0.3748588519 1.0763229630
9 1.9954189932 0.1420570758 1.9958449143 10 1.1016375475 0.0786283223 -1.0466399259 0.0799620080 -0.0129398480 -0.2824793237 0.5923261557
10 1.1016375475 0.0799620080 1.1018751081 11 0.7137093819 0.1385649783 -0.8333721430 0.0527680555 0.0002746666 -0.2297128208 0.3835287876
11 0.7137093819 0.0527680555 0.7138537796 12 0.5089944645 0.1761178474 -0.6913587841 0.0384160668 0.0072023682 -0.1958677938 0.2740437605
12 0.5089944645 0.0384160668 0.5091223068 13 0.3870168702 0.2015747568 -0.5885443804 0.0300101300 0.0099490341 -0.1729483932 0.2094404422
13 0.3870168702 0.0300101300 0.3870331992 14 0.3080774206 0.2197878527 -0.5096770746 0.0247581233 0.0091860714 -0.1570787683 0.1686786759
14 0.3080774206 0.0247581233 0.3081375796 15 0.2538551635 0.2333380506 -0.4465518085 0.0217656376 0.0044251839 -0.1474654378 0.1418537577
15 0.2538551635 0.0217656376 0.2538370641 16 0.2149103822 0.2437206777 -0.3943483403 0.0208771827 -0.0062868130 -0.1443525498 0.1250016406
16 0.2149103822 0.0208771827 0.2149049126 17 0.1859611623 0.2518593421 -0.3500400465 0.0241564057 -0.0301522874 -0.1524704733 0.1185642953
17 0.1859611623 0.0241564057 0.1859558659 18 0.1638563430 0.2583535754 -0.3116244103 0.0472597901 -0.0982696005 -0.1939146092 0.1410356869
18 0.1638563430 0.0472597901 0.1638679840 19 0.1466171719 0.2636082589 -0.2777190266 1.3090284068 -0.8676107059 -0.7458418531 1.4987953269
19 0.1466171719 1.3090284068 0.1465250668 20 0.1329481853 0.2679057454 -0.2473351913 0.0945983543 0.2902615436 0.1017181921 0.1223380462
20 0.1329481853 0.0945983543 0.1329164129 21 0.1219715766 0.2714481953 -0.2197440645 0.0268331398 0.1631214331 0.0149845882 0.0668322278
21 0.1219715766 0.0268331398 0.1218947306 22 0.1130753233 0.2743835199 -0.1943939487 0.0162893976 0.1275063326 -0.0056154057 0.0572102464
22 0.1130753233 0.0162893976 0.1130045725 23 0.1058225191 0.2768218614 -0.1708571805 0.0125331947 0.1112399670 -0.0126041444 0.0524613872
23 0.1058225191 0.0125331947 0.1057991325 24 0.0998952249 0.2788463856 -0.1487948863 0.0106368000 0.1020538957 -0.0148930326 0.0491852909
24 0.0998952249 0.0106368000 0.0998828726 25 0.0950585940 0.2805205316 -0.1279328941 0.0095100219 0.0963469344 -0.0150761437 0.0466565600
25 0.0950585940 0.0095100219 0.0950682315 26 0.0911373388 0.2818929870 -0.1080448178 0.0087615095 0.0925626392 -0.0139164403 0.0447061320
26 0.0911373388 0.0087615095 0.0911455818 27 0.0879999564 0.2830011594 -0.0889398686 0.0082067464 0.0897854549 -0.0120548112 0.0432436205
27 0.0879999564 0.0082067464 0.0878876240 28 0.0855479805 0.2838736275 -0.0704538436 0.0078462988 0.0880153813 -0.0099795526 0.0420175925
28 0.0855479805 0.0078462988 0.0855033150 29 0.0837085839 0.2845318807 -0.0524422804 0.0075905933 0.0867946409 -0.0075685904 0.0411136640
29 0.0837085839 0.0075905933 0.0836855661 30 0.0824294896 0.2849915478 -0.0347750955 0.0073962637 0.0858485672 -0.0051271096 0.0405369298
30 0.0824294896 0.0073962637 0.0823512644 31 0.0816755264 0.2852632468 -0.0173322361 0.0072931051 0.0853602710 -0.0025940733 0.0401784132
31 0.0816755264 0.0072931051 0.0816870605 32 0.0814264143 0.2853531397 0.0000000000 0.9999389639 0.9999694815 0.0000000000 0.5106765159
32 0.0814264143 0.9999389639 0.0813016455 33 0.0816755264 0.2852632468 0.0173322361 0.0073139605 0.0854823450 0.0025940733 0.0401296221
33 0.0816755264 0.0073139605 0.0816042506 34 0.0824294896 0.2849915478 0.0347750955 0.0074126216 0.0859401227 0.0051881466 0.0404968574
34 0.0824294896 0.0074126216 0.0824098016 35 0.0837085839 0.2845318807 0.0524422804 0.0075963548 0.0868251595 0.0075991089 0.0410988576
35 0.0837085839 0.0075963548 0.0836887672 36 0.0855479805 0.2838736275 0.0704538436 0.0078564387 0.0880764183 0.0099490341 0.0419973791
36 0.0855479805 0.0078564387 0.0855293639 37 0.0879999564 0.2830011594 0.0889398686 0.0082169757 0.0898464919 0.0120242927 0.0432247314
37 0.0879999564 0.0082169757 0.0880075177 38 0.0911373388 0.2818929870 0.1080448178 0.0087355426 0.0924405652 0.0137943663 0.0447753677
38 0.0911373388 0.0087355426 0.0910939712 39 0.0950585940 0.2805205316 0.1279328941 0.0095267532 0.0964384899 0.0150456252 0.0466297335
39 0.0950585940 0.0095267532 0.0950790420 40 0.0998952249 0.2788463856 0.1487948863 0.0106430300 0.1020844142 0.0148930326 0.0491745009
40 0.0998952249 0.0106430300 0.0998998917 41 0.1058225191 0.2768218614 0.1708571805 0.0125167037 0.1111484115 0.0127567370 0.0524434422
41 0.1058225191 0.0125167037 0.1057563571 42 0.1130753233 0.2743835199 0.1943939487 0.0162982178 0.1275368511 0.0057069613 0.0571667234
42 0.1130753233 0.0162982178 0.1130401726 43 0.1219715766 0.2714481953 0.2197440645 0.0268014534 0.1630298776 -0.0149235511 0.0668234215
43 0.1219715766 0.0268014534 0.1218750217 44 0.1329481853 0.2679057454 0.2473351913 0.0946400009 0.2903225806 -0.1017487106 0.1223620851
44 0.1329481853 0.0946400009 0.1329503673 45 0.1466171719 0.2636082589 0.2777190266 1.3088240230 -0.8675191504 0.7458113346 1.4985596247
45 0.1466171719 1.3088240230 0.1465437643 46 0.1638563430 0.2583535754 0.3116244103 0.0472777927 -0.0983611560 0.1939146092 0.1411009969
46 0.1638563430 0.0472777927 0.1637636286 47 0.1859611623 0.2518593421 0.3500400465 0.0241638735 -0.0301217689 0.1525009919 0.1185350250
47 0.1859611623 0.0241638735 0.1859585008 48 0.2149103822 0.2437206777 0.3943483403 0.0208683727 -0.0062868130 0.1443220313 0.1250169006
48 0.2149103822 0.0208683727 0.2148808429 49 0.2538551635 0.2333380506 0.4465518085 0.0217561012 0.0043641469 0.1474349193 0.1418999620
49 0.2538551635 0.0217561012 0.2537980021 50 0.3080774206 0.2197878527 0.5096770746 0.0247186701 0.0091250343 0.1569566942 0.1687904898
50 0.3080774206 0.0247186701 0.3080528139 51 0.3870168702 0.2015747568 0.5885443804 0.0299573720 0.0099490341 0.1727958007 0.2095672991
51 0.3870168702 0.0299573720 0.3869623175 52 0.5089944645 0.1761178474 0.6913587841 0.0383797709 0.0071718497 0.1957762383 0.2741448098
52 0.5089944645 0.0383797709 0.5089957016 53 0.7137093819 0.1385649783 0.8333721430 0.0526840451 0.0003967406 0.2295297098 0.3837161461
53 0.7137093819 0.0526840451 0.7133365325 54 1.1016375475 0.0786283223 1.0466399259 0.0799800414 -0.0129703665 0.2825098422 0.5922851045
54 1.1016375475 0.0799800414 1.1016786466 55 1.9954189932 -0.0298881508 1.4122767759 0.1418897870 -0.0391247291 0.3746452223 1.0767645553
55 1.9954189932 0.1418897870 1.9951498230 56 4.9779113256 -0.2788463856 2.2136296029 0.3464722597 -0.1020844142 0.5796990875 2.7009737237
56 4.9779113256 0.3464722597 4.9780469670 57 33.4813988880 -1.3731627339 5.6210161887 1.1466803101 -0.3830683309 0.9999694815 22.3343595974
57 33.4813988880 1.1466803101 33.4812437168 58 71.5164433812 3.0327567851 -7.8942276166 1.5673514142 0.7532273324 -1.0000000000 52.7266289561
58 71.5164433812 1.5673514142 71.5170834074 59 5.5889617916 1.1547903495 -2.0628671892 0.3499605429 0.2699056978 -0.5264137700 3.1437099563
59 5.5889617916 0.3499605429 5.5888386765 60 1.8514339567 0.8494961409 -1.0629159248 0.1095317855 0.1916562395 -0.2698141423 1.0617637734
60 1.8514339567 0.1095317855 1.8512058414 61 0.9262382091 0.7309381942 -0.6260731311 0.0511716432 0.1615649892 -0.1583300272 0.5429694578
61 0.9262382091 0.0511716432 0.9260993376 62 0.5852480577 0.6737575539 -0.3623517853 0.0299310782 0.1469466231 -0.0913113804 0.3509926578
62 0.5852480577 0.0299310782 0.5851422430 63 0.4459451183 0.6463209226 -0.1679713764 0.0213833483 0.1399884030 -0.0422681356 0.2721739252
63 0.4459451183 0.0213833483 0.4458466531 