#int double real img int16 real16 img16 error
0 0.0000000000 -0.0000000000 0.0000000000 0.0000009537 -0.0009765923 0.0000000000 0.0000009537
0 0.0000000000 0.0000009537 0.0000000000 1 0.0005307069 -0.0002827004 0.0230353422 0.0000007190 -0.0007324442 0.0004272591 0.0005113277
1 0.0005307069 0.0000007190 140.0552622095 2 0.0021427627 -0.0011360131 0.0462760432 0.0000061098 -0.0008545183 0.0023194067 0.0019322651
2 0.0021427627 0.0000061098 159.8171956166 3 0.0048973733 -0.0025758149 0.0699338149 0.0000142501 -0.0009155553 0.0036622211 0.0043946806
3 0.0048973733 0.0000142501 62.9752710149 4 0.0089013823 -0.0046293946 0.0942334921 0.0000362055 -0.0002441481 0.0060121464 0.0078022362
4 0.0089013823 0.0000362055 2333.3952301614 5 0.0143151282 -0.0073367713 0.1194206848 0.0000570321 -0.0004577776 0.0075380718 0.0125650396
5 0.0143151282 0.0000570321 3890.4002821580 6 0.0213647708 -0.0107527063 0.1457708824 0.0000867533 -0.0008239998 0.0092776269 0.0187289880
6 0.0213647708 0.0000867533 1586.2771546862 7 0.0303607130 -0.0149496032 0.1736007556 0.0001292727 -0.0010376293 0.0113223670 0.0265278184
7 0.0303607130 0.0001292727 6380.6067681727 8 0.0417247185 -0.0200215979 0.2032826950 0.0001890775 -0.0014648885 0.0136722922 0.0362964563
8 0.0417247185 0.0001890775 10936.5399230270 9 0.0560298921 -0.0260902954 0.2352640826 0.0002464449 -0.0018005921 0.0155949583 0.0488445138
9 0.0560298921 0.0002464449 16025.1652735176 10 0.0740602607 -0.0333128594 0.2700935284 0.0003324820 -0.0022278512 0.0180974761 0.0644682881
10 0.0740602607 0.0003324820 5447.4282103495 11 0.0969011016 -0.0418935504 0.3084575044 0.0004520133 -0.0029297769 0.0210577715 0.0841167821
11 0.0969011016 0.0004520133 33495.2287815057 12 0.1260789406 -0.0521004648 0.3512328034 0.0006022914 -0.0036927396 0.0242622150 0.1092530735
12 0.1260789406 0.0006022914 33049.7969023520 13 0.1637843827 -0.0642903406 0.3995636806 0.0000000047 -0.0000305185 -0.0000610370 0.1638292397
13 0.1637843827 0.0000000047 44758.9070427772 14 0.2132380686 -0.0789462812 0.4549786294 0.0010567673 -0.0056459243 0.0320139164 0.1842720908
14 0.2132380686 0.0010567673 15455.6352086285 15 0.2793141492 -0.0967369097 0.5195730165 0.0014300195 -0.0071108127 0.0371410260 0.2407734627
15 0.2793141492 0.0014300195 41541.0321713177 16 0.3696493591 -0.1186125668 0.5963056415 0.0019775663 -0.0086977752 0.0436109500 0.3175526834
16 0.3696493591 0.0019775663 96898.6153441682 17 0.4967198567 -0.1459686916 0.6895019926 0.0027311407 -0.0108645894 0.0511185034 0.4257865978
17 0.4967198567 0.0027311407 143562.2862595916 18 0.6819791471 -0.1809382491 0.8057546135 0.0038448581 -0.0136417737 0.0604876858 0.5834109042
18 0.6819791471 0.0038448581 48432.7724576211 19 0.9647575707 -0.2269500648 0.9556417942 0.0056062130 -0.0173039949 0.0728476821 0.8232769189
19 0.9647575707 0.0056062130 211332.7312130305 20 1.4233479867 -0.2898854348 1.1572875275 0.0085454183 -0.0224921415 0.0896633808 1.2113204919
20 1.4233479867 0.0085454183 284187.6855353458 21 2.2317326963 -0.3807434239 1.4445646893 0.0138424478 -0.0299691763 0.1137730033 1.8940490841
21 2.2317326963 0.0138424478 307839.8704209077 22 3.8414734378 -0.5227483934 1.8889699720 0.0246230212 -0.0419019135 0.1512192145 3.2509910325
22 3.8414734378 0.0246230212 265462.0168170641 23 7.7398801475 -0.7748596035 2.6719791807 0.0515044186 -0.0631122776 0.2179937132 6.5286289309
23 7.7398801475 0.0515044186 325356.0249753695 24 21.4185258027 -1.3434419335 4.4287345341 0.1478048064 -0.1116977447 0.3678701132 18.0078135919
24 21.4185258027 0.1478048064 524319.9702129969 25 159.2083263054 -3.8106440789 12.0286041588 1.1042158471 -0.3228247932 1.0000000000 133.7949930612
25 159.2083263054 1.1042158471 524319.9702129969 26 373.5784684659 6.0628965436 -18.3526497805 1.2747679296 0.5241248817 -1.0000305185 331.7913867755
26 373.5784684659 1.2747679296 524319.9702129969 27 31.7370212467 1.8326557128 -5.3271375320 0.2473057398 0.1616565447 -0.4702902310 26.3812039250
27 31.7370212467 0.2473057398 524319.9702129969 28 11.2173011722 1.1283195708 -3.1534419478 0.0912372919 0.1017487106 -0.2844019898 9.2852380118
28 11.2173011722 0.0912372919 524319.9702129969 29 5.7953818109 0.8387691681 -2.2565123739 0.0493233739 0.0773949400 -0.2081667531 4.7754104972
29 5.7953818109 0.0493233739 399983.1019402087 30 3.5823519478 0.6811770110 -1.7658849984 0.0318725386 0.0642414624 -0.1665700247 2.9384178560
30 3.5823519478 0.0318725386 228085.7005029027 31 2.4585666420 0.5822185686 -1.4558805515 0.0229745262 0.0563982055 -0.1406903287 2.0062123766
31 2.4585666420 0.0229745262 337554.4476317452 32 1.8068380378 0.5143980019 -1.2418666327 0.0177540067 0.0509659108 -0.1231116672 1.4663819759
32 1.8068380378 0.0177540067 331522.6518156182 33 1.3934314296 0.4650827682 -1.0849559661 0.0144264385 0.0472731712 -0.1104159673 1.1242930686
33 1.3934314296 0.0144264385 318988.9324578462 34 1.1136852365 0.4276563709 -0.9647773137 0.0121669763 0.0446485794 -0.1008636738 0.8930417455
34 1.1136852365 0.0121669763 66797.2563773298 35 0.9149079621 0.3983182945 -0.8696266431 0.0105605806 0.0427564318 -0.0934476760 0.7288780271
35 0.9149079621 0.0105605806 146288.4580843957 36 0.7681624435 0.3747301350 -0.7923003025 0.0093814217 0.0414136174 -0.0875576037 0.6077621725
36 0.7681624435 0.0093814217 165180.0100402981 37 0.6564514497 0.3553742957 -0.7281212534 0.0085157408 0.0404370251 -0.0829493088 0.5154323226
37 0.6564514497 0.0085157408 10134.3512625946 38 0.5692408689 0.3392229939 -0.6739203435 0.0078411464 0.0397350993 -0.0791344951 0.4434632044
38 0.5692408689 0.0078411464 0.0000155000 39 0.4997096387 0.3255554756 -0.6274737213 0.0072988154 0.0392773217 -0.0758690146 0.3862229340
39 0.4997096387 0.0072988154 0.0000150232 40 0.4432767730 0.3138513923 -0.5871746559 0.0069226461 0.0391857662 -0.0733970153 0.3394086702
40 0.4432767730 0.0069226461 12182.1783054408 41 0.3967692100 0.3037257209 -0.5518332144 0.0066044860 0.0391247291 -0.0712302011 0.3009929412
41 0.3967692100 0.0066044860 19065.9857563829 42 0.3579301302 0.2948874938 -0.5205492255 0.0063589418 0.0392773217 -0.0693990905 0.2688730044
42 0.3579301302 0.0063589418 17848.9443200855 43 0.3251171144 0.2871127622 -0.4926290452 0.0062150623 0.0395825068 -0.0681783502 0.2414296199
43 0.3251171144 0.0062150623 103377.4396661236 44 0.2971106191 0.2802263753 -0.4675294619 0.0061126990 0.0401623585 -0.0670796838 0.2179907569
44 0.2971106191 0.0061126990 77882.0050223257 45 0.2729888933 0.2740893960 -0.4448189477 0.0060603229 0.0407727287 -0.0663167211 0.1977006028
45 0.2729888933 0.0060603229 74670.1316061121 46 0.2520441875 0.2685902189 -0.4241503057 0.0060691710 0.0415662099 -0.0658894620 0.1798907328
46 0.2520441875 0.0060691710 10858.6666460444 47 0.2337253433 0.2636381782 -0.4052409829 0.0060844195 0.0426038392 -0.0653401288 0.1643887697
47 0.2337253433 0.0060844195 68423.5159846442 48 0.2175976574 0.2591588692 -0.3878586571 0.0061433526 0.0435193945 -0.0651875362 0.1506170353
48 0.2175976574 0.0061433526 57039.7693344842 49 0.2033143096 0.2550906689 -0.3718105165 0.0062454252 0.0445875423 -0.0652485733 0.1382917913
49 0.2033143096 0.0062454252 53472.2366940600 50 0.1905956862 0.2513821130 -0.3569351755 0.0064113114 0.0460219123 -0.0655232398 0.1270937283
50 0.1905956862 0.0064113114 6630.2967467413 51 0.1792141944 0.2479898929 -0.3430964987 0.0522724750 -0.1684316538 -0.1546067690 0.2089352828
51 0.1792141944 0.0522724750 39596.1847854656 52 0.1689829545 0.2448773081 -0.3301788280 0.0068495217 0.0492263558 -0.0665303507 0.1077898147
52 0.1689829545 0.0068495217 44295.8421634894 53 0.1597472765 0.2420130573 -0.3180832541 0.0071372443 0.0509964293 -0.0673543504 0.0993523353
53 0.1597472765 0.0071372443 43266.2109335414 54 0.1513781600 0.2393702858 -0.3067246750 0.0074576342 0.0533158361 -0.0679342021 0.0916371482
54 0.1513781600 0.0074576342 3750.3981384551 55 0.1437672853 0.2369258268 -0.2960294545 0.0079446078 0.0556657613 -0.0696127201 0.0841197489
55 0.1437672853 0.0079446078 35875.3413401700 56 0.1368231150 0.2346595933 -0.2859335417 0.0084304535 0.0581987976 -0.0710165716 0.0773277165
56 0.1368231150 0.0084304535 35863.4495755620 57 0.1304678326 0.2325540856 -0.2763809505 0.0090509533 0.0611896115 -0.0728476821 0.0707915743
57 0.1304678326 0.0090509533 33680.8747214841 58 0.1246349180 0.2305939909 -0.2673225193 0.0097351922 0.0642719810 -0.0748619037 0.0647040995
58 0.1246349180 0.0097351922 1652.4734528519 59 0.1192672121 0.2287658543 -0.2587148933 0.0106010816 0.0681478317 -0.0771813105 0.0587525909
59 0.1192672121 0.0106010816 35428.5640000801 60 0.1143153604 0.2270578072 -0.2505196850 0.0116576152 0.0724204230 -0.0800805689 0.0529622129
60 0.1143153604 0.0116576152 29965.7401473462 61 0.1097365523 0.2254593430 -0.2427027749 0.0128389806 0.0770592364 -0.0830713828 0.0475047730
61 0.1097365523 0.0128389806 28966.3745598064 62 0.1054934942 0.2239611281 -0.2352337291 0.0143585745 0.0825830866 -0.0868251595 0.0420128542
62 0.1054934942 0.0143585745 253.3587098495 63 0.1015535671 0.2225548447 -0.2280853091 0.0162190608 0.0888393811 -0.0912503433 0.0366036331
63 0.1015535671 0.0162190608 21143.5126743029 64 0.0978881316 0.2212330576 -0.2212330576 0.0185125752 0.0961943419 -0.0962248604 0.0312617298
64 0.0978881316 0.0185125752 25659.8181327119 65 0.0944719517 0.2199891014 -0.2146549486 0.0214419609 0.1048310801 -0.1022370067 0.0258991635
65 0.0944719517 0.0214419609 22255.0938416272 66 0.0912827149 0.2188169845 -0.2083310879 0.0252613840 0.1150547807 -0.1096530045 0.0205039591
66 0.0912827149 0.0252613840 415.7429007813 67 0.0883006294 0.2177113073 -0.2022434574 0.0302558838 0.1274147771 -0.1184118168 0.0151812074
67 0.0883006294 0.0302558838 37549.5292932906 68 0.0855080860 0.2166671918 -0.1963756959 0.0371259796 0.1427655873 -0.1293984802 0.0099473946
68 0.0855080860 0.0371259796 22413.7679230141 69 0.0828893714 0.2156802209 -0.1907129093 0.0468312670 0.1621753594 -0.1432844020 0.0051122335
69 0.0828893714 0.0468312670 20818.7779141624 70 0.0804304261 0.2147463860 -0.1852415065 0.0610259169 0.1871395001 -0.1612598041 0.0013372622
70 0.0804304261 0.0610259169 8408.2476312495 71 0.0781186363 0.2138620419 -0.1799490577 0.0832580648 0.2207403790 -0.1858272042 0.0000818641
71 0.0781186363 0.0832580648 34791.3380251773 72 0.0759426582 0.2130238670 -0.1748241696 0.1208101942 0.2686849574 -0.2204962310 0.0051840942
72 0.0759426582 0.1208101942 19906.9978119001 73 0.0738922648 0.2122288289 -0.1698563774 0.1918010439 0.3418988617 -0.2736899930 0.0275957371
73 0.0738922648 0.1918010439 1305.0712616138 74 0.0719582156 0.2114741542 -0.1650360497 0.3514701748 0.4674520096 -0.3646351512 0.1053644638
74 0.0719582156 0.3514701748 124566.8574788877 75 0.0701321434 0.2107573021 -0.1603543047 0.8477969033 0.7328104495 -0.5574816126 0.4302495875
75 0.0701321434 0.8477969033 69767.3258212020 76 0.0684064560 0.2100759411 -0.1558029365 1.9999389639 0.9999694815 -1.0000000000 1.3366004873
76 0.0684064560 1.9999389639 17928.2314320839 77 0.0667742510 0.2094279282 -0.1513743501 1.0000000037 -1.0000000000 -0.0000610370 1.4856116323
77 0.0667742510 1.0000000037 120193.2534029333 78 0.0652292411 0.2088112911 -0.1470615035 1.6300000018 -1.0000000000 0.7937253945 2.3463047249
78 0.0652292411 1.6300000018 524311.9697554512 79 0.0637656894 0.2082242116 -0.1428578565 0.5656639149 -0.6200750755 0.4256416517 1.0092713998
79 0.0637656894 0.5656639149 7.7327670314 80 0.0623783521 0.2076650115 -0.1387573245 0.2677447271 -0.4302499466 0.2874538408 0.5885914512
80 0.0623783521 0.2677447271 16352.1640420887 81 0.0610624282 0.2071321400 -0.1347542384 0.1558149674 -0.3309427168 0.2151554918 0.4119613707
81 0.0610624282 0.1558149674 112.9194219590 82 0.0598135154 0.2066241618 -0.1308433075 0.1018272371 -0.2696920682 0.1705679495 0.3177258968
82 0.0598135154 0.1018272371 99496.2801584650 83 0.0586275710 0.2061397477 -0.1270195868 0.0720023994 -0.2284920804 0.1406903287 0.2605734248
83 0.0586275710 0.0720023994 3013.7961159586 84 0.0575008773 0.2056776644 -0.1232784478 0.0536576272 -0.1987060152 0.1190527055 0.2222505482
84 0.0575008773 0.0536576272 15072.8694194159 85 0.0564300109 0.2052367673 -0.1196155520 0.0416360922 -0.1763054292 0.1027253029 0.1950099035
85 0.0564300109 0.0416360922 9916.6336410033 86 0.0554118153 0.2048159926 -0.1160268266 0.0332901689 -0.1588183233 0.0898159734 0.1746011740
86 0.0554118153 0.0332901689 44521.4413087705 87 0.0544433766 0.2044143506 -0.1125084435 0.0272373958 -0.1446272164 0.0795007172 0.1586975333
87 0.0544433766 0.0272373958 2451.1917369473 88 0.0535220018 0.2040309202 -0.1090567989 0.0227983585 -0.1331827754 0.0711386456 0.1461834747
88 0.0535220018 0.0227983585 35328.1892743046 89 0.0526451994 0.2036648429 -0.1056684966 0.0193533537 -0.1235694449 0.0639057588 0.1358377072
89 0.0526451994 0.0193533537 117916.0815504998 90 0.0518106619 0.2033153182 -0.1023403309 0.0167019214 -0.1154820399 0.0580156865 0.1273458078
90 0.0518106619 0.0167019214 228699.2505988041 91 0.0510162503 0.2029815991 -0.0990692724 0.0145911018 -0.1085848567 0.0529190954 0.1201741203
91 0.0510162503 0.0145911018 45434.5611293880 92 0.0502599798 0.2026629881 -0.0958524548 0.0128787439 -0.1025727103 0.0485549486 0.1140223298
92 0.0502599798 0.0128787439 11312.5780408475 93 0.0495400075 0.2023588337 -0.0926871619 0.0114936337 -0.0973845637 0.0448316904 0.1087575390
93 0.0495400075 0.0114936337 14397.5243660215 94 0.0488546207 0.2020685264 -0.0895708175 0.0102753447 -0.0926847133 0.0410473952 0.1039405898
94 0.0488546207 0.0102753447 21434.3975882455 95 0.0482022267 0.2017914967 -0.0865009741 0.0093074729 -0.0887173070 0.0379039888 0.0998719598
95 0.0482022267 0.0093074729 20066.2897919114 96 0.0475813433 0.2015272114 -0.0834753041 0.0084850873 -0.0851161229 0.0352183599 0.0962525870
96 0.0475813433 0.0084850873 12472.5992838024 97 0.0469905909 0.2012751715 -0.0804915913 0.0077688686 -0.0818811609 0.0326242866 0.0929727104
97 0.0469905909 0.0077688686 13758.6121334081 98 0.0464286842 0.2010349100 -0.0775477221 0.0071609787 -0.0789513840 0.0304574725 0.0900574469
98 0.0464286842 0.0071609787 17470.0256816950 99 0.0458944256 0.2008059894 -0.0746416792 0.0066168268 -0.0762657552 0.0282906583 0.0873638177
99 0.0458944256 0.0066168268 17655.3170348870 100 0.0453866989 0.2005880000 -0.0717715340 0.0061784926 -0.0740379040 0.0263985107 0.0850567449
100 0.0453866989 0.0061784926 11897.1318650104 101 0.0449044632 0.2003805584 -0.0689354410 0.0057661253 -0.0718405713 0.0245979186 0.0828528328
101 0.0449044632 0.0057661253 52595.7608368960 102 0.0444467483 0.2001833051 -0.0661316313 0.0054254267 -0.0700704978 0.0227057711 0.0809292020
102 0.0444467483 0.0054254267 262155.9692673906 103 0.0440126494 0.1999959039 -0.0633584078 0.0051123137 -0.0681478317 0.0216376232 0.0791253882
103 0.0440126494 0.0051123137 262156.0005185818 104 0.0436013230 0.1998180399 -0.0606141397 0.0048425844 -0.0665913877 0.0202032533 0.0775054341
104 0.0436013230 0.0048425844 1231.2545340041 105 0.0432119829 0.1996494185 -0.0578972585 0.0046207158 -0.0652180548 0.0191656240 0.0760934663
105 0.0432119829 0.0046207158 37277.9849202621 106 0.0428438964 0.1994897644 -0.0552062528 0.0043944437 -0.0638752403 0.0177312540 0.0746810056
106 0.0428438964 0.0043944437 13386.7280379981 107 0.0424963815 0.1993388199 -0.0525396650 0.0041865226 -0.0625934629 0.0163884396 0.0733596044
107 0.0424963815 0.0041865226 12406.1016203339 108 0.0421688033 0.1991963449 -0.0498960869 0.0039910288 -0.0612811670 0.0153508103 0.0721056918
108 0.0421688033 0.0039910288 11053.8051284934 109 0.0418605716 0.1990621152 -0.0472741567 0.0038298061 -0.0602435377 0.0141605884 0.0710136496
109 0.0418605716 0.0038298061 11455.8104848397 110 0.0415711383 0.1989359220 -0.0446725552 0.0037062139 -0.0593585009 0.0135196997 0.0701023474
110 0.0415711383 0.0037062139 12270.8805766474 111 0.0412999949 0.1988175711 -0.0420900027 0.0035726709 -0.0584734642 0.0123905148 0.0691668036
111 0.0412999949 0.0035726709 10607.1262472017 112 0.0410466710 0.1987068823 -0.0395252564 0.0034537384 -0.0576494644 0.0114139225 0.0683133764
112 0.0410466710 0.0034537384 10759.8822691650 113 0.0408107316 0.1986036886 -0.0369771071 0.0033614787 -0.0570085757 0.0105594043 0.0675973496
113 0.0408107316 0.0033614787 11434.3452086358 114 0.0405917760 0.1985078357 -0.0344443770 0.0032676087 -0.0563066500 0.0098574786 0.0668930765
114 0.0405917760 0.0032676087 11500.5607409302 115 0.0403894358 0.1984191817 -0.0319259167 0.0314072783 0.1772209845 -0.0000305185 0.0014666800
115 0.0403894358 0.0314072783 4545.0825600285 116 0.0402033740 0.1983375962 -0.0294206032 0.0031124502 -0.0551774651 0.0082399976 0.0656882072
116 0.0402033740 0.0031124502 10538.6316124561 117 0.0400332828 0.1982629601 -0.0269273374 0.0030421134 -0.0546586505 0.0073854793 0.0651467105
117 0.0400332828 0.0030421134 8967.9151484224 118 0.0398788836 0.1981951652 -0.0244450421 0.0029844675 -0.0542008728 0.0068361461 0.0646822727
118 0.0398788836 0.0029844675 10981.4060837260 119 0.0397399248 0.1981341139 -0.0219726594 0.0029273814 -0.0537736137 0.0059816279 0.0642389454
119 0.0397399248 0.0029273814 5783.6764243659 120 0.0396161819 0.1980797187 -0.0195091495 0.0028760074 -0.0533768731 0.0051881466 0.0638403740
120 0.0396161819 0.0028760074 10384.2853394893 121 0.0395074557 0.1980319021 -0.0170534878 0.0028329479 -0.0530411695 0.0044251839 0.0634990206
121 0.0395074557 0.0028329479 8586.3758643710 122 0.0394135725 0.1979905964 -0.0146046638 0.0028182144 -0.0529496139 0.0038148137 0.0633102663
122 0.0394135725 0.0028182144 10659.2676087550 123 0.0393343826 0.1979557430 -0.0121616788 0.0027849185 -0.0526749474 0.0032044435 0.0630518607
123 0.0393343826 0.0027849185 19617.2561567894 124 0.0392697607 0.1979272931 -0.0097235444 0.0027683763 -0.0525528733 0.0025635548 0.0628912866
124 0.0392697607 0.0027683763 10294.0744398333 125 0.0392196044 0.1979052065 -0.0072892804 0.0027552159 -0.0524613178 0.0017395550 0.0627649163
125 0.0392196044 0.0027552159 114.5647383650 126 0.0391838347 0.1978894524 -0.0048579134 0.0027440822 -0.0523697623 0.0012207404 0.0626666245
126 0.0391838347 0.0027440822 10504.8623083759 127 0.0391623953 0.1978800087 -0.0024284750 0.0027144811 -0.0520950957 0.0007629627 0.0624977381
127 0.0391623953 0.0027144811 68713.9817970461 128 0.0391552526 0.1978768623 0.0000000000 0.0026980236 -0.0519425031 0.0000000000 0.0624097153
128 0.0391552526 0.0026980236 10254.0052897787 129 0.0391623953 0.1978800087 0.0024284750 0.0027110927 -0.0520645772 -0.0006103702 0.0624815306
129 0.0391623953 0.0027110927 86528.0492291108 130 0.0391838347 0.1978894524 0.0048579134 0.0027314639 -0.0522476882 -0.0012817774 0.0626062849
130 0.0391838347 0.0027314639 10505.2752228535 131 0.0392196044 0.1979052065 0.0072892804 0.0027523417 -0.0524307993 -0.0018311106 0.0627512973
131 0.0392196044 0.0027523417 1343.6246443643 132 0.0392697607 0.1979272931 0.0097235444 0.0027688541 -0.0525528733 -0.0026551103 0.0628935448
132 0.0392697607 0.0027688541 10294.0941066027 133 0.0393343826 0.1979557430 0.0121616788 0.0027820993 -0.0526444288 -0.0032654805 0.0630384434
133 0.0393343826 0.0027820993 137.6744742148 134 0.0394135725 0.1979905964 0.0146046638 0.0027940945 -0.0527054659 -0.0040284433 0.0631957083
134 0.0394135725 0.0027940945 10659.4280106161 135 0.0395074557 0.1980319021 0.0170534878 0.0028410807 -0.0531022065 -0.0046082949 0.0635375733
135 0.0395074557 0.0028410807 3620.0247265272 136 0.0396161819 0.1980797187 0.0195091495 0.0028799034 -0.0534073916 -0.0052491836 0.0638587417
136 0.0396161819 0.0028799034 10384.7416619750 137 0.0397399248 0.1981341139 0.0219726594 0.0029303003 -0.0538041322 -0.0059511093 0.0642526167
137 0.0397399248 0.0029303003 13029.5390100135 138 0.0398788836 0.1981951652 0.0244450421 0.0029584802 -0.0539872433 -0.0066225166 0.0645611603
138 0.0398788836 0.0029584802 10980.9720419317 139 0.0400332828 0.1982629601 0.0269273374 0.0030387781 -0.0546281320 -0.0073854793 0.0651312738
139 0.0400332828 0.0030387781 937.1372885753 140 0.0402033740 0.1983375962 0.0294206032 0.0031133276 -0.0552079836 -0.0080874050 0.0656922117
140 0.0402033740 0.0031133276 10539.0140918619 141 0.0403894358 0.1984191817 0.0319259167 2.0000000000 -1.0000000000 -1.0000000000 2.5010796326
141 0.0403894358 2.0000000000 9055.4543604055 142 0.0405917760 0.1985078357 0.0344443770 0.0032571624 -0.0562456130 -0.0096743675 0.0668457832
142 0.0405917760 0.0032571624 11500.4078738410 143 0.0408107316 0.1986036886 0.0369771071 0.0033447493 -0.0568559832 -0.0105899228 0.0675222662
143 0.0408107316 0.0033447493 15989.6337058609 144 0.0410466710 0.1987068823 0.0395252564 0.0034614772 -0.0577105014 -0.0114444411 0.0683477847
144 0.0410466710 0.0034614772 10759.6601583562 145 0.0412999949 0.1988175711 0.0420900027 0.0035749481 -0.0584734642 -0.0124820704 0.0691767880
145 0.0412999949 0.0035749481 11562.2807242575 146 0.0415711383 0.1989359220 0.0446725552 0.0036860058 -0.0592364269 -0.0133060701 0.0700144827
146 0.0415711383 0.0036860058 12270.6650861254 147 0.0418605716 0.1990621152 0.0472741567 0.0038434471 -0.0603350932 -0.0142521439 0.0710723974
147 0.0418605716 0.0038434471 13764.0993417989 148 0.0421688033 0.1991963449 0.0498960869 0.0040125735 -0.0614337596 -0.0154423658 0.0721971648
148 0.0421688033 0.0040125735 11053.7954861002 149 0.0424963815 0.1993388199 0.0525396650 0.0041684445 -0.0624408704 -0.0164189581 0.0732838980
149 0.0424963815 0.0041684445 11616.4804606475 150 0.0428438964 0.1994897644 0.0552062528 0.0043667706 -0.0636921293 -0.0176091800 0.0745667964
150 0.0428438964 0.0043667706 13386.8153654318 151 0.0432119829 0.1996494185 0.0578972585 0.0046006390 -0.0651264992 -0.0189519944 0.0760120943
151 0.0432119829 0.0046006390 24793.2883469582 152 0.0436013230 0.1998180399 0.0606141397 0.0048401218 -0.0665913877 -0.0201422163 0.0774955721
152 0.0436013230 0.0048401218 6161.7414023381 153 0.0440126494 0.1999959039 0.0633584078 0.0051287712 -0.0682393872 -0.0217291787 0.0791900688
153 0.0440126494 0.0051287712 7071.9510020958 154 0.0444467483 0.2001833051 0.0661316313 0.0053938976 -0.0697653127 -0.0229499191 0.0808077789
154 0.0444467483 0.0053938976 30487.4598527015 155 0.0449044632 0.2003805584 0.0689354410 0.0058028859 -0.0720542009 -0.0247199927 0.0829920383
155 0.0449044632 0.0058028859 8326.3968194142 156 0.0453866989 0.2005880000 0.0717715340 0.0061907607 -0.0740989410 -0.0264595477 0.0851022610
156 0.0453866989 0.0061907607 11898.4825239165 157 0.0458944256 0.2008059894 0.0746416792 0.0066460078 -0.0764793847 -0.0282296213 0.0874696832
157 0.0458944256 0.0066460078 12530.4986952264 158 0.0464286842 0.2010349100 0.0775477221 0.0071862116 -0.0791344951 -0.0303964354 0.0901468367
158 0.0464286842 0.0071862116 17470.4781532053 159 0.0469905909 0.2012751715 0.0804915913 0.0077658640 -0.0818506424 -0.0326548051 0.0929623335
159 0.0469905909 0.0077658640 12855.7474516167 160 0.0475813433 0.2015272114 0.0834753041 0.0084798930 -0.0850856044 -0.0352183599 0.0962350921
160 0.0475813433 0.0084798930 12472.6055816438 161 0.0482022267 0.2017914967 0.0865009741 0.0092950968 -0.0885952330 -0.0380260628 0.0998314357
161 0.0482022267 0.0092950968 14104.3402824182 162 0.0488546207 0.2020685264 0.0895708175 0.0102979884 -0.0928067873 -0.0410473952 0.1040125682
162 0.0488546207 0.0102979884 21433.9839112401 163 0.0495400075 0.2023588337 0.0926871619 0.0114290360 -0.0972624897 -0.0443739128 0.1085586756
163 0.0495400075 0.0114290360 12771.6165584225 164 0.0502599798 0.2026629881 0.0958524548 0.0128543865 -0.1025116733 -0.0484328745 0.1139498303
164 0.0502599798 0.0128543865 11312.0888654737 165 0.0510162503 0.2029815991 0.0990692724 0.0146171441 -0.1086153752 -0.0531022065 0.1202488334
165 0.0510162503 0.0146171441 22174.4792223469 166 0.0518106619 0.2033153182 0.1023403309 0.0167090073 -0.1154820399 -0.0580767235 0.1273653868
166 0.0518106619 0.0167090073 13332.1122903972 167 0.0526451994 0.2036648429 0.1056684966 0.0193231994 -0.1234473708 -0.0639057588 0.1357578285
167 0.0526451994 0.0193231994 15021.0768969268 168 0.0535220018 0.2040309202 0.1090567989 0.0227647507 -0.1331217383 -0.0710165716 0.1460983339
168 0.0535220018 0.0227647507 19401.9810061252 169 0.0544433766 0.2044143506 0.1125084435 0.0272316752 -0.1446577349 -0.0794091617 0.1586836881
169 0.0544433766 0.0272316752 8688.7821163628 170 0.0554118153 0.2048159926 0.1160268266 0.0332168768 -0.1586046937 -0.0897854549 0.1744332905
170 0.0554118153 0.0332168768 44521.5965755774 171 0.0564300109 0.2052367673 0.1196155520 0.0415644729 -0.1762443922 -0.1024811548 0.1948548222
171 0.0564300109 0.0415644729 17491.2134904350 172 0.0575008773 0.2056776644 0.1232784478 0.0536091898 -0.1986754967 -0.1189001129 0.2221519341
172 0.0575008773 0.0536091898 15073.6236975771 173 0.0586275710 0.2061397477 0.1270195868 0.0720872071 -0.2285836360 -0.1408429212 0.2607347435
173 0.0586275710 0.0720872071 10379.7639615752 174 0.0598135154 0.2066241618 0.1308433075 0.1019633367 -0.2699056978 -0.1706289865 0.3179662511
174 0.0598135154 0.1019633367 99497.5262342084 175 0.0610624282 0.2071321400 0.1347542384 0.1558018359 -0.3309427168 -0.2151249733 0.4119400142
175 0.0610624282 0.1558018359 20835.3396489843 176 0.0623783521 0.2076650115 0.1387573245 0.2678147994 -0.4303109836 -0.2874843593 0.5886953433
176 0.0623783521 0.2678147994 16352.5273821689 177 0.0637656894 0.2082242116 0.1428578565 0.5656713622 -0.6202276681 -0.4254280221 1.0092813567
177 0.0637656894 0.5656713622 148.0399749249 178 0.0652292411 0.2088112911 0.1470615035 1.6297577919 -1.0000000000 -0.7935728019 2.3460176341
178 0.0652292411 1.6297577919 524311.9385037831 179 0.0667742510 0.2094279282 0.1513743501 2.0000000000 -1.0000000000 -1.0000000000 2.7883788076
179 0.0667742510 2.0000000000 117350.9351189649 180 0.0684064560 0.2100759411 0.1558029365 1.9998779278 0.9999694815 0.9999694815 1.3365489609
180 0.0684064560 1.9998779278 17926.9593042955 181 0.0701321434 0.2107573021 0.1603543047 0.8477200934 0.7326883755 0.5575731681 0.4301948709
181 0.0701321434 0.8477200934 122419.1909013369 182 0.0719582156 0.2114741542 0.1650360497 0.3513372744 0.4672383801 0.3647267067 0.1052916978
182 0.0719582156 0.3513372744 124568.5816589380 183 0.0738922648 0.2122288289 0.1698563774 0.1916758665 0.3417157506 0.2736899930 0.0275482826
183 0.0738922648 0.1916758665 5837.9195809781 184 0.0759426582 0.2130238670 0.1748241696 0.1207639410 0.2686239204 0.2204657125 0.0051745164
184 0.0759426582 0.1207639410 19905.3277684826 185 0.0781186363 0.2138620419 0.1799490577 0.0832148506 0.2207708975 0.1856746117 0.0000805143
185 0.0781186363 0.0832148506 2782.4240277136 186 0.0804304261 0.2147463860 0.1852415065 0.0610248076 0.1869258705 0.1615039521 0.0013374526
186 0.0804304261 0.0610248076 8406.0937110347 187 0.0828893714 0.2156802209 0.1907129093 0.0468179325 0.1620532853 0.1433759575 0.0051166352
187 0.0828893714 0.0468179325 19841.5142263983 188 0.0855080860 0.2166671918 0.1963756959 0.0371164544 0.1427045503 0.1294289987 0.0099523326
188 0.0855080860 0.0371164544 22414.7886696462 189 0.0883006294 0.2177113073 0.2022434574 0.0302731180 0.1275673696 0.1183202612 0.0151690324
189 0.0883006294 0.0302731180 22207.5509135110 190 0.0912827149 0.2188169845 0.2083310879 0.0252617155 0.1150852992 0.1096224860 0.0205036506
190 0.0912827149 0.0252617155 415.6042777294 191 0.0944719517 0.2199891014 0.2146549486 0.0214293239 0.1048005615 0.1022064882 0.0259130560
191 0.0944719517 0.0214293239 1247.0546099067 192 0.0978881316 0.2212330576 0.2212330576 0.0185067028 0.0961943419 0.0961943419 0.0312693609
192 0.0978881316 0.0185067028 25659.8112190983 193 0.1015535671 0.2225548447 0.2280853091 0.0161915190 0.0887783441 0.0911587878 0.0366450244
193 0.1015535671 0.0161915190 24024.7301997790 194 0.1054934942 0.2239611281 0.2352337291 0.0143114458 0.0825220496 0.0866115299 0.0420935710
194 0.1054934942 0.0143114458 253.2893927399 195 0.1097365523 0.2254593430 0.2427027749 0.0128520320 0.0772423475 0.0829798273 0.0474796978
195 0.1097365523 0.0128520320 29984.1502422338 196 0.1143153604 0.2270578072 0.2505196850 0.0116101931 0.0723288675 0.0798669393 0.0530634044
196 0.1143153604 0.0116101931 29965.3672458487 197 0.1192672121 0.2287658543 0.2587148933 0.0105661829 0.0679952391 0.0770897549 0.0588348816
197 0.1192672121 0.0105661829 31467.7030778129 198 0.1246349180 0.2305939909 0.2673225193 0.0097521843 0.0643330180 0.0749229408 0.0646603089
198 0.1246349180 0.0097521843 1651.8216867989 199 0.1304678326 0.2325540856 0.2763809505 0.0089974987 0.0610065004 0.0726340526 0.0709413724
199 0.1304678326 0.0089974987 35771.7518680502 200 0.1368231150 0.2346595933 0.2859335417 0.0084210111 0.0582293161 0.0709250160 0.0773563088
200 0.1368231150 0.0084210111 35865.1096886969 201 0.1437672853 0.2369258268 0.2960294545 0.0079089630 0.0555742058 0.0694296091 0.0842359004
201 0.1437672853 0.0079089630 31228.2205786599 202 0.1513781600 0.2393702858 0.3067246750 0.0074820261 0.0531937620 0.0682088687 0.0915514879
202 0.1513781600 0.0074820261 3750.9423124059 203 0.1597472765 0.2420130573 0.3180832541 0.0071651727 0.0511490219 0.0674459059 0.0992481603
203 0.1597472765 0.0071651727 36010.6546278121 204 0.1689829545 0.2448773081 0.3301788280 0.0068362989 0.0492568743 0.0664082766 0.1078422579
204 0.1689829545 0.0068362989 44295.9156782888 205 0.1792141944 0.2479898929 0.3430964987 2.0000000000 -1.0000000000 -1.0000000000 3.3613869777
205 0.1792141944 2.0000000000 48437.0617939994 206 0.1905956862 0.2513821130 0.3569351755 0.0064298449 0.0462660604 0.0654927213 0.1270112991
206 0.1905956862 0.0064298449 6629.6710381997 207 0.2033143096 0.2550906689 0.3718105165 0.0062632751 0.0448316904 0.0652180548 0.1382077756
207 0.2033143096 0.0062632751 47419.7197459476 208 0.2175976574 0.2591588692 0.3878586571 0.0061287690 0.0434888760 0.0650959807 0.1506892913
208 0.2175976574 0.0061287690 57039.4789875713 209 0.2337253433 0.2636381782 0.4052409829 0.0060858092 0.0425733207 0.0653706473 0.1643815163
209 0.2337253433 0.0060858092 61446.3670096826 210 0.2520441875 0.2685902189 0.4241503057 0.0060159743 0.0415051729 0.0655232398 0.1801809904
210 0.2520441875 0.0060159743 10858.2471554059 211 0.2729888933 0.2740893960 0.4448189477 0.0060450883 0.0408337657 0.0661641285 0.1977876612
211 0.2729888933 0.0060450883 72337.8946131509 212 0.2971106191 0.2802263753 0.4675294619 0.0060824599 0.0400402844 0.0669270913 0.2181716176
212 0.2971106191 0.0060824599 77879.8878046659 213 0.3251171144 0.2871127622 0.4926290452 0.0062056879 0.0396740623 0.0680562761 0.2414879465
213 0.3251171144 0.0062056879 88617.1557711898 214 0.3579301302 0.2948874938 0.5205492255 0.0063886388 0.0392773217 0.0696127201 0.2686802920
214 0.3579301302 0.0063886388 17851.4132524370 215 0.3967692100 0.3037257209 0.5518332144 0.0065788777 0.0391857662 0.0710165716 0.3011660317
215 0.3967692100 0.0065788777 902.2396334367 216 0.4432767730 0.3138513923 0.5871746559 0.0069071340 0.0392162847 0.0732749413 0.3395173591
216 0.4432767730 0.0069071340 16781.0213295322 217 0.4997096387 0.3255554756 0.6274737213 0.0072967580 0.0393688772 0.0758079775 0.3862378620
217 0.4997096387 0.0072967580 11330.4043588626 218 0.5692408689 0.3392229939 0.6739203435 0.0078242670 0.0397656178 0.0790124210 0.4435901562
218 0.5692408689 0.0078242670 62785.2761120033 219 0.6564514497 0.3553742957 0.7281212534 0.0085056186 0.0404370251 0.0828882717 0.5155110850
219 0.6564514497 0.0085056186 56046.8162667836 220 0.7681624435 0.3747301350 0.7923003025 0.0093424108 0.0411999878 0.0874355296 0.6080767072
220 0.7681624435 0.0093424108 165173.1564918679 221 0.9149079621 0.3983182945 0.8696266431 0.0105408689 0.0427259133 0.0933561205 0.7290418658
221 0.9149079621 0.0105408689 263735.0759250342 222 1.1136852365 0.4276563709 0.9647773137 0.0121465000 0.0445570238 0.1008026368 0.8932173520
222 1.1136852365 0.0121465000 66786.5918865616 223 1.3934314296 0.4650827682 1.0849559661 0.0143870701 0.0469985046 0.1103549303 1.1246416305
223 1.3934314296 0.0143870701 314372.1593420911 224 1.8068380378 0.5143980019 1.2418666327 0.0177389817 0.0509659108 0.1230506302 1.4665185505
224 1.8068380378 0.0177389817 331517.5754515429 225 2.4585666420 0.5822185686 1.4558805515 0.0229865419 0.0562761315 0.1407818842 2.0060999520
225 2.4585666420 0.0229865419 351178.0257343263 226 3.5823519478 0.6811770110 1.7658849984 0.0319249930 0.0643330180 0.1666920988 2.9379144419
226 3.5823519478 0.0319249930 228113.3100197019 227 5.7953818109 0.8387691681 2.2565123739 0.0492790849 0.0772728660 0.2081057161 4.7758464537
227 5.7953818109 0.0492790849 440318.5644264461 228 11.2173011722 1.1283195708 3.1534419478 0.0911145482 0.1016571551 0.2842188787 9.2864767360
228 11.2173011722 0.0911145482 524311.9385037831 229 31.7370212467 1.8326557128 5.3271375320 0.2470958963 0.1617175817 0.4700460829 26.3833715826
229 31.7370212467 0.2470958963 524311.9385037831 230 373.5784684659 6.0628965436 18.3526497805 1.2746138655 0.5240943632 0.9999694815 331.7938431546
230 373.5784684659 1.2746138655 524311.9385037831 231 159.2083263054 -3.8106440789 -12.0286041588 1.1042749683 -0.3229163488 -1.0000000000 133.7943544113
231 159.2083263054 1.1042749683 524312.0010071192 232 21.4185258027 -1.3434419335 -4.4287345341 0.1478898422 -0.1115756706 -0.3680227058 18.0068750428
232 21.4185258027 0.1478898422 524312.0010071192 233 7.7398801475 -0.7748596035 -2.6719791807 0.0516035704 -0.0632648701 -0.2181768242 6.5275130693
233 7.7398801475 0.0516035704 355642.3428908748 234 3.8414734378 -0.5227483934 -1.8889699720 0.0246405041 -0.0417798395 -0.1513107700 3.2507902521
234 3.8414734378 0.0246405041 265476.6026679248 235 2.2317326963 -0.3807434239 -1.4445646893 0.0138655097 -0.0301217689 -0.1138340403 1.8937796049
235 2.2317326963 0.0138655097 295987.9820591484 236 1.4233479867 -0.2898854348 -1.1572875275 0.0085686981 -0.0225226600 -0.0897854549 1.2110435285
236 1.4233479867 0.0085686981 284184.0789180062 237 0.9647575707 -0.2269500648 -0.9556417942 0.0056382292 -0.0174565874 -0.0730307932 0.8228896962
237 0.9647575707 0.0056382292 280381.0334635648 238 0.6819791471 -0.1809382491 -0.8057546135 0.0038761227 -0.0137028108 -0.0607318339 0.5830266340
238 0.6819791471 0.0038761227 48424.4289811731 239 0.4967198567 -0.1459686916 -0.6895019926 0.0027373847 -0.0108645894 -0.0511795404 0.4257086714
239 0.4967198567 0.0027373847 99135.4672171083 240 0.3696493591 -0.1186125668 -0.5963056415 0.0019828937 -0.0086977752 -0.0436719871 0.3174852174
240 0.3696493591 0.0019828937 96896.7627844448 241 0.2793141492 -0.0967369097 -0.5195730165 0.0014744379 -0.0070192572 -0.0377513962 0.2402013310
241 0.2793141492 0.0014744379 83292.7445109082 242 0.2132380686 -0.0789462812 -0.4549786294 0.0010996061 -0.0057679983 -0.0326548051 0.1837124737
242 0.2132380686 0.0010996061 15456.5700639562 243 0.1637843827 -0.0642903406 -0.3995636806 0.5688235609 -0.0000305185 -0.7542039247 0.1298990275
243 0.1637843827 0.5688235609 121235.9265234756 244 0.1260789406 -0.0521004648 -0.3512328034 0.0006234328 -0.0037232582 -0.0246894742 0.1089709000
244 0.1260789406 0.0006234328 33047.6727388258 245 0.0969011016 -0.0418935504 -0.3084575044 0.0004683516 -0.0028382214 -0.0214545122 0.0838960363
245 0.0969011016 0.0004683516 26802.6630747221 246 0.0740602607 -0.0333128594 -0.2700935284 0.0003533700 -0.0023804437 -0.0186468093 0.0641822669
246 0.0740602607 0.0003533700 5444.6983431791 247 0.0560298921 -0.0260902954 -0.2352640826 0.0002596323 -0.0017090365 -0.0160222175 0.0486614412
247 0.0560298921 0.0002596323 22122.7972769528 248 0.0417247185 -0.0200215979 -0.2032826950 0.0001930135 -0.0013733329 -0.0138248848 0.0362420196
248 0.0417247185 0.0001930135 10935.5478179401 249 0.0303607130 -0.0149496032 -0.1736007556 0.0001381757 -0.0009155553 -0.0117191076 0.0264026224
249 0.0303607130 0.0001381757 8368.4925632254 250 0.0213647708 -0.0107527063 -0.1457708824 0.0000971513 -0.0007629627 -0.0098269601 0.0185805450
250 0.0213647708 0.0000971513 1585.7541822291 251 0.0143151282 -0.0073367713 -0.1194206848 0.0000652152 -0.0005493332 -0.0080568865 0.0124479649
251 0.0143151282 0.0000652152 3644.8343041289 252 0.0089013823 -0.0046293946 -0.0942334921 0.0000385153 -0.0003662221 -0.0061952574 0.0077689054
252 0.0089013823 0.0000385153 2333.3902511626 253 0.0048973733 -0.0025758149 -0.0699338149 0.0000198989 -0.0002136296 -0.0044557024 0.0042929631
253 0.0048973733 0.0000198989 1365.1718648171 254 0.0021427627 -0.0011360131 -0.0462760432 0.0000095345 -0.0001831111 -0.0030823695 0.0018666015
254 0.0021427627 0.0000095345 159.6733379608 255 0.0005307069 -0.0002827004 -0.0230353422 0.0000023368 -0.0000915555 -0.0015259255 0.0004626915
255 0.0005307069 0.0000023368 306.5685162253 