#int double real img int16 real16 img16 error
0 0.0001620822 0.0127311507 0.0000000000 0.0001619566 0.0127262185 0.0000000000 0.0000000000
0 0.0001620822 0.0001619566 0.0001619566 1 0.0001775339 0.0128957978 0.0033514696 0.0001765271 0.0128788110 0.0032654805 0.0000000077
1 0.0001775339 0.0001765271 0.0001767274 2 0.0002329914 0.0134432306 0.0072298686 0.0002309318 0.0133976257 0.0071718497 0.0000000054
2 0.0002329914 0.0002309318 0.0002309318 3 0.0003687421 0.0145841343 0.0124918012 0.0003661979 0.0145573290 0.0124210334 0.0000000057
3 0.0003687421 0.0003661979 0.0003661979 4 0.0007370691 0.0169496764 0.0212079609 0.0007344411 0.0169072542 0.0211798456 0.0000000026
4 0.0007370691 0.0007344411 0.0007344411 5 0.0022250058 0.0230410967 0.0411596116 0.0022194073 0.0230109561 0.0411084323 0.0000000035
5 0.0022250058 0.0022194073 0.0022194073 6 0.0284712089 0.0605114532 0.1575105487 0.0284343850 0.0604571673 0.1574144719 0.0000000122
6 0.0284712089 0.0284343850 0.0284343850 7 0.0133291850 -0.0273981986 -0.1121540177 0.0133230846 -0.0274056215 -0.1121250038 0.0000000009
7 0.0133291850 0.0133230846 0.0133299293 8 0.0019817422 -0.0055637168 -0.0441677173 0.0019813216 -0.0055848872 -0.0441602832 0.0000000005
8 0.0019817422 0.0019813216 0.0019813216 9 0.0007943906 -0.0005963470 -0.0281786263 0.0007955619 -0.0006103702 -0.0281991028 0.0000000006
9 0.0007943906 0.0007955619 0.0007955619 10 0.0004385698 0.0015688413 -0.0208832120 0.0004394490 0.0015564440 -0.0209051790 0.0000000006
10 0.0004385698 0.0004394490 0.0004381740 11 0.0002841328 0.0027647348 -0.0166279603 0.0002852033 0.0027466659 -0.0166631062 0.0000000016
11 0.0002841328 0.0002852033 0.0002852033 12 0.0002026343 0.0035140130 -0.0137944213 0.0002032316 0.0034791101 -0.0138248848 0.0000000021
12 0.0002026343 0.0002032316 0.0002032316 13 0.0001540742 0.0040219452 -0.0117430042 0.0001547552 0.0039979247 -0.0117801447 0.0000000020
13 0.0001540742 0.0001547552 0.0001547552 14 0.0001226478 0.0043853442 -0.0101693946 0.0001229467 0.0043641469 -0.0101931822 0.0000000010
14 0.0001226478 0.0001229467 0.0001229467 15 0.0001010616 0.0046557062 -0.0089098800 0.0001014766 0.0046388134 -0.0089419233 0.0000000013
15 0.0001010616 0.0001014766 0.0001011944 16 0.0000855574 0.0048628668 -0.0078682838 0.0000855425 0.0048524430 -0.0078737754 0.0000000001
16 0.0000855574 0.0000855425 0.0000855425 17 0.0000740325 0.0050252545 -0.0069842171 0.0000738928 0.0050050356 -0.0069887387 0.0000000004
17 0.0000740325 0.0000738928 0.0000738928 18 0.0000652324 0.0051548315 -0.0062177244 0.0000650475 0.0051271096 -0.0062257759 0.0000000008
18 0.0000652324 0.0000650475 0.0000650475 19 0.0000583693 0.0052596762 -0.0055412231 0.0000580855 0.0052186651 -0.0055543687 0.0000000019
19 0.0000583693 0.0000580855 0.0000580855 20 0.0000529276 0.0053454224 -0.0049349859 0.0000526416 0.0053102206 -0.0049439985 0.0000000013
20 0.0000529276 0.0000526416 0.0000526416 21 0.0000485578 0.0054161035 -0.0043844705 0.0000481635 0.0053712577 -0.0043946654 0.0000000021
21 0.0000485578 0.0000481635 0.0000484923 22 0.0000450161 0.0054746710 -0.0038786692 0.0000448645 0.0054628132 -0.0038758507 0.0000000001
22 0.0000450161 0.0000448645 0.0000451020 23 0.0000421287 0.0055233223 -0.0034090489 0.0000416522 0.0054933317 -0.0033875546 0.0000000014
23 0.0000421287 0.0000416522 0.0000418599 24 0.0000397690 0.0055637168 -0.0029688483 0.0000397960 0.0055543687 -0.0029908139 0.0000000006
24 0.0000397690 0.0000397960 0.0000397960 25 0.0000378435 0.0055971205 -0.0025525968 0.0000374228 0.0055543687 -0.0025635548 0.0000000019
25 0.0000378435 0.0000374228 0.0000379202 26 0.0000362824 0.0056245045 -0.0021557775 0.0000362279 0.0056154057 -0.0021668142 0.0000000002
26 0.0000362824 0.0000362279 0.0000362279 27 0.0000350334 0.0056466155 -0.0017745837 0.0000346659 0.0056154057 -0.0017700735 0.0000000010
27 0.0000350334 0.0000346659 0.0000347749 28 0.0000340573 0.0056640235 -0.0014057390 0.0000335036 0.0056154057 -0.0014038514 0.0000000024
28 0.0000340573 0.0000335036 0.0000335036 29 0.0000333250 0.0056771574 -0.0010463611 0.0000329531 0.0056459243 -0.0010376293 0.0000000011
29 0.0000333250 0.0000329531 0.0000330174 30 0.0000328158 0.0056863290 -0.0006938544 0.0000323692 0.0056459243 -0.0007019257 0.0000000017
30 0.0000328158 0.0000323692 0.0000323692 31 0.0000325156 0.0056917501 -0.0003458236 0.0000323347 0.0056764428 -0.0003357036 0.0000000003
31 0.0000325156 0.0000323347 0.0000323347 32 0.0000324164 0.0056935437 0.0000000000 0.0000322220 0.0056764428 0.0000000000 0.0000000003
32 0.0000324164 0.0000322220 0.0000322220 33 0.0000325156 0.0056917501 0.0003458236 0.0000323347 0.0056764428 0.0003357036 0.0000000003
33 0.0000325156 0.0000323347 0.0000323151 34 0.0000328158 0.0056863290 0.0006938544 0.0000326728 0.0056764428 0.0006714072 0.0000000006
34 0.0000328158 0.0000326728 0.0000326728 35 0.0000333250 0.0056771574 0.0010463611 0.0000329531 0.0056459243 0.0010376293 0.0000000011
35 0.0000333250 0.0000329531 0.0000329531 36 0.0000340573 0.0056640235 0.0014057390 0.0000337625 0.0056459243 0.0013733329 0.0000000014
36 0.0000340573 0.0000337625 0.0000337625 37 0.0000350334 0.0056466155 0.0017745837 0.0000346659 0.0056154057 0.0017700735 0.0000000010
37 0.0000350334 0.0000346659 0.0000346659 38 0.0000362824 0.0056245045 0.0021557775 0.0000357547 0.0055848872 0.0021362957 0.0000000019
38 0.0000362824 0.0000357547 0.0000357547 39 0.0000378435 0.0055971205 0.0025525968 0.0000376072 0.0055848872 0.0025330363 0.0000000005
39 0.0000378435 0.0000376072 0.0000376072 40 0.0000397690 0.0055637168 0.0029688483 0.0000396144 0.0055543687 0.0029602954 0.0000000002
40 0.0000397690 0.0000396144 0.0000396144 41 0.0000421287 0.0055233223 0.0034090489 0.0000416522 0.0054933317 0.0033875546 0.0000000014
41 0.0000421287 0.0000416522 0.0000418599 42 0.0000450161 0.0054746710 0.0038786692 0.0000445320 0.0054322947 0.0038758507 0.0000000018
42 0.0000450161 0.0000445320 0.0000445320 43 0.0000485578 0.0054161035 0.0043844705 0.0000481635 0.0053712577 0.0043946654 0.0000000021
43 0.0000485578 0.0000481635 0.0000478962 44 0.0000529276 0.0053454224 0.0049349859 0.0000526658 0.0053407392 0.0049134800 0.0000000005
44 0.0000529276 0.0000526658 0.0000526658 45 0.0000583693 0.0052596762 0.0055412231 0.0000580855 0.0052186651 0.0055543687 0.0000000019
45 0.0000583693 0.0000580855 0.0000577474 46 0.0000652324 0.0051548315 0.0062177244 0.0000646685 0.0051271096 0.0061952574 0.0000000013
46 0.0000652324 0.0000646685 0.0000646685 47 0.0000740325 0.0050252545 0.0069842171 0.0000731626 0.0049745170 0.0069582202 0.0000000033
47 0.0000740325 0.0000731626 0.0000738928 48 0.0000855574 0.0048628668 0.0078682838 0.0000850629 0.0048524430 0.0078432569 0.0000000007
48 0.0000855574 0.0000850629 0.0000850629 49 0.0001010616 0.0046557062 0.0089098800 0.0001003887 0.0046388134 0.0088808863 0.0000000011
49 0.0001010616 0.0001003887 0.0001003887 50 0.0001226478 0.0043853442 0.0101693946 0.0001223255 0.0043641469 0.0101626637 0.0000000005
50 0.0001226478 0.0001223255 0.0001223255 51 0.0001540742 0.0040219452 0.0117430042 0.0001533209 0.0039979247 0.0117191076 0.0000000011
51 0.0001540742 0.0001533209 0.0001533209 52 0.0002026343 0.0035140130 0.0137944213 0.0002015477 0.0034791101 0.0137638478 0.0000000022
52 0.0002026343 0.0002015477 0.0002015477 53 0.0002841328 0.0027647348 0.0166279603 0.0002821605 0.0027466659 0.0165715506 0.0000000035
53 0.0002841328 0.0002821605 0.0002831729 54 0.0004385698 0.0015688413 0.0208832120 0.0004381740 0.0015564440 0.0208746605 0.0000000002
54 0.0004385698 0.0004381740 0.0004381740 55 0.0007943906 -0.0005963470 0.0281786263 0.0007921233 -0.0006103702 0.0281380657 0.0000000018
55 0.0007943906 0.0007921233 0.0007921233 56 0.0019817422 -0.0055637168 0.0441677173 0.0019786271 -0.0055848872 0.0441297647 0.0000000019
56 0.0019817422 0.0019786271 0.0019786271 57 0.0133291850 -0.0273981986 0.1121540177 0.0133094007 -0.0274056215 0.1120639668 0.0000000082
57 0.0133291850 0.0133094007 0.0133162417 58 0.0284712089 0.0605114532 -0.1575105487 0.0284439941 0.0604571673 -0.1574449904 0.0000000072
58 0.0284712089 0.0284439941 0.0284439941 59 0.0022250058 0.0230410967 -0.0411596116 0.0022219174 0.0230109561 -0.0411389508 0.0000000013
59 0.0022250058 0.0022219174 0.0022244293 60 0.0007370691 0.0169496764 -0.0212079609 0.0007357348 0.0169072542 -0.0212103641 0.0000000018
60 0.0007370691 0.0007357348 0.0007357348 61 0.0003687421 0.0145841343 -0.0124918012 0.0003677179 0.0145573290 -0.0124820704 0.0000000008
61 0.0003687421 0.0003677179 0.0003684807 62 0.0002329914 0.0134432306 -0.0072298686 0.0002318110 0.0133976257 -0.0072328867 0.0000000021
62 0.0002329914 0.0002318110 0.0002326297 63 0.0001775339 0.0128957978 -0.0033514696 0.0001771335 0.0128788110 -0.0033570360 0.0000000003
63 0.0001775339 0.0001771335 0.0001771335 