#int double real img int16 real16 img16 error
0 0.0000256883 0.0050683624 0.0000000000 0.0000256651 0.0050660726 0.0000000000 0.0000000000
0 0.0000256883 0.0000256651 0.0000256651 1 0.0000281372 0.0051339096 0.0013342441 0.0000279302 0.0051271096 0.0012817774 0.0000000028
1 0.0000281372 0.0000279302 0.0000279302 2 0.0000369267 0.0053518465 0.0028782625 0.0000362539 0.0053102206 0.0028382214 0.0000000033
2 0.0000369267 0.0000362539 0.0000362539 3 0.0000584417 0.0058060485 0.0049730757 0.0000577651 0.0057985168 0.0049134800 0.0000000036
3 0.0000584417 0.0000577651 0.0000577651 4 0.0001168176 0.0067477877 0.0084430413 0.0001160275 0.0067140721 0.0084231086 0.0000000015
4 0.0001168176 0.0001160275 0.0001160275 5 0.0003526396 0.0091728258 0.0163859365 0.0003504082 0.0091555528 0.0163274026 0.0000000037
5 0.0003526396 0.0003504082 0.0003504082 6 0.0045123825 0.0240900434 0.0627060789 0.0045000975 0.0240485855 0.0626239814 0.0000000085
6 0.0045123825 0.0045000975 0.0045000975 7 0.0021125335 -0.0109074193 -0.0446493187 0.0021128650 -0.0109256264 -0.0446485794 0.0000000003
7 0.0021125335 0.0021128650 0.0021128650 8 0.0003140850 -0.0022149556 -0.0175834849 0.0003139727 -0.0022278512 -0.0175786615 0.0000000002
8 0.0003140850 0.0003139727 0.0003139727 9 0.0001259024 -0.0002374100 -0.0112181132 0.0001261907 -0.0002441481 -0.0112308115 0.0000000002
9 0.0001259024 0.0001261907 0.0001261907 10 0.0000695086 0.0006245670 -0.0083137564 0.0000697873 0.0006103702 -0.0083315531 0.0000000005
10 0.0000695086 0.0000697873 0.0000697873 11 0.0000450320 0.0011006607 -0.0066197102 0.0000449987 0.0010681478 -0.0066225166 0.0000000011
11 0.0000450320 0.0000449987 0.0000449987 12 0.0000321154 0.0013989538 -0.0054916580 0.0000320627 0.0013733329 -0.0054933317 0.0000000007
12 0.0000321154 0.0000320627 0.0000320627 13 0.0000244191 0.0016011652 -0.0046749742 0.0000246070 0.0015869625 -0.0046998505 0.0000000008
13 0.0000244191 0.0000246070 0.0000246070 14 0.0000194384 0.0017458370 -0.0040485089 0.0000195012 0.0017395550 -0.0040589618 0.0000000001
14 0.0000194384 0.0000195012 0.0000195012 15 0.0000160172 0.0018534700 -0.0035470871 0.0000161026 0.0018311106 -0.0035706656 0.0000000011
15 0.0000160172 0.0000161026 0.0000161026 16 0.0000135599 0.0019359422 -0.0031324202 0.0000135776 0.0019226661 -0.0031434065 0.0000000003
16 0.0000135599 0.0000135776 0.0000135776 17 0.0000117334 0.0020005899 -0.0027804669 0.0000116478 0.0019837031 -0.0027771844 0.0000000003
17 0.0000117334 0.0000116478 0.0000116478 18 0.0000103386 0.0020521754 -0.0024753207 0.0000102917 0.0020447401 -0.0024719993 0.0000000001
18 0.0000103386 0.0000102917 0.0000102917 19 0.0000092509 0.0020939148 -0.0022060006 0.0000091294 0.0021057772 -0.0021668142 0.0000000017
19 0.0000092509 0.0000091294 0.0000092588 20 0.0000083885 0.0021280510 -0.0019646533 0.0000082418 0.0020752586 -0.0019837031 0.0000000031
20 0.0000083885 0.0000082418 0.0000082418 21 0.0000076959 0.0021561897 -0.0017454891 0.0000075675 0.0021057772 -0.0017700735 0.0000000031
21 0.0000076959 0.0000075675 0.0000076969 22 0.0000071346 0.0021795058 -0.0015441260 0.0000069863 0.0021362957 -0.0015564440 0.0000000020
22 0.0000071346 0.0000069863 0.0000069863 23 0.0000066769 0.0021988742 -0.0013571668 0.0000065811 0.0021668142 -0.0013733329 0.0000000013
23 0.0000066769 0.0000065811 0.0000065811 24 0.0000063030 0.0022149556 -0.0011819198 0.0000062449 0.0021973327 -0.0011902219 0.0000000004
24 0.0000063030 0.0000062449 0.0000062449 25 0.0000059978 0.0022282538 -0.0010162071 0.0000059049 0.0021973327 -0.0010376293 0.0000000014
25 0.0000059978 0.0000059049 0.0000059049 26 0.0000057504 0.0022391556 -0.0008582305 0.0000057466 0.0022278512 -0.0008850368 0.0000000008
26 0.0000057504 0.0000057466 0.0000057466 27 0.0000055524 0.0022479581 -0.0007064745 0.0000054560 0.0022278512 -0.0007019257 0.0000000004
27 0.0000055524 0.0000054560 0.0000054560 28 0.0000053977 0.0022548884 -0.0005596348 0.0000052995 0.0022278512 -0.0005798517 0.0000000011
28 0.0000053977 0.0000052995 0.0000052995 29 0.0000052817 0.0022601171 -0.0004165638 0.0000051459 0.0022278512 -0.0004272591 0.0000000012
29 0.0000052817 0.0000051459 0.0000051459 30 0.0000052009 0.0022637683 -0.0002762284 0.0000050565 0.0022278512 -0.0003051851 0.0000000021
30 0.0000052009 0.0000050565 0.0000050565 31 0.0000051534 0.0022659265 -0.0001376748 0.0000049866 0.0022278512 -0.0001525925 0.0000000017
31 0.0000051534 0.0000049866 0.0000049866 32 0.0000051377 0.0022666406 0.0000000000 0.0000045638 0.0021362957 0.0000000000 0.0000000170
32 0.0000051377 0.0000045638 0.0000045638 33 0.0000051534 0.0022659265 0.0001376748 0.0000049782 0.0022278512 0.0001220740 0.0000000017
33 0.0000051534 0.0000049782 0.0000051151 34 0.0000052009 0.0022637683 0.0002762284 0.0000050229 0.0022278512 0.0002441481 0.0000000023
34 0.0000052009 0.0000050229 0.0000051757 35 0.0000052817 0.0022601171 0.0004165638 0.0000051207 0.0022278512 0.0003967406 0.0000000014
35 0.0000052817 0.0000051207 0.0000051207 36 0.0000053977 0.0022548884 0.0005596348 0.0000052651 0.0022278512 0.0005493332 0.0000000008
36 0.0000053977 0.0000052651 0.0000052651 37 0.0000055524 0.0022479581 0.0007064745 0.0000054560 0.0022278512 0.0007019257 0.0000000004
37 0.0000055524 0.0000054560 0.0000054560 38 0.0000057504 0.0022391556 0.0008582305 0.0000056423 0.0022278512 0.0008239998 0.0000000013
38 0.0000057504 0.0000056423 0.0000056423 39 0.0000059978 0.0022282538 0.0010162071 0.0000058425 0.0021973327 0.0010071108 0.0000000010
39 0.0000059978 0.0000058425 0.0000059776 40 0.0000063030 0.0022149556 0.0011819198 0.0000061732 0.0021973327 0.0011597034 0.0000000008
40 0.0000063030 0.0000061732 0.0000061732 41 0.0000066769 0.0021988742 0.0013571668 0.0000064982 0.0021668142 0.0013428144 0.0000000012
41 0.0000066769 0.0000064982 0.0000064982 42 0.0000071346 0.0021795058 0.0015441260 0.0000070235 0.0021668142 0.0015259255 0.0000000005
42 0.0000071346 0.0000070235 0.0000071176 43 0.0000076959 0.0021561897 0.0017454891 0.0000074603 0.0021057772 0.0017395550 0.0000000026
43 0.0000076959 0.0000074603 0.0000074603 44 0.0000083885 0.0021280510 0.0019646533 0.0000082492 0.0021057772 0.0019531846 0.0000000006
44 0.0000083885 0.0000082492 0.0000082492 45 0.0000092509 0.0020939148 0.0022060006 0.0000091294 0.0021057772 0.0021668142 0.0000000017
45 0.0000092509 0.0000091294 0.0000091294 46 0.0000103386 0.0020521754 0.0024753207 0.0000102917 0.0020447401 0.0024719993 0.0000000001
46 0.0000103386 0.0000102917 0.0000101418 47 0.0000117334 0.0020005899 0.0027804669 0.0000116478 0.0019837031 0.0027771844 0.0000000003
47 0.0000117334 0.0000116478 0.0000116478 48 0.0000135599 0.0019359422 0.0031324202 0.0000133867 0.0019226661 0.0031128880 0.0000000006
48 0.0000135599 0.0000133867 0.0000133867 49 0.0000160172 0.0018534700 0.0035470871 0.0000158856 0.0018311106 0.0035401471 0.0000000005
49 0.0000160172 0.0000158856 0.0000158856 50 0.0000194384 0.0017458370 0.0040485089 0.0000192544 0.0017395550 0.0040284433 0.0000000004
50 0.0000194384 0.0000192544 0.0000192544 51 0.0000244191 0.0016011652 0.0046749742 0.0000243211 0.0015869625 0.0046693319 0.0000000002
51 0.0000244191 0.0000243211 0.0000243211 52 0.0000321154 0.0013989538 0.0054916580 0.0000317284 0.0013733329 0.0054628132 0.0000000015
52 0.0000321154 0.0000317284 0.0000317284 53 0.0000450320 0.0011006607 0.0066197102 0.0000445954 0.0010681478 0.0065919980 0.0000000018
53 0.0000450320 0.0000445954 0.0000445954 54 0.0000695086 0.0006245670 0.0083137564 0.0000692797 0.0006103702 0.0083010346 0.0000000004
54 0.0000695086 0.0000692797 0.0000692797 55 0.0001259024 -0.0002374100 0.0112181132 0.0001248235 -0.0002441481 0.0111697745 0.0000000024
55 0.0001259024 0.0001248235 0.0001248235 56 0.0003140850 -0.0022149556 0.0175834849 0.0003129006 -0.0022278512 0.0175481429 0.0000000014
56 0.0003140850 0.0003129006 0.0003129006 57 0.0021125335 -0.0109074193 0.0446493187 0.0021074182 -0.0109256264 0.0445875423 0.0000000041
57 0.0021125335 0.0021074182 0.0021101407 58 0.0045123825 0.0240900434 -0.0627060789 0.0045077460 0.0240485855 -0.0626850185 0.0000000022
58 0.0045123825 0.0045077460 0.0045077460 59 0.0003526396 0.0091728258 -0.0163859365 0.0003524051 0.0091555528 -0.0163884396 0.0000000003
59 0.0003526396 0.0003524051 0.0003518472 60 0.0001168176 0.0067477877 -0.0084430413 0.0001165426 0.0067140721 -0.0084536271 0.0000000012
60 0.0001168176 0.0001165426 0.0001165426 61 0.0000584417 0.0058060485 -0.0049730757 0.0000580156 0.0057679983 -0.0049745170 0.0000000014
61 0.0000584417 0.0000580156 0.0000580156 62 0.0000369267 0.0053518465 -0.0028782625 0.0000367532 0.0053407392 -0.0028687399 0.0000000002
62 0.0000369267 0.0000367532 0.0000367532 63 0.0000281372 0.0051339096 -0.0013342441 0.0000277784 0.0050965911 -0.0013428144 0.0000000015
63 0.0000281372 0.0000277784 0.0000277784 