#int double real img int16 real16 img16 error
0 0.0000004071 0.0006380690 0.0000000000 0.0000003726 0.0006103702 0.0000000000 0.0000000008
0 0.0000004071 0.0000003726 0.0000003726 1 0.0000004459 0.0006463209 0.0001679714 0.0000004256 0.0006408887 0.0001220740 0.0000000021
1 0.0000004459 0.0000004256 0.0000004256 2 0.0000005852 0.0006737576 0.0003623518 0.0000005234 0.0006408887 0.0003357036 0.0000000018
2 0.0000005852 0.0000005234 0.0000005234 3 0.0000009262 0.0007309382 0.0006260731 0.0000007945 0.0007019257 0.0005493332 0.0000000067
3 0.0000009262 0.0000007945 0.0000007945 4 0.0000018514 0.0008494961 0.0010629159 0.0000017557 0.0008239998 0.0010376293 0.0000000013
4 0.0000018514 0.0000017557 0.0000017557 5 0.0000055890 0.0011547903 0.0020628672 0.0000053321 0.0011291849 0.0020142216 0.0000000030
5 0.0000055890 0.0000053321 0.0000053321 6 0.0000715164 0.0030327568 0.0078942276 0.0000695079 0.0029908139 0.0077822199 0.0000000143
6 0.0000715164 0.0000695079 0.0000695079 7 0.0000334814 -0.0013731627 -0.0056210162 0.0000330770 -0.0013733329 -0.0055848872 0.0000000013
7 0.0000334814 0.0000330770 0.0000330770 8 0.0000049779 -0.0002788464 -0.0022136296 0.0000049214 -0.0003051851 -0.0021973327 0.0000000010
8 0.0000049779 0.0000049214 0.0000049214 9 0.0000019954 -0.0000298882 -0.0014122768 0.0000020611 -0.0000610370 -0.0014343699 0.0000000015
9 0.0000019954 0.0000020611 0.0000020611 10 0.0000011016 0.0000786283 -0.0010466399 0.0000011447 0.0000610370 -0.0010681478 0.0000000008
10 0.0000011016 0.0000011447 0.0000011447 11 0.0000007137 0.0001385650 -0.0008333721 0.0000007451 0.0001220740 -0.0008545183 0.0000000007
11 0.0000007137 0.0000007451 0.0000007451 12 0.0000005090 0.0001761178 -0.0006913588 0.0000005160 0.0001525925 -0.0007019257 0.0000000007
12 0.0000005090 0.0000005160 0.0000005160 13 0.0000003870 0.0002015748 -0.0005885444 0.0000004061 0.0001831111 -0.0006103702 0.0000000008
13 0.0000003870 0.0000004061 0.0000004061 14 0.0000003081 0.0002197879 -0.0005096771 0.0000003148 0.0002136296 -0.0005188147 0.0000000001
14 0.0000003081 0.0000003148 0.0000003148 15 0.0000002539 0.0002333381 -0.0004465518 0.0000002552 0.0002136296 -0.0004577776 0.0000000005
15 0.0000002539 0.0000002552 0.0000002552 16 0.0000002149 0.0002437207 -0.0003943483 0.0000002030 0.0002136296 -0.0003967406 0.0000000009
16 0.0000002149 0.0000002030 0.0000002030 17 0.0000001860 0.0002518593 -0.0003500400 0.0000001937 0.0002441481 -0.0003662221 0.0000000003
17 0.0000001860 0.0000001937 0.0000001937 18 0.0000001639 0.0002583536 -0.0003116244 0.0000001527 0.0002441481 -0.0003051851 0.0000000002
18 0.0000001639 0.0000001527 0.0000001527 19 0.0000001466 0.0002636083 -0.0002777190 0.0000001351 0.0002746666 -0.0002441481 0.0000000012
19 0.0000001466 0.0000001351 0.0000001351 20 0.0000001329 0.0002679057 -0.0002473352 0.0000001351 0.0002441481 -0.0002746666 0.0000000013
20 0.0000001329 0.0000001351 0.0000001351 21 0.0000001220 0.0002714482 -0.0002197441 0.0000001192 0.0002441481 -0.0002441481 0.0000000013
21 0.0000001220 0.0000001192 0.0000001192 22 0.0000001131 0.0002743835 -0.0001943939 0.0000001052 0.0002441481 -0.0002136296 0.0000000013
22 0.0000001131 0.0000001052 0.0000001052 23 0.0000001058 0.0002768219 -0.0001708572 0.0000000931 0.0002441481 -0.0001831111 0.0000000012
23 0.0000001058 0.0000000931 0.0000000931 24 0.0000000999 0.0002788464 -0.0001487949 0.0000000829 0.0002441481 -0.0001525925 0.0000000012
24 0.0000000999 0.0000000829 0.0000000829 25 0.0000000951 0.0002805205 -0.0001279329 0.0000000829 0.0002441481 -0.0001525925 0.0000000019
25 0.0000000951 0.0000000829 0.0000000829 26 0.0000000911 0.0002818930 -0.0001080448 0.0000000903 0.0002746666 -0.0001220740 0.0000000002
26 0.0000000911 0.0000000903 0.0000000903 27 0.0000000880 0.0002830012 -0.0000889399 0.0000000680 0.0002441481 -0.0000915555 0.0000000015
27 0.0000000880 0.0000000680 0.0000000680 28 0.0000000855 0.0002838736 -0.0000704538 0.0000000680 0.0002441481 -0.0000915555 0.0000000020
28 0.0000000855 0.0000000680 0.0000000680 29 0.0000000837 0.0002845319 -0.0000524423 0.0000000792 0.0002746666 -0.0000610370 0.0000000002
29 0.0000000837 0.0000000792 0.0000000792 30 0.0000000824 0.0002849915 -0.0000347751 0.0000000605 0.0002441481 -0.0000305185 0.0000000017
30 0.0000000824 0.0000000605 0.0000000605 31 0.0000000817 0.0002852632 -0.0000173322 0.0000000764 0.0002746666 -0.0000305185 0.0000000003
31 0.0000000817 0.0000000764 0.0000000764 32 0.0000000814 0.0002853531 0.0000000000 0.0000000754 0.0002746666 0.0000000000 0.0000000001
32 0.0000000814 0.0000000754 0.0000000754 33 0.0000000817 0.0002852632 0.0000173322 0.0000000754 0.0002746666 0.0000000000 0.0000000004
33 0.0000000817 0.0000000754 0.0000000754 34 0.0000000824 0.0002849915 0.0000347751 0.0000000764 0.0002746666 0.0000305185 0.0000000001
34 0.0000000824 0.0000000764 0.0000000764 35 0.0000000837 0.0002845319 0.0000524423 0.0000000792 0.0002746666 0.0000610370 0.0000000002
35 0.0000000837 0.0000000792 0.0000000792 36 0.0000000855 0.0002838736 0.0000704538 0.0000000792 0.0002746666 0.0000610370 0.0000000002
36 0.0000000855 0.0000000792 0.0000000792 37 0.0000000880 0.0002830012 0.0000889399 0.0000000792 0.0002746666 0.0000610370 0.0000000008
37 0.0000000880 0.0000000792 0.0000000792 38 0.0000000911 0.0002818930 0.0001080448 0.0000000680 0.0002441481 0.0000915555 0.0000000017
38 0.0000000911 0.0000000680 0.0000000680 39 0.0000000951 0.0002805205 0.0001279329 0.0000000680 0.0002441481 0.0000915555 0.0000000026
39 0.0000000951 0.0000000680 0.0000000680 40 0.0000000999 0.0002788464 0.0001487949 0.0000000903 0.0002746666 0.0001220740 0.0000000007
40 0.0000000999 0.0000000903 0.0000000903 41 0.0000001058 0.0002768219 0.0001708572 0.0000000931 0.0002441481 0.0001831111 0.0000000012
41 0.0000001058 0.0000000931 0.0000000931 42 0.0000001131 0.0002743835 0.0001943939 0.0000000931 0.0002441481 0.0001831111 0.0000000010
42 0.0000001131 0.0000000931 0.0000000931 43 0.0000001220 0.0002714482 0.0002197441 0.0000000913 0.0002136296 0.0002136296 0.0000000034
43 0.0000001220 0.0000000913 0.0000000913 44 0.0000001329 0.0002679057 0.0002473352 0.0000001192 0.0002441481 0.0002441481 0.0000000006
44 0.0000001329 0.0000001192 0.0000001192 45 0.0000001466 0.0002636083 0.0002777190 0.0000001211 0.0002746666 0.0002136296 0.0000000042
45 0.0000001466 0.0000001211 0.0000001211 46 0.0000001639 0.0002583536 0.0003116244 0.0000001351 0.0002441481 0.0002746666 0.0000000016
46 0.0000001639 0.0000001351 0.0000001351 47 0.0000001860 0.0002518593 0.0003500400 0.0000001723 0.0002441481 0.0003357036 0.0000000003
47 0.0000001860 0.0000001723 0.0000001723 48 0.0000002149 0.0002437207 0.0003943483 0.0000001798 0.0002136296 0.0003662221 0.0000000017
48 0.0000002149 0.0000001798 0.0000001798 49 0.0000002539 0.0002333381 0.0004465518 0.0000002282 0.0002136296 0.0004272591 0.0000000008
49 0.0000002539 0.0000002282 0.0000002282 50 0.0000003081 0.0002197879 0.0005096771 0.0000002841 0.0002136296 0.0004882962 0.0000000005
50 0.0000003081 0.0000002841 0.0000002841 51 0.0000003870 0.0002015748 0.0005885444 0.0000003698 0.0001831111 0.0005798517 0.0000000004
51 0.0000003870 0.0000003698 0.0000003698 52 0.0000005090 0.0001761178 0.0006913588 0.0000004741 0.0001525925 0.0006714072 0.0000000010
52 0.0000005090 0.0000004741 0.0000004741 53 0.0000007137 0.0001385650 0.0008333721 0.0000006445 0.0001220740 0.0007934812 0.0000000019
53 0.0000007137 0.0000006445 0.0000006445 54 0.0000011016 0.0000786283 0.0010466399 0.0000010804 0.0000610370 0.0010376293 0.0000000004
54 0.0000011016 0.0000010804 0.0000010804 55 0.0000019954 -0.0000298882 0.0014122768 0.0000018870 -0.0000305185 0.0013733329 0.0000000015
55 0.0000019954 0.0000018870 0.0000018870 56 0.0000049779 -0.0002788464 0.0022136296 0.0000047705 -0.0002746666 0.0021668142 0.0000000022
56 0.0000049779 0.0000047705 0.0000047705 57 0.0000334814 -0.0013731627 0.0056210162 0.0000327371 -0.0013733329 0.0055543687 0.0000000044
57 0.0000334814 0.0000327371 0.0000327371 58 0.0000715164 0.0030327568 -0.0078942276 0.0000699838 0.0029908139 -0.0078127384 0.0000000084
58 0.0000715164 0.0000699838 0.0000699838 59 0.0000055890 0.0011547903 -0.0020628672 0.0000054560 0.0011291849 -0.0020447401 0.0000000010
59 0.0000055890 0.0000054560 0.0000054560 60 0.0000018514 0.0008494961 -0.0010629159 0.0000018199 0.0008239998 -0.0010681478 0.0000000007
60 0.0000018514 0.0000018199 0.0000018199 61 0.0000009262 0.0007309382 -0.0006260731 0.0000009034 0.0007019257 -0.0006408887 0.0000000011
61 0.0000009262 0.0000009034 0.0000009034 62 0.0000005852 0.0006737576 -0.0003623518 0.0000005449 0.0006408887 -0.0003662221 0.0000000011
62 0.0000005852 0.0000005449 0.0000005449 63 0.0000004459 0.0006463209 -0.0001679714 0.0000004061 0.0006103702 -0.0001831111 0.0000000015
63 0.0000004459 0.0000004061 0.0000004061 