#int double real img int16 real16 img16 error
0 0.0000000000 -0.0000000000 0.0000000000 0.0000009537 -0.0009765923 0.0000000000 0.0000009537
0 0.0000000000 0.0000009537 0.0000000335 1 0.0010588995 -0.0003993249 0.0325382857 0.0000062635 -0.0006714072 -0.0024109622 0.0012215240
1 0.0010588995 0.0000062635 186.5672504667 2 0.0042753737 -0.0016046612 0.0653666485 0.0000119263 -0.0006714072 -0.0033875546 0.0047280114
2 0.0042753737 0.0000119263 159.8173091815 3 0.0097715444 -0.0036384353 0.0987841393 0.0000242159 -0.0006103702 -0.0048829615 0.0107560370
3 0.0097715444 0.0000242159 684.6700986325 4 0.0177605927 -0.0065391937 0.1331083455 0.0000302698 0.0003051851 -0.0054933317 0.0192572704
4 0.0177605927 0.0000302698 4250.3981952395 5 0.0285624358 -0.0103634649 0.1686862009 0.0000472852 0.0003662221 -0.0068666646 0.0309339348
5 0.0285624358 0.0000472852 5648.9604424076 6 0.0426283221 -0.0151886013 0.2059068443 0.0000728357 0.0005798517 -0.0085146641 0.0462252274
6 0.0426283221 0.0000728357 1586.2818244820 7 0.0605775864 -0.0211168758 0.2452175850 0.0001032425 0.0007629627 -0.0101321451 0.0656822120
7 0.0605775864 0.0001032425 11345.9083645024 8 0.0832517584 -0.0282812588 0.2871444389 0.0001333298 0.0009765923 -0.0115054781 0.0900477947
8 0.0832517584 0.0001333298 19927.9175061097 9 0.1117943322 -0.0368535219 0.3323193496 0.0001891678 0.0014954070 -0.0136722922 0.1211808565
9 0.1117943322 0.0001891678 24646.2318068803 10 0.1477696472 -0.0470556646 0.3815172494 0.0002488068 0.0019226661 -0.0156559954 0.1601454632
10 0.1477696472 0.0002488068 5447.4231878730 11 0.1933431162 -0.0591762128 0.4357078058 0.0003245541 0.0024109622 -0.0178533280 0.2095106823
11 0.1933431162 0.0003245541 19547.4482153252 12 0.2515605589 -0.0735938626 0.4961295217 0.0004256125 0.0029602954 -0.0204168828 0.2726807271
12 0.2515605589 0.0004256125 60254.4366471057 13 0.3267928066 -0.0908125198 0.5643987003 0.0000872116 -0.0000305185 -0.0093386639 0.3374159348
13 0.3267928066 0.0000872116 56961.7297346742 14 0.4254658823 -0.1115145862 0.6426743961 0.0007435882 0.0043641469 -0.0269173254 0.4617809542
14 0.4254658823 0.0007435882 15455.6576379838 15 0.5573049960 -0.1366445169 0.7339163930 0.0009770338 0.0057069613 -0.0307321390 0.6049513209
15 0.5573049960 0.0009770338 53454.8724129131 16 0.7375474360 -0.1675447039 0.8423041067 0.0012952070 0.0069582202 -0.0353099155 0.8006576424
16 0.7375474360 0.0012952070 176801.3114591348 17 0.9910864113 -0.2061862572 0.9739474517 0.0017760148 0.0085757012 -0.0412610248 1.0767709495
17 0.9910864113 0.0017760148 180651.2877003145 18 1.3607272918 -0.2555820702 1.1381586433 0.0025037006 0.0109256264 -0.0488296152 1.4799674780
18 1.3607272918 0.0025037006 48432.7622946193 19 1.9249444239 -0.3205754872 1.3498799135 0.0035995747 0.0138248848 -0.0583819086 2.0950249685
19 1.9249444239 0.0035995747 241286.8751023010 20 2.8399525989 -0.4094740604 1.6347120825 0.0054273239 0.0178533280 -0.0714743492 3.0936808367
20 2.8399525989 0.0054273239 302395.0990026139 21 4.4528921460 -0.5378143811 2.0405018592 0.0086925241 0.0237739189 -0.0901516770 4.8550659100
21 4.4528921460 0.0086925241 325315.9528284544 22 7.6647471844 -0.7384017321 2.6682410061 0.0153789715 0.0327768792 -0.1196020386 8.3667852924
22 7.6647471844 0.0153789715 265462.0471259694 23 15.4430911807 -1.0945182818 3.7742709113 0.0319021118 0.0497451704 -0.1715445418 16.8787984374
23 15.4430911807 0.0319021118 321022.0120740517 24 42.7355773764 -1.8976621701 6.2557538046 0.0908248203 0.0874660482 -0.2883999145 46.7666819436
24 42.7355773764 0.0908248203 524319.9702129969 25 317.6623737065 -5.3826778306 16.9908549837 0.6959598686 0.2518692587 -0.7953123569 348.0958695724
25 317.6623737065 0.6959598686 524319.9702129969 26 745.3870398138 8.5640689970 -25.9238068583 1.1659927688 -0.4074221015 1.0000000000 805.3790282757
26 745.3870398138 1.1659927688 524319.9702129969 27 63.3236824829 2.5886950007 -7.5247817693 0.1477999930 -0.1250648518 0.3635364849 69.5900574171
27 63.3236824829 0.1477999930 524319.9702129969 28 22.3814583046 1.5937937561 -4.4543551461 0.0541168261 -0.0783715323 0.2190313425 24.6366780237
28 22.3814583046 0.0541168261 524319.9702129969 29 11.5633069281 1.1847929413 -3.1874084480 0.0289932425 -0.0593890194 0.1595812860 12.7503290312
29 11.5633069281 0.0289932425 392846.6968440615 30 7.1477318403 0.9621881026 -2.4943788597 0.0185561050 -0.0489822077 0.1271095920 7.8946670985
30 7.1477318403 0.0185561050 228085.7444059519 31 4.9054853696 0.8224055874 -2.0564859395 0.0132388292 -0.0428479873 0.1067842647 5.4284017248
31 4.9054853696 0.0132388292 339307.8732230958 32 3.6051158462 0.7266064906 -1.7541832441 0.0101626134 -0.0386364330 0.0931119724 3.9980963492
32 3.6051158462 0.0101626134 377515.0218611347 33 2.7802612200 0.6569468715 -1.5325410364 0.0081685719 -0.0356761376 0.0830408643 3.0898315103
33 2.7802612200 0.0081685719 329425.8829126998 34 2.2220941832 0.6040806800 -1.3627841778 0.0068209851 -0.0335398419 0.0754722739 2.4751415509
34 2.2220941832 0.0068209851 66797.2627699036 35 1.8254813783 0.5626395457 -1.2283802831 0.0058649679 -0.0319223609 0.0696127201 2.0382896972
35 1.8254813783 0.0058649679 77167.7217536514 36 1.5326855753 0.5293203848 -1.1191539240 0.0051579392 -0.0307931761 0.0648823511 1.7156691019
36 1.5326855753 0.0051579392 98855.4430095615 37 1.3097928391 0.5019795351 -1.0284986074 0.0046200936 -0.0298471023 0.0610675375 1.4699939563
37 1.3097928391 0.0046200936 8766.3128166417 38 1.1357848539 0.4791652149 -0.9519377872 0.0042135009 -0.0291756951 0.0579851680 1.2783548562
38 1.1357848539 0.0042135009 0.0000155000 39 0.9970518105 0.4598593322 -0.8863301897 0.0039118308 -0.0288705100 0.0554826502 1.1258682840
39 0.9970518105 0.0039118308 0.0000150232 40 0.8844534403 0.4433268751 -0.8294062467 0.0036585562 -0.0285653249 0.0533158361 1.0018805238
40 0.8844534403 0.0036585562 9356.3509960654 41 0.7916586525 0.4290239840 -0.7794851337 0.0034573270 -0.0282906583 0.0515457625 0.8997490325
41 0.7916586525 0.0034573270 17705.2796206856 42 0.7141645002 0.4165396565 -0.7352953249 0.0032979708 -0.0283211768 0.0499588000 0.8145252016
42 0.7141645002 0.0032979708 17848.9412447340 43 0.6486939264 0.4055575562 -0.6958570220 0.0032010514 -0.0284737693 0.0488906522 0.7430322897
43 0.6486939264 0.0032010514 159640.2669412065 44 0.5928136217 0.3958302761 -0.6604029181 0.0030982979 -0.0286873989 0.0477004303 0.6816256084
44 0.5928136217 0.0030982979 144635.3352306069 45 0.5446844511 0.3871615624 -0.6283234643 0.0030802068 -0.0291756951 0.0472121342 0.6296850567
45 0.5446844511 0.0030802068 91734.6874285626 46 0.5028942689 0.3793937683 -0.5991282313 0.0030127610 -0.0293893246 0.0463576159 0.5837555960
46 0.5028942689 0.0030127610 10858.6700489276 47 0.4663433695 0.3723988250 -0.5724181030 0.0030049467 -0.0299691763 0.0458998383 0.5442170849
47 0.4663433695 0.0030049467 96568.2868853826 48 0.4341644057 0.3660716328 -0.5478649152 0.0030000495 -0.0304879910 0.0455030976 0.5093451339
48 0.4341644057 0.0030000495 106580.6855105925 49 0.4056653800 0.3603251471 -0.5251963141 0.0030294792 -0.0311899167 0.0453505051 0.4788077180
49 0.4056653800 0.0030294792 67208.3870944905 50 0.3802883902 0.3550866726 -0.5041843364 0.0030607549 -0.0318613239 0.0452284310 0.4515831410
50 0.3802883902 0.0030607549 6630.3203840287 51 0.3575793284 0.3502950345 -0.4846366858 0.0019584096 0.0209662160 0.0389721366 0.3826236696
51 0.3575793284 0.0019584096 80548.2081155105 52 0.3371653210 0.3458983916 -0.4663899910 0.0032118899 -0.0337839900 0.0455030976 0.4061932450
52 0.3371653210 0.0032118899 83456.7616718711 53 0.3187377206 0.3418525298 -0.4493045387 0.0032935439 -0.0348521378 0.0455946532 0.3868316167
53 0.3187377206 0.0032935439 50899.8954793347 54 0.3020391379 0.3381195157 -0.4332601193 0.0034833777 -0.0362559893 0.0465712455 0.3703951574
54 0.3020391379 0.0034833777 3750.4023776388 55 0.2868534465 0.3346666256 -0.4181527187 0.0036122098 -0.0375377667 0.0469374676 0.3548449910
55 0.2868534465 0.0036122098 25989.8935203784 56 0.2729980051 0.3314654857 -0.4038918629 0.0038127321 -0.0392468032 0.0476699118 0.3413356375
56 0.2729980051 0.0038127321 68362.3172408020 57 0.2603175496 0.3284913771 -0.3903984692 0.0040072311 -0.0408337657 0.0483718375 0.3289204432
57 0.2603175496 0.0040072311 40519.6899791628 58 0.2486793549 0.3257226698 -0.3776030950 0.0043115016 -0.0430005799 0.0496230964 0.3184790534
58 0.2486793549 0.0043115016 1652.4661956515 59 0.2379693737 0.3231403581 -0.3654445002 0.0046583547 -0.0452589496 0.0510879849 0.3092173610
59 0.2379693737 0.0046583547 50505.4048302160 60 0.2280891306 0.3207276775 -0.3538684607 0.0050461709 -0.0477614673 0.0525833918 0.3009873583
60 0.2280891306 0.0050461709 58121.5731270349 61 0.2189532073 0.3184697868 -0.3428267817 0.0055697980 -0.0507827998 0.0546891690 0.2943664037
61 0.2189532073 0.0055697980 34592.4901439311 62 0.2104871935 0.3163535020 -0.3322764742 0.0061361744 -0.0541093173 0.0566423536 0.2885005551
62 0.2104871935 0.0061361744 253.3607870649 63 0.2026260054 0.3143670739 -0.3221790624 0.0068857113 -0.0579851680 0.0593585009 0.2842171043
63 0.2026260054 0.0068857113 64905.9396663364 64 0.1953125000 0.3125000000 -0.3125000000 0.0078091629 -0.0625019074 0.0624713889 0.2812299730
64 0.1953125000 0.0078091629 51198.6034825297 65 0.1884963250 0.3107428651 -0.3032081741 0.0089763852 -0.0678731651 0.0661030915 0.2797409092
65 0.1884963250 0.0089763852 28883.7705537390 66 0.1821329610 0.3090872060 -0.2942754833 0.0104954874 -0.0741599780 0.0706808679 0.2800715424
66 0.1821329610 0.0104954874 415.7446602837 67 0.1761829182 0.3075253955 -0.2856764768 0.0124791701 -0.0818811609 0.0759910886 0.2824408940
67 0.1761829182 0.0124791701 23531.5232362256 68 0.1706110616 0.3060505431 -0.2773880434 0.0151612000 -0.0912198248 0.0827051607 0.2874908609
68 0.1706110616 0.0151612000 47179.2963272434 69 0.1653860392 0.3046564096 -0.2693891446 0.0189670762 -0.1031525620 0.0912503433 0.2963689976
69 0.1653860392 0.0189670762 15235.3098916875 70 0.1604797981 0.3033373328 -0.2616605828 0.0245628680 -0.1186559648 0.1023895993 0.3106108784
70 0.1604797981 0.0245628680 8408.2518693844 71 0.1558671712 0.3020881636 -0.2541848001 0.0331514781 -0.1393475143 0.1171910764 0.3327854993
71 0.1558671712 0.0331514781 28519.5497403128 72 0.1515255240 0.3009042101 -0.2469457033 0.0477583984 -0.1689504685 0.1386150700 0.3694205288
72 0.1515255240 0.0477583984 48054.6880792754 73 0.1474344512 0.2997811888 -0.2399285103 0.0753210337 -0.2143009735 0.1714529862 0.4335152054
73 0.1474344512 0.0753210337 3923.1971526988 74 0.1435755158 0.2987151825 -0.2331196165 0.1370917161 -0.2918485061 0.2278511917 0.5612595563
74 0.1435755158 0.1370917161 124566.8877153438 75 0.1399320228 0.2977026020 -0.2265064758 0.3280402265 -0.4558549760 0.3467513047 0.8964735063
75 0.1399320228 0.3280402265 88088.5927258779 76 0.1364888238 0.2967401540 -0.2200774973 1.5836499282 -1.0000000000 0.7639698477 2.6498842043
76 0.1364888238 1.5836499282 129728.6625882413 77 0.1332321466 0.2958248115 -0.2138219528 1.0000000009 -0.0000305185 -1.0000000000 0.7056062982
77 0.1332321466 1.0000000009 461593.0222052888 78 0.1301494466 0.2949537884 -0.2077298951 0.7197868258 0.6936246834 -0.4885402997 0.2377929658
78 0.1301494466 0.7197868258 524311.9697554512 79 0.1272292771 0.2941245165 -0.2017920858 0.2128222774 0.3805047761 -0.2608417005 0.0109484062
79 0.1272292771 0.2128222774 655.9249162538 80 0.1244611752 0.2933346254 -0.1959999305 0.1000744127 0.2630085147 -0.1757866146 0.0013282511
80 0.1244611752 0.1000744127 15844.8237858301 81 0.1218355618 0.2925819244 -0.1903454211 0.0578455784 0.2015747551 -0.1311990722 0.0117805954
81 0.1218355618 0.0578455784 12510.0427119118 82 0.1193436531 0.2918643862 -0.1848210842 0.0375858473 0.1638233589 -0.1036713767 0.0229797797
82 0.1193436531 0.0375858473 99496.2535922305 83 0.1169773830 0.2911801330 -0.1794199352 0.0263718304 0.1381878109 -0.0852992340 0.0322653570
83 0.1169773830 0.0263718304 551.9978470643 84 0.1147293336 0.2905274230 -0.1741354360 0.0195461297 0.1199377422 -0.0718405713 0.0395650785
84 0.1147293336 0.0195461297 20748.3935460970 85 0.1125926742 0.2899046393 -0.1689614581 0.0150505885 0.1059602649 -0.0618305002 0.0453125750
85 0.1125926742 0.0150505885 8379.4649647004 86 0.1105611069 0.2893102792 -0.1638922488 0.0119711650 0.0952177496 -0.0538956877 0.0497711535
86 0.1105611069 0.0119711650 44521.4349609438 87 0.1086288176 0.2887429449 -0.1589224005 0.0097235658 0.0863368633 -0.0476393933 0.0533521296
87 0.1086288176 0.0097235658 3897.7202128909 88 0.1067904332 0.2882013351 -0.1540468230 0.0081027448 0.0794091617 -0.0423902097 0.0560613710
88 0.1067904332 0.0081027448 11493.1133358483 89 0.1050409824 0.2876842371 -0.1492607187 0.0068422299 0.0734275338 -0.0380870998 0.0582655085
89 0.1050409824 0.0068422299 146367.7398878667 90 0.1033758613 0.2871905203 -0.1445595597 0.0058960350 0.0685750908 -0.0345469527 0.0598954797
90 0.1033758613 0.0058960350 228699.2505988041 91 0.1017908017 0.2867191296 -0.1399390668 0.0051229119 0.0643024995 -0.0314340648 0.0612424928
91 0.1017908017 0.0051229119 62063.6780842955 92 0.1002818437 0.2862690796 -0.1353951911 0.0045019621 0.0606402783 -0.0287179174 0.0622883967
92 0.1002818437 0.0045019621 51477.8446979907 93 0.0988453101 0.2858394500 -0.1309240961 0.0039693826 0.0571916868 -0.0264290292 0.0631990187
93 0.0988453101 0.0039693826 16404.1430460769 94 0.0974777836 0.2854293802 -0.1265221426 0.0035584590 0.0545365764 -0.0241706595 0.0637873129
94 0.0974777836 0.0035584590 21434.3821756736 95 0.0961760864 0.2850380653 -0.1221858735 0.0031970791 0.0519425031 -0.0223395489 0.0643028296
95 0.0961760864 0.0031970791 30291.5414150168 96 0.0949372613 0.2846647524 -0.1179120012 0.0029044974 0.0497756890 -0.0206610309 0.0646306233
96 0.0949372613 0.0029044974 19994.7950965098 97 0.0937585553 0.2843087366 -0.1136973947 0.0026502262 0.0477919858 -0.0191351054 0.0648821999
97 0.0937585553 0.0026502262 16028.1454087509 98 0.0926374040 0.2839693582 -0.1095390690 0.0024389409 0.0460219123 -0.0179143651 0.0650140734
98 0.0926374040 0.0024389409 17470.0123477478 99 0.0915714180 0.2836459992 -0.1054341742 0.0022406344 0.0443739128 -0.0164799951 0.0651639773
99 0.0915714180 0.0022406344 20121.4499259497 100 0.0905583698 0.2833380811 -0.1013799865 0.0020879180 0.0430921354 -0.0151982177 0.0651454117
100 0.0905583698 0.0020879180 56941.3953047155 101 0.0895961832 0.2830450619 -0.0973738986 0.0019419876 0.0416577654 -0.0143742180 0.0651567739
101 0.0895961832 0.0019419876 84636.5658911054 102 0.0886829219 0.2827664343 -0.0934134121 0.0018238132 0.0404065065 -0.0138248848 0.0650726682
102 0.0886829219 0.0018238132 262155.9692673906 103 0.0878167807 0.2825017230 -0.0894961297 0.0017040713 0.0393383587 -0.0125125889 0.0650548873
103 0.0878167807 0.0017040713 262156.0005185818 104 0.0869960767 0.2822504834 -0.0856197481 0.0016007301 0.0383007294 -0.0115665151 0.0649953638
104 0.0869960767 0.0016007301 27845.4819236983 105 0.0862192410 0.2820122994 -0.0817820513 0.0015114286 0.0373546556 -0.0107730338 0.0648996433
105 0.0862192410 0.0015114286 62766.7855255552 106 0.0854848120 0.2817867819 -0.0779809048 0.0014336872 0.0365001373 -0.0100711081 0.0647772785
106 0.0854848120 0.0014336872 13386.7404962316 107 0.0847914286 0.2815735673 -0.0742142494 0.0013637872 0.0357371746 -0.0093081454 0.0646483343
107 0.0847914286 0.0013637872 20644.2697568652 108 0.0841378241 0.2813723160 -0.0704800961 0.0013127625 0.0351268044 -0.0088808863 0.0644313146
108 0.0841378241 0.0013127625 18271.1320950928 109 0.0835228210 0.2811827115 -0.0667765213 0.0012461726 0.0343333232 -0.0082094790 0.0643647189
109 0.0835228210 0.0012461726 13945.0439634473 110 0.0829453255 0.2810044588 -0.0631016614 0.0011995692 0.0337839900 -0.0076296274 0.0641951068
110 0.0829453255 0.0011995692 12270.8637490196 111 0.0824043235 0.2808372837 -0.0594537091 0.0011587338 0.0332956938 -0.0070802942 0.0640198133
111 0.0824043235 0.0011587338 20630.3887781925 112 0.0818988757 0.2806809316 -0.0558309086 0.0011213818 0.0328379162 -0.0065614795 0.0638536369
112 0.0818988757 0.0011213818 17869.2876071998 113 0.0814281147 0.2805351666 -0.0522315521 0.0010865966 0.0324106571 -0.0060121464 0.0637020057
113 0.0814281147 0.0010865966 14659.1936832322 114 0.0809912409 0.2803997709 -0.0486539757 0.0010518375 0.0319528794 -0.0055543687 0.0635834340
114 0.0809912409 0.0010518375 11500.5671901841 115 0.0805875192 0.2802745438 -0.0450965560 0.0336415187 0.1834162420 -0.0000305185 0.0114124784
115 0.0805875192 0.0336415187 19493.6429219934 116 0.0802162770 0.2801593011 -0.0415577066 0.0009902435 0.0311288797 -0.0046082949 0.0633814098
116 0.0802162770 0.0009902435 17559.3368285411 117 0.0798769006 0.2800538748 -0.0380358751 0.0009766864 0.0309457686 -0.0043641469 0.0631886339
117 0.0798769006 0.0009766864 12781.1559658090 118 0.0795688336 0.2799581120 -0.0345295397 0.0009553392 0.0307016205 -0.0035706656 0.0630872504
118 0.0795688336 0.0009553392 10981.4068667954 119 0.0792915744 0.2798718747 -0.0310372064 0.0009374827 0.0304269539 -0.0034180731 0.0629855850
119 0.0792915744 0.0009374827 59.0502570752 120 0.0790446748 0.2797950395 -0.0275574061 0.0009236350 0.0302438429 -0.0029908139 0.0628793172
120 0.0790446748 0.0009236350 17339.5195254843 121 0.0788277375 0.2797274968 -0.0240886918 0.0009063980 0.0299996948 -0.0025330363 0.0628286214
121 0.0788277375 0.0009063980 7004.1569964790 122 0.0786404158 0.2796691509 -0.0206296359 0.0008976355 0.0298776208 -0.0022278512 0.0627344342
122 0.0786404158 0.0008976355 10659.2676087550 123 0.0784824113 0.2796199192 -0.0171788279 0.0008794681 0.0296029542 -0.0017700735 0.0627459125
123 0.0784824113 0.0008794681 18831.7391608012 124 0.0783534735 0.2795797325 -0.0137348715 0.0008746109 0.0295419172 -0.0013733329 0.0626717168
124 0.0783534735 0.0008746109 17210.1611706142 125 0.0782533986 0.2795485344 -0.0102963822 0.0008756056 0.0295724357 -0.0010376293 0.0625737745
125 0.0782533986 0.0008756056 9310.6544847662 126 0.0781820287 0.2795262812 -0.0068619850 0.0008696588 0.0294808802 -0.0007324442 0.0625602738
126 0.0781820287 0.0008696588 10504.8560543820 127 0.0781392516 0.2795129416 -0.0034303121 0.0008620326 0.0293588061 -0.0003051851 0.0625868579
127 0.0781392516 0.0008620326 52152.9345652309 128 0.0781250000 0.2795084972 0.0000000000 0.0008565720 0.0292672506 0.0000000000 0.0626206815
128 0.0781250000 0.0008565720 105155.6428156755 129 0.0781392516 0.2795129416 0.0034303121 0.0008673834 0.0294503616 0.0002441481 0.0625414456
129 0.0781392516 0.0008673834 63150.5595082765 130 0.0781820287 0.2795262812 0.0068619850 0.0008824941 0.0296945097 0.0008545183 0.0624520037
130 0.0781820287 0.0008824941 10505.2752228535 131 0.0782533986 0.2795485344 0.0102963822 0.0008682189 0.0294503616 0.0009460738 0.0626365243
131 0.0782533986 0.0008682189 5022.0298814599 132 0.0783534735 0.2795797325 0.0137348715 0.0008840001 0.0296945097 0.0014954070 0.0625924291
132 0.0783534735 0.0008840001 17210.1161933921 133 0.0784824113 0.2796199192 0.0171788279 0.0008962524 0.0298776208 0.0018921476 0.0626048982
133 0.0784824113 0.0008962524 9353.2751673396 134 0.0786404158 0.2796691509 0.0206296359 0.0008915164 0.0297860652 0.0020752586 0.0627858214
134 0.0786404158 0.0008915164 10659.4217259929 135 0.0788277375 0.2797274968 0.0240886918 0.0009091912 0.0300302133 0.0027161473 0.0628055190
135 0.0788277375 0.0009091912 8343.7650412936 136 0.0790446748 0.2797950395 0.0275574061 0.0009236350 0.0302438429 0.0029908139 0.0628793172
136 0.0790446748 0.0009236350 17340.3406624667 137 0.0792915744 0.2798718747 0.0310372064 0.0009358361 0.0303964354 0.0034485916 0.0629991265
137 0.0792915744 0.0009358361 5698.7376497666 138 0.0795688336 0.2799581120 0.0345295397 0.0009648867 0.0308236946 0.0038453322 0.0630094785
138 0.0795688336 0.0009648867 10980.9776069852 139 0.0798769006 0.2800538748 0.0380358751 0.0009829480 0.0310678426 0.0042115543 0.0631381289
139 0.0798769006 0.0009829480 3226.2506744777 140 0.0802162770 0.2801593011 0.0415577066 0.0009948995 0.0311899167 0.0046998505 0.0633442560
140 0.0802162770 0.0009948995 17559.9224105619 141 0.0805875192 0.2802745438 0.0450965560 1.0001970799 0.0140385144 -1.0000000000 1.1631084346
141 0.0805875192 1.0001970799 12906.6569466097 142 0.0809912409 0.2803997709 0.0486539757 0.0010495500 0.0319223609 0.0055238502 0.0636012310
142 0.0809912409 0.0010495500 11500.4067549833 143 0.0814281147 0.2805351666 0.0522315521 0.0010830117 0.0323496200 0.0060426649 0.0637294788
143 0.0814281147 0.0010830117 15325.1571371117 144 0.0818988757 0.2806809316 0.0558309086 0.0011197798 0.0328073977 0.0065919980 0.0638657591
144 0.0818988757 0.0011197798 17868.8862444731 145 0.0824043235 0.2808372837 0.0594537091 0.0011562712 0.0332651753 0.0070497757 0.0640381211
145 0.0824043235 0.0011562712 14840.3957665437 146 0.0829453255 0.2810044588 0.0631016614 0.0012082990 0.0339060640 0.0076601459 0.0641313783
146 0.0829453255 0.0012082990 12270.6731644858 147 0.0835228210 0.2811827115 0.0667765213 0.0012529698 0.0344248787 0.0082399976 0.0643159526
147 0.0835228210 0.0012529698 13807.9452338357 148 0.0841378241 0.2813723160 0.0704800961 0.0013052584 0.0350352489 0.0088198492 0.0644839367
148 0.0841378241 0.0013052584 18271.0316005609 149 0.0847914286 0.2815735673 0.0742142494 0.0013749442 0.0358287301 0.0095522935 0.0645716935
149 0.0847914286 0.0013749442 14182.1625537835 150 0.0854848120 0.2817867819 0.0779809048 0.0014416124 0.0365916929 0.0101321451 0.0647240859
150 0.0854848120 0.0014416124 13386.7998693468 151 0.0862192410 0.2820122994 0.0817820513 0.0015084928 0.0373241371 0.0107425153 0.0649189125
151 0.0862192410 0.0015084928 20269.4245350611 152 0.0869960767 0.2822504834 0.0856197481 0.0016021458 0.0383007294 0.0116275521 0.0649863276
152 0.0869960767 0.0016021458 30712.7447131404 153 0.0878167807 0.2825017230 0.0894961297 0.0016993884 0.0393078402 0.0124210334 0.0650838351
153 0.0878167807 0.0016993884 1985.9675700820 154 0.0886829219 0.2827664343 0.0934134121 0.0018228753 0.0404980621 0.0135196997 0.0650769694
154 0.0886829219 0.0018228753 30487.4598527015 155 0.0895961832 0.2830450619 0.0973738986 0.0019453256 0.0417188025 0.0143131809 0.0651374463
155 0.0895961832 0.0019453256 14239.8229195029 156 0.0905583698 0.2833380811 0.1013799865 0.0020732776 0.0428785058 0.0153202918 0.0652270784
156 0.0905583698 0.0020732776 20850.7838835035 157 0.0915714180 0.2836459992 0.1054341742 0.0022473822 0.0444044313 0.0166020692 0.0651276707
157 0.0915714180 0.0022473822 14927.1677567409 158 0.0926374040 0.2839693582 0.1095390690 0.0024132562 0.0457777642 0.0178228095 0.0651471077
158 0.0926374040 0.0024132562 17470.5250357354 159 0.0937585553 0.2843087366 0.1136973947 0.0026391763 0.0476393933 0.0192266610 0.0649370976
159 0.0937585553 0.0026391763 18274.0248319165 160 0.0949372613 0.2846647524 0.1179120012 0.0029032373 0.0497756890 0.0206305124 0.0646365602
160 0.0949372613 0.0029032373 19994.8030704336 161 0.0961760864 0.2850380653 0.1221858735 0.0031844123 0.0518204291 0.0223395489 0.0643597544
161 0.0961760864 0.0031844123 16499.2401582448 162 0.0974777836 0.2854293802 0.1265221426 0.0035640165 0.0545060579 0.0243537706 0.0637639570
162 0.0974777836 0.0035640165 21433.9684993947 163 0.0988453101 0.2858394500 0.1309240961 0.0039874262 0.0574053163 0.0263069552 0.0631268996
163 0.0988453101 0.0039874262 18299.3440777493 164 0.1002818437 0.2862690796 0.1353951911 0.0044982618 0.0606097598 0.0287179174 0.0623021693
164 0.1002818437 0.0044982618 43103.9032579372 165 0.1017908017 0.2867191296 0.1399390668 0.0051072274 0.0641804254 0.0314340648 0.0612968103
165 0.1017908017 0.0051072274 24725.4149781918 166 0.1033758613 0.2871905203 0.1445595597 0.0058647192 0.0683309427 0.0345774712 0.0599955745
166 0.1033758613 0.0058647192 13332.1263856512 167 0.1050409824 0.2876842371 0.1492607187 0.0068580093 0.0735190893 0.0381176183 0.0582194993
167 0.1050409824 0.0068580093 13059.3132438561 168 0.1067904332 0.2882013351 0.1540468230 0.0081101810 0.0794396802 0.0424207282 0.0560418136
168 0.1067904332 0.0081101810 30037.7972026036 169 0.1086288176 0.2887429449 0.1589224005 0.0097481151 0.0864284188 0.0477309488 0.0532947064
169 0.1086288176 0.0097481151 5547.6084597375 170 0.1105611069 0.2893102792 0.1638922488 0.0119421292 0.0950651570 0.0538956877 0.0498304110
170 0.1105611069 0.0119421292 44521.5790218545 171 0.1125926742 0.2899046393 0.1689614581 0.0150673021 0.1060213019 0.0618610187 0.0452835859
171 0.1125926742 0.0150673021 24100.8729725846 172 0.1147293336 0.2905274230 0.1741354360 0.0195710059 0.1199682608 0.0719626453 0.0395297070
172 0.1147293336 0.0195710059 20749.5875108005 173 0.1169773830 0.2911801330 0.1794199352 0.0263919370 0.1382793664 0.0852687155 0.0322430966
173 0.1169773830 0.0263919370 9177.6724712089 174 0.1193436531 0.2918643862 0.1848210842 0.0375975146 0.1637623218 0.1038239692 0.0229706715
174 0.1193436531 0.0375975146 99497.5305687821 175 0.1218355618 0.2925819244 0.1903454211 0.0578690567 0.2015137181 0.1313821833 0.0117700816
175 0.1218355618 0.0578690567 31750.7544672294 176 0.1244611752 0.2933346254 0.1959999305 0.1000208546 0.2629474776 0.1757255776 0.0013344281
176 0.1244611752 0.1000208546 15845.3220475525 177 0.1272292771 0.2941245165 0.2017920858 0.2128946130 0.3804742576 0.2610248115 0.0109647936
177 0.1272292771 0.2128946130 15536.4182831982 178 0.1301494466 0.2949537884 0.2077298951 0.7199186290 0.6936552019 0.4886318552 0.2378687283
178 0.1301494466 0.7199186290 524311.9385037831 179 0.1332321466 0.2958248115 0.2138219528 1.7031681325 0.8385876034 0.9999694815 0.9126193851
179 0.1332321466 1.7031681325 461277.3888773519 180 0.1364888238 0.2967401540 0.2200774973 1.5835566711 -1.0000000000 -0.7639088107 2.6497640814
180 0.1364888238 1.5835566711 129722.7246762688 181 0.1399320228 0.2977026020 0.2265064758 0.3281103845 -0.4558854946 -0.3468123417 0.8965894858
181 0.1399320228 0.3281103845 265429.5666200793 182 0.1435755158 0.2987151825 0.2331196165 0.1369627042 -0.2918179876 -0.2276070437 0.5609984803
182 0.1435755158 0.1369627042 124568.5949127270 183 0.1474344512 0.2997811888 0.2399285103 0.0752739507 -0.2142399365 -0.1713919492 0.4334022378
183 0.1474344512 0.0752739507 1257.3458546797 184 0.1515255240 0.3009042101 0.2469457033 0.0477753235 -0.1689504685 -0.1386761071 0.3694675995
184 0.1515255240 0.0477753235 48051.0721239603 185 0.1558671712 0.3020881636 0.2541848001 0.0332069818 -0.1394695883 -0.1172826319 0.3329613013
185 0.1558671712 0.0332069818 233.5590144796 186 0.1604797981 0.3033373328 0.2616605828 0.0244994560 -0.1186254463 -0.1021149327 0.3103852127
186 0.1604797981 0.0244994560 8406.0931288090 187 0.1653860392 0.3046564096 0.2693891446 0.0189162834 -0.1031220435 -0.0910061953 0.2961680678
187 0.1653860392 0.0189162834 21137.2346471824 188 0.1706110616 0.3060505431 0.2773880434 0.0151551172 -0.0911587878 -0.0827356792 0.2874643481
188 0.1706110616 0.0151551172 47181.2561767814 189 0.1761829182 0.3075253955 0.2856764768 0.0124556350 -0.0818506424 -0.0758690146 0.2823288412
189 0.1761829182 0.0124556350 16944.4294045111 190 0.1821329610 0.3090872060 0.2942754833 0.0104927650 -0.0743736076 -0.0704367199 0.2800571867
190 0.1821329610 0.0104927650 415.6016606603 191 0.1884963250 0.3107428651 0.3032081741 0.0089723514 -0.0678731651 -0.0660725730 0.2797183685
191 0.1884963250 0.0089723514 11653.1848111000 192 0.1953125000 0.3125000000 0.3125000000 0.0078129769 -0.0625019074 -0.0625019074 0.2812528611
192 0.1953125000 0.0078129769 51198.5937167399 193 0.2026260054 0.3143670739 0.3221790624 0.0068857113 -0.0579851680 -0.0593585009 0.2842171043
193 0.2026260054 0.0068857113 31392.7832010501 194 0.2104871935 0.3163535020 0.3322764742 0.0061637246 -0.0541398358 -0.0568559832 0.2886893827
194 0.2104871935 0.0061637246 253.2880193743 195 0.2189532073 0.3184697868 0.3428267817 0.0055633621 -0.0507522813 -0.0546586505 0.2943196043
195 0.2189532073 0.0055633621 32019.2618755773 196 0.2280891306 0.3207276775 0.3538684607 0.0050712957 -0.0478225043 -0.0527665029 0.3011812301
196 0.2280891306 0.0050712957 58121.0067492596 197 0.2379693737 0.3231403581 0.3654445002 0.0046469584 -0.0451673940 -0.0510574664 0.3091244884
197 0.2379693737 0.0046469584 37884.9584258380 198 0.2486793549 0.3257226698 0.3776030950 0.0043315141 -0.0430921354 -0.0497451704 0.3186509005
198 0.2486793549 0.0043315141 1651.8270640184 199 0.2603175496 0.3284913771 0.3903984692 0.0040518367 -0.0410168767 -0.0486770226 0.3293236372
199 0.2603175496 0.0040518367 45384.8219984236 200 0.2729980051 0.3314654857 0.4038918629 0.0038166820 -0.0391857662 -0.0477614673 0.3413730812
200 0.2729980051 0.0038166820 68365.3777010596 201 0.2868534465 0.3346666256 0.4181527187 0.0036139319 -0.0375988037 -0.0469069491 0.3548620445
201 0.2868534465 0.0036139319 27479.7561911270 202 0.3020391379 0.3381195157 0.4332601193 0.0034556579 -0.0362254707 -0.0462965789 0.3701087957
202 0.3020391379 0.0034556579 3750.9311712527 203 0.3187377206 0.3418525298 0.4493045387 0.0033306594 -0.0349436934 -0.0459303568 0.3872329955
203 0.3187377206 0.0033306594 30339.2464328482 204 0.3371653210 0.3458983916 0.4663899910 0.0032126070 -0.0337534715 -0.0455336161 0.4062013166
204 0.3371653210 0.0032126070 83457.2435589932 205 0.3575793284 0.3502950345 0.4846366858 1.0020649809 -1.0000000000 -0.0454420606 2.1042801575
205 0.3575793284 1.0020649809 57442.4206633774 206 0.3802883902 0.3550866726 0.5041843364 0.0030455371 -0.0317087313 -0.0451673940 0.4513980083
206 0.3802883902 0.0030455371 6629.6799081143 207 0.4056653800 0.3603251471 0.5251963141 0.0030248093 -0.0311593982 -0.0453199866 0.4787489985
207 0.4056653800 0.0030248093 56719.4195117231 208 0.4341644057 0.3660716328 0.5478649152 0.0030028278 -0.0304879910 -0.0455336161 0.5093813522
208 0.4341644057 0.0030028278 106579.9574071818 209 0.4663433695 0.3723988250 0.5724181030 0.0030077492 -0.0299691763 -0.0459303568 0.5442548261
209 0.4663433695 0.0030077492 77557.0014028260 210 0.5028942689 0.3793937683 0.5991282313 0.0030312842 -0.0295113987 -0.0464796899 0.5840130235
210 0.5028942689 0.0030312842 10858.2802900521 211 0.5446844511 0.3871615624 0.6283234643 0.0030483322 -0.0290231025 -0.0469679861 0.6292282182
211 0.5446844511 0.0030483322 89110.1141973724 212 0.5928136217 0.3958302761 0.6604029181 0.0031204759 -0.0287179174 -0.0479140599 0.6819541099
212 0.5928136217 0.0031204759 144631.2705696912 213 0.6486939264 0.4055575562 0.6958570220 0.0032115127 -0.0286568804 -0.0488906522 0.7431912751
213 0.6486939264 0.0032115127 109587.0720026770 214 0.7141645002 0.4165396565 0.7352953249 0.0033123214 -0.0284127323 -0.0500503555 0.8147504660
214 0.7141645002 0.0033123214 17851.3981167828 215 0.7916586525 0.4290239840 0.7794851337 0.0034596955 -0.0284432508 -0.0514847255 0.8997871778
215 0.7916586525 0.0034596955 6809.8785650625 216 0.8844534403 0.4433268751 0.8294062467 0.0036533339 -0.0284737693 -0.0533158361 1.0017941235
216 0.8844534403 0.0036533339 3655.6632088594 217 0.9970518105 0.4598593322 0.8863301897 0.0039033003 -0.0288399915 -0.0554216132 1.1257234871
217 0.9970518105 0.0039033003 12644.9142425245 218 1.1357848539 0.4791652149 0.9519377872 0.0042313014 -0.0293588061 -0.0580462050 1.2786643446
218 1.1357848539 0.0042313014 62785.2761120033 219 1.3097928391 0.5019795351 1.0284986074 0.0046462309 -0.0298471023 -0.0612811670 1.4704595290
219 1.3097928391 0.0046462309 63467.8897748267 220 1.5326855753 0.5293203848 1.1191539240 0.0051637808 -0.0308236946 -0.0649128697 1.7157755614
220 1.5326855753 0.0051637808 160220.1263205599 221 1.8254813783 0.5626395457 1.2283802831 0.0058496002 -0.0320139164 -0.0694601276 2.0380024717
221 1.8254813783 0.0058496002 280621.8398487377 222 2.2220941832 0.6040806800 1.3627841778 0.0067908327 -0.0335703604 -0.0752586444 2.4745660078
222 2.2220941832 0.0067908327 66786.5822223536 223 2.7802612200 0.6569468715 1.5325410364 0.0082026632 -0.0357982116 -0.0831934568 3.0904937026
223 2.7802612200 0.0082026632 327586.9144293313 224 3.6051158462 0.7266064906 1.7541832441 0.0101626134 -0.0386364330 -0.0931119724 3.9980963492
224 3.6051158462 0.0101626134 377509.2282875449 225 4.9054853696 0.8224055874 2.0564859395 0.0132831936 -0.0427564318 -0.1070284127 5.4292996718
225 4.9054853696 0.0132831936 369917.0802021223 226 7.1477318403 0.9621881026 2.4943788597 0.0186111309 -0.0492263558 -0.1272316660 7.8958009549
226 7.1477318403 0.0186111309 228113.3205112747 227 11.5633069281 1.1847929413 3.1874084480 0.0290116056 -0.0592974639 -0.1596728416 12.7507140953
227 11.5633069281 0.0290116056 468279.2849697485 228 22.3814583046 1.5937937561 4.4543551461 0.0541980535 -0.0784630879 -0.2191839351 24.6384104953
228 22.3814583046 0.0541980535 524311.9385037831 229 63.3236824829 2.5886950007 7.5247817693 0.1479567972 -0.1252479629 -0.3636890774 69.5934587100
229 63.3236824829 0.1479567972 524311.9385037831 230 745.3870398139 8.5640689970 25.9238068583 1.1658684529 -0.4072695090 -1.0000000000 805.3762903337
230 745.3870398139 1.1658684529 524311.9385037831 231 317.6623737065 -5.3826778306 -16.9908549837 0.6956201098 0.2518692587 0.7950987274 348.0882703156
231 317.6623737065 0.6956201098 524312.0010071192 232 42.7355773764 -1.8976621701 -6.2557538046 0.0907949575 0.0874965667 0.2883388775 46.7660042433
232 42.7355773764 0.0907949575 524312.0010071192 233 15.4430911807 -1.0945182818 -3.7742709113 0.0318767848 0.0498062075 0.1714529862 16.8782156119
233 15.4430911807 0.0318767848 308601.7027800388 234 7.6647471844 -0.7384017321 -2.6682410061 0.0153723922 0.0328989532 0.1195410016 8.3666332695
234 7.6647471844 0.0153723922 265476.6413654283 235 4.4528921460 -0.5378143811 -2.0405018592 0.0086896256 0.0237128819 0.0901516770 4.8549973584
235 4.4528921460 0.0086896256 297283.3649478945 236 2.8399525989 -0.4094740604 -1.6347120825 0.0053990063 0.0177922910 0.0712912381 3.0930038652
236 2.8399525989 0.0053990063 302391.7177028252 237 1.9249444239 -0.3205754872 -1.3498799135 0.0035746761 0.0138248848 0.0581682791 2.0944233214
237 1.9249444239 0.0035746761 288036.6470693151 238 1.3607272918 -0.2555820702 -1.1381586433 0.0024749601 0.0108340709 0.0485549486 1.4792667093
238 1.3607272918 0.0024749601 48424.4319240294 239 0.9910864113 -0.2061862572 -0.9739474517 0.0017584313 0.0085757012 0.0410473952 1.0763372380
239 0.9910864113 0.0017584313 105659.1259234281 240 0.7375474360 -0.1675447039 -0.8423041067 0.0012844542 0.0069582202 0.0351573229 0.8003898310
240 0.7375474360 0.0012844542 176797.8624248319 241 0.5573049960 -0.1366445169 -0.7339163930 0.0009547943 0.0055543687 0.0303964354 0.6043946228
241 0.5573049960 0.0009547943 103230.7719785968 242 0.4254658823 -0.1115145862 -0.6426743961 0.0007132448 0.0044251839 0.0263374737 0.4610189122
242 0.4254658823 0.0007132448 15456.5713610725 243 0.3267928066 -0.0908125198 -0.5643987003 1.0000000009 -0.0000305185 -1.0000000000 0.1979898641
243 0.3267928066 1.0000000009 265851.1352818745 244 0.2515605589 -0.0735938626 -0.4961295217 0.0004114834 0.0028687399 0.0200811792 0.2723200173
244 0.2515605589 0.0004114834 60250.6761286232 245 0.1933431162 -0.0591762128 -0.4357078058 0.0003155812 0.0025635548 0.0175786615 0.2092804203
245 0.1933431162 0.0003155812 33729.0087582078 246 0.1477696471 -0.0470556646 -0.3815172494 0.0002322674 0.0017700735 0.0151371807 0.1597186896
246 0.1477696471 0.0002322674 5444.7128565489 247 0.1117943322 -0.0368535219 -0.3323193496 0.0001766808 0.0014343699 0.0132145146 0.1208596140
247 0.1117943322 0.0001766808 49845.0348486535 248 0.0832517584 -0.0282812588 -0.2871444389 0.0001292103 0.0010071108 0.0113223670 0.0899402428
248 0.0832517584 0.0001292103 19926.0782390296 249 0.0605775864 -0.0211168758 -0.2452175850 0.0000957095 0.0005798517 0.0097659230 0.0654873374
249 0.0605775864 0.0000957095 11637.2167039790 250 0.0426283221 -0.0151886013 -0.2059068443 0.0000652496 0.0005798517 0.0080568865 0.0460291222
250 0.0426283221 0.0000652496 1585.7493342130 251 0.0285624358 -0.0103634649 -0.1686862009 0.0000407767 0.0003051851 0.0063783685 0.0307614235
251 0.0285624358 0.0000407767 6699.3369079244 252 0.0177605927 -0.0065391937 -0.1331083455 0.0000263208 0.0001831111 0.0051271096 0.0191542304
252 0.0177605927 0.0000263208 4250.3975317397 253 0.0097715444 -0.0036384353 -0.0987841393 0.0000140992 0.0000915555 0.0037537767 0.0105279370
253 0.0097715444 0.0000140992 2106.5729407171 254 0.0042753737 -0.0016046612 -0.0653666485 0.0000064172 -0.0000305185 0.0025330363 0.0046128451
254 0.0042753737 0.0000064172 159.6764411037 255 0.0010588995 -0.0003993249 -0.0325382857 0.0000015806 0.0001220740 0.0012512589 0.0011420052
255 0.0010588995 0.0000015806 4704.1317413781 