#int double real img int16 real16 img16 error
0 0.2040493968 0.4517182714 0.0000000000 0.0000000009 -0.0000305185 0.0000000000 0.2040769692
0 0.2040493968 0.0000000009 0.2040369181 1 0.2235020002 0.4575601725 0.1189146278 0.0024127989 -0.0486465041 -0.0068056276 0.2720507821
1 0.2235020002 0.0024127989 0.2234668787 2 0.2933188550 0.4769838199 0.2565254189 0.0026838406 -0.0497451704 -0.0144657735 0.3508796556
2 0.2933188550 0.0026838406 0.2932556146 3 0.4642187657 0.5174646132 0.4432258338 0.0000000019 -0.0000305185 -0.0000305185 0.4642774053
3 0.4642187657 0.0000000019 0.4641356721 4 0.9279150630 0.6013972118 0.7524868481 0.0156259537 -0.1250038148 0.0000000000 1.0938949081
4 0.9279150630 0.0156259537 0.9278451720 5 2.8011162992 0.8175289598 1.4603981303 0.0103246464 -0.0673848689 -0.0760521256 3.1437518732
5 2.8011162992 0.0103246464 2.8009015388 6 35.8431284171 2.1470273811 5.5886851622 0.0312519074 -0.1250038148 -0.1250038148 37.8083674809
6 35.8431284171 0.0312519074 35.8410547530 7 16.7804496866 -0.9721247687 -3.9793747148 0.0158990435 0.0167546617 0.1249732963 17.8235551240
7 16.7804496866 0.0158990435 16.7799453155 8 2.4948656065 -0.1974081232 -1.5671297456 0.0156183248 0.0000000000 0.1249732963 2.9021826714
8 2.4948656065 0.0156183248 2.4948585420 9 1.0000785251 -0.0211591903 -0.9998153899 0.0023454835 -0.0304879910 0.0376293222 1.0763785571
9 1.0000785251 0.0023454835 1.0000823973 10 0.5521266749 0.0556645893 -0.7409643233 0.0018274568 -0.0358897671 0.0232245857 0.5923668888
10 0.5521266749 0.0018274568 0.5521605861 11 0.3577020308 0.0980964923 -0.5899822955 0.0017950476 -0.0401013215 0.0136722922 0.3834974970
11 0.3577020308 0.0017950476 0.3576958874 12 0.2551015276 0.1246818876 -0.4894445367 0.0156183257 -0.0000305185 0.1249732963 0.3930624577
12 0.2551015276 0.0156183257 0.2551091719 13 0.1939679146 0.1427039993 -0.4166575130 0.0019978405 -0.0411084323 -0.0175481429 0.1930752993
13 0.1939679146 0.0019978405 0.1939691098 14 0.1544044702 0.1555978838 -0.3608237363 0.0030951321 -0.0550248726 -0.0082094790 0.1686987600
14 0.1544044702 0.0030951321 0.1543974983 15 0.1272289671 0.1651906893 -0.3161344703 0.0043407236 -0.0636616108 -0.0169682913 0.1418737779
15 0.1272289671 0.0043407236 0.1272444455 16 0.1077103400 0.1725410264 -0.2791772451 0.0156259537 0.0000000000 -0.1250038148 0.0535398524
16 0.1077103400 0.0156259537 0.1077068705 17 0.0932013605 0.1783027595 -0.2478093753 0.0132838148 -0.1037324137 -0.0502334666 0.1185800786
17 0.0932013605 0.0132838148 0.0931860767 18 0.0821227073 0.1829003246 -0.2206131876 0.0262160954 -0.1250038148 -0.1029084140 0.1086593728
18 0.0821227073 0.0262160954 0.0821127428 19 0.0734826548 0.1866203556 -0.1966100141 0.0312519074 -0.1250038148 -0.1250038148 0.1022370714
19 0.0734826548 0.0312519074 0.0734795448 20 0.0666319332 0.1896627431 -0.1750999060 0.0312519074 -0.1250038148 -0.1250038148 0.1015246610
20 0.0666319332 0.0312519074 0.0666294308 21 0.0611305971 0.1921706056 -0.1555668841 0.0133052477 0.0838648640 0.0791955321 0.0668435257
21 0.0611305971 0.0133052477 0.0611257049 22 0.0566719085 0.1942486562 -0.1376203765 0.0048654255 0.0474257637 0.0511490219 0.0571908475
22 0.0566719085 0.0048654255 0.0566572789 23 0.0530368956 0.1959748698 -0.1209576206 0.0022273799 0.0274056215 0.0384228034 0.0538177110
23 0.0530368956 0.0022273799 0.0530351071 24 0.0500662114 0.1974081232 -0.1053387125 0.0156183248 0.0000000000 0.1249732963 0.0920135885
24 0.0500662114 0.0156183248 0.0500628807 25 0.0476421538 0.1985933278 -0.0905695531 0.0007084044 0.0143742180 0.0224005860 0.0466989327
25 0.0476421538 0.0007084044 0.0476401254 26 0.0456768707 0.1995649518 -0.0764898733 0.0004165958 0.0101626637 0.0177007355 0.0447450975
26 0.0456768707 0.0004165958 0.0456781718 27 0.0441044547 0.2003494778 -0.0629646050 0.0002446929 0.0072023682 0.0138859218 0.0432118094
27 0.0441044547 0.0002446929 0.0440972689 28 0.0428755557 0.2009671379 -0.0498775016 0.0000000009 0.0000000000 -0.0000305185 0.0428725122
28 0.0428755557 0.0000000009 0.0428642054 29 0.0419536736 0.2014331454 -0.0371262913 0.0168300122 -0.1250038148 0.0346995453 0.1117200398
29 0.0419536736 0.0168300122 0.0419503434 30 0.0413126079 0.2017585648 -0.0246188823 0.0000324278 0.0027161473 0.0050050356 0.0404954605
30 0.0413126079 0.0000324278 0.0413004827 31 0.0409347311 0.2019509130 -0.0122702835 0.0000108059 0.0021668142 0.0024719993 0.0401310210
31 0.0409347311 0.0000108059 0.0409314227 32 0.0408098794 0.2020145523 0.0000000000 0.0000000009 -0.0000305185 0.0000000000 0.0408222106
32 0.0408098794 0.0000000009 0.0408048137 33 0.0409347311 0.2019509130 0.0122702835 0.0000108059 0.0021668142 -0.0024719993 0.0401310210
33 0.0409347311 0.0000108059 0.0409306729 34 0.0413126079 0.2017585648 0.0246188823 0.0000327343 0.0027161473 -0.0050355541 0.0404972696
34 0.0413126079 0.0000327343 0.0412989804 35 0.0419536736 0.2014331454 0.0371262913 0.0312519074 -0.1250038148 -0.1250038148 0.1328472603
35 0.0419536736 0.0312519074 0.0419480773 36 0.0428755557 0.2009671379 0.0498775016 0.0156259546 -0.1250038148 -0.0000305185 0.1087478725
36 0.0428755557 0.0156259546 0.0428734261 37 0.0441044547 0.2003494778 0.0629646050 0.0002459820 0.0072328867 -0.0139164403 0.0432047129
37 0.0441044547 0.0002459820 0.0440934251 38 0.0456768707 0.1995649518 0.0764898733 0.0004193815 0.0101931822 -0.0177617725 0.0447450399
38 0.0456768707 0.0004193815 0.0456613232 39 0.0476421538 0.1985933278 0.0905695531 0.0006244573 0.0156254769 -0.0195013276 0.0455928332
39 0.0476421538 0.0006244573 0.0476345976 40 0.0500662114 0.1974081232 0.1053387125 0.0156259537 0.0000000000 -0.1250038148 0.0920276470
40 0.0500662114 0.0156259537 0.0500564514 41 0.0530368956 0.1959748698 0.1209576206 0.0023060824 0.0303659169 -0.0372020631 0.0524408108
41 0.0530368956 0.0023060824 0.0530277241 42 0.0566719085 0.1942486562 0.1376203765 0.0048685484 0.0474257637 -0.0511795404 0.0572023704
42 0.0566719085 0.0048685484 0.0566572789 43 0.0611305971 0.1921706056 0.1555668841 0.0133049646 0.0838343455 -0.0792260506 0.0668644674
43 0.0611305971 0.0133049646 0.0611044825 44 0.0666319332 0.1896627431 0.1750999060 0.0312519074 -0.1250038148 -0.1250038148 0.1890772859
44 0.0666319332 0.0312519074 0.0666187432 45 0.0734826548 0.1866203556 0.1966100141 0.0312442785 -0.1250038148 0.1249732963 0.1022414429
45 0.0734826548 0.0312442785 0.0734789338 46 0.0821227073 0.1829003246 0.2206131876 0.0262098151 -0.1250038148 0.1028778954 0.1086665581
46 0.0821227073 0.0262098151 0.0820992779 47 0.0932013605 0.1783027595 0.2478093753 0.0132807497 -0.1037324137 0.0502029481 0.1185921390
47 0.0932013605 0.0132807497 0.0931969580 48 0.1077103400 0.1725410264 0.2791772451 0.0156259537 0.0000000000 -0.1250038148 0.1931327350
48 0.1077103400 0.0156259537 0.1076898309 49 0.1272289671 0.1651906893 0.3161344703 0.0043396888 -0.0636616108 0.0169377728 0.1418920391
49 0.1272289671 0.0043396888 0.1272058528 50 0.1544044702 0.1555978838 0.3608237363 0.0030941337 -0.0550248726 0.0081484420 0.1687418087
50 0.1544044702 0.0030941337 0.1543754758 51 0.1939679146 0.1427039993 0.4166575130 0.0312519074 -0.1250038148 -0.1250038148 0.3650644678
51 0.1939679146 0.0312519074 0.1939436785 52 0.2551015276 0.1246818876 0.4894445367 0.0312442785 0.1249732963 -0.1250038148 0.3775468616
52 0.2551015276 0.0312442785 0.2550792979 53 0.3577020308 0.0980964923 0.5899822955 0.0017958830 -0.0401013215 -0.0137028108 0.3835343432
53 0.3577020308 0.0017958830 0.3576298554 54 0.5521266749 0.0556645893 0.7409643233 0.0018274568 -0.0358897671 -0.0232245857 0.5923668888
54 0.5521266749 0.0018274568 0.5520735310 55 1.0000785251 -0.0211591903 0.9998153899 0.0022718477 -0.0275276955 -0.0389110996 1.0789932777
55 1.0000785251 0.0022718477 0.9999603493 56 2.4948656065 -0.1974081232 1.5671297456 0.0156259537 0.0000000000 -0.1250038148 2.9022859532
56 2.4948656065 0.0156259537 2.4947628903 57 16.7804496866 -0.9721247687 3.9793747148 0.0159479726 0.0179448836 -0.1250038148 17.8261610306
57 16.7804496866 0.0159479726 16.7794002136 58 35.8431284171 2.1470273811 -5.5886851622 0.0312442785 -0.1250038148 0.1249732963 37.8080187353
58 35.8431284171 0.0312442785 35.8409237088 59 2.8011162992 0.8175289598 -1.4603981303 0.0103158933 -0.0673543504 0.0760216071 3.1436040823
59 2.8011162992 0.0103158933 2.8009906746 60 0.9279150630 0.6013972118 -0.7524868481 0.0156259546 -0.0000305185 -0.1250038148 0.7554502719
60 0.9279150630 0.0156259546 0.9278911011 61 0.4642187657 0.5174646132 -0.4432258338 0.0156259546 -0.1250038148 -0.0000305185 0.6091877685
61 0.4642187657 0.0156259546 0.4641581919 62 0.2933188550 0.4769838199 -0.2565254189 0.0026820784 -0.0497451704 0.0144047365 0.3508465784
62 0.2933188550 0.0026820784 0.2932712701 63 0.2235020002 0.4575601725 -0.1189146278 0.0024119719 -0.0486465041 0.0067445906 0.2720354386
63 0.2235020002 0.0024119719 0.2234534677 