#int double real img int16 real16 img16 error
0 0.0000000000 -0.0000000000 0.0000000000 0.0000002384 -0.0004882962 0.0000000000 0.0000002384
0 0.0000000000 0.0000002384 0.0000000000 1 0.0000000335 -0.0000022456 0.0001829762 0.0000005458 -0.0004577776 -0.0005798517 0.0000007894
1 0.0000000335 0.0000005458 0.0086327183 2 0.0000001352 -0.0000090237 0.0003675837 0.0000003167 -0.0005493332 -0.0001220740 0.0000005317
2 0.0000001352 0.0000003167 0.0352078903 3 0.0000003090 -0.0000204604 0.0005555040 0.0000001909 -0.0004272591 -0.0000915555 0.0000005842
3 0.0000003090 0.0000001909 0.0805365136 4 0.0000005616 -0.0000367726 0.0007485232 0.0000001975 -0.0001220740 0.0004272591 0.0000001105
4 0.0000005616 0.0000001975 0.1467978818 5 0.0000009032 -0.0000582780 0.0009485922 0.0000004182 -0.0002136296 0.0006103702 0.0000001385
5 0.0000009032 0.0000004182 0.2360900428 6 0.0000013480 -0.0000854118 0.0011578993 0.0000007125 -0.0001831111 0.0008239998 0.0000001210
6 0.0000013480 0.0000007125 0.3525710066 7 0.0000019156 -0.0001187489 0.0013789598 0.0000010133 -0.0002441481 0.0009765923 0.0000001776
7 0.0000019156 0.0000010133 0.5008182434 8 0.0000026327 -0.0001590372 0.0016147318 0.0000021049 -0.0003662221 0.0014038514 0.0000000874
8 0.0000026327 0.0000021049 0.6889033143 9 0.0000035352 -0.0002072426 0.0018687690 0.0000023489 -0.0003357036 0.0014954070 0.0000001559
9 0.0000035352 0.0000023489 0.9247274436 10 0.0000046729 -0.0002646134 0.0021454292 0.0000035104 -0.0003967406 0.0018311106 0.0000001163
10 0.0000046729 0.0000035104 1.2225045840 11 0.0000061140 -0.0003327723 0.0024501650 0.0000051459 -0.0004272591 0.0022278512 0.0000000584
11 0.0000061140 0.0000051459 1.5999227873 12 0.0000079550 -0.0004138487 0.0027899413 0.0000064125 -0.0005493332 0.0024719993 0.0000001194
12 0.0000079550 0.0000064125 2.0816046288 13 0.0000103341 -0.0005106763 0.0031738471 0.0000080490 -0.0005798517 0.0027771844 0.0000001621
13 0.0000103341 0.0000080490 2.7039561838 14 0.0000134544 -0.0006270926 0.0036140237 0.0000114932 -0.0007934812 0.0032959990 0.0000001288
14 0.0000134544 0.0000114932 3.5208949026 15 0.0000176235 -0.0007684086 0.0041271152 0.0000143069 -0.0009460738 0.0036622211 0.0000002477
15 0.0000176235 0.0000143069 4.6116502439 16 0.0000233233 -0.0009421731 0.0047366241 0.0000224723 -0.0009765923 0.0046388134 0.0000000108
16 0.0000233233 0.0000224723 6.1048531267 17 0.0000313409 -0.0011594705 0.0054769090 0.0000316669 -0.0012207404 0.0054933317 0.0000000040
17 0.0000313409 0.0000316669 8.2029547967 18 0.0000430300 -0.0014372436 0.0064003364 0.0000412871 -0.0014648885 0.0062562944 0.0000000215
18 0.0000430300 0.0000412871 11.2632617008 19 0.0000608721 -0.0018027284 0.0075909326 0.0000590308 -0.0018921476 0.0074465163 0.0000000289
19 0.0000608721 0.0000590308 15.9328921131 20 0.0000898072 -0.0023026419 0.0091926616 0.0000886459 -0.0023194067 0.0091250343 0.0000000049
20 0.0000898072 0.0000886459 23.5060137758 21 0.0001408128 -0.0030243525 0.0114745852 0.0001368196 -0.0030518509 0.0112918485 0.0000000341
21 0.0001408128 0.0001368196 36.8554610281 22 0.0002423806 -0.0041523381 0.0150046218 0.0002401934 -0.0041810358 0.0149235511 0.0000000074
22 0.0002423806 0.0002401934 63.4444898783 23 0.0004883534 -0.0061549286 0.0212242851 0.0004834763 -0.0062257759 0.0210882900 0.0000000235
23 0.0004883534 0.0004834763 127.8247399734 24 0.0013514176 -0.0106713386 0.0351786888 0.0013443549 -0.0107119968 0.0350657674 0.0000000144
24 0.0013514176 0.0013443549 353.7300924152 25 0.0100453663 -0.0302690218 0.0955465991 0.0100120391 -0.0302743614 0.0953703421 0.0000000311
25 0.0100453663 0.0100120391 2629.3061406044 26 0.0235712078 0.0481592991 -0.1457802790 0.0235375422 0.0480666524 -0.1456953642 0.0000000158
26 0.0235712078 0.0235375422 6169.5761274514 27 0.0020024707 0.0145573018 -0.0423149575 0.0020027871 0.0145268105 -0.0423291726 0.0000000011
27 0.0020024707 0.0020027871 524.1309699166 28 0.0007077639 0.0089625609 -0.0250486798 0.0007128890 0.0089724418 -0.0251472518 0.0000000098
28 0.0007077639 0.0007128890 185.2531054274 29 0.0003656639 0.0066625803 -0.0179241149 0.0003675689 0.0065004425 -0.0180364391 0.0000000389
29 0.0003656639 0.0003675689 95.7063586835 30 0.0002260311 0.0054107813 -0.0140269231 0.0002273208 0.0053407392 -0.0140995514 0.0000000102
30 0.0002260311 0.0002273208 59.1543662645 31 0.0001551251 0.0046247265 -0.0115644703 0.0001551687 0.0045472579 -0.0115970336 0.0000000071
31 0.0001551251 0.0001551687 40.6003847264 32 0.0001140038 0.0040860086 -0.0098644973 0.0001133982 0.0040284433 -0.0098574786 0.0000000034
32 0.0001140038 0.0001133982 29.8393566499 33 0.0000879196 0.0036942837 -0.0086181116 0.0000877825 0.0036317026 -0.0086367382 0.0000000043
33 0.0000879196 0.0000877825 23.0119648828 34 0.0000702688 0.0033969953 -0.0076634986 0.0000712263 0.0032654805 -0.0077822199 0.0000000314
34 0.0000702688 0.0000712263 18.3932678726 35 0.0000577268 0.0031639547 -0.0069076900 0.0000581563 0.0030518509 -0.0069887387 0.0000000191
35 0.0000577268 0.0000581563 15.1091459653 36 0.0000484678 0.0029765873 -0.0062934650 0.0000487009 0.0028992584 -0.0063478500 0.0000000089
36 0.0000484678 0.0000487009 12.6858476475 37 0.0000414193 0.0028228384 -0.0057836727 0.0000408019 0.0028077029 -0.0057374798 0.0000000024
37 0.0000414193 0.0000408019 10.8401270106 38 0.0000359167 0.0026945440 -0.0053531396 0.0000367224 0.0026856288 -0.0054322947 0.0000000063
38 0.0000359167 0.0000367224 9.4010499779 39 0.0000315295 0.0025859791 -0.0049842009 0.0000310308 0.0026245918 -0.0049134800 0.0000000065
39 0.0000315295 0.0000310308 8.2509249080 40 0.0000279689 0.0024930102 -0.0046640941 0.0000283512 0.0025025178 -0.0046998505 0.0000000014
40 0.0000279689 0.0000283512 7.3203578495 41 0.0000250344 0.0024125792 -0.0043833670 0.0000259231 0.0023499252 -0.0045167394 0.0000000217
41 0.0000250344 0.0000259231 6.5527382677 42 0.0000225839 0.0023423746 -0.0041348695 0.0000223540 0.0023194067 -0.0041199988 0.0000000007
42 0.0000225839 0.0000223540 5.9089801973 43 0.0000205135 0.0022806177 -0.0039130916 0.0000206785 0.0021668142 -0.0039979247 0.0000000201
43 0.0000205135 0.0000206785 5.3677958944 44 0.0000187464 0.0022259172 -0.0037137185 0.0000193811 0.0021973327 -0.0038148137 0.0000000110
44 0.0000187464 0.0000193811 4.9058066309 45 0.0000172244 0.0021771695 -0.0035333225 0.0000166242 0.0020752586 -0.0035096286 0.0000000109
45 0.0000172244 0.0000166242 4.5072357531 46 0.0000159029 0.0021334879 -0.0033691456 0.0000155764 0.0020752586 -0.0033570360 0.0000000035
46 0.0000159029 0.0000155764 4.1613155248 47 0.0000147471 0.0020941525 -0.0032189435 0.0000152048 0.0019837031 -0.0033570360 0.0000000313
47 0.0000147471 0.0000152048 3.8589821648 48 0.0000137295 0.0020585721 -0.0030808708 0.0000137472 0.0020142216 -0.0031128880 0.0000000030
48 0.0000137295 0.0000137472 3.5926593635 49 0.0000128283 0.0020262572 -0.0029533959 0.0000131855 0.0020142216 -0.0030213324 0.0000000048
49 0.0000128283 0.0000131855 3.3567505373 50 0.0000120258 0.0019967991 -0.0028352369 0.0000119263 0.0019226661 -0.0028687399 0.0000000066
50 0.0000120258 0.0000119263 3.1469082438 51 0.0000113077 0.0019698537 -0.0027253124 0.0000121126 0.0020142216 -0.0028382214 0.0000000147
51 0.0000113077 0.0000121126 2.9587303814 52 0.0000106621 0.0019451296 -0.0026227037 0.0000109577 0.0018921476 -0.0027161473 0.0000000115
52 0.0000106621 0.0000109577 2.7895637751 53 0.0000100794 0.0019223780 -0.0025266251 0.0000113591 0.0019531846 -0.0027466659 0.0000000494
53 0.0000100794 0.0000113591 2.6374802825 54 0.0000095513 0.0019013858 -0.0024364007 0.0000093632 0.0019226661 -0.0023804437 0.0000000036
54 0.0000095513 0.0000093632 2.4983445946 55 0.0000090711 0.0018819687 -0.0023514455 0.0000092784 0.0018616291 -0.0024109622 0.0000000040
55 0.0000090711 0.0000092784 2.3727715729 56 0.0000086330 0.0018639674 -0.0022712509 0.0000083163 0.0018311106 -0.0022278512 0.0000000030
56 0.0000086330 0.0000083163 2.2580650023 57 0.0000082320 0.0018472428 -0.0021953719 0.0000085659 0.0018616291 -0.0022583697 0.0000000042
57 0.0000082320 0.0000085659 2.1533480889 58 0.0000078639 0.0018316732 -0.0021234182 0.0000084532 0.0018311106 -0.0022583697 0.0000000182
58 0.0000078639 0.0000084532 2.0571181534 59 0.0000075253 0.0018171518 -0.0020550454 0.0000072275 0.0017090365 -0.0020752586 0.0000000121
59 0.0000075253 0.0000072275 1.9681931245 60 0.0000072128 0.0018035843 -0.0019899486 0.0000079372 0.0018005921 -0.0021668142 0.0000000313
60 0.0000072128 0.0000079372 1.8863460251 61 0.0000069239 0.0017908872 -0.0019278567 0.0000074846 0.0017090365 -0.0021362957 0.0000000501
61 0.0000069239 0.0000074846 1.8105807876 62 0.0000066562 0.0017789865 -0.0018685279 0.0000069611 0.0017395550 -0.0019837031 0.0000000148
62 0.0000066562 0.0000069611 1.7406480893 63 0.0000064076 0.0017678160 -0.0018117460 0.0000063865 0.0017090365 -0.0018616291 0.0000000059
63 0.0000064076 0.0000063865 1.6751736165 64 0.0000061763 0.0017573166 -0.0017573166 0.0000059469 0.0017090365 -0.0017395550 0.0000000026
64 0.0000061763 0.0000059469 1.6144235826 65 0.0000059608 0.0017474355 -0.0017050649 0.0000057382 0.0017090365 -0.0016785180 0.0000000022
65 0.0000059608 0.0000057382 1.5577527222 66 0.0000057595 0.0017381251 -0.0016548327 0.0000055333 0.0016785180 -0.0016479995 0.0000000036
66 0.0000057595 0.0000055333 1.5050250681 67 0.0000055714 0.0017293424 -0.0016064769 0.0000054337 0.0016785180 -0.0016174810 0.0000000027
67 0.0000055714 0.0000054337 1.4553984232 68 0.0000053952 0.0017210487 -0.0015598676 0.0000051570 0.0017090365 -0.0014954070 0.0000000043
68 0.0000053952 0.0000051570 1.4088246760 69 0.0000052300 0.0017132089 -0.0015148865 0.0000050537 0.0016785180 -0.0014954070 0.0000000016
69 0.0000052300 0.0000050537 1.3650843769 70 0.0000050748 0.0017057912 -0.0014714256 0.0000052493 0.0017090365 -0.0015259255 0.0000000030
70 0.0000050748 0.0000052493 1.3240265800 71 0.0000049290 0.0016987666 -0.0014293862 0.0000047547 0.0015869625 -0.0014954070 0.0000000169
71 0.0000049290 0.0000047547 1.2853959803 72 0.0000047917 0.0016921087 -0.0013886777 0.0000049969 0.0017395550 -0.0014038514 0.0000000025
72 0.0000047917 0.0000049969 1.2485016189 73 0.0000046623 0.0016857935 -0.0013492172 0.0000044194 0.0016174810 -0.0013428144 0.0000000047
73 0.0000046623 0.0000044194 1.2132078713 74 0.0000045403 0.0016797989 -0.0013109279 0.0000045395 0.0016785180 -0.0013122959 0.0000000000
74 0.0000045403 0.0000045395 1.1784171905 75 0.0000044250 0.0016741048 -0.0012737395 0.0000041446 0.0015564440 -0.0013122959 0.0000000153
75 0.0000044250 0.0000041446 1.1427548718 76 0.0000043162 0.0016686925 -0.0012375867 0.0000040087 0.0015869625 -0.0012207404 0.0000000070
76 0.0000043162 0.0000040087 1.0952657724 77 0.0000042132 0.0016635452 -0.0012024092 0.0000046988 0.0017700735 -0.0012512589 0.0000000137
77 0.0000042132 0.0000046988 1.2458312805 78 0.0000041157 0.0016586470 -0.0011681510 0.0000041325 0.0016479995 -0.0011902219 0.0000000006
78 0.0000041157 0.0000041325 1.1006263658 79 0.0000040233 0.0016539837 -0.0011347603 0.0000036976 0.0015564440 -0.0011291849 0.0000000095
79 0.0000040233 0.0000036976 1.0656735598 80 0.0000039358 0.0016495418 -0.0011021886 0.0000041623 0.0016785180 -0.0011597034 0.0000000041
80 0.0000039358 0.0000041623 1.0389001866 81 0.0000038528 0.0016453091 -0.0010703910 0.0000039351 0.0015869625 -0.0011902219 0.0000000178
81 0.0000038528 0.0000039351 1.0149069893 82 0.0000037740 0.0016412741 -0.0010393253 0.0000034722 0.0015869625 -0.0009765923 0.0000000069
82 0.0000037740 0.0000034722 0.9930909259 83 0.0000036991 0.0016374262 -0.0010089524 0.0000032235 0.0015259255 -0.0009460738 0.0000000164
83 0.0000036991 0.0000032235 0.9724360058 84 0.0000036281 0.0016337558 -0.0009792355 0.0000035635 0.0015564440 -0.0010681478 0.0000000139
84 0.0000036281 0.0000035635 0.9532884460 85 0.0000035605 0.0016302536 -0.0009501401 0.0000031117 0.0015259255 -0.0008850368 0.0000000151
85 0.0000035605 0.0000031117 0.9352138250 86 0.0000034962 0.0016269113 -0.0009216338 0.0000036929 0.0016174810 -0.0010376293 0.0000000135
86 0.0000034962 0.0000036929 0.9180705163 87 0.0000034351 0.0016237209 -0.0008936863 0.0000034461 0.0016479995 -0.0008545183 0.0000000021
87 0.0000034351 0.0000034461 0.9017872760 88 0.0000033770 0.0016206752 -0.0008662689 0.0000031527 0.0015564440 -0.0008545183 0.0000000043
88 0.0000033770 0.0000031527 0.8863072853 89 0.0000033217 0.0016177674 -0.0008393547 0.0000034461 0.0016479995 -0.0008545183 0.0000000011
89 0.0000033217 0.0000034461 0.8715955354 90 0.0000032690 0.0016149910 -0.0008129181 0.0000031481 0.0015869625 -0.0007934812 0.0000000012
90 0.0000032690 0.0000031481 0.8579795935 91 0.0000032189 0.0016123402 -0.0007869352 0.0000026824 0.0014648885 -0.0007324442 0.0000000247
91 0.0000032189 0.0000026824 0.8445789614 92 0.0000031712 0.0016098093 -0.0007613831 0.0000029106 0.0015259255 -0.0007629627 0.0000000070
92 0.0000031712 0.0000029106 0.8320019108 93 0.0000031258 0.0016073934 -0.0007362403 0.0000028733 0.0015564440 -0.0006714072 0.0000000068
93 0.0000031258 0.0000028733 0.8199634480 94 0.0000030825 0.0016050874 -0.0007114863 0.0000025967 0.0014648885 -0.0006714072 0.0000000213
94 0.0000030825 0.0000025967 0.8083406823 95 0.0000030414 0.0016028868 -0.0006871017 0.0000027587 0.0015564440 -0.0005798517 0.0000000137
95 0.0000030414 0.0000027587 0.7977452522 96 0.0000030022 0.0016007875 -0.0006630679 0.0000027792 0.0015259255 -0.0006714072 0.0000000057
96 0.0000030022 0.0000027792 0.7872961391 97 0.0000029649 0.0015987855 -0.0006393674 0.0000028211 0.0015259255 -0.0007019257 0.0000000092
97 0.0000029649 0.0000028211 0.7774649823 98 0.0000029295 0.0015968771 -0.0006159835 0.0000027392 0.0015259255 -0.0006408887 0.0000000057
98 0.0000029295 0.0000027392 0.7682063295 99 0.0000028957 0.0015950587 -0.0005928999 0.0000028333 0.0015564440 -0.0006408887 0.0000000038
99 0.0000028957 0.0000028333 0.7594109820 100 0.0000028637 0.0015933271 -0.0005701016 0.0000025967 0.0014648885 -0.0006714072 0.0000000268
100 0.0000028637 0.0000025967 0.7507889168 101 0.0000028333 0.0015916794 -0.0005475737 0.0000025380 0.0014954070 -0.0005493332 0.0000000093
101 0.0000028333 0.0000025380 0.7427622461 102 0.0000028044 0.0015901125 -0.0005253022 0.0000028547 0.0016174810 -0.0004882962 0.0000000021
102 0.0000028044 0.0000028547 0.7351345616 103 0.0000027770 0.0015886239 -0.0005032737 0.0000027587 0.0015564440 -0.0005798517 0.0000000069
103 0.0000027770 0.0000027587 0.7280390831 104 0.0000027511 0.0015872111 -0.0004814752 0.0000025566 0.0015564440 -0.0003662221 0.0000000142
104 0.0000027511 0.0000025566 0.7211562004 105 0.0000027265 0.0015858717 -0.0004598943 0.0000029543 0.0016479995 -0.0004882962 0.0000000047
105 0.0000027265 0.0000029543 0.7147122581 106 0.0000027033 0.0015846035 -0.0004385189 0.0000023117 0.0014954070 -0.0002746666 0.0000000348
106 0.0000027033 0.0000023117 0.7086530128 107 0.0000026813 0.0015834045 -0.0004173374 0.0000024859 0.0015259255 -0.0003967406 0.0000000037
107 0.0000026813 0.0000024859 0.7026144553 108 0.0000026607 0.0015822728 -0.0003963387 0.0000025799 0.0015564440 -0.0003967406 0.0000000007
108 0.0000026607 0.0000025799 0.6974105181 109 0.0000026412 0.0015812066 -0.0003755120 0.0000025799 0.0015564440 -0.0003967406 0.0000000011
109 0.0000026412 0.0000025799 0.6923870776 110 0.0000026230 0.0015802042 -0.0003548467 0.0000023704 0.0014954070 -0.0003662221 0.0000000073
110 0.0000026230 0.0000023704 0.6875069521 111 0.0000026059 0.0015792641 -0.0003343328 0.0000022390 0.0014648885 -0.0003051851 0.0000000139
111 0.0000026059 0.0000022390 0.6830101778 112 0.0000025899 0.0015783849 -0.0003139603 0.0000025157 0.0015564440 -0.0003051851 0.0000000006
112 0.0000025899 0.0000025157 0.6789217863 113 0.0000025750 0.0015775652 -0.0002937196 0.0000025781 0.0015869625 -0.0002441481 0.0000000025
113 0.0000025750 0.0000025781 0.6748948751 114 0.0000025612 0.0015768038 -0.0002736014 0.0000025781 0.0015869625 -0.0002441481 0.0000000010
114 0.0000025612 0.0000025781 0.6712413950 115 0.0000025484 0.0015760996 -0.0002535966 0.0000025781 0.0015869625 -0.0002441481 0.0000000002
115 0.0000025484 0.0000025781 0.6679654122 116 0.0000025367 0.0015754515 -0.0002336962 0.0000023620 0.0015259255 -0.0001831111 0.0000000050
116 0.0000025367 0.0000023620 0.6647180759 117 0.0000025259 0.0015748587 -0.0002138914 0.0000022698 0.0014954070 -0.0001831111 0.0000000073
117 0.0000025259 0.0000022698 0.6619340972 118 0.0000025162 0.0015743202 -0.0001941739 0.0000022446 0.0014954070 -0.0000915555 0.0000000168
118 0.0000025162 0.0000022446 0.6593033480 119 0.0000025074 0.0015738352 -0.0001745350 0.0000023368 0.0015259255 -0.0000915555 0.0000000092
119 0.0000025074 0.0000023368 0.6569661128 120 0.0000024996 0.0015734031 -0.0001549667 0.0000022819 0.0014954070 -0.0002136296 0.0000000095
120 0.0000024996 0.0000022819 0.6550764511 121 0.0000024928 0.0015730233 -0.0001354607 0.0000024458 0.0015564440 -0.0001525925 0.0000000006
121 0.0000024928 0.0000024458 0.6531918356 122 0.0000024868 0.0015726952 -0.0001160090 0.0000025194 0.0015869625 -0.0000305185 0.0000000075
122 0.0000024868 0.0000025194 0.6518364028 123 0.0000024818 0.0015724184 -0.0000966036 0.0000022400 0.0014954070 -0.0000610370 0.0000000072
123 0.0000024818 0.0000022400 0.6503035637 124 0.0000024778 0.0015721924 -0.0000772369 0.0000020574 0.0014343699 0.0000000000 0.0000000250
124 0.0000024778 0.0000020574 0.6494648975 125 0.0000024746 0.0015720169 -0.0000579008 0.0000023294 0.0015259255 -0.0000305185 0.0000000029
125 0.0000024746 0.0000023294 0.6485906200 126 0.0000024723 0.0015718918 -0.0000385878 0.0000020574 0.0014343699 0.0000000000 0.0000000204
126 0.0000024723 0.0000020574 0.6478495419 127 0.0000024710 0.0015718168 -0.0000192901 0.0000023294 0.0015259255 0.0000305185 0.0000000046
127 0.0000024710 0.0000023294 0.6476101523 128 0.0000024705 0.0015717918 0.0000000000 0.0000030261 0.0017395550 0.0000000000 0.0000000281
128 0.0000024705 0.0000030261 0.6475123798 129 0.0000024710 0.0015718168 0.0000192901 0.0000023322 0.0015259255 0.0000610370 0.0000000038
129 0.0000024710 0.0000023322 0.6476586660 130 0.0000024723 0.0015718918 0.0000385878 0.0000024234 0.0015564440 0.0000305185 0.0000000003
130 0.0000024723 0.0000024234 0.6480544538 131 0.0000024746 0.0015720169 0.0000579008 0.0000024262 0.0015564440 0.0000610370 0.0000000003
131 0.0000024746 0.0000024262 0.6486325088 132 0.0000024778 0.0015721924 0.0000772369 0.0000020658 0.0014343699 0.0000915555 0.0000000192
132 0.0000024778 0.0000020658 0.6493666407 133 0.0000024818 0.0015724184 0.0000966036 0.0000021468 0.0014648885 0.0000305185 0.0000000159
133 0.0000024818 0.0000021468 0.6504539778 134 0.0000024868 0.0015726952 0.0001160090 0.0000024560 0.0015564440 0.0001831111 0.0000000048
134 0.0000024868 0.0000024560 0.6517981585 135 0.0000024928 0.0015730233 0.0001354607 0.0000024458 0.0015564440 0.0001525925 0.0000000006
135 0.0000024928 0.0000024458 0.6532943646 136 0.0000024996 0.0015734031 0.0001549667 0.0000024458 0.0015564440 0.0001525925 0.0000000003
136 0.0000024996 0.0000024458 0.6551256158 137 0.0000025074 0.0015738352 0.0001745350 0.0000023434 0.0015259255 0.0001220740 0.0000000050
137 0.0000025074 0.0000023434 0.6572283576 138 0.0000025162 0.0015743202 0.0001941739 0.0000024039 0.0015259255 0.0002746666 0.0000000088
138 0.0000025162 0.0000024039 0.6595061810 139 0.0000025259 0.0015748587 0.0002138914 0.0000025157 0.0015564440 0.0003051851 0.0000000087
139 0.0000025259 0.0000025157 0.6619474531 140 0.0000025367 0.0015754515 0.0002336962 0.0000024821 0.0015564440 0.0002441481 0.0000000005
140 0.0000025367 0.0000024821 0.6647746032 141 0.0000025484 0.0015760996 0.0002535966 0.0000023881 0.0015259255 0.0002441481 0.0000000026
141 0.0000025484 0.0000023881 0.6680480703 142 0.0000025612 0.0015768038 0.0002736014 0.0000024682 0.0015564440 0.0002136296 0.0000000040
142 0.0000025612 0.0000024682 0.6714063116 143 0.0000025750 0.0015775652 0.0002937196 0.0000024411 0.0015259255 0.0003357036 0.0000000044
143 0.0000025750 0.0000024411 0.6749441721 144 0.0000025899 0.0015783849 0.0003139603 0.0000023117 0.0014954070 0.0002746666 0.0000000084
144 0.0000025899 0.0000023117 0.6787048755 145 0.0000026059 0.0015792641 0.0003343328 0.0000024980 0.0015564440 0.0002746666 0.0000000041
145 0.0000026059 0.0000024980 0.6829683700 146 0.0000026230 0.0015802042 0.0003548467 0.0000025157 0.0015564440 0.0003051851 0.0000000030
146 0.0000026230 0.0000025157 0.6875835227 147 0.0000026412 0.0015812066 0.0003755120 0.0000025352 0.0015564440 0.0003357036 0.0000000022
147 0.0000026412 0.0000025352 0.6923518910 148 0.0000026607 0.0015822728 0.0003963387 0.0000023704 0.0014954070 0.0003662221 0.0000000085
148 0.0000026607 0.0000023704 0.6973610740 149 0.0000026813 0.0015834045 0.0004173374 0.0000025352 0.0015564440 0.0003357036 0.0000000074
149 0.0000026813 0.0000025352 0.7028879260 150 0.0000027033 0.0015846035 0.0004385189 0.0000025110 0.0015259255 0.0004272591 0.0000000036
150 0.0000027033 0.0000025110 0.7085402703 151 0.0000027265 0.0015858717 0.0004598943 0.0000027988 0.0016174810 0.0004272591 0.0000000021
151 0.0000027265 0.0000027988 0.7145140308 152 0.0000027511 0.0015872111 0.0004814752 0.0000024626 0.0015259255 0.0003662221 0.0000000170
152 0.0000027511 0.0000024626 0.7210074041 153 0.0000027770 0.0015886239 0.0005032737 0.0000024747 0.0014954070 0.0004882962 0.0000000089
153 0.0000027770 0.0000024747 0.7277146576 154 0.0000028044 0.0015901125 0.0005253022 0.0000031304 0.0017090365 0.0004577776 0.0000000187
154 0.0000028044 0.0000031304 0.7357802618 155 0.0000028333 0.0015916794 0.0005475737 0.0000026088 0.0014954070 0.0006103702 0.0000000132
155 0.0000028333 0.0000026088 0.7427964724 156 0.0000028637 0.0015933271 0.0005701016 0.0000026470 0.0014954070 0.0006408887 0.0000000146
156 0.0000028637 0.0000026470 0.7507427753 157 0.0000028957 0.0015950587 0.0005928999 0.0000030885 0.0016479995 0.0006103702 0.0000000031
157 0.0000028957 0.0000030885 0.7592428867 158 0.0000029295 0.0015968771 0.0006159835 0.0000023815 0.0014038514 0.0006408887 0.0000000379
158 0.0000029295 0.0000023815 0.7681371652 159 0.0000029649 0.0015987855 0.0006393674 0.0000025566 0.0014648885 0.0006408887 0.0000000179
159 0.0000029649 0.0000025566 0.7775649267 160 0.0000030022 0.0016007875 0.0006630679 0.0000028733 0.0015564440 0.0006714072 0.0000000020
160 0.0000030022 0.0000028733 0.7873461756 161 0.0000030414 0.0016028868 0.0006871017 0.0000029692 0.0015869625 0.0006714072 0.0000000005
161 0.0000030414 0.0000029692 0.7974732652 162 0.0000030825 0.0016050874 0.0007114863 0.0000031481 0.0015869625 0.0007934812 0.0000000071
162 0.0000030825 0.0000031481 0.8084689537 163 0.0000031258 0.0016073934 0.0007362403 0.0000032682 0.0016785180 0.0006714072 0.0000000093
163 0.0000031258 0.0000032682 0.8200179226 164 0.0000031712 0.0016098093 0.0007613831 0.0000033949 0.0016479995 0.0008239998 0.0000000054
164 0.0000031712 0.0000033949 0.8321052948 165 0.0000032189 0.0016123402 0.0007869352 0.0000031984 0.0016174810 0.0007629627 0.0000000006
165 0.0000032189 0.0000031984 0.8444523347 166 0.0000032690 0.0016149910 0.0008129181 0.0000029152 0.0014954070 0.0008239998 0.0000000144
166 0.0000032690 0.0000029152 0.8573218785 167 0.0000033217 0.0016177674 0.0008393547 0.0000034545 0.0016174810 0.0009155553 0.0000000058
167 0.0000033217 0.0000034545 0.8715750358 168 0.0000033770 0.0016206752 0.0008662689 0.0000033995 0.0016174810 0.0008850368 0.0000000004
168 0.0000033770 0.0000033995 0.8865912806 169 0.0000034351 0.0016237209 0.0008936863 0.0000033427 0.0015259255 0.0010071108 0.0000000224
169 0.0000034351 0.0000033427 0.9018888374 170 0.0000034962 0.0016269113 0.0009216338 0.0000033763 0.0015564440 0.0009765923 0.0000000080
170 0.0000034962 0.0000033763 0.9181925857 171 0.0000035605 0.0016302536 0.0009501401 0.0000032226 0.0014648885 0.0010376293 0.0000000350
171 0.0000035605 0.0000032226 0.9355451846 172 0.0000036281 0.0016337558 0.0009792355 0.0000037674 0.0015564440 0.0011597034 0.0000000385
172 0.0000036281 0.0000037674 0.9535848472 173 0.0000036991 0.0016374262 0.0010089524 0.0000036929 0.0016174810 0.0010376293 0.0000000012
173 0.0000036991 0.0000036929 0.9726767366 174 0.0000037740 0.0016412741 0.0010393253 0.0000036529 0.0014954070 0.0011902219 0.0000000440
174 0.0000037740 0.0000036529 0.9930258374 175 0.0000038528 0.0016453091 0.0010703910 0.0000041325 0.0016479995 0.0011902219 0.0000000144
175 0.0000038528 0.0000041325 1.0150951559 176 0.0000039358 0.0016495418 0.0011021886 0.0000038913 0.0016174810 0.0011291849 0.0000000018
176 0.0000039358 0.0000038913 1.0388138962 177 0.0000040233 0.0016539837 0.0011347603 0.0000039612 0.0016174810 0.0011597034 0.0000000020
177 0.0000040233 0.0000039612 1.0655503132 178 0.0000041157 0.0016586470 0.0011681510 0.0000036035 0.0015259255 0.0011291849 0.0000000191
178 0.0000041157 0.0000036035 1.1005157487 179 0.0000042132 0.0016635452 0.0012024092 0.0000048292 0.0017395550 0.0013428144 0.0000000255
179 0.0000042132 0.0000048292 1.2459417123 180 0.0000043162 0.0016686925 0.0012375867 0.0000041065 0.0016174810 0.0012207404 0.0000000029
180 0.0000043162 0.0000041065 1.0951764140 181 0.0000044250 0.0016741048 0.0012737395 0.0000043086 0.0015564440 0.0013733329 0.0000000238
181 0.0000044250 0.0000043086 1.1429005042 182 0.0000045403 0.0016797989 0.0013109279 0.0000040506 0.0015259255 0.0013122959 0.0000000237
182 0.0000045403 0.0000040506 1.1782019012 183 0.0000046623 0.0016857935 0.0013492172 0.0000046643 0.0015869625 0.0014648885 0.0000000231
183 0.0000046623 0.0000046643 1.2129453229 184 0.0000047917 0.0016921087 0.0013886777 0.0000047882 0.0016785180 0.0014038514 0.0000000004
184 0.0000047917 0.0000047882 1.2482663907 185 0.0000049290 0.0016987666 0.0014293862 0.0000046429 0.0017090365 0.0013122959 0.0000000138
185 0.0000049290 0.0000046429 1.2850505419 186 0.0000050748 0.0017057912 0.0014714256 0.0000048748 0.0016785180 0.0014343699 0.0000000021
186 0.0000050748 0.0000048748 1.3241402456 187 0.0000052300 0.0017132089 0.0015148865 0.0000044799 0.0015564440 0.0014343699 0.0000000311
187 0.0000052300 0.0000044799 1.3650967382 188 0.0000053952 0.0017210487 0.0015598676 0.0000050444 0.0016479995 0.0015259255 0.0000000065
188 0.0000053952 0.0000050444 1.4091266665 189 0.0000055714 0.0017293424 0.0016064769 0.0000052399 0.0016785180 0.0015564440 0.0000000051
189 0.0000055714 0.0000052399 1.4554370484 190 0.0000057595 0.0017381251 0.0016548327 0.0000050369 0.0015869625 0.0015869625 0.0000000275
190 0.0000057595 0.0000050369 1.5048675747 191 0.0000059608 0.0017474355 0.0017050649 0.0000061592 0.0017395550 0.0017700735 0.0000000043
191 0.0000059608 0.0000061592 1.5578617756 192 0.0000061763 0.0017573166 0.0017573166 0.0000058416 0.0017090365 0.0017090365 0.0000000047
192 0.0000061763 0.0000058416 1.6143687439 193 0.0000064076 0.0017678160 0.0018117460 0.0000062663 0.0017700735 0.0017700735 0.0000000017
193 0.0000064076 0.0000062663 1.6751184500 194 0.0000066562 0.0017789865 0.0018685279 0.0000062682 0.0017395550 0.0018005921 0.0000000062
194 0.0000066562 0.0000062682 1.7401871347 195 0.0000069239 0.0017908872 0.0019278567 0.0000068410 0.0017395550 0.0019531846 0.0000000033
195 0.0000069239 0.0000068410 1.8104433347 196 0.0000072128 0.0018035843 0.0019899486 0.0000071902 0.0017700735 0.0020142216 0.0000000017
196 0.0000072128 0.0000071902 1.8861655023 197 0.0000075253 0.0018171518 0.0020550454 0.0000070831 0.0017395550 0.0020142216 0.0000000077
197 0.0000075253 0.0000070831 1.9677515119 198 0.0000078639 0.0018316732 0.0021234182 0.0000071018 0.0017090365 0.0020447401 0.0000000212
198 0.0000078639 0.0000071018 2.0568049370 199 0.0000082320 0.0018472428 0.0021953719 0.0000091573 0.0020142216 0.0022583697 0.0000000319
199 0.0000082320 0.0000091573 2.1531065710 200 0.0000086330 0.0018639674 0.0022712509 0.0000084290 0.0018616291 0.0022278512 0.0000000019
200 0.0000086330 0.0000084290 2.2582850295 201 0.0000090711 0.0018819687 0.0023514455 0.0000089878 0.0018616291 0.0023499252 0.0000000004
201 0.0000090711 0.0000089878 2.3726395396 202 0.0000095513 0.0019013858 0.0024364007 0.0000094265 0.0018616291 0.0024414808 0.0000000016
202 0.0000095513 0.0000094265 2.4988343400 203 0.0000100794 0.0019223780 0.0025266251 0.0000097283 0.0018616291 0.0025025178 0.0000000043
203 0.0000100794 0.0000097283 2.6371235856 204 0.0000106621 0.0019451296 0.0026227037 0.0000105441 0.0019531846 0.0025940733 0.0000000009
204 0.0000106621 0.0000105441 2.7894395803 205 0.0000113077 0.0019698537 0.0027253124 0.0000110275 0.0019531846 0.0026856288 0.0000000019
205 0.0000113077 0.0000110275 2.9581583700 206 0.0000120258 0.0019967991 0.0028352369 0.0000122868 0.0020142216 0.0028687399 0.0000000014
206 0.0000120258 0.0000122868 3.1466003111 207 0.0000128283 0.0020262572 0.0029533959 0.0000127646 0.0020447401 0.0029297769 0.0000000009
207 0.0000128283 0.0000127646 3.3562551739 208 0.0000137295 0.0020585721 0.0030808708 0.0000130635 0.0019837031 0.0030213324 0.0000000092
208 0.0000137295 0.0000130635 3.5923707821 209 0.0000147471 0.0020941525 0.0032189435 0.0000141309 0.0020142216 0.0031739250 0.0000000084
209 0.0000147471 0.0000141309 3.8588816568 210 0.0000159029 0.0021334879 0.0033691456 0.0000160393 0.0021362957 0.0033875546 0.0000000003
210 0.0000159029 0.0000160393 4.1610385279 211 0.0000172244 0.0021771695 0.0035333225 0.0000166680 0.0021362957 0.0034791101 0.0000000046
211 0.0000172244 0.0000166680 4.5071845235 212 0.0000187464 0.0022259172 0.0037137185 0.0000174028 0.0021057772 0.0036011841 0.0000000271
212 0.0000187464 0.0000174028 4.9055743355 213 0.0000205135 0.0022806177 0.0039130916 0.0000196149 0.0021973327 0.0038453322 0.0000000115
213 0.0000205135 0.0000196149 5.3675515414 214 0.0000225839 0.0023423746 0.0041348695 0.0000211703 0.0021668142 0.0040589618 0.0000000366
214 0.0000225839 0.0000211703 5.9089801973 215 0.0000250344 0.0024125792 0.0043833670 0.0000252488 0.0023804437 0.0044251839 0.0000000028
215 0.0000250344 0.0000252488 6.5522660760 216 0.0000279689 0.0024930102 0.0046640941 0.0000282189 0.0025330363 0.0046693319 0.0000000016
216 0.0000279689 0.0000282189 7.3197075026 217 0.0000315295 0.0025859791 0.0049842009 0.0000304049 0.0025025178 0.0049134800 0.0000000120
217 0.0000315295 0.0000304049 8.2512302859 218 0.0000359167 0.0026945440 0.0053531396 0.0000354120 0.0026245918 0.0053407392 0.0000000050
218 0.0000359167 0.0000354120 9.3990418680 219 0.0000414193 0.0028228384 0.0057836727 0.0000397597 0.0028077029 0.0056459243 0.0000000192
219 0.0000414193 0.0000397597 10.8403076134 220 0.0000484678 0.0029765873 0.0062934650 0.0000474072 0.0028077029 0.0062868130 0.0000000286
220 0.0000484678 0.0000474072 12.6839037320 221 0.0000577268 0.0031639547 0.0069076900 0.0000578741 0.0031434065 0.0069277017 0.0000000008
221 0.0000577268 0.0000578741 15.1075191761 222 0.0000702688 0.0033969953 0.0076634986 0.0000704803 0.0032959990 0.0077211829 0.0000000135
222 0.0000702688 0.0000704803 18.3894661913 223 0.0000879196 0.0036942837 0.0086181116 0.0000887577 0.0036927396 0.0086672567 0.0000000024
223 0.0000879196 0.0000887577 23.0108884243 224 0.0001140038 0.0040860086 0.0098644973 0.0001121986 0.0040284433 0.0097964415 0.0000000079
224 0.0001140038 0.0001121986 29.8384325417 225 0.0001551251 0.0046247265 0.0115644703 0.0001534802 0.0045167394 0.0115359966 0.0000000125
225 0.0001551251 0.0001534802 40.6010344492 226 0.0002260311 0.0054107813 0.0140269231 0.0002212212 0.0052491836 0.0139164403 0.0000000383
226 0.0002260311 0.0002212212 59.1613118514 227 0.0003656639 0.0066625803 0.0179241149 0.0003645019 0.0066835536 0.0178838466 0.0000000021
227 0.0003656639 0.0003645019 95.7085827198 228 0.0007077639 0.0089625609 0.0250486798 0.0007010987 0.0089114048 0.0249336222 0.0000000159
228 0.0007077639 0.0007010987 185.2474076244 229 0.0020024707 0.0145573018 0.0423149575 0.0019915817 0.0144962920 0.0422070986 0.0000000154
229 0.0020024707 0.0019915817 524.1218051012 230 0.0235712078 0.0481592991 0.1457802790 0.0235169299 0.0479445784 0.1456648457 0.0000000594
230 0.0235712078 0.0235169299 6169.5243858747 231 0.0100453663 -0.0302690218 -0.0955465991 0.0100544057 -0.0303964354 -0.0955534532 0.0000000163
231 0.0100453663 0.0100544057 2629.2896852237 232 0.0013514176 -0.0106713386 -0.0351786888 0.0013488311 -0.0106204413 -0.0351573229 0.0000000030
232 0.0013514176 0.0013488311 353.7267968158 233 0.0004883534 -0.0061549286 -0.0212242851 0.0004869671 -0.0061952574 -0.0211798456 0.0000000036
233 0.0004883534 0.0004869671 127.8208693850 234 0.0002423806 -0.0041523381 -0.0150046218 0.0002441080 -0.0042115543 -0.0150456252 0.0000000052
234 0.0002423806 0.0002441080 63.4477698455 235 0.0001408128 -0.0030243525 -0.0114745852 0.0001408562 -0.0031434065 -0.0114444411 0.0000000151
235 0.0001408128 0.0001408562 36.8577443224 236 0.0000898072 -0.0023026419 -0.0091926616 0.0000897636 -0.0023194067 -0.0091860714 0.0000000003
236 0.0000898072 0.0000897636 23.5070900974 237 0.0000608721 -0.0018027284 -0.0075909326 0.0000604027 -0.0018921476 -0.0075380718 0.0000000108
237 0.0000608721 0.0000604027 15.9331172908 238 0.0000430300 -0.0014372436 -0.0064003364 0.0000432197 -0.0014648885 -0.0064088870 0.0000000008
238 0.0000430300 0.0000432197 11.2625723394 239 0.0000313409 -0.0011594705 -0.0054769090 0.0000304161 -0.0012512589 -0.0053712577 0.0000000196
239 0.0000313409 0.0000304161 8.2033954594 240 0.0000233233 -0.0009421731 -0.0047366241 0.0000230423 -0.0009765923 -0.0046998505 0.0000000025
240 0.0000233233 0.0000230423 6.1050598883 241 0.0000176235 -0.0007684086 -0.0041271152 0.0000178089 -0.0007629627 -0.0041505173 0.0000000006
241 0.0000176235 0.0000178089 4.6133015516 242 0.0000134544 -0.0006270926 -0.0036140237 0.0000130253 -0.0007019257 -0.0035401471 0.0000000111
242 0.0000134544 0.0000130253 3.5215869138 243 0.0000103341 -0.0005106763 -0.0031738471 0.0000103430 -0.0005188147 -0.0031739250 0.0000000001
243 0.0000103341 0.0000103430 2.7053789599 244 0.0000079550 -0.0004138487 -0.0027899413 0.0000077537 -0.0004577776 -0.0027466659 0.0000000038
244 0.0000079550 0.0000077537 2.0822886236 245 0.0000061140 -0.0003327723 -0.0024501650 0.0000063557 -0.0003051851 -0.0025025178 0.0000000035
245 0.0000061140 0.0000063557 1.6004583445 246 0.0000046729 -0.0002646134 -0.0021454292 0.0000043151 -0.0003662221 -0.0020447401 0.0000000205
246 0.0000046729 0.0000043151 1.2227725083 247 0.0000035352 -0.0002072426 -0.0018687690 0.0000033176 -0.0002746666 -0.0018005921 0.0000000092
247 0.0000035352 0.0000033176 0.9253822918 248 0.0000026327 -0.0001590372 -0.0016147318 0.0000024560 -0.0001831111 -0.0015564440 0.0000000040
248 0.0000026327 0.0000024560 0.6890098325 249 0.0000019156 -0.0001187489 -0.0013789598 0.0000018898 -0.0000610370 -0.0013733329 0.0000000034
249 0.0000019156 0.0000018898 0.5013199737 250 0.0000013480 -0.0000854118 -0.0011578993 0.0000012983 -0.0001525925 -0.0011291849 0.0000000053
250 0.0000013480 0.0000012983 0.3527691809 251 0.0000009032 -0.0000582780 -0.0009485922 0.0000008420 -0.0000610370 -0.0009155553 0.0000000011
251 0.0000009032 0.0000008420 0.2364435655 252 0.0000005616 -0.0000367726 -0.0007485232 0.0000005402 -0.0000610370 -0.0007324442 0.0000000008
252 0.0000005616 0.0000005402 0.1470035518 253 0.0000003090 -0.0000204604 -0.0005555040 0.0000002776 -0.0000915555 -0.0005188147 0.0000000064
253 0.0000003090 0.0000002776 0.0808944650 254 0.0000001352 -0.0000090237 -0.0003675837 0.0000001378 -0.0000610370 -0.0003662221 0.0000000027
254 0.0000001352 0.0000001378 0.0353635536 255 0.0000000335 -0.0000022456 -0.0001829762 0.0000000158 -0.0000305185 -0.0001220740 0.0000000045
255 0.0000000335 0.0000000158 0.0087569411 