#int double real img int16 real16 img16 error
0 0.0000000000 -0.0000000000 0.0000000000 0.0000000037 -0.0000610370 0.0000000000 0.0000000037
0 0.0000000000 0.0000000037 0.0000000009 1 0.0265983527 -0.0020013654 0.1630777337 0.0000033539 0.0000305185 0.0018311106 0.0260046020
1 0.0265983527 0.0000033539 2707.2494191031 2 0.1073925311 -0.0080423569 0.3276092972 0.0000354110 -0.0010376293 0.0058595538 0.1035719636
2 0.1073925311 0.0000354110 2582.7718262120 3 0.2454500974 -0.0182353732 0.4950934948 0.0000716212 -0.0003967406 0.0084536271 0.2371365776
3 0.2454500974 0.0000716212 51812.1191314210 4 0.4461259181 -0.0327736040 0.6671220346 0.0001749959 -0.0006103702 0.0132145146 0.4286295183
4 0.4461259181 0.0001749959 45307.3317705324 5 0.7174559487 -0.0519403631 0.8454337037 0.0002860993 -0.0011291849 0.0168767357 0.6890884250
5 0.7174559487 0.0002860993 262572.1324639088 6 1.0707750395 -0.0761233308 1.0319788167 0.0004181223 -0.0015869625 0.0203863643 1.0288749598
6 1.0707750395 0.0004181223 2313.9089891935 7 1.5216401743 -0.1058350859 1.2289992306 0.0006052569 -0.0021668142 0.0245063631 1.4615501785
7 1.5216401743 0.0006052569 2043.2961714031 8 2.0911896226 -0.1417420584 1.4391312697 0.0008552010 -0.0030518509 0.0290841395 2.0074678830
8 2.0911896226 0.0008552010 49356.2756938567 9 2.8081466611 -0.1847051467 1.6655421549 0.0011374536 -0.0035401471 0.0335398419 2.6962523068
9 2.8081466611 0.0011374536 47249.3585998945 10 3.7118057167 -0.2358369837 1.9121157480 0.0015028003 -0.0049134800 0.0384533219 3.5639365514
10 3.7118057167 0.0015028003 17893.3466587311 11 4.8565595027 -0.2965836239 2.1837118988 0.0019808130 -0.0062257759 0.0440687277 4.6623805794
11 4.8565595027 0.0019808130 18601.4616641171 12 6.3189155461 -0.3688430439 2.4865378250 0.0026171510 -0.0075380718 0.0505996887 6.0643358866
12 6.3189155461 0.0026171510 274759.9583280450 13 8.2086641693 -0.4551407560 2.8286942326 0.0032988761 -0.0000305185 0.0574358348 7.8869984354
13 8.2086641693 0.0032988761 262159.9694805461 14 10.6872197687 -0.5588968698 3.2210020269 0.0044544152 -0.0115359966 0.0657368694 10.2553021399
14 10.6872197687 0.0044544152 7023.0046965543 15 13.9988685757 -0.6848448740 3.6782952674 0.0058643858 -0.0141605884 0.0752586444 13.4316903180
15 13.9988685757 0.0058643858 290171.2379058285 16 18.5263539700 -0.8397126667 4.2215206511 0.0079038814 -0.0173650319 0.0871913816 17.7689341410
16 18.5263539700 0.0079038814 304414.9141965396 17 24.8949650890 -1.0333791988 4.8813002899 0.0106606620 -0.0213629566 0.1010162664 23.8752922204
17 24.8949650890 0.0106606620 322492.7139126280 18 34.1799242137 -1.2809447070 5.7043058185 0.0147545076 -0.0266731773 0.1185033723 32.7743860386
18 34.1799242137 0.0147545076 264031.9663545080 19 48.3524177983 -1.6066834162 6.7654257958 0.0210173608 -0.0336008789 0.1410260323 46.3572608958
19 48.3524177983 0.0210173608 230065.3261396741 20 71.3363839940 -2.0522317155 8.1929682643 0.0311850456 -0.0430310984 0.1712698752 68.3845321660
20 71.3363839940 0.0311850456 359408.7369469971 21 111.8515936244 -2.6954570186 10.2267348203 0.0493138449 -0.0567339091 0.2146977142 107.2037466637
21 111.8515936244 0.0493138449 323815.0100635863 22 192.5297445349 -3.7007752142 13.3728832848 0.0854240761 -0.0780663472 0.2816553240 184.5042690576
22 192.5297445349 0.0854240761 16629.3852206370 23 387.9129119728 -5.4855858980 18.9161639697 0.1737541975 -0.1160008545 0.4003723258 371.6669837388
23 387.9129119728 0.1737541975 298195.5303526928 24 1073.4691695443 -9.5108405341 31.3530394361 0.4847833172 -0.2021240883 0.6662800989 1028.3294004872
24 1073.4691695443 0.4847833172 524319.9702129969 25 7979.3180631455 -26.9772941143 85.1559960626 1.3317833128 -0.5760063478 1.0000000000 7779.2596690177
25 7979.3180631455 1.3317833128 524319.9702129969 26 18723.2759153148 42.9220204921 -129.9268104441 1.8478857038 0.9207739494 -1.0000305185 18386.2192931356
26 18723.2759153148 1.8478857038 524319.9702129969 27 1590.6189882208 12.9742088613 -37.7132455862 0.7394220857 0.2797021393 -0.8131351665 1522.7686499005
27 1590.6189882208 0.7394220857 317344.2721381370 28 562.1968143261 7.9878908358 -22.3246593327 0.2641731106 0.1730704672 -0.4839625233 538.0874545147
28 562.1968143261 0.2641731106 339800.2353659800 29 290.4571377599 5.9380309665 -15.9748842249 0.1379614382 0.1293374432 -0.3481856746 277.9346280314
29 290.4571377599 0.1379614382 448630.5178516799 30 179.5429062576 4.8223639337 -12.5015084029 0.0864397835 0.1057466353 -0.2743308817 171.7503488755
30 179.5429062576 0.0864397835 371476.6575503951 31 123.2202213991 4.1217918125 -10.3068449903 0.0600009991 0.0909146397 -0.2274544511 117.8420844226
31 123.2202213991 0.0600009991 306267.2943473906 32 90.5564157798 3.6416589697 -8.7917424740 0.0446730569 0.0808435316 -0.1952879421 86.5784371017
32 90.5564157798 0.0446730569 284650.8186499265 33 69.8370043467 3.2925338515 -7.6809000243 0.0349643430 0.0737022004 -0.1718497269 66.7467135678
33 69.8370043467 0.0349643430 262160.0007324526 34 55.8164822837 3.0275752491 -6.8301003210 0.0283621063 0.0682393872 -0.1539658803 53.3284398137
34 55.8164822837 0.0283621063 258884.0362589445 35 45.8540190524 2.8198775742 -6.1564851595 0.0236419014 0.0639362774 -0.1398358104 43.7952818213
35 45.8540190524 0.0236419014 35527.5156534867 36 38.4993210041 2.6528861938 -5.6090565915 0.0201933946 0.0605792413 -0.1285439619 36.7560740192
36 38.4993210041 0.0201933946 0.0000155000 37 32.9005086070 2.5158573455 -5.1547037184 0.0175686445 0.0579546495 -0.1192052980 31.3975300044
37 32.9005086070 0.0175686445 0.0000155000 38 28.5296256366 2.4015148852 -4.7709906616 0.0155070100 0.0558488723 -0.1113010041 27.2148567482
38 28.5296256366 0.0155070100 0.0000155000 39 25.0448091427 2.3047562654 -4.4421737584 0.0138638891 0.0543229469 -0.1044648579 23.8801686263
39 25.0448091427 0.0138638891 175.1779525141 40 22.2164659598 2.2218977013 -4.1568782235 0.0125313990 0.0527665029 -0.0987273782 21.1737184393
40 22.2164659598 0.0125313990 17032.0860582747 41 19.8855662764 2.1502134369 -3.9066799782 0.0114826509 0.0517288736 -0.0938444166 18.9413524821
41 19.8855662764 0.0114826509 114793.4576281064 42 17.9390011782 2.0876435812 -3.6852062976 0.0105637799 0.0507827998 -0.0893581957 17.0789254148
42 17.9390011782 0.0105637799 121143.2167644898 43 16.2944547192 2.0326026966 -3.4875465584 0.0098074570 0.0498977630 -0.0855433821 15.5047444655
43 16.2944547192 0.0098074570 27459.4159688712 44 14.8908049274 1.9838508104 -3.3098551161 0.0092119572 0.0493179113 -0.0823389386 14.1592782138
44 14.8908049274 0.0092119572 92764.8965416186 45 13.6818548228 1.9404043243 -3.1490769887 0.0086785953 0.0488601337 -0.0793176061 13.0013620923
45 13.6818548228 0.0086785953 362079.9491220627 46 12.6321329064 1.9014731317 -3.0027542083 0.0082386582 0.0484023560 -0.0767845698 11.9951696251
46 12.6321329064 0.0082386582 173738.6176196399 47 11.7140158219 1.8664153688 -2.8688864552 0.0078379648 0.0484023560 -0.0741294595 11.1158379797
47 11.7140158219 0.0078379648 524319.9702129969 48 10.9057167961 1.8347042896 -2.7458290125 0.0075609847 0.0483108005 -0.0722983489 10.3389679067
48 10.9057167961 0.0075609847 524319.9702129969 49 10.1898536363 1.8059036366 -2.6322168777 0.0073052233 0.0482802820 -0.0705282754 9.6514883522
49 10.1898536363 0.0073052233 524319.9702129969 50 9.5524124729 1.7796490715 -2.5269075280 0.0070973981 0.0484633930 -0.0689107944 9.0387517958
50 9.5524124729 0.0070973981 2179.8920514822 51 8.9819866323 1.7556339928 -2.4289371988 0.0069074078 0.0493179113 -0.0668965728 8.4907504888
51 8.9819866323 0.0069074078 200621.4301731208 52 8.4692099488 1.7335985799 -2.3374870936 0.0067973719 0.0488601337 -0.0664082766 7.9961426249
52 8.4692099488 0.0067973719 221817.5602791178 53 8.0063295565 1.7133212371 -2.2518569881 0.0067898491 0.0496841334 -0.0657368694 7.5468095862
53 8.0063295565 0.0067898491 120881.6241048581 54 7.5868801236 1.6946118473 -2.1714444065 0.0066107150 0.0501113926 -0.0640278329 7.1455863605
54 7.5868801236 0.0066107150 199602.8593722898 55 7.2054328010 1.6773064029 -2.0957280434 0.0067087576 0.0511185034 -0.0639973144 6.7724168398
55 7.2054328010 0.0067087576 288088.4690484816 56 6.8573998495 1.6612626982 -2.0242544546 0.0066303346 0.0516373180 -0.0629596850 6.4375710376
56 6.8573998495 0.0066303346 41920.6465695789 57 6.5388812074 1.6463568456 -1.9566272881 0.0067091218 0.0526139103 -0.0627765740 6.1266870709
57 6.5388812074 0.0067091218 313723.3366090904 58 6.2465429748 1.6324804379 -1.8924985058 0.0067866536 0.0537736137 -0.0624103519 5.8415378881
58 6.2465429748 0.0067866536 98988.0886791885 59 5.9775204100 1.6195382213 -1.8315611810 0.0069879032 0.0552690207 -0.0627155370 5.5757530444
59 5.9775204100 0.0069879032 107194.6958194454 60 5.7293399228 1.6074461745 -1.7735435487 0.0071596347 0.0567339091 -0.0627765740 5.3314321715
60 5.7293399228 0.0071596347 489390.0332386171 61 5.4998559067 1.5961299144 -1.7182040633 0.0074204498 0.0585955382 -0.0631427961 5.1032397561
61 5.4998559067 0.0074204498 77134.4143107644 62 5.2871992540 1.5855233652 -1.6653272689 0.0077533919 0.0606402783 -0.0638447218 4.8900147771
62 5.2871992540 0.0077533919 4053.7811720801 63 5.0897351373 1.5755676412 -1.6147203303 0.0082085113 0.0631733146 -0.0649433882 4.6891451696
63 5.0897351373 0.0082085113 524319.9702129969 64 4.9060281865 1.5662101051 -1.5662101051 1.0000000000 0.0000000000 -1.0000000000 2.7736079764
64 4.9060281865 1.0000000000 524311.9697554512 65 4.7348136123 1.5574035693 -1.5196406597 0.0094651340 0.0696127201 -0.0679647206 4.3208846431
65 4.7348136123 0.0094651340 312006.6356363999 66 4.5749731343 1.5491056171 -1.4748711541 0.0103939606 0.0737937559 -0.0703451643 4.1492383439
66 4.5749731343 0.0103939606 1272.8622434178 67 4.4255148178 1.5412780223 -1.4317740310 0.0116438717 0.0790429395 -0.0734580523 3.9831537352
67 4.4255148178 0.0116438717 524311.9697554512 68 4.2855561058 1.5338862507 -1.3902334609 0.0132517726 0.0852992340 -0.0773033845 3.8221897304
68 4.2855561058 0.0132517726 512481.0054021581 69 4.1543094771 1.5268990316 -1.3501440014 0.0155018241 0.0932035279 -0.0825525681 3.6622708388
69 4.1543094771 0.0155018241 20488.4201928026 70 4.0310702732 1.5202879870 -1.3114094363 0.0187662643 0.1037018952 -0.0895107883 3.4997524616
70 4.0310702732 0.0187662643 524311.9697554512 71 3.9152063245 1.5140273103 -1.2739417680 0.0237122541 0.1178930021 -0.0990630818 3.3295309338
71 3.9152063245 0.0237122541 47040.5793820059 72 3.8061490774 1.5080934863 -1.2376603388 0.0318940619 0.1380352184 -0.1133152257 3.1412115907
72 3.8061490774 0.0318940619 445505.5847056273 73 3.7033859762 1.5024650472 -1.2024910636 0.0468308004 0.1688283944 -0.1353801080 2.9173125132
73 3.7033859762 0.0468308004 25877.6024368160 74 3.6064539008 1.4971223595 -1.1683657568 0.0790576851 0.2215948973 -0.1730704672 2.6175830201
74 3.6064539008 0.0790576851 153357.1661734331 75 3.5149334945 1.4920474354 -1.1352215400 0.1757483358 0.3337199011 -0.2537308878 2.1187484468
75 3.5149334945 0.1757483358 524311.9697554512 76 3.4284442462 1.4872237689 -1.1030003206 0.8173730378 0.7261268960 -0.5386211737 0.8977922715
76 3.4284442462 0.8173730378 6032.8345945851 77 3.3466402131 1.4826361893 -1.0716483300 1.9999389639 -1.0000000000 0.9999694815 10.4550828054
77 3.3466402131 1.9999389639 524311.9697554512 78 3.2692062905 1.4782707327 -1.0411157146 0.3054528561 -0.4519180883 0.3181554613 5.5732470146
78 3.2692062905 0.3054528561 524311.9697554512 79 3.1958549490 1.4741145279 -1.0113561725 0.0831820223 -0.2378307443 0.1631519517 4.3102259489
79 3.1958549490 0.0831820223 163071.8512363693 80 3.1263233732 1.4701556945 -0.9823266295 0.0359644647 -0.1576891385 0.1053498947 3.8329190216
80 3.1263233732 0.0359644647 45181.0397921612 81 3.0603709456 1.4663832529 -0.9539869502 0.0190868041 -0.1158177435 0.0753196814 3.5628321348
81 3.0603709456 0.0190868041 65996.9479151439 82 2.9977770299 1.4627870433 -0.9262996793 0.0113553071 -0.0900296030 0.0570085757 3.3781346612
82 2.9977770299 0.0113553071 456092.0334208042 83 2.9383390115 1.4593576535 -0.8992298098 0.0072852359 -0.0727256081 0.0446790979 3.2382431462
83 2.9383390115 0.0072852359 524311.9697554512 84 2.8818705634 1.4560863544 -0.8727445743 0.0049136421 -0.0601214637 0.0360423597 3.1247798390
84 2.8818705634 0.0049136421 29908.3165400787 85 2.8282001069 1.4529650420 -0.8468132577 0.0034717773 -0.0508743553 0.0297250282 3.0298522998
85 2.8282001069 0.0034717773 298266.4769288437 86 2.7771694425 1.4499861851 -0.8214070279 0.0024997069 -0.0434583575 0.0247199927 2.9463075367
86 2.7771694425 0.0024997069 505333.7166662996 87 2.7286325305 1.4471427780 -0.7964987825 0.0018298485 -0.0373546556 0.0208441420 2.8717820866
87 2.7286325305 0.0018298485 283954.0487297890 88 2.6824544021 1.4444282986 -0.7720630107 0.0013781230 -0.0327463607 0.0174871059 2.8054343605
88 2.6824544021 0.0013781230 25223.9286964099 89 2.6385101854 1.4418366695 -0.7480756671 0.0010279793 -0.0285042879 0.0146794031 2.7436978281
89 2.6385101854 0.0010279793 214248.5439502567 90 2.5966842325 1.4393622240 -0.7245140582 0.0008074575 -0.0253913999 0.0127567370 2.6890714042
90 2.5966842325 0.0008074575 262151.9690537583 91 2.5568693362 1.4369996738 -0.7013567379 0.0006122981 -0.0221869564 0.0109561449 2.6366152647
91 2.5568693362 0.0006122981 338936.4517812138 92 2.5189660261 1.4347440810 -0.6785834127 0.0004890301 -0.0199591052 0.0095217750 2.5896501093
92 2.5189660261 0.0004890301 316615.3094857821 93 2.4828819336 1.4325908322 -0.6561748556 0.0003849671 -0.0177922910 0.0082705161 2.5450988561
93 2.4828819336 0.0003849671 261848.9501787563 94 2.4485312209 1.4305356145 -0.6341128264 0.0002979045 -0.0158085879 0.0069277017 2.5028445104
94 2.4485312209 0.0002979045 238943.9830475850 95 2.4158340635 1.4285743942 -0.6123799994 0.0002349433 -0.0140995514 0.0060121464 2.4637169593
95 2.4158340635 0.0002349433 309801.0940050442 96 2.3847161839 1.4267033975 -0.5909598967 0.0001890561 -0.0126956999 0.0052797021 2.4273714209
96 2.3847161839 0.0001890561 307127.8455495165 97 2.3551084279 1.4249190919 -0.5698368271 0.0001485969 -0.0113223670 0.0045167394 2.3926715476
97 2.3551084279 0.0001485969 287033.3504880837 98 2.3269463816 1.4232181705 -0.5489958294 0.0001196413 -0.0101931822 0.0039674062 2.3604364459
98 2.3269463816 0.0001196413 300054.9579134182 99 2.3001700226 1.4215975366 -0.5284226211 0.0000939799 -0.0090945158 0.0033570360 2.3296693527
99 2.3001700226 0.0000939799 232478.3032854002 100 2.2747234046 1.4200542903 -0.5081035497 0.0000738118 -0.0080874050 0.0028992584 2.3007125718
100 2.2747234046 0.0000738118 262155.9692673906 101 2.2505543689 1.4185857157 -0.4880255485 0.0000512818 -0.0067751091 0.0023194067 2.2720916561
101 2.2505543689 0.0000512818 262155.9692673906 102 2.2276142825 1.4171892696 -0.4681760959 0.0000467366 -0.0062868130 0.0026856288 2.2479949213
102 2.2276142825 0.0000467366 262155.9692673906 103 2.2058578001 1.4158625706 -0.4485431767 0.0000348895 -0.0057374798 0.0014038514 2.2233990313
103 2.2058578001 0.0000348895 262156.0005185818 104 2.1852426458 1.4146033899 -0.4291152469 0.0000283447 -0.0051271096 0.0014343699 2.2010076638
104 2.1852426458 0.0000283447 1963.0467957414 105 2.1657294150 1.4134096421 -0.4098812007 0.0000234456 -0.0046693319 0.0012817774 2.1800029711
105 2.1657294150 0.0000234456 241587.2818676729 106 2.1472813930 1.4122793770 -0.3908303395 0.0000169818 -0.0039063692 0.0013122959 2.1593579143
106 2.1472813930 0.0000169818 37723.1409163493 107 2.1298643897 1.4112107724 -0.3719523433 0.0000157599 -0.0038148137 0.0010986663 2.1414644650
107 2.1298643897 0.0000157599 369469.5871461245 108 2.1134465886 1.4102021267 -0.3532372440 0.0000090763 -0.0029297769 0.0007019257 2.1222147127
108 2.1134465886 0.0000090763 302604.0937983478 109 2.0979984085 1.4092518531 -0.3346753996 0.0000076233 -0.0026856288 0.0006408887 2.1060044660
109 2.0979984085 0.0000076233 29990.4985369384 110 2.0834923779 1.4083584735 -0.3162574710 0.0000045163 -0.0020752586 0.0004577776 2.0896318615
110 2.0834923779 0.0000045163 196334.1743166781 111 2.0699030197 1.4075206133 -0.2979743997 0.0000039490 -0.0019531846 0.0003662221 2.0756235136
111 2.0699030197 0.0000039490 196505.6154162942 112 2.0572067468 1.4067369964 -0.2798173862 0.0000019457 -0.0013733329 0.0002441481 2.0612091626
112 2.0572067468 0.0000019457 150748.4917298616 113 2.0453817656 1.4060064409 -0.2617778709 0.0000014921 -0.0011902219 0.0002746666 2.0488739801
113 2.0453817656 0.0000014921 171613.0388681518 114 2.0344079899 1.4053278548 -0.2438475147 0.0000009286 -0.0009460738 0.0001831111 2.0371573085
114 2.0344079899 0.0000009286 2868.8451671768 115 2.0242669613 1.4047002324 -0.2260181812 0.0000004517 -0.0006714072 -0.0000305185 2.0261398692
115 2.0242669613 0.0000004517 104528.8408468914 116 2.0149417775 1.4041226511 -0.2082819201 0.0000002105 -0.0004577776 0.0000305185 2.0162402529
116 2.0149417775 0.0000002105 6106.6094050811 117 2.0064170279 1.4035942678 -0.1906309503 0.0000000792 -0.0002746666 0.0000610370 2.0072114191
117 2.0064170279 0.0000000792 263346.1508151178 118 1.9986787344 1.4031143168 -0.1730576449 0.0000000084 0.0000000000 0.0000915555 1.9987104316
118 1.9986787344 0.0000000084 265227.2775252635 119 1.9917142997 1.4026821066 -0.1555545163 0.0000000186 0.0001220740 0.0000610370 1.9913908454
119 1.9917142997 0.0000000186 11169.3940448526 120 1.9855124599 1.4022970182 -0.1381142012 0.0000000456 0.0002136296 0.0000000000 1.9849133613
120 1.9855124599 0.0000000456 172761.1641588073 121 1.9800632434 1.4019585029 -0.1207294479 0.0000000838 0.0002746666 -0.0000915555 1.9792710781
121 1.9800632434 0.0000000838 262473.5518811415 122 1.9753579346 1.4016660805 -0.1033931016 0.0000001490 0.0003662221 -0.0001220740 1.9743061982
122 1.9753579346 0.0000001490 7283.9755030485 123 1.9713890418 1.4014193377 -0.0860980925 0.0000003735 0.0006103702 -0.0000305185 1.9696733909
123 1.9713890418 0.0000003735 107440.5087482154 124 1.9681502706 1.4012179273 -0.0688374226 0.0000003400 0.0005798517 -0.0000610370 1.9665172101
124 1.9681502706 0.0000003400 128887.1063544787 125 1.9656365014 1.4010615664 -0.0516041532 0.0000005961 0.0007324442 -0.0002441481 1.9635595004
125 1.9656365014 0.0000005961 46182.3596769771 126 1.9638437708 1.4009500358 -0.0343913930 0.0000005830 0.0007629627 -0.0000305185 1.9617045094
126 1.9638437708 0.0000005830 168077.8420502607 127 1.9627692581 1.4008831798 -0.0171922861 0.0000003958 0.0006103702 -0.0001525925 1.9610542925
127 1.9627692581 0.0000003958 263136.3545911462 128 1.9624112746 1.4008609048 0.0000000000 0.0000000037 -0.0000610370 0.0000000000 1.9625822871
128 1.9624112746 0.0000000037 262155.9692518915 129 1.9627692581 1.4008831798 0.0171922861 0.0000005374 0.0007324442 0.0000305185 1.9607166086
129 1.9627692581 0.0000005374 262184.7718152273 130 1.9638437708 1.4009500358 0.0343913930 0.0000005830 0.0007629627 0.0000305185 1.9617045094
130 1.9638437708 0.0000005830 105315.4151498003 131 1.9656365014 1.4010615664 0.0516041532 0.0000007637 0.0008545183 0.0001831111 1.9632239011
131 1.9656365014 0.0000007637 2500.6842263767 132 1.9681502706 1.4012179273 0.0688374226 0.0000003362 0.0005798517 0.0000000000 1.9665256097
132 1.9681502706 0.0000003362 51628.9184165824 133 1.9713890418 1.4014193377 0.0860980925 0.0000005598 0.0007324442 -0.0001525925 1.9693629544
133 1.9713890418 0.0000005598 31107.1786226435 134 1.9753579346 1.4016660805 0.1033931016 0.0000001658 0.0003967406 0.0000915555 1.9742269722
134 1.9753579346 0.0000001658 262248.3063469123 135 1.9800632435 1.4019585029 0.1207294479 0.0000001341 0.0003662221 0.0000000000 1.9790365212
135 1.9800632435 0.0000001341 4878.7230308539 136 1.9855124599 1.4022970182 0.1381142012 0.0000000792 0.0002746666 0.0000610370 1.9847253506
136 1.9855124599 0.0000000792 172763.1549252142 137 1.9917142997 1.4026821066 0.1555545163 0.0000000233 0.0000915555 0.0001220740 1.9914194980
137 1.9917142997 0.0000000233 499.5807616685 138 1.9986787344 1.4031143168 0.1730576449 0.0000000084 -0.0000915555 0.0000000000 1.9989356686
138 1.9986787344 0.0000000084 29211.9601235564 139 2.0064170279 1.4035942678 0.1906309503 0.0000000969 -0.0003051851 -0.0000610370 2.0072971080
139 2.0064170279 0.0000000969 266353.6543100935 140 2.0149417775 1.4041226511 0.2082819201 0.0000002096 -0.0004577776 0.0000000000 2.0162275390
140 2.0149417775 0.0000002096 35755.9191235618 141 2.0242669613 1.4047002324 0.2260181812 0.0000003372 -0.0005798517 -0.0000305185 2.0259101295
141 2.0242669613 0.0000003372 11776.1936017579 142 2.0344079899 1.4053278548 0.2438475147 0.0000007451 -0.0008545183 -0.0001220740 2.0368700265
142 2.0344079899 0.0000007451 0.0000000009 143 2.0453817656 1.4060064409 0.2617778709 0.0000015051 -0.0012207404 -0.0001220740 2.0488799209
143 2.0453817656 0.0000015051 264626.8362025316 144 2.0572067468 1.4067369964 0.2798173862 0.0000021329 -0.0014343699 -0.0002746666 2.0613981551
144 2.0572067468 0.0000021329 150744.9294647691 145 2.0699030197 1.4075206133 0.2979743997 0.0000036734 -0.0018921476 -0.0003051851 2.0754150413
145 2.0699030197 0.0000036734 144094.0100726542 146 2.0834923779 1.4083584735 0.3162574710 0.0000050378 -0.0021973327 -0.0004577776 2.0899762311
146 2.0834923779 0.0000050378 226057.5357112017 147 2.0979984085 1.4092518531 0.3346753996 0.0000070654 -0.0025940733 -0.0005798517 2.1057050033
147 2.0979984085 0.0000070654 15814.9488925614 148 2.1134465886 1.4102021267 0.3532372440 0.0000097646 -0.0030518509 -0.0006714072 2.1225381386
148 2.1134465886 0.0000097646 285057.1250802326 149 2.1298643897 1.4112107724 0.3719523433 0.0000136000 -0.0036317026 -0.0006408887 2.1406049456
149 2.1298643897 0.0000136000 283543.9627972310 150 2.1472813930 1.4122793770 0.3908303395 0.0000168813 -0.0039674062 -0.0010681478 2.1593393754
150 2.1472813930 0.0000168813 103011.8083358968 151 2.1657294150 1.4134096421 0.4098812007 0.0000214012 -0.0044862209 -0.0011291849 2.1793582153
151 2.1657294150 0.0000214012 140792.4772966817 152 2.1852426458 1.4146033899 0.4291152469 0.0000277784 -0.0050965911 -0.0013428144 2.2008421785
152 2.1852426458 0.0000277784 279384.0158417478 153 2.2058578001 1.4158625706 0.4485431767 0.0000388422 -0.0060426649 -0.0015259255 2.2243766953
153 2.2058578001 0.0000388422 2622.9944448145 154 2.2276142825 1.4171892696 0.4681760959 0.0000440291 -0.0060121464 -0.0028077029 2.2473280090
154 2.2276142825 0.0000440291 46792.4749266629 155 2.2505543689 1.4185857157 0.4880255485 0.0000647057 -0.0075380718 -0.0028077029 2.2747463381
155 2.2505543689 0.0000647057 262155.9692669138 156 2.2747234046 1.4200542903 0.5081035497 0.0000759791 -0.0082094790 -0.0029297769 2.3010924558
156 2.2747234046 0.0000759791 219294.8544152436 157 2.3001700226 1.4215975366 0.5284226211 0.0000919802 -0.0089724418 -0.0033875546 2.3293525261
157 2.3001700226 0.0000919802 95165.7067301716 158 2.3269463816 1.4232181705 0.5489958294 0.0001203286 -0.0102847377 -0.0038148137 2.3605301949
158 2.3269463816 0.0001203286 278865.1628774062 159 2.3551084279 1.4249190919 0.5698368271 0.0001472492 -0.0112002930 -0.0046693319 2.3924962144
159 2.3551084279 0.0001472492 395912.3781375422 160 2.3847161839 1.4267033975 0.5909598967 0.0001882821 -0.0126651814 -0.0052797021 2.4272835652
160 2.3847161839 0.0001882821 307127.8768009461 161 2.4158340635 1.4285743942 0.6123799994 0.0002378166 -0.0142521439 -0.0058900723 2.4640063008
161 2.4158340635 0.0002378166 292378.3235804791 162 2.4485312209 1.4305356145 0.6341128264 0.0003006875 -0.0158696249 -0.0069887387 2.5030993333
162 2.4485312209 0.0003006875 320579.6996957926 163 2.4828819336 1.4325908322 0.6561748556 0.0003801341 -0.0176702170 -0.0082399976 2.5447042079
163 2.4828819336 0.0003801341 116654.3000699758 164 2.5189660261 1.4347440810 0.6785834127 0.0004830739 -0.0198675497 -0.0093997009 2.5892157608
164 2.5189660261 0.0004830739 7424.5200251684 165 2.5568693362 1.4369996738 0.7013567379 0.0006225238 -0.0224311045 -0.0109256264 2.6372843630
165 2.5568693362 0.0006225238 3881.2059778783 166 2.5966842325 1.4393622240 0.7245140582 0.0008035876 -0.0253913999 -0.0126041444 2.6888464233
166 2.5966842325 0.0008035876 0.0000302819 167 2.6385101854 1.4418366695 0.7480756671 0.0010296744 -0.0285653249 -0.0146183660 2.7437842134
167 2.6385101854 0.0010296744 127989.7518373501 168 2.6824544021 1.4444282986 0.7720630107 0.0013661641 -0.0325632496 -0.0174871059 2.8048934200
168 2.6824544021 0.0013661641 99902.5080538870 169 2.7286325305 1.4471427780 0.7964987825 0.0018361978 -0.0375072481 -0.0207220679 2.8720356186
169 2.7286325305 0.0018361978 241581.3751062254 170 2.7771694425 1.4499861851 0.8214070279 0.0024800920 -0.0433362835 -0.0245368816 2.9456330931
170 2.7771694425 0.0024800920 57954.1755617265 171 2.8282001069 1.4529650421 0.8468132577 0.0034581466 -0.0509353923 -0.0293893246 3.0294474818
171 2.8282001069 0.0034581466 369469.5671511565 172 2.8818705634 1.4560863544 0.8727445743 0.0048997152 -0.0600604266 -0.0359508042 3.1244283525
172 2.8818705634 0.0048997152 15471.5196962704 173 2.9383390115 1.4593576535 0.8992298098 0.0072913913 -0.0727866451 -0.0446485794 3.2383725651
173 2.9383390115 0.0072913913 1780.7935719236 174 2.9977770299 1.4627870433 0.9262996793 0.0113952745 -0.0902127140 -0.0570696127 3.3788234107
174 2.9977770299 0.0113952745 468492.1626762431 175 3.0603709456 1.4663832529 0.9539869502 0.0190892778 -0.1158482620 -0.0752891629 3.5628658837
175 3.0603709456 0.0190892778 225822.9027368164 176 3.1263233732 1.4701556945 0.9823266295 0.0359901494 -0.1577501755 -0.1053804132 3.8331841324
176 3.1263233732 0.0359901494 45183.5708610577 177 3.1958549490 1.4741145279 1.0113561725 0.0832264230 -0.2378612629 -0.1632435072 4.3105455157
177 3.1958549490 0.0832264230 22208.5453192568 178 3.2692062905 1.4782707327 1.0411157146 0.3054171126 -0.4518570513 -0.3181859798 5.5730943592
178 3.2692062905 0.3054171126 524311.9385037831 179 3.3466402131 1.4826361893 1.0716483300 2.0000000000 -1.0000000000 -1.0000000000 10.4552092517
179 3.3466402131 2.0000000000 449079.6562264346 180 3.4284442462 1.4872237689 1.1030003206 0.8172629702 0.7260963775 0.5385601367 0.8979076273
180 3.4284442462 0.8172629702 10591.7869900627 181 3.5149334945 1.4920474354 1.1352215400 0.1758355474 0.3337809381 0.2538224433 2.1184456465
181 3.5149334945 0.1758355474 113365.3086879802 182 3.6064539008 1.4971223595 1.1683657568 0.0790906783 0.2217169713 0.1730094302 2.6173931209
182 3.6064539008 0.0790906783 524312.0010071192 183 3.7033859762 1.5024650473 1.2024910636 0.0466864664 0.1686452834 0.1350749229 2.9184523799
183 3.7033859762 0.0466864664 67652.1760979868 184 3.8061490774 1.5080934863 1.2376603388 0.0318595030 0.1380352184 0.1131626331 3.1415547474
184 3.8061490774 0.0318595030 445516.7447973175 185 3.9152063245 1.5140273103 1.2739417680 0.0237076866 0.1177709281 0.0991851558 3.3295849827
185 3.9152063245 0.0237076866 524312.0010071192 186 4.0310702732 1.5202879870 1.3114094363 0.0187544730 0.1036713767 0.0894802698 3.4999135087
186 4.0310702732 0.0187544730 410726.9153688399 187 4.1543094771 1.5268990316 1.3501440014 0.0155169488 0.0932035279 0.0826441237 3.6620387372
187 4.1543094771 0.0155169488 68704.3912798656 188 4.2855561058 1.5338862507 1.3902334609 0.0132408810 0.0852076785 0.0773339030 3.8223748547
188 4.2855561058 0.0132408810 522896.2792230368 189 4.4255148178 1.5412780223 1.4317740310 0.0116338911 0.0789513840 0.0734885708 3.9833385883
189 4.4255148178 0.0116338911 524311.9385037831 190 4.5749731343 1.5491056171 1.4748711541 0.0104115636 0.0738547929 0.0704062014 4.1488867979
190 4.5749731343 0.0104115636 6649.6016810640 191 4.7348136124 1.5574035693 1.5196406597 0.0094398601 0.0694906461 0.0679036836 4.3214251150
191 4.7348136124 0.0094398601 72100.6381195636 192 4.9060281865 1.5662101051 1.5662101051 1.0000000000 0.0000000000 -1.0000000000 9.0384483967
192 4.9060281865 1.0000000000 524311.9385037831 193 5.0897351373 1.5755676412 1.6147203303 0.0081811111 0.0630817591 0.0648213141 4.6898005041
193 5.0897351373 0.0081811111 352739.1758803132 194 5.2871992540 1.5855233652 1.6653272689 0.0077641316 0.0607928709 0.0637836848 4.8897449320
194 5.2871992540 0.0077641316 12214.1483519685 195 5.4998559067 1.5961299144 1.7182040633 0.0074243048 0.0585955382 0.0631733146 5.1031387370
195 5.4998559067 0.0074243048 88320.7476892404 196 5.7293399228 1.6074461745 1.7735435487 0.0071481480 0.0567339091 0.0626850185 5.3317454403
196 5.7293399228 0.0071481480 524311.9385037831 197 5.9775204099 1.6195382213 1.8315611810 0.0069357963 0.0551774651 0.0623798334 5.5772272162
197 5.9775204099 0.0069357963 524311.9385037831 198 6.2465429747 1.6324804379 1.8924985058 0.0067676301 0.0537736137 0.0622577593 5.8420964270
198 6.2465429747 0.0067676301 21511.6861459199 199 6.5388812075 1.6463568456 1.9566272881 0.0066970223 0.0526444288 0.0626545000 6.1270521894
199 6.5388812075 0.0066970223 14135.1922409623 200 6.8573998495 1.6612626982 2.0242544546 0.0066373311 0.0516678365 0.0629902036 6.4373530812
200 6.8573998495 0.0066373311 41924.7690587773 201 7.2054328010 1.6773064029 2.0957280434 0.0066107421 0.0508438368 0.0634479812 6.7755427301
201 7.2054328010 0.0066107421 21873.7269923561 202 7.5868801236 1.6946118473 2.1714444065 0.0066546883 0.0500808741 0.0643940550 7.1441433058
202 7.5868801236 0.0066546883 153357.1474027895 203 8.0063295565 1.7133212371 2.2518569881 0.0066966273 0.0493484298 0.0652790918 7.5499284003
203 8.0063295565 0.0066966273 11490.2821919522 204 8.4692099488 1.7335985799 2.3374870936 0.0067790535 0.0489211707 0.0662251656 7.9967687187
204 8.4692099488 0.0067790535 76879.9883184614 205 8.9819866323 1.7556339928 2.4289371988 0.0069054752 0.0492568743 0.0669270913 8.4908146185
205 8.9819866323 0.0069054752 305513.4390723329 206 9.5524124728 1.7796490715 2.5269075280 0.0071114861 0.0487380596 0.0688192389 9.0382509683
206 9.5524124728 0.0071114861 7022.9075098407 207 10.1898536363 1.8059036366 2.6322168777 0.0073068169 0.0483413190 0.0704977569 9.6514301545
207 10.1898536363 0.0073068169 524311.9385037831 208 10.9057167961 1.8347042896 2.7458290125 0.0075448066 0.0482802820 0.0722067934 10.3395665052
208 10.9057167961 0.0075448066 524311.9385037831 209 11.7140158219 1.8664153688 2.8688864552 0.0078728571 0.0483413190 0.0744041261 11.1145247383
209 11.7140158219 0.0078728571 466908.9187646883 210 12.6321329063 1.9014731317 3.0027542083 0.0082440835 0.0485549486 0.0767235328 11.9949613075
210 12.6321329063 0.0082440835 181518.4354922538 211 13.6818548228 1.9404043243 3.1490769887 0.0086610984 0.0488296152 0.0792260506 13.0020396627
211 13.6818548228 0.0086610984 264558.4258532322 212 14.8908049274 1.9838508104 3.3098551161 0.0091738135 0.0492873928 0.0821253090 14.1607753242
212 14.8908049274 0.0091738135 419317.4129840777 213 16.2944547192 2.0326026966 3.4875465584 0.0098052831 0.0499282815 0.0855128636 15.5048310971
213 16.2944547192 0.0098052831 144440.0666192024 214 17.9390011782 2.0876435812 3.6852062976 0.0105592171 0.0506302072 0.0894192328 17.0791081016
214 17.9390011782 0.0105592171 105200.9367643454 215 19.8855662764 2.1502134369 3.9066799782 0.0114711987 0.0517288736 0.0937833796 18.9418179341
215 19.8855662764 0.0114711987 221250.1960979423 216 22.2164659598 2.2218977013 4.1568782235 0.0125225723 0.0527970214 0.0986663411 21.1740814415
216 22.2164659598 0.0125225723 30812.5317466445 217 25.0448091426 2.3047562654 4.4421737584 0.0138412016 0.0542313913 0.1044038209 23.8811102392
217 25.0448091426 0.0138412016 5621.7317288498 218 28.5296256367 2.4015148852 4.7709906616 0.0154833009 0.0559404279 0.1111484115 27.2158493304
218 28.5296256367 0.0154833009 66820.3645340071 219 32.9005086071 2.5158573455 5.1547037184 0.0175071548 0.0578630940 0.1189916684 31.4001315903
219 32.9005086071 0.0175071548 76782.2501793779 220 38.4993210042 2.6528861938 5.6090565915 0.0201232953 0.0605182043 0.1282998138 36.7590666492
220 38.4993210042 0.0201232953 76782.2501793779 221 45.8540190525 2.8198775742 6.1564851595 0.0236465360 0.0639057588 0.1398663289 43.7950827993
221 45.8540190525 0.0236465360 76782.2501793779 222 55.8164822837 3.0275752491 6.8301003210 0.0282954204 0.0680257576 0.1538438063 53.3313342428
222 55.8164822837 0.0282954204 241907.4177675185 223 69.8370043468 3.2925338515 7.6809000243 0.0348954432 0.0735190893 0.1717276528 66.7497257438
223 69.8370043468 0.0348954432 262184.3036650407 224 90.5564157798 3.6416589697 8.7917424740 0.0446492211 0.0808435316 0.1952269051 86.5794865093
224 90.5564157798 0.0446492211 284646.4393307004 225 123.2202213991 4.1217918125 10.3068449903 0.0600093349 0.0908841212 0.2274849696 117.8417152413
225 123.2202213991 0.0600093349 391635.5833905996 226 179.5429062575 4.8223639337 12.5015084029 0.0863226188 0.1057466353 0.2741172521 171.7555730942
226 179.5429062575 0.0863226188 395359.3154182601 227 290.4571377602 5.9380309665 15.9748842250 0.1380488947 0.1294289987 0.3482772301 277.9307029912
227 290.4571377602 0.1380488947 524311.9385037831 228 562.1968143262 7.9878908358 22.3246593327 0.2640739373 0.1730399487 0.4838709677 538.0919307904
228 562.1968143262 0.2640739373 524311.9385037831 229 1590.6189882211 12.9742088613 37.7132455862 0.7394530783 0.2795800653 0.8131962035 1522.7672447133
229 1590.6189882211 0.7394530783 524311.9385037831 230 18723.2759153160 42.9220204922 129.9268104441 1.8475388395 0.9206518754 0.9999694815 18386.2452862915
230 18723.2759153160 1.8475388395 524311.9385037831 231 7979.3180631448 -26.9772941143 -85.1559960626 1.3315724000 -0.5758232368 -1.0000000000 7779.2693377859
231 7979.3180631448 1.3315724000 524312.0010071192 232 1073.4691695443 -9.5108405341 -31.3530394361 0.4849336670 -0.2020935698 -0.6664021729 1028.3224765661
232 1073.4691695443 0.4849336670 524312.0010071192 233 387.9129119727 -5.4855858980 -18.9161639697 0.1737053262 -0.1160008545 -0.4003112888 371.6692440399
233 387.9129119727 0.1737053262 114781.9887826469 234 192.5297445345 -3.7007752142 -13.3728832848 0.0855539951 -0.0781273843 -0.2818689535 184.4982335211
234 192.5297445345 0.0855539951 241638.3616295824 235 111.8515936245 -2.6954570186 -10.2267348203 0.0492931012 -0.0565507981 -0.2146977142 107.2047130561
235 111.8515936245 0.0492931012 27459.0402222927 236 71.3363839939 -2.0522317155 -8.1929682643 0.0312216264 -0.0429700613 -0.1713919492 68.3828189736
236 71.3363839939 0.0312216264 365038.9465930667 237 48.3524177983 -1.6066834162 -6.7654257958 0.0210411427 -0.0335703604 -0.1411175878 46.3561439206
237 48.3524177983 0.0210411427 101838.7432035188 238 34.1799242136 -1.2809447070 -5.7043058185 0.0147762153 -0.0266731773 -0.1185949278 32.7733632248
238 34.1799242136 0.0147762153 263020.5923670025 239 24.8949650890 -1.0333791988 -4.8813002899 0.0107064793 -0.0214239937 -0.1012298959 23.8731263088
239 24.8949650890 0.0107064793 263683.0599950782 240 18.5263539700 -0.8397126667 -4.2215206511 0.0079145289 -0.0173650319 -0.0872524186 17.7684294505
240 18.5263539700 0.0079145289 304410.9954066658 241 13.9988685757 -0.6848448740 -3.6782952674 0.0059389865 -0.0141911069 -0.0757469405 13.4281309229
241 13.9988685757 0.0059389865 312773.5573127042 242 10.6872197686 -0.5588968698 -3.2210020269 0.0045207909 -0.0114444411 -0.0662556841 10.2521286496
242 10.6872197686 0.0045207909 60272.9547485071 243 8.2086641693 -0.4551407560 -2.8286942326 0.0033693628 -0.0000305185 -0.0580462050 7.8836158210
243 8.2086641693 0.0033693628 263867.8541946864 244 6.3189155461 -0.3688430439 -2.4865378250 0.0026419183 -0.0075380718 -0.0508438368 6.0631464870
244 6.3189155461 0.0026419183 274603.5917151748 245 4.8565595027 -0.2965836239 -2.1837118988 0.0020311243 -0.0061342204 -0.0446485794 4.6599527404
245 4.8565595027 0.0020311243 11691.3574949814 246 3.7118057166 -0.2358369837 -1.9121157480 0.0015510224 -0.0050050356 -0.0390636921 3.5616073923
246 3.7118057166 0.0015510224 154887.2467884713 247 2.8081466611 -0.1847051467 -1.6655421549 0.0011605081 -0.0038758507 -0.0338450270 2.6951347516
247 2.8081466611 0.0011605081 321200.6251459093 248 2.0911896227 -0.1417420584 -1.4391312697 0.0008723160 -0.0029297769 -0.0293893246 2.0066412013
248 2.0911896227 0.0008723160 49351.9644854838 249 1.5216401743 -0.1058350859 -1.2289992306 0.0006298332 -0.0022583697 -0.0249946593 1.4603551440
249 1.5216401743 0.0006298332 3779.0280691809 250 1.0707750395 -0.0761233308 -1.0319788167 0.0004383677 -0.0016174810 -0.0208746605 1.0278827363
250 1.0707750395 0.0004383677 15000.0849998635 251 0.7174559487 -0.0519403631 -0.8454337037 0.0002898546 -0.0009460738 -0.0169988098 0.6889047911
251 0.7174559487 0.0002898546 280833.0970465987 252 0.4461259181 -0.0327736040 -0.6671220346 0.0001839810 -0.0006103702 -0.0135502182 0.4281905928
252 0.4461259181 0.0001839810 17294.0118326493 253 0.2454500974 -0.0182353732 -0.4950934948 0.0001028178 -0.0003967406 -0.0101321451 0.2355057274
253 0.2454500974 0.0001028178 48721.3793318416 254 0.1073925311 -0.0080423569 -0.3276092972 0.0000431462 -0.0003051851 -0.0065614795 0.1031315650
254 0.1073925311 0.0000431462 2554.7295467908 255 0.0265983527 -0.0020013654 -0.1630777337 0.0000102694 -0.0000305185 -0.0032044435 0.0255633532
255 0.0265983527 0.0000102694 101295.8712872805 