#int double real img int16 real16 img16 error
0 0.0000001023 0.0003197920 0.0000000000 0.0000000931 0.0003051851 0.0000000000 0.0000000002
0 0.0000001023 0.0000000931 0.0000000931 1 0.0000001120 0.0003239278 0.0000841851 0.0000000941 0.0003051851 0.0000305185 0.0000000032
1 0.0000001120 0.0000000941 0.0000000941 2 0.0000001470 0.0003376787 0.0001816061 0.0000001164 0.0003051851 0.0001525925 0.0000000019
2 0.0000001470 0.0000001164 0.0000001164 3 0.0000002327 0.0003663369 0.0003137799 0.0000001723 0.0003357036 0.0002441481 0.0000000058
3 0.0000002327 0.0000001723 0.0000001723 4 0.0000004651 0.0004257566 0.0005327199 0.0000003958 0.0003967406 0.0004882962 0.0000000028
4 0.0000004651 0.0000003958 0.0000003958 5 0.0000014039 0.0005787662 0.0010338827 0.0000013160 0.0005493332 0.0010071108 0.0000000016
5 0.0000014039 0.0000013160 0.0000013160 6 0.0000179641 0.0015199790 0.0039564861 0.0000172585 0.0014954070 0.0038758507 0.0000000071
6 0.0000179641 0.0000172585 0.0000172585 7 0.0000084101 -0.0006882116 -0.0028171816 0.0000083759 -0.0007019257 -0.0028077029 0.0000000003
7 0.0000084101 0.0000083759 0.0000083759 8 0.0000012504 -0.0001397542 -0.0011094429 0.0000012304 -0.0001525925 -0.0010986663 0.0000000003
8 0.0000012504 0.0000012304 0.0000012304 9 0.0000005012 -0.0000149796 -0.0007078151 0.0000005374 -0.0000305185 -0.0007324442 0.0000000008
9 0.0000005012 0.0000005374 0.0000005374 10 0.0000002767 0.0000394075 -0.0005245626 0.0000003027 0.0000305185 -0.0005493332 0.0000000007
10 0.0000002767 0.0000003027 0.0000003027 11 0.0000001793 0.0000694470 -0.0004176755 0.0000001863 0.0000610370 -0.0004272591 0.0000000002
11 0.0000001793 0.0000001863 0.0000001863 12 0.0000001279 0.0000882680 -0.0003465002 0.0000001378 0.0000610370 -0.0003662221 0.0000000011
12 0.0000001279 0.0000001378 0.0000001378 13 0.0000000972 0.0001010267 -0.0002949709 0.0000000969 0.0000610370 -0.0003051851 0.0000000017
13 0.0000000972 0.0000000969 0.0000000969 14 0.0000000774 0.0001101549 -0.0002554436 0.0000000838 0.0000915555 -0.0002746666 0.0000000007
14 0.0000000774 0.0000000838 0.0000000838 15 0.0000000638 0.0001169461 -0.0002238061 0.0000000680 0.0000915555 -0.0002441481 0.0000000011
15 0.0000000638 0.0000000680 0.0000000680 16 0.0000000540 0.0001221497 -0.0001976424 0.0000000540 0.0000915555 -0.0002136296 0.0000000012
16 0.0000000540 0.0000000540 0.0000000540 17 0.0000000467 0.0001262287 -0.0001754356 0.0000000419 0.0000915555 -0.0001831111 0.0000000013
17 0.0000000467 0.0000000419 0.0000000419 18 0.0000000412 0.0001294835 -0.0001561822 0.0000000382 0.0001220740 -0.0001525925 0.0000000001
18 0.0000000412 0.0000000382 0.0000000382 19 0.0000000368 0.0001321171 -0.0001391892 0.0000000298 0.0001220740 -0.0001220740 0.0000000004
19 0.0000000368 0.0000000298 0.0000000298 20 0.0000000334 0.0001342709 -0.0001239612 0.0000000317 0.0000915555 -0.0001525925 0.0000000026
20 0.0000000334 0.0000000317 0.0000000317 21 0.0000000306 0.0001360464 -0.0001101329 0.0000000298 0.0001220740 -0.0001220740 0.0000000003
21 0.0000000306 0.0000000298 0.0000000298 22 0.0000000284 0.0001375175 -0.0000974278 0.0000000233 0.0000915555 -0.0001220740 0.0000000027
22 0.0000000284 0.0000000233 0.0000000233 23 0.0000000266 0.0001387396 -0.0000856314 0.0000000233 0.0001220740 -0.0000915555 0.0000000003
23 0.0000000266 0.0000000233 0.0000000233 24 0.0000000251 0.0001397542 -0.0000745741 0.0000000233 0.0001220740 -0.0000915555 0.0000000006
24 0.0000000251 0.0000000233 0.0000000233 25 0.0000000239 0.0001405933 -0.0000641183 0.0000000233 0.0001220740 -0.0000915555 0.0000000011
25 0.0000000239 0.0000000233 0.0000000233 26 0.0000000229 0.0001412812 -0.0000541507 0.0000000186 0.0001220740 -0.0000610370 0.0000000004
26 0.0000000229 0.0000000186 0.0000000186 27 0.0000000221 0.0001418366 -0.0000445755 0.0000000186 0.0001220740 -0.0000610370 0.0000000007
27 0.0000000221 0.0000000186 0.0000000186 28 0.0000000215 0.0001422738 -0.0000353106 0.0000000186 0.0001220740 -0.0000610370 0.0000000011
28 0.0000000215 0.0000000186 0.0000000186 29 0.0000000210 0.0001426037 -0.0000262834 0.0000000158 0.0001220740 -0.0000305185 0.0000000004
29 0.0000000210 0.0000000158 0.0000000158 30 0.0000000207 0.0001428341 -0.0000174288 0.0000000158 0.0001220740 -0.0000305185 0.0000000006
30 0.0000000207 0.0000000158 0.0000000158 31 0.0000000205 0.0001429703 -0.0000086867 0.0000000158 0.0001220740 -0.0000305185 0.0000000009
31 0.0000000205 0.0000000158 0.0000000158 32 0.0000000205 0.0001430154 0.0000000000 0.0000000149 0.0001220740 0.0000000000 0.0000000004
32 0.0000000205 0.0000000149 0.0000000149 33 0.0000000205 0.0001429703 0.0000086867 0.0000000149 0.0001220740 0.0000000000 0.0000000005
33 0.0000000205 0.0000000149 0.0000000149 34 0.0000000207 0.0001428341 0.0000174288 0.0000000149 0.0001220740 0.0000000000 0.0000000007
34 0.0000000207 0.0000000149 0.0000000149 35 0.0000000210 0.0001426037 0.0000262834 0.0000000158 0.0001220740 0.0000305185 0.0000000004
35 0.0000000210 0.0000000158 0.0000000158 36 0.0000000215 0.0001422738 0.0000353106 0.0000000158 0.0001220740 0.0000305185 0.0000000004
36 0.0000000215 0.0000000158 0.0000000158 37 0.0000000221 0.0001418366 0.0000445755 0.0000000158 0.0001220740 0.0000305185 0.0000000006
37 0.0000000221 0.0000000158 0.0000000158 38 0.0000000229 0.0001412812 0.0000541507 0.0000000158 0.0001220740 0.0000305185 0.0000000009
38 0.0000000229 0.0000000158 0.0000000158 39 0.0000000239 0.0001405933 0.0000641183 0.0000000158 0.0001220740 0.0000305185 0.0000000015
39 0.0000000239 0.0000000158 0.0000000158 40 0.0000000251 0.0001397542 0.0000745741 0.0000000186 0.0001220740 0.0000610370 0.0000000005
40 0.0000000251 0.0000000186 0.0000000186 41 0.0000000266 0.0001387396 0.0000856314 0.0000000186 0.0001220740 0.0000610370 0.0000000009
41 0.0000000266 0.0000000186 0.0000000186 42 0.0000000284 0.0001375175 0.0000974278 0.0000000233 0.0001220740 0.0000915555 0.0000000003
42 0.0000000284 0.0000000233 0.0000000233 43 0.0000000306 0.0001360464 0.0001101329 0.0000000168 0.0000915555 0.0000915555 0.0000000023
43 0.0000000306 0.0000000168 0.0000000168 44 0.0000000334 0.0001342709 0.0001239612 0.0000000298 0.0001220740 0.0001220740 0.0000000002
44 0.0000000334 0.0000000298 0.0000000298 45 0.0000000368 0.0001321171 0.0001391892 0.0000000233 0.0001220740 0.0000915555 0.0000000024
45 0.0000000368 0.0000000233 0.0000000233 46 0.0000000412 0.0001294835 0.0001561822 0.0000000382 0.0001220740 0.0001525925 0.0000000001
46 0.0000000412 0.0000000382 0.0000000382 47 0.0000000467 0.0001262287 0.0001754356 0.0000000419 0.0000915555 0.0001831111 0.0000000013
47 0.0000000467 0.0000000419 0.0000000419 48 0.0000000540 0.0001221497 0.0001976424 0.0000000419 0.0000915555 0.0001831111 0.0000000011
48 0.0000000540 0.0000000419 0.0000000419 49 0.0000000638 0.0001169461 0.0002238061 0.0000000540 0.0000915555 0.0002136296 0.0000000007
49 0.0000000638 0.0000000540 0.0000000540 50 0.0000000774 0.0001101549 0.0002554436 0.0000000680 0.0000915555 0.0002441481 0.0000000005
50 0.0000000774 0.0000000680 0.0000000680 51 0.0000000972 0.0001010267 0.0002949709 0.0000000792 0.0000610370 0.0002746666 0.0000000020
51 0.0000000972 0.0000000792 0.0000000792 52 0.0000001279 0.0000882680 0.0003465002 0.0000001164 0.0000610370 0.0003357036 0.0000000009
52 0.0000001279 0.0000001164 0.0000001164 53 0.0000001793 0.0000694470 0.0004176755 0.0000001583 0.0000305185 0.0003967406 0.0000000020
53 0.0000001793 0.0000001583 0.0000001583 54 0.0000002767 0.0000394075 0.0005245626 0.0000002701 0.0000305185 0.0005188147 0.0000000001
54 0.0000002767 0.0000002701 0.0000002701 55 0.0000005012 -0.0000149796 0.0007078151 0.0000004517 -0.0000305185 0.0006714072 0.0000000016
55 0.0000005012 0.0000004517 0.0000004517 56 0.0000012504 -0.0001397542 0.0011094429 0.0000011642 -0.0001525925 0.0010681478 0.0000000019
56 0.0000012504 0.0000011642 0.0000011642 57 0.0000084101 -0.0006882116 0.0028171816 0.0000082055 -0.0007019257 0.0027771844 0.0000000018
57 0.0000084101 0.0000082055 0.0000082055 58 0.0000179641 0.0015199790 -0.0039564861 0.0000174960 0.0014954070 -0.0039063692 0.0000000031
58 0.0000179641 0.0000174960 0.0000174960 59 0.0000014039 0.0005787662 -0.0010338827 0.0000013784 0.0005493332 -0.0010376293 0.0000000009
59 0.0000014039 0.0000013784 0.0000013784 60 0.0000004651 0.0004257566 -0.0005327199 0.0000004592 0.0003967406 -0.0005493332 0.0000000011
60 0.0000004651 0.0000004592 0.0000004592 61 0.0000002327 0.0003663369 -0.0003137799 0.0000002254 0.0003357036 -0.0003357036 0.0000000014
61 0.0000002327 0.0000002254 0.0000002254 62 0.0000001470 0.0003376787 -0.0001816061 0.0000001267 0.0003051851 -0.0001831111 0.0000000011
62 0.0000001470 0.0000001267 0.0000001267 63 0.0000001120 0.0003239278 -0.0000841851 0.0000001015 0.0003051851 -0.0000915555 0.0000000004
63 0.0000001120 0.0000001015 0.0000001015 