#int double real img int16 real16 img16 error
0 0.0000000000 -0.0000000000 0.0000000000 0.0000000931 -0.0003051851 0.0000000000 0.0000000931
0 0.0000000000 0.0000000931 0.0000000000 1 0.0000000008 -0.0000003559 0.0000289998 0.0000002030 -0.0002136296 -0.0003967406 0.0000002267
1 0.0000000008 0.0000002030 0.0002076538 2 0.0000000034 -0.0000014302 0.0000582581 0.0000001937 -0.0003662221 -0.0002441481 0.0000002245
2 0.0000000034 0.0000001937 0.0008630804 3 0.0000000078 -0.0000032428 0.0000880415 0.0000001388 -0.0002136296 -0.0003051851 0.0000001989
3 0.0000000078 0.0000001388 0.0019725098 4 0.0000000141 -0.0000058281 0.0001186329 0.0000000671 -0.0001831111 -0.0001831111 0.0000001225
4 0.0000000141 0.0000000671 0.0036358761 5 0.0000000227 -0.0000092364 0.0001503417 0.0000000680 -0.0002441481 -0.0000915555 0.0000001137
5 0.0000000227 0.0000000680 0.0058316022 6 0.0000000339 -0.0000135369 0.0001835147 0.0000000540 -0.0002136296 -0.0000915555 0.0000001157
6 0.0000000339 0.0000000540 0.0087370282 7 0.0000000481 -0.0000188204 0.0002185504 0.0000000941 -0.0003051851 -0.0000305185 0.0000001440
7 0.0000000481 0.0000000941 0.0124092682 8 0.0000000661 -0.0000252057 0.0002559178 0.0000000540 -0.0002136296 0.0000915555 0.0000000625
8 0.0000000661 0.0000000540 0.0170959331 9 0.0000000888 -0.0000328457 0.0002961799 0.0000000494 -0.0002136296 0.0000610370 0.0000000880
9 0.0000000888 0.0000000494 0.0229250066 10 0.0000001174 -0.0000419384 0.0003400276 0.0000000494 -0.0002136296 0.0000610370 0.0000001073
10 0.0000001174 0.0000000494 0.0303147097 11 0.0000001536 -0.0000527409 0.0003883250 0.0000000829 -0.0002441481 0.0001525925 0.0000000922
11 0.0000001536 0.0000000829 0.0397074588 12 0.0000001998 -0.0000655906 0.0004421759 0.0000000903 -0.0002746666 0.0001220740 0.0000001462
12 0.0000001998 0.0000000903 0.0516795365 13 0.0000002596 -0.0000809367 0.0005030209 0.0000001090 -0.0002746666 0.0001831111 0.0000001399
13 0.0000002596 0.0000001090 0.0671206487 14 0.0000003380 -0.0000993875 0.0005727842 0.0000001723 -0.0003357036 0.0002441481 0.0000001638
14 0.0000003380 0.0000001723 0.0874434082 15 0.0000004427 -0.0001217846 0.0006541037 0.0000003400 -0.0004272591 0.0003967406 0.0000001596
15 0.0000004427 0.0000003400 0.1146106497 16 0.0000005859 -0.0001493244 0.0007507043 0.0000004443 -0.0001831111 0.0006408887 0.0000000132
16 0.0000005859 0.0000004443 0.1517267417 17 0.0000007872 -0.0001837637 0.0008680316 0.0000006054 -0.0001525925 0.0007629627 0.0000000120
17 0.0000007872 0.0000006054 0.2039031533 18 0.0000010809 -0.0002277878 0.0010143850 0.0000008764 -0.0003051851 0.0008850368 0.0000000227
18 0.0000010809 0.0000008764 0.2800099956 19 0.0000015290 -0.0002857132 0.0012030817 0.0000014204 -0.0002746666 0.0011597034 0.0000000020
19 0.0000015290 0.0000014204 0.3960585973 20 0.0000022559 -0.0003649441 0.0014569387 0.0000020202 -0.0003662221 0.0013733329 0.0000000070
20 0.0000022559 0.0000020202 0.5842982577 21 0.0000035371 -0.0004793276 0.0018185992 0.0000031900 -0.0005188147 0.0017090365 0.0000000136
21 0.0000035371 0.0000031900 0.9162615176 22 0.0000060883 -0.0006581012 0.0023780723 0.0000056823 -0.0007629627 0.0022583697 0.0000000253
22 0.0000060883 0.0000056823 1.5772686957 23 0.0000122669 -0.0009754904 0.0033638225 0.0000108953 -0.0010071108 0.0031434065 0.0000000496
23 0.0000122669 0.0000108953 3.1779295836 24 0.0000339461 -0.0016912932 0.0055754464 0.0000326598 -0.0016785180 0.0054628132 0.0000000128
24 0.0000339461 0.0000326598 8.7952052446 25 0.0002523282 -0.0047973167 0.0151431154 0.0002447600 -0.0047914060 0.0148930326 0.0000000626
25 0.0002523282 0.0002447600 65.3775732557 26 0.0005920820 0.0076327345 -0.0231046172 0.0005877321 0.0075380718 -0.0230414747 0.0000000129
26 0.0005920820 0.0005877321 153.4112607240 27 0.0000502998 0.0023071768 -0.0067064688 0.0000515612 0.0021973327 -0.0068361461 0.0000000289
27 0.0000502998 0.0000515612 13.0323683929 28 0.0000177782 0.0014204702 -0.0039699482 0.0000184460 0.0013122959 -0.0040894803 0.0000000260
28 0.0000177782 0.0000184460 4.6063577446 29 0.0000091851 0.0010559478 -0.0028407808 0.0000095979 0.0010071108 -0.0029297769 0.0000000103
29 0.0000091851 0.0000095979 2.3797079885 30 0.0000056776 0.0008575510 -0.0022231175 0.0000060093 0.0007934812 -0.0023194067 0.0000000134
30 0.0000056776 0.0000060093 1.4711582822 31 0.0000038966 0.0007329698 -0.0018328450 0.0000041074 0.0006408887 -0.0019226661 0.0000000165
31 0.0000038966 0.0000041074 1.0095241882 32 0.0000028636 0.0006475887 -0.0015634175 0.0000027243 0.0005493332 -0.0015564440 0.0000000097
32 0.0000028636 0.0000027243 0.7419632325 33 0.0000022084 0.0005855045 -0.0013658786 0.0000021878 0.0005493332 -0.0013733329 0.0000000014
33 0.0000022084 0.0000021878 0.5722766269 34 0.0000017651 0.0005383875 -0.0012145827 0.0000020583 0.0005798517 -0.0013122959 0.0000000113
34 0.0000017651 0.0000020583 0.4573954506 35 0.0000014500 0.0005014530 -0.0010947951 0.0000016551 0.0004882962 -0.0011902219 0.0000000093
35 0.0000014500 0.0000016551 0.3757249453 36 0.0000012175 0.0004717573 -0.0009974470 0.0000013235 0.0004272591 -0.0010681478 0.0000000070
36 0.0000012175 0.0000013235 0.3154424601 37 0.0000010404 0.0004473897 -0.0009166503 0.0000011111 0.0003967406 -0.0009765923 0.0000000062
37 0.0000010404 0.0000011111 0.2695744546 38 0.0000009022 0.0004270564 -0.0008484154 0.0000010078 0.0003357036 -0.0009460738 0.0000000179
38 0.0000009022 0.0000010078 0.2338042840 39 0.0000007920 0.0004098501 -0.0007899426 0.0000008131 0.0003662221 -0.0008239998 0.0000000031
39 0.0000007920 0.0000008131 0.2051436120 40 0.0000007025 0.0003951155 -0.0007392091 0.0000008122 0.0004272591 -0.0007934812 0.0000000040
40 0.0000007025 0.0000008122 0.1819880089 41 0.0000006288 0.0003823680 -0.0006947169 0.0000007395 0.0003967406 -0.0007629627 0.0000000049
41 0.0000006288 0.0000007395 0.1629838600 42 0.0000005673 0.0003712414 -0.0006553326 0.0000007228 0.0003051851 -0.0007934812 0.0000000234
42 0.0000005673 0.0000007228 0.1469336173 43 0.0000005153 0.0003614536 -0.0006201832 0.0000005449 0.0003662221 -0.0006408887 0.0000000005
43 0.0000005153 0.0000005449 0.1335298800 44 0.0000004709 0.0003527841 -0.0005885847 0.0000005849 0.0003662221 -0.0006714072 0.0000000070
44 0.0000004709 0.0000005849 0.1220023664 45 0.0000004327 0.0003450581 -0.0005599939 0.0000004322 0.0002441481 -0.0006103702 0.0000000127
45 0.0000004327 0.0000004322 0.1120405230 46 0.0000003995 0.0003381351 -0.0005339736 0.0000004145 0.0003357036 -0.0005493332 0.0000000002
46 0.0000003995 0.0000004145 0.1034527773 47 0.0000003704 0.0003319008 -0.0005101682 0.0000003623 0.0003051851 -0.0005188147 0.0000000008
47 0.0000003704 0.0000003623 0.0959480721 48 0.0000003449 0.0003262617 -0.0004882851 0.0000003958 0.0002441481 -0.0005798517 0.0000000151
48 0.0000003449 0.0000003958 0.0893262317 49 0.0000003222 0.0003211401 -0.0004680817 0.0000003511 0.0003357036 -0.0004882962 0.0000000006
49 0.0000003222 0.0000003511 0.0834797051 50 0.0000003021 0.0003164713 -0.0004493548 0.0000003772 0.0002746666 -0.0005493332 0.0000000117
50 0.0000003021 0.0000003772 0.0782700949 51 0.0000002840 0.0003122008 -0.0004319329 0.0000002161 0.0001831111 -0.0004272591 0.0000000167
51 0.0000002840 0.0000002161 0.0735499385 52 0.0000002678 0.0003082823 -0.0004156705 0.0000002580 0.0002746666 -0.0004272591 0.0000000013
52 0.0000002678 0.0000002580 0.0694039887 53 0.0000002532 0.0003046764 -0.0004004431 0.0000004489 0.0003357036 -0.0005798517 0.0000000332
53 0.0000002532 0.0000004489 0.0656273085 54 0.0000002399 0.0003013493 -0.0003861435 0.0000003139 0.0002746666 -0.0004882962 0.0000000111
54 0.0000002399 0.0000003139 0.0621242154 55 0.0000002279 0.0002982719 -0.0003726790 0.0000003511 0.0003357036 -0.0004882962 0.0000000148
55 0.0000002279 0.0000003511 0.0590302055 56 0.0000002169 0.0002954189 -0.0003599690 0.0000001881 0.0002746666 -0.0003357036 0.0000000010
56 0.0000002169 0.0000001881 0.0561320266 57 0.0000002068 0.0002927682 -0.0003479430 0.0000002841 0.0002136296 -0.0004882962 0.0000000260
57 0.0000002068 0.0000002841 0.0535260894 58 0.0000001975 0.0002903006 -0.0003365391 0.0000002757 0.0003051851 -0.0004272591 0.0000000085
58 0.0000001975 0.0000002757 0.0511363551 59 0.0000001890 0.0002879991 -0.0003257028 0.0000002701 0.0003357036 -0.0003967406 0.0000000073
59 0.0000001890 0.0000002701 0.0489217863 60 0.0000001812 0.0002858488 -0.0003153856 0.0000001723 0.0002441481 -0.0003357036 0.0000000022
60 0.0000001812 0.0000001723 0.0468709261 61 0.0000001739 0.0002838365 -0.0003055447 0.0000003316 0.0003051851 -0.0004882962 0.0000000339
61 0.0000001739 0.0000003316 0.0450065504 62 0.0000001672 0.0002819504 -0.0002961417 0.0000002096 0.0002746666 -0.0003662221 0.0000000050
62 0.0000001672 0.0000002096 0.0432134438 63 0.0000001610 0.0002801799 -0.0002871424 0.0000001881 0.0002746666 -0.0003357036 0.0000000024
63 0.0000001610 0.0000001881 0.0416113446 64 0.0000001551 0.0002785159 -0.0002785159 0.0000001351 0.0002441481 -0.0002746666 0.0000000012
64 0.0000001551 0.0000001351 0.0400958105 65 0.0000001497 0.0002769499 -0.0002702346 0.0000001351 0.0002746666 -0.0002441481 0.0000000007
65 0.0000001497 0.0000001351 0.0386881488 66 0.0000001447 0.0002754743 -0.0002622733 0.0000001090 0.0002746666 -0.0001831111 0.0000000063
66 0.0000001447 0.0000001090 0.0373913538 67 0.0000001399 0.0002740823 -0.0002546094 0.0000001192 0.0002441481 -0.0002441481 0.0000000010
67 0.0000001399 0.0000001192 0.0361604893 68 0.0000001355 0.0002727678 -0.0002472224 0.0000001388 0.0003051851 -0.0002136296 0.0000000022
68 0.0000001355 0.0000001388 0.0349684774 69 0.0000001314 0.0002715253 -0.0002400933 0.0000001211 0.0002136296 -0.0002746666 0.0000000045
69 0.0000001314 0.0000001211 0.0338670718 70 0.0000001275 0.0002703497 -0.0002332052 0.0000001388 0.0003051851 -0.0002136296 0.0000000016
70 0.0000001275 0.0000001388 0.0328399028 71 0.0000001238 0.0002692364 -0.0002265424 0.0000001211 0.0002746666 -0.0002136296 0.0000000002
71 0.0000001238 0.0000001211 0.0318539679 72 0.0000001204 0.0002681812 -0.0002200906 0.0000001052 0.0002441481 -0.0002136296 0.0000000006
72 0.0000001204 0.0000001052 0.0309357311 73 0.0000001171 0.0002671803 -0.0002138365 0.0000001211 0.0002746666 -0.0002136296 0.0000000001
73 0.0000001171 0.0000001211 0.0300274797 74 0.0000001140 0.0002662302 -0.0002077681 0.0000000745 0.0002441481 -0.0001220740 0.0000000078
74 0.0000001140 0.0000000745 0.0291022875 75 0.0000001112 0.0002653277 -0.0002018741 0.0000000931 0.0002441481 -0.0001831111 0.0000000008
75 0.0000001112 0.0000000931 0.0281489554 76 0.0000001084 0.0002644699 -0.0001961443 0.0000000931 0.0002441481 -0.0001831111 0.0000000006
76 0.0000001084 0.0000000931 0.0266014424 77 0.0000001058 0.0002636541 -0.0001905690 0.0000001080 0.0003051851 -0.0001220740 0.0000000064
77 0.0000001058 0.0000001080 0.0337390873 78 0.0000001034 0.0002628778 -0.0001851395 0.0000001211 0.0002746666 -0.0002136296 0.0000000010
78 0.0000001034 0.0000001211 0.0277746294 79 0.0000001011 0.0002621388 -0.0001798474 0.0000000745 0.0002441481 -0.0001220740 0.0000000037
79 0.0000001011 0.0000000745 0.0267250756 80 0.0000000989 0.0002614348 -0.0001746851 0.0000000913 0.0002136296 -0.0002136296 0.0000000038
80 0.0000000989 0.0000000913 0.0259945761 81 0.0000000968 0.0002607639 -0.0001696455 0.0000001090 0.0002746666 -0.0001831111 0.0000000004
81 0.0000000968 0.0000001090 0.0253629444 82 0.0000000948 0.0002601244 -0.0001647220 0.0000000689 0.0002136296 -0.0001525925 0.0000000023
82 0.0000000948 0.0000000689 0.0247911016 83 0.0000000929 0.0002595146 -0.0001599082 0.0000000931 0.0002441481 -0.0001831111 0.0000000008
83 0.0000000929 0.0000000931 0.0242388216 84 0.0000000911 0.0002589328 -0.0001551984 0.0000000540 0.0002136296 -0.0000915555 0.0000000061
84 0.0000000911 0.0000000540 0.0237552419 85 0.0000000894 0.0002583778 -0.0001505871 0.0000000745 0.0002441481 -0.0001220740 0.0000000010
85 0.0000000894 0.0000000745 0.0233078119 86 0.0000000878 0.0002578481 -0.0001460691 0.0000000671 0.0001831111 -0.0001831111 0.0000000070
86 0.0000000878 0.0000000671 0.0228531535 87 0.0000000863 0.0002573424 -0.0001416397 0.0000001090 0.0002746666 -0.0001831111 0.0000000020
87 0.0000000863 0.0000001090 0.0224606813 88 0.0000000848 0.0002568597 -0.0001372944 0.0000000419 0.0001831111 -0.0000915555 0.0000000075
88 0.0000000848 0.0000000419 0.0220750567 89 0.0000000834 0.0002563988 -0.0001330288 0.0000000838 0.0002746666 -0.0000915555 0.0000000021
89 0.0000000834 0.0000000838 0.0217000526 90 0.0000000821 0.0002559588 -0.0001288388 0.0000000494 0.0002136296 -0.0000610370 0.0000000064
90 0.0000000821 0.0000000494 0.0213587542 91 0.0000000809 0.0002555387 -0.0001247208 0.0000000121 0.0000915555 -0.0000610370 0.0000000309
91 0.0000000809 0.0000000121 0.0210068102 92 0.0000000797 0.0002551376 -0.0001206711 0.0000000373 0.0001831111 -0.0000610370 0.0000000087
92 0.0000000797 0.0000000373 0.0207035400 93 0.0000000785 0.0002547547 -0.0001166862 0.0000000540 0.0002136296 -0.0000915555 0.0000000023
93 0.0000000785 0.0000000540 0.0204042179 94 0.0000000774 0.0002543892 -0.0001127630 0.0000000270 0.0001525925 -0.0000610370 0.0000000130
94 0.0000000774 0.0000000270 0.0201289311 95 0.0000000764 0.0002540404 -0.0001088983 0.0000000382 0.0001525925 -0.0001220740 0.0000000105
95 0.0000000764 0.0000000382 0.0198392246 96 0.0000000754 0.0002537077 -0.0001050892 0.0000000484 0.0001831111 -0.0001220740 0.0000000053
96 0.0000000754 0.0000000484 0.0195922227 97 0.0000000745 0.0002533904 -0.0001013329 0.0000000242 0.0001525925 -0.0000305185 0.0000000152
97 0.0000000745 0.0000000242 0.0193488356 98 0.0000000736 0.0002530880 -0.0000976268 0.0000000419 0.0001831111 -0.0000915555 0.0000000049
98 0.0000000736 0.0000000419 0.0191111951 99 0.0000000727 0.0002527998 -0.0000939683 0.0000000466 0.0001525925 -0.0001525925 0.0000000135
99 0.0000000727 0.0000000466 0.0188978598 100 0.0000000719 0.0002525253 -0.0000903550 0.0000000540 0.0002136296 -0.0000915555 0.0000000015
100 0.0000000719 0.0000000540 0.0186971112 101 0.0000000712 0.0002522642 -0.0000867846 0.0000000484 0.0001831111 -0.0001220740 0.0000000060
101 0.0000000712 0.0000000484 0.0184739304 102 0.0000000704 0.0002520158 -0.0000832548 0.0000000969 0.0003051851 0.0000610370 0.0000000236
102 0.0000000704 0.0000000969 0.0183047211 103 0.0000000698 0.0002517799 -0.0000797635 0.0000000540 0.0002136296 -0.0000915555 0.0000000016
103 0.0000000698 0.0000000540 0.0181467591 104 0.0000000691 0.0002515560 -0.0000763087 0.0000000456 0.0002136296 0.0000000000 0.0000000073
104 0.0000000691 0.0000000456 0.0179388603 105 0.0000000685 0.0002513437 -0.0000728883 0.0000000345 0.0001831111 -0.0000305185 0.0000000065
105 0.0000000685 0.0000000345 0.0177620808 106 0.0000000679 0.0002511427 -0.0000695006 0.0000000494 0.0002136296 -0.0000610370 0.0000000015
106 0.0000000679 0.0000000494 0.0176302394 107 0.0000000674 0.0002509527 -0.0000661435 0.0000000084 0.0000915555 0.0000000000 0.0000000298
107 0.0000000674 0.0000000084 0.0174492044 108 0.0000000668 0.0002507733 -0.0000628155 0.0000000792 0.0002746666 -0.0000610370 0.0000000006
108 0.0000000668 0.0000000792 0.0173548296 109 0.0000000663 0.0002506044 -0.0000595146 0.0000000270 0.0001525925 -0.0000610370 0.0000000096
109 0.0000000663 0.0000000270 0.0172248304 110 0.0000000659 0.0002504455 -0.0000562394 0.0000000186 0.0001220740 -0.0000610370 0.0000000165
110 0.0000000659 0.0000000186 0.0170911560 111 0.0000000655 0.0002502965 -0.0000529882 0.0000000084 0.0000915555 0.0000000000 0.0000000280
111 0.0000000655 0.0000000084 0.0170029134 112 0.0000000651 0.0002501571 -0.0000497593 0.0000000466 0.0002136296 -0.0000305185 0.0000000017
112 0.0000000651 0.0000000466 0.0168870266 113 0.0000000647 0.0002500272 -0.0000465514 0.0000000596 0.0002441481 0.0000000000 0.0000000022
113 0.0000000647 0.0000000596 0.0167706125 114 0.0000000643 0.0002499066 -0.0000433629 0.0000000764 0.0002746666 -0.0000305185 0.0000000008
114 0.0000000643 0.0000000764 0.0167058341 115 0.0000000640 0.0002497950 -0.0000401923 0.0000000456 0.0002136296 0.0000000000 0.0000000029
115 0.0000000640 0.0000000456 0.0166112675 116 0.0000000637 0.0002496922 -0.0000370383 0.0000000456 0.0002136296 0.0000000000 0.0000000027
116 0.0000000637 0.0000000456 0.0165269348 117 0.0000000634 0.0002495983 -0.0000338995 0.0000000419 0.0001831111 -0.0000915555 0.0000000077
117 0.0000000634 0.0000000419 0.0164696885 118 0.0000000632 0.0002495129 -0.0000307745 0.0000000456 0.0002136296 0.0000000000 0.0000000022
118 0.0000000632 0.0000000456 0.0163932464 119 0.0000000630 0.0002494361 -0.0000276619 0.0000000335 0.0001831111 0.0000000000 0.0000000052
119 0.0000000630 0.0000000335 0.0163470286 120 0.0000000628 0.0002493676 -0.0000245606 0.0000000345 0.0001831111 -0.0000305185 0.0000000044
120 0.0000000628 0.0000000345 0.0162924460 121 0.0000000626 0.0002493074 -0.0000214691 0.0000000466 0.0002136296 -0.0000305185 0.0000000014
121 0.0000000626 0.0000000466 0.0162529509 122 0.0000000625 0.0002492554 -0.0000183862 0.0000000149 0.0001220740 0.0000000000 0.0000000165
122 0.0000000625 0.0000000149 0.0161975422 123 0.0000000623 0.0002492115 -0.0000153106 0.0000000335 0.0001831111 0.0000000000 0.0000000046
123 0.0000000623 0.0000000335 0.0161868686 124 0.0000000622 0.0002491757 -0.0000122412 0.0000000456 0.0002136296 0.0000000000 0.0000000014
124 0.0000000622 0.0000000456 0.0161572209 125 0.0000000622 0.0002491479 -0.0000091767 0.0000000456 0.0002136296 0.0000000000 0.0000000013
125 0.0000000622 0.0000000456 0.0161318501 126 0.0000000621 0.0002491281 -0.0000061158 0.0000000233 0.0001525925 0.0000000000 0.0000000094
126 0.0000000621 0.0000000233 0.0161120863 127 0.0000000621 0.0002491162 -0.0000030573 0.0000000242 0.0001525925 0.0000305185 0.0000000104
127 0.0000000621 0.0000000242 0.0161050078 128 0.0000000621 0.0002491122 0.0000000000 0.0000000456 0.0002136296 0.0000000000 0.0000000013
128 0.0000000621 0.0000000456 0.0161103316 129 0.0000000621 0.0002491162 0.0000030573 0.0000000596 0.0002441481 0.0000000000 0.0000000000
129 0.0000000621 0.0000000596 0.0161203159 130 0.0000000621 0.0002491281 0.0000061158 0.0000000456 0.0002136296 0.0000000000 0.0000000013
130 0.0000000621 0.0000000456 0.0161120863 131 0.0000000622 0.0002491479 0.0000091767 0.0000000605 0.0002441481 0.0000305185 0.0000000005
131 0.0000000622 0.0000000605 0.0161243879 132 0.0000000622 0.0002491757 0.0000122412 0.0000000754 0.0002746666 0.0000000000 0.0000000008
132 0.0000000622 0.0000000754 0.0161560837 133 0.0000000623 0.0002492115 0.0000153106 0.0000000242 0.0001525925 -0.0000305185 0.0000000114
133 0.0000000623 0.0000000242 0.0161713704 134 0.0000000625 0.0002492554 0.0000183862 0.0000000596 0.0002441481 0.0000000000 0.0000000004
134 0.0000000625 0.0000000596 0.0162136113 135 0.0000000626 0.0002493074 0.0000214691 0.0000000792 0.0002746666 0.0000610370 0.0000000022
135 0.0000000626 0.0000000792 0.0162691280 136 0.0000000628 0.0002493676 0.0000245606 0.0000000335 0.0001831111 0.0000000000 0.0000000050
136 0.0000000628 0.0000000335 0.0163056558 137 0.0000000630 0.0002494361 0.0000276619 0.0000000345 0.0001831111 0.0000305185 0.0000000044
137 0.0000000630 0.0000000345 0.0163703066 138 0.0000000632 0.0002495129 0.0000307745 0.0000000335 0.0001831111 0.0000000000 0.0000000054
138 0.0000000632 0.0000000335 0.0164010039 139 0.0000000634 0.0002495983 0.0000338995 0.0000000494 0.0002136296 0.0000610370 0.0000000020
139 0.0000000634 0.0000000494 0.0164707419 140 0.0000000637 0.0002496922 0.0000370383 0.0000000605 0.0002441481 0.0000305185 0.0000000001
140 0.0000000637 0.0000000605 0.0165436130 141 0.0000000640 0.0002497950 0.0000401923 0.0000000345 0.0001831111 0.0000305185 0.0000000045
141 0.0000000640 0.0000000345 0.0165994771 142 0.0000000643 0.0002499066 0.0000433629 0.0000000605 0.0002441481 0.0000305185 0.0000000002
142 0.0000000643 0.0000000605 0.0167149561 143 0.0000000647 0.0002500272 0.0000465514 0.0000000456 0.0002136296 0.0000000000 0.0000000035
143 0.0000000647 0.0000000456 0.0167890501 144 0.0000000651 0.0002501571 0.0000497593 0.0000000233 0.0001525925 0.0000000000 0.0000000120
144 0.0000000651 0.0000000233 0.0168699236 145 0.0000000655 0.0002502965 0.0000529882 0.0000000149 0.0001220740 0.0000000000 0.0000000192
145 0.0000000655 0.0000000149 0.0169779152 146 0.0000000659 0.0002504455 0.0000562394 0.0000000494 0.0002136296 0.0000610370 0.0000000014
146 0.0000000659 0.0000000494 0.0170851170 147 0.0000000663 0.0002506044 0.0000595146 0.0000000233 0.0001220740 0.0000915555 0.0000000175
147 0.0000000663 0.0000000233 0.0172289257 148 0.0000000668 0.0002507733 0.0000628155 0.0000000270 0.0001525925 0.0000610370 0.0000000096
148 0.0000000668 0.0000000270 0.0173450762 149 0.0000000674 0.0002509527 0.0000661435 0.0000000419 0.0001831111 0.0000915555 0.0000000052
149 0.0000000674 0.0000000419 0.0174709642 150 0.0000000679 0.0002511427 0.0000695006 0.0000000345 0.0001831111 0.0000305185 0.0000000061
150 0.0000000679 0.0000000345 0.0176771362 151 0.0000000685 0.0002513437 0.0000728883 0.0000000633 0.0002441481 0.0000610370 0.0000000002
151 0.0000000685 0.0000000633 0.0177799773 152 0.0000000691 0.0002515560 0.0000763087 0.0000000633 0.0002441481 0.0000610370 0.0000000003
152 0.0000000691 0.0000000633 0.0179357840 153 0.0000000698 0.0002517799 0.0000797635 0.0000001164 0.0003051851 0.0001525925 0.0000000082
153 0.0000000698 0.0000001164 0.0181005292 154 0.0000000704 0.0002520158 0.0000832548 0.0000000941 0.0003051851 -0.0000305185 0.0000000158
154 0.0000000704 0.0000000941 0.0183152233 155 0.0000000712 0.0002522642 0.0000867846 0.0000000242 0.0001525925 0.0000305185 0.0000000131
155 0.0000000712 0.0000000242 0.0184582459 156 0.0000000719 0.0002525253 0.0000903550 0.0000000233 0.0001220740 0.0000915555 0.0000000170
156 0.0000000719 0.0000000233 0.0186707346 157 0.0000000727 0.0002527998 0.0000939683 0.0000000419 0.0001831111 0.0000915555 0.0000000049
157 0.0000000727 0.0000000419 0.0189194455 158 0.0000000736 0.0002530880 0.0000976268 0.0000000466 0.0002136296 0.0000305185 0.0000000061
158 0.0000000736 0.0000000466 0.0191063631 159 0.0000000745 0.0002533904 0.0001013329 0.0000000484 0.0001831111 0.0001220740 0.0000000054
159 0.0000000745 0.0000000484 0.0193362210 160 0.0000000754 0.0002537077 0.0001050892 0.0000000605 0.0002136296 0.0001220740 0.0000000019
160 0.0000000754 0.0000000605 0.0196001162 161 0.0000000764 0.0002540404 0.0001088983 0.0000000605 0.0002136296 0.0001220740 0.0000000018
161 0.0000000764 0.0000000605 0.0198369669 162 0.0000000774 0.0002543892 0.0001127630 0.0000000484 0.0001220740 0.0001831111 0.0000000225
162 0.0000000774 0.0000000484 0.0201289311 163 0.0000000785 0.0002547547 0.0001166862 0.0000000605 0.0002136296 0.0001220740 0.0000000017
163 0.0000000785 0.0000000605 0.0204085135 164 0.0000000797 0.0002551376 0.0001206711 0.0000000792 0.0002136296 0.0001831111 0.0000000056
164 0.0000000797 0.0000000792 0.0207269363 165 0.0000000809 0.0002555387 0.0001247208 0.0000000345 0.0001831111 0.0000305185 0.0000000141
165 0.0000000809 0.0000000345 0.0210386187 166 0.0000000821 0.0002559588 0.0001288388 0.0000000484 0.0001831111 0.0001220740 0.0000000054
166 0.0000000821 0.0000000484 0.0213628207 167 0.0000000834 0.0002563988 0.0001330288 0.0000001090 0.0002746666 0.0001831111 0.0000000028
167 0.0000000834 0.0000001090 0.0217121773 168 0.0000000848 0.0002568597 0.0001372944 0.0000001583 0.0003357036 0.0002136296 0.0000000120
168 0.0000000848 0.0000001583 0.0220905055 169 0.0000000863 0.0002573424 0.0001416397 0.0000000931 0.0002441481 0.0001831111 0.0000000019
169 0.0000000863 0.0000000931 0.0224598683 170 0.0000000878 0.0002578481 0.0001460691 0.0000000466 0.0001525925 0.0001525925 0.0000000111
170 0.0000000878 0.0000000466 0.0228909079 171 0.0000000894 0.0002583778 0.0001505871 0.0000000792 0.0002136296 0.0001831111 0.0000000031
171 0.0000000894 0.0000000792 0.0233057992 172 0.0000000911 0.0002589328 0.0001551984 0.0000000689 0.0002136296 0.0001525925 0.0000000021
172 0.0000000911 0.0000000689 0.0237616889 173 0.0000000929 0.0002595146 0.0001599082 0.0000000913 0.0002136296 0.0002136296 0.0000000050
173 0.0000000929 0.0000000913 0.0242500140 174 0.0000000948 0.0002601244 0.0001647220 0.0000000568 0.0001831111 0.0001525925 0.0000000061
174 0.0000000948 0.0000000568 0.0247778407 175 0.0000000968 0.0002607639 0.0001696455 0.0000000568 0.0001525925 0.0001831111 0.0000000119
175 0.0000000968 0.0000000568 0.0253140917 176 0.0000000989 0.0002614348 0.0001746851 0.0000000568 0.0001525925 0.0001831111 0.0000000119
176 0.0000000989 0.0000000568 0.0259727492 177 0.0000001011 0.0002621388 0.0001798474 0.0000000382 0.0001220740 0.0001525925 0.0000000204
177 0.0000001011 0.0000000382 0.0266834709 178 0.0000001034 0.0002628778 0.0001851395 0.0000000680 0.0002441481 0.0000915555 0.0000000091
178 0.0000001034 0.0000000680 0.0277672640 179 0.0000001058 0.0002636541 0.0001905690 0.0000000466 0.0001525925 0.0001525925 0.0000000138
179 0.0000001058 0.0000000466 0.0337168673 180 0.0000001084 0.0002644699 0.0001961443 0.0000000605 0.0001220740 0.0002136296 0.0000000206
180 0.0000001084 0.0000000605 0.0265934465 181 0.0000001112 0.0002653277 0.0002018741 0.0000000931 0.0001831111 0.0002441481 0.0000000085
181 0.0000001112 0.0000000931 0.0281140650 182 0.0000001140 0.0002662302 0.0002077681 0.0000001351 0.0002441481 0.0002746666 0.0000000050
182 0.0000001140 0.0000001351 0.0290940811 183 0.0000001171 0.0002671803 0.0002138365 0.0000000792 0.0001831111 0.0002136296 0.0000000071
183 0.0000001171 0.0000000792 0.0300340897 184 0.0000001204 0.0002681812 0.0002200906 0.0000000671 0.0001831111 0.0001831111 0.0000000086
184 0.0000001204 0.0000000671 0.0309259433 185 0.0000001238 0.0002692364 0.0002265424 0.0000001052 0.0002441481 0.0002136296 0.0000000008
185 0.0000001238 0.0000001052 0.0318750161 186 0.0000001275 0.0002703497 0.0002332052 0.0000001211 0.0002746666 0.0002136296 0.0000000004
186 0.0000001275 0.0000001211 0.0328494262 187 0.0000001314 0.0002715253 0.0002400933 0.0000000745 0.0001220740 0.0002441481 0.0000000224
187 0.0000001314 0.0000000745 0.0338670718 188 0.0000001355 0.0002727678 0.0002472224 0.0000001052 0.0002136296 0.0002441481 0.0000000035
188 0.0000001355 0.0000001052 0.0349745714 189 0.0000001399 0.0002740823 0.0002546094 0.0000000689 0.0002136296 0.0001525925 0.0000000141
189 0.0000001399 0.0000000689 0.0360949053 190 0.0000001447 0.0002754743 0.0002622733 0.0000001388 0.0003051851 0.0002136296 0.0000000032
190 0.0000001447 0.0000001388 0.0373575876 191 0.0000001497 0.0002769499 0.0002702346 0.0000000931 0.0001831111 0.0002441481 0.0000000095
191 0.0000001497 0.0000000931 0.0387053346 192 0.0000001551 0.0002785159 0.0002785159 0.0000001192 0.0002441481 0.0002441481 0.0000000024
192 0.0000001551 0.0000001192 0.0400871682 193 0.0000001610 0.0002801799 0.0002871424 0.0000000913 0.0002136296 0.0002136296 0.0000000098
193 0.0000001610 0.0000000913 0.0415848291 194 0.0000001672 0.0002819504 0.0002961417 0.0000001509 0.0002746666 0.0002746666 0.0000000005
194 0.0000001672 0.0000001509 0.0432042520 195 0.0000001739 0.0002838365 0.0003055447 0.0000001052 0.0002441481 0.0002136296 0.0000000100
195 0.0000001739 0.0000001052 0.0449408313 196 0.0000001812 0.0002858488 0.0003153856 0.0000001192 0.0002441481 0.0002441481 0.0000000068
196 0.0000001812 0.0000001192 0.0468308377 197 0.0000001890 0.0002879991 0.0003257028 0.0000001351 0.0002746666 0.0002441481 0.0000000068
197 0.0000001890 0.0000001351 0.0489104971 198 0.0000001975 0.0002903006 0.0003365391 0.0000002273 0.0003051851 0.0003662221 0.0000000011
198 0.0000001975 0.0000002273 0.0510931000 199 0.0000002068 0.0002927682 0.0003479430 0.0000001351 0.0002746666 0.0002441481 0.0000000111
199 0.0000002068 0.0000001351 0.0535027565 200 0.0000002169 0.0002954189 0.0003599690 0.0000001863 0.0003051851 0.0003051851 0.0000000031
200 0.0000002169 0.0000001863 0.0561116759 201 0.0000002279 0.0002982719 0.0003726790 0.0000001686 0.0002746666 0.0003051851 0.0000000051
201 0.0000002279 0.0000001686 0.0589630698 202 0.0000002399 0.0003013493 0.0003861435 0.0000002505 0.0003051851 0.0003967406 0.0000000001
202 0.0000002399 0.0000002505 0.0620815172 203 0.0000002532 0.0003046764 0.0004004431 0.0000002505 0.0003051851 0.0003967406 0.0000000000
203 0.0000002532 0.0000002505 0.0655177969 204 0.0000002678 0.0003082823 0.0004156705 0.0000002058 0.0003051851 0.0003357036 0.0000000064
204 0.0000002678 0.0000002058 0.0693331815 205 0.0000002840 0.0003122008 0.0004319329 0.0000002431 0.0001831111 0.0004577776 0.0000000173
205 0.0000002840 0.0000002431 0.0735424912 206 0.0000003021 0.0003164713 0.0004493548 0.0000002468 0.0003357036 0.0003662221 0.0000000073
206 0.0000003021 0.0000002468 0.0781723978 207 0.0000003222 0.0003211401 0.0004680817 0.0000002915 0.0003662221 0.0003967406 0.0000000071
207 0.0000003222 0.0000002915 0.0834360802 208 0.0000003449 0.0003262617 0.0004882851 0.0000002841 0.0002136296 0.0004882962 0.0000000127
208 0.0000003449 0.0000002841 0.0892705986 209 0.0000003704 0.0003319008 0.0005101682 0.0000002850 0.0002746666 0.0004577776 0.0000000060
209 0.0000003704 0.0000002850 0.0958743804 210 0.0000003995 0.0003381351 0.0005339736 0.0000003139 0.0002746666 0.0004882962 0.0000000061
210 0.0000003995 0.0000003139 0.1034240265 211 0.0000004327 0.0003450581 0.0005599939 0.0000003027 0.0003051851 0.0004577776 0.0000000120
211 0.0000004327 0.0000003027 0.1120124140 212 0.0000004709 0.0003527841 0.0005885847 0.0000003772 0.0002746666 0.0005493332 0.0000000076
212 0.0000004709 0.0000003772 0.1218671348 213 0.0000005153 0.0003614536 0.0006201832 0.0000003958 0.0002441481 0.0005798517 0.0000000154
213 0.0000005153 0.0000003958 0.1333998687 214 0.0000005673 0.0003712414 0.0006553326 0.0000005039 0.0003051851 0.0006408887 0.0000000046
214 0.0000005673 0.0000005039 0.1468264444 215 0.0000006288 0.0003823680 0.0006947169 0.0000006501 0.0003967406 0.0007019257 0.0000000003
215 0.0000006288 0.0000006501 0.1628543461 216 0.0000007025 0.0003951155 0.0007392091 0.0000005551 0.0004272591 0.0006103702 0.0000000176
216 0.0000007025 0.0000005551 0.1819634577 217 0.0000007920 0.0004098501 0.0007899426 0.0000006492 0.0003357036 0.0007324442 0.0000000088
217 0.0000007920 0.0000006492 0.2052427042 218 0.0000009022 0.0004270564 0.0008484154 0.0000007395 0.0003967406 0.0007629627 0.0000000082
218 0.0000009022 0.0000007395 0.2336197712 219 0.0000010404 0.0004473897 0.0009166503 0.0000010525 0.0003967406 0.0009460738 0.0000000034
219 0.0000010404 0.0000010525 0.2694466479 220 0.0000012175 0.0004717573 0.0009974470 0.0000011335 0.0004882962 0.0009460738 0.0000000029
220 0.0000012175 0.0000011335 0.3153331451 221 0.0000014500 0.0005014530 0.0010947951 0.0000015545 0.0004577776 0.0011597034 0.0000000061
221 0.0000014500 0.0000015545 0.3756909286 222 0.0000017651 0.0005383875 0.0012145827 0.0000019317 0.0004577776 0.0013122959 0.0000000160
222 0.0000017651 0.0000019317 0.4571523149 223 0.0000022084 0.0005855045 0.0013658786 0.0000021552 0.0005188147 0.0013733329 0.0000000045
223 0.0000022084 0.0000021552 0.5721735613 224 0.0000028636 0.0006475887 0.0015634175 0.0000025380 0.0005493332 0.0014954070 0.0000000143
224 0.0000028636 0.0000025380 0.7418660859 225 0.0000038966 0.0007329698 0.0018328450 0.0000034135 0.0007019257 0.0017090365 0.0000000163
225 0.0000038966 0.0000034135 1.0094330704 226 0.0000056776 0.0008575510 0.0022231175 0.0000052940 0.0008545183 0.0021362957 0.0000000075
226 0.0000056776 0.0000052940 1.4708977931 227 0.0000091851 0.0010559478 0.0028407808 0.0000085584 0.0010071108 0.0027466659 0.0000000112
227 0.0000091851 0.0000085584 2.3797407908 228 0.0000177782 0.0014204702 0.0039699482 0.0000166726 0.0013733329 0.0038453322 0.0000000178
228 0.0000177782 0.0000166726 4.6055645399 229 0.0000502998 0.0023071768 0.0067064688 0.0000486860 0.0021973327 0.0066225166 0.0000000191
229 0.0000502998 0.0000486860 13.0316066335 230 0.0005920820 0.0076327345 0.0231046172 0.0005802643 0.0075075533 0.0228888821 0.0000000622
230 0.0005920820 0.0005802643 153.4091007741 231 0.0002523282 -0.0047973167 -0.0151431154 0.0002484594 -0.0046998505 -0.0150456252 0.0000000190
231 0.0002523282 0.0002484594 65.3778713530 232 0.0000339461 -0.0016912932 -0.0055754464 0.0000335669 -0.0016479995 -0.0055543687 0.0000000023
232 0.0000339461 0.0000335669 8.7957774636 233 0.0000122669 -0.0009754904 -0.0033638225 0.0000120800 -0.0010071108 -0.0033265175 0.0000000024
233 0.0000122669 0.0000120800 3.1782869948 234 0.0000060883 -0.0006581012 -0.0023780723 0.0000062030 -0.0007324442 -0.0023804437 0.0000000055
234 0.0000060883 0.0000062030 1.5777858805 235 0.0000035371 -0.0004793276 -0.0018185992 0.0000034806 -0.0004882962 -0.0018005921 0.0000000004
235 0.0000035371 0.0000034806 0.9165173042 236 0.0000022559 -0.0003649441 -0.0014569387 0.0000025110 -0.0004272591 -0.0015259255 0.0000000086
236 0.0000022559 0.0000025110 0.5845133272 237 0.0000015290 -0.0002857132 -0.0012030817 0.0000014380 -0.0003051851 -0.0011597034 0.0000000023
237 0.0000015290 0.0000014380 0.3961796021 238 0.0000010809 -0.0002277878 -0.0010143850 0.0000011223 -0.0002136296 -0.0010376293 0.0000000007
238 0.0000010809 0.0000011223 0.2801148215 239 0.0000007872 -0.0001837637 -0.0008680316 0.0000009547 -0.0002441481 -0.0009460738 0.0000000097
239 0.0000007872 0.0000009547 0.2039627961 240 0.0000005859 -0.0001493244 -0.0007507043 0.0000005262 -0.0001831111 -0.0007019257 0.0000000035
240 0.0000005859 0.0000005262 0.1517733815 241 0.0000004427 -0.0001217846 -0.0006541037 0.0000004741 -0.0001525925 -0.0006714072 0.0000000012
241 0.0000004427 0.0000004741 0.1147301205 242 0.0000003380 -0.0000993875 -0.0005727842 0.0000002841 -0.0001220740 -0.0005188147 0.0000000034
242 0.0000003380 0.0000002841 0.0875578365 243 0.0000002596 -0.0000809367 -0.0005030209 0.0000002533 -0.0001220740 -0.0004882962 0.0000000019
243 0.0000002596 0.0000002533 0.0672617080 244 0.0000001998 -0.0000655906 -0.0004421759 0.0000002133 -0.0000610370 -0.0004577776 0.0000000003
244 0.0000001998 0.0000002133 0.0517770967 245 0.0000001536 -0.0000527409 -0.0003883250 0.0000001136 -0.0000305185 -0.0003357036 0.0000000033
245 0.0000001536 0.0000001136 0.0397940510 246 0.0000001174 -0.0000419384 -0.0003400276 0.0000001164 -0.0000610370 -0.0003357036 0.0000000004
246 0.0000001174 0.0000001164 0.0304031199 247 0.0000000888 -0.0000328457 -0.0002961799 0.0000000829 -0.0001525925 -0.0002441481 0.0000000170
247 0.0000000888 0.0000000829 0.0230189325 248 0.0000000661 -0.0000252057 -0.0002559178 0.0000000540 -0.0000915555 -0.0002136296 0.0000000062
248 0.0000000661 0.0000000540 0.0171245451 249 0.0000000481 -0.0000188204 -0.0002185504 0.0000000456 0.0000000000 -0.0002136296 0.0000000004
249 0.0000000481 0.0000000456 0.0124587878 250 0.0000000339 -0.0000135369 -0.0001835147 0.0000000466 -0.0000305185 -0.0002136296 0.0000000012
250 0.0000000339 0.0000000466 0.0087686355 251 0.0000000227 -0.0000092364 -0.0001503417 0.0000000233 0.0000000000 -0.0001525925 0.0000000001
251 0.0000000227 0.0000000233 0.0058723472 252 0.0000000141 -0.0000058281 -0.0001186329 0.0000000084 0.0000000000 -0.0000915555 0.0000000008
252 0.0000000141 0.0000000084 0.0036564559 253 0.0000000078 -0.0000032428 -0.0000880415 0.0000000047 -0.0000610370 0.0000305185 0.0000000174
253 0.0000000078 0.0000000047 0.0019989377 254 0.0000000034 -0.0000014302 -0.0000582581 0.0000000075 -0.0000610370 0.0000610370 0.0000000178
254 0.0000000034 0.0000000075 0.0008788217 255 0.0000000008 -0.0000003559 -0.0000289998 0.0000000037 -0.0000610370 0.0000000000 0.0000000045
255 0.0000000008 0.0000000037 0.0002173560 