#int double real img int16 real16 img16 error
0 0.0000000000 -0.0000000000 0.0000000000 0.0000000037 -0.0000610370 0.0000000000 0.0000000037
0 0.0000000000 0.0000000037 0.0000000000 1 0.0001678243 -0.0001589741 0.0129537248 0.0000169977 0.0001525925 -0.0041199988 0.0002916091
1 0.0001678243 0.0000169977 43.9700978886 2 0.0006776011 -0.0006388271 0.0260229315 0.0000312618 -0.0006408887 -0.0055543687 0.0009971259
2 0.0006776011 0.0000312618 177.5874834887 3 0.0015486854 -0.0014484872 0.0393266742 0.0000827186 0.0000915555 -0.0090945158 0.0023469834
3 0.0015486854 0.0000827186 405.9820412379 4 0.0028148642 -0.0026032999 0.0529913868 0.0001047336 0.0004577776 -0.0102237007 0.0040055175
4 0.0028148642 0.0001047336 737.8736879240 5 0.0045268410 -0.0041257697 0.0671551861 0.0001696051 0.0007629627 -0.0130008850 0.0064488955
5 0.0045268410 0.0001696051 1186.7430575250 6 0.0067561338 -0.0060466911 0.0819729912 0.0002515544 0.0012817774 -0.0158085879 0.0096149437
6 0.0067561338 0.0002515544 1771.2576005616 7 0.0096009004 -0.0084067797 0.0976228789 0.0003499397 0.0014954070 -0.0186468093 0.0136166937
7 0.0096009004 0.0003499397 2516.2376567543 8 0.0131945145 -0.0112589719 0.1143142601 0.0004574684 0.0019226661 -0.0213019196 0.0185655038
8 0.0131945145 0.0004574684 3458.4224618795 9 0.0177182076 -0.0146716513 0.1322987160 0.0006184555 0.0027161473 -0.0247199927 0.0249572104
9 0.0177182076 0.0006184555 4644.1570548942 10 0.0234199108 -0.0187331975 0.1518847527 0.0008167872 0.0036011841 -0.0283516953 0.0329840018
10 0.0234199108 0.0008167872 6139.9162904900 11 0.0306428189 -0.0235584746 0.1734584018 0.0010709466 0.0043031098 -0.0324411756 0.0431709038
11 0.0306428189 0.0010709466 8032.0412112938 12 0.0398696617 -0.0292982444 0.1975127201 0.0013767511 0.0053712577 -0.0367137669 0.0560640216
12 0.0398696617 0.0013767511 10451.1870714656 13 0.0517931695 -0.0361531153 0.2246911696 0.0017720127 0.0066530351 -0.0415662099 0.0727253587
13 0.0517931695 0.0017720127 13576.5156171983 14 0.0674317981 -0.0443947564 0.2558532854 0.0023098144 0.0081484420 -0.0473647267 0.0947019506
14 0.0674317981 0.0023098144 17675.8962476566 15 0.0883268894 -0.0543991620 0.2921773787 0.0030175101 0.0099795526 -0.0540177618 0.1239956941
15 0.0883268894 0.0030175101 23154.0726880018 16 0.1168933910 -0.0667007480 0.3353273047 0.0038999185 0.0121768853 -0.0612506485 0.1634957540
16 0.1168933910 0.0038999185 30641.9680177551 17 0.1570766106 -0.0820842275 0.3877354642 0.0052228126 0.0149235511 -0.0707113865 0.2195840240
17 0.1570766106 0.0052228126 41173.9117662270 18 0.2156607422 -0.1017490548 0.4531091171 0.0071139505 0.0185552538 -0.0822779015 0.3011123864
18 0.2156607422 0.0071139505 56533.2515886993 19 0.3050831313 -0.1276234002 0.5373968730 0.0100087197 0.0230414747 -0.0973540452 0.4256086326
19 0.3050831313 0.0100087197 79971.6939239263 20 0.4501021541 -0.1630145596 0.6507906019 0.0146762764 0.0293893246 -0.1175267800 0.6273308539
20 0.4501021541 0.0146762764 117986.6505935711 21 0.7057358449 -0.2141077615 0.8123384217 0.0228056121 0.0383617664 -0.1460615864 0.9822714379
21 0.7057358449 0.0228056121 184991.0195914190 22 1.2147805635 -0.2939630243 1.0622458773 0.0390222802 0.0526139103 -0.1904049806 1.6892497434
22 1.2147805635 0.0390222802 270242.3804753110 23 2.4475650083 -0.4357355763 1.5025643134 0.0779572771 0.0776390881 -0.2681966613 3.3991479754
23 2.4475650083 0.0779572771 311925.6585780121 24 6.7731325660 -0.7554729172 2.4904604468 0.2139727135 0.1342204047 -0.4426709799 9.3948141739
24 6.7731325660 0.2139727135 411765.6489364776 25 50.3460933589 -2.1428826411 6.7641812029 1.1436860072 0.3789788507 -1.0000305185 66.6427690382
25 50.3460933589 1.1436860072 524319.9702129969 26 118.1358845150 3.4094172768 -10.3204533983 1.3603589871 -0.6002990814 1.0000000000 144.2304904175
26 118.1358845150 1.3603589871 524319.9702129969 27 10.0361273289 1.0305780422 -2.9956695792 0.3077975190 -0.1807611316 0.5245216224 13.8590886897
27 10.0361273289 0.3077975190 524319.9702129969 28 3.5472220904 0.6345007227 -1.7733107239 0.1076120710 -0.1105685598 0.3088473159 4.8905103383
28 3.5472220904 0.1076120710 367689.0113197620 29 1.8326606433 0.4716745655 -1.2689301586 0.0549622681 -0.0817285684 0.2197332682 2.5223738271
29 1.8326606433 0.0549622681 320468.7566401878 30 1.1328391535 0.3830539831 -0.9930301101 0.0335390493 -0.0658894620 0.1708731346 1.5562209798
30 1.1328391535 0.0335390493 296919.9576460359 31 0.7774670368 0.3274055614 -0.8187017987 0.0227107157 -0.0558793909 0.1399578845 1.0659357427
31 0.7774670368 0.0227107157 203793.4242273362 32 0.5713723563 0.2892672541 -0.6983529279 0.0164819855 -0.0491653188 0.1185949278 0.7819404054
32 0.5713723563 0.0164819855 149777.9965267362 33 0.4406417081 0.2615352602 -0.6101155757 0.0125061950 -0.0441297647 0.1027558214 0.6016167363
33 0.4406417081 0.0125061950 115506.0397321599 34 0.3521781944 0.2404888503 -0.5425341531 0.0098476777 -0.0401928770 0.0907315287 0.4798076557
34 0.3521781944 0.0098476777 92323.9407016187 35 0.2893193010 0.2239908376 -0.4890269989 0.0079618858 -0.0371715445 0.0811181982 0.3932713356
35 0.2893193010 0.0079618858 75840.4016048100 36 0.2429142935 0.2107262407 -0.4455432021 0.0065424794 -0.0345774712 0.0731223487 0.3291878647
36 0.2429142935 0.0065424794 63676.0038644720 37 0.2075881754 0.1998416524 -0.4094526705 0.0054806985 -0.0324716941 0.0665303507 0.2805293274
37 0.2075881754 0.0054806985 44755.8875609742 38 0.1800097683 0.1907591079 -0.3789732590 0.0046736889 -0.0306711020 0.0610980560 0.2426941002
38 0.1800097683 0.0046736889 0.0000155000 39 0.1580220627 0.1830732976 -0.3528544040 0.0039908043 -0.0291756951 0.0560319834 0.2122377127
39 0.1580220627 0.0039908043 1935.2615225072 40 0.1401764237 0.1764916079 -0.3301925741 0.0034597961 -0.0277718436 0.0518509476 0.1876808101
40 0.1401764237 0.0034597961 36746.3415096363 41 0.1254694409 0.1707975244 -0.3103186211 0.0030212356 -0.0265511032 0.0481276894 0.1674302383
41 0.1254694409 0.0030212356 32893.7795570151 42 0.1131874455 0.1658274241 -0.2927263413 0.0026363039 -0.0252998444 0.0446790979 0.1503720631
42 0.1131874455 0.0026363039 26091.6144100301 43 0.1028110588 0.1614553712 -0.2770256701 0.0023291136 -0.0242622150 0.0417188025 0.1360890606
43 0.1028110588 0.0023291136 26948.0702418725 44 0.0939546273 0.1575828712 -0.2629111372 0.0020615161 -0.0233466597 0.0389416181 0.1238505810
44 0.0939546273 0.0020615161 24628.4114099161 45 0.0863266679 0.1541317942 -0.2501400765 0.0018135522 -0.0223395489 0.0362559893 0.1131648414
45 0.0863266679 0.0018135522 22628.0844502481 46 0.0797033703 0.1510393796 -0.2385172450 0.0016061638 -0.0216071047 0.0337534715 0.1039381516
46 0.0797033703 0.0016061638 20891.6582185871 47 0.0739104432 0.1482546425 -0.2278837514 0.0014367841 -0.0207220679 0.0317392499 0.0959572314
47 0.0739104432 0.0014367841 19374.0210280177 48 0.0688104211 0.1457357420 -0.2181089512 0.0012668269 -0.0198065126 0.0295724357 0.0887503075
48 0.0688104211 0.0012668269 18037.5369211790 49 0.0642936299 0.1434480248 -0.2090844186 0.0011225320 -0.0189214759 0.0276497696 0.0824069306
49 0.0642936299 0.0011225320 16852.9237906352 50 0.0602716481 0.1413625505 -0.2007193996 0.0009853491 -0.0181585131 0.0256050295 0.0766697169
50 0.0602716481 0.0009853491 15800.4630652042 51 0.0566725043 0.1394549650 -0.1929373397 0.0008788198 -0.0173345134 0.0240485855 0.0716658323
51 0.0566725043 0.0008788198 14855.3768964251 52 0.0534371022 0.1377046300 -0.1856731997 0.0007571034 -0.0164799951 0.0220343638 0.0669153306
52 0.0534371022 0.0007571034 14007.5398367841 53 0.0505165244 0.1360939434 -0.1788713586 0.0006330772 -0.0153202918 0.0199591052 0.0624598239
53 0.0505165244 0.0006330772 13241.8203829870 54 0.0478699774 0.1346078037 -0.1724839602 0.0005758207 -0.0146794031 0.0189825129 0.0589460804
54 0.0478699774 0.0005758207 12547.4995501647 55 0.0454632075 0.1332331834 -0.1664695957 0.0004616550 -0.0134891812 0.0167241432 0.0550873982
55 0.0454632075 0.0004616550 11916.4299092024 56 0.0432672680 0.1319587866 -0.1607922468 0.0004023121 -0.0127262185 0.0155034028 0.0520139068
56 0.0432672680 0.0004023121 11340.9835537730 57 0.0412575512 0.1307747727 -0.1554204300 0.0003197575 -0.0115970336 0.0136112552 0.0488414418
57 0.0412575512 0.0003197575 10813.4644909850 58 0.0394130217 0.1296725304 -0.1503264997 0.0002585966 -0.0104678488 0.0122074038 0.0460565957
58 0.0394130217 0.0002585966 10332.5878188421 59 0.0377156040 0.1286444936 -0.1454860760 0.0001859900 -0.0090945158 0.0101626637 0.0431985649
59 0.0377156040 0.0001859900 9886.6781072130 60 0.0361496910 0.1276839882 -0.1408775716 0.0001365896 -0.0078737754 0.0086367382 0.0407304361
60 0.0361496910 0.0001365896 9475.9657692739 61 0.0347017448 0.1267851057 -0.1364818000 0.0000919551 -0.0065004425 0.0070497757 0.0383663506
61 0.0347017448 0.0000919551 9095.7999612311 62 0.0333599720 0.1259425976 -0.1322816470 0.0000444873 -0.0046082949 0.0048219245 0.0358409248
62 0.0333599720 0.0000444873 8744.9304499608 63 0.0321140577 0.1251517863 -0.1282617950 0.0000145901 -0.0027161473 0.0026856288 0.0334974363
63 0.0321140577 0.0000145901 8418.1383818787 64 0.0309549452 0.1244084908 -0.1244084908 1.0000000000 0.0000000000 -1.0000000000 0.7821379636
64 0.0309549452 1.0000000000 8114.3115967992 65 0.0298746542 0.1237089628 -0.1207093483 0.0000068186 0.0018616291 -0.0018311106 0.0289788081
65 0.0298746542 0.0000068186 7830.5646961018 66 0.0288661290 0.1230498330 -0.1171531800 0.0000471222 0.0049745170 -0.0047303690 0.0265806687
66 0.0288661290 0.0000471222 7567.0466648901 67 0.0279231108 0.1224280651 -0.1137298539 0.0001330625 0.0085146641 -0.0077822199 0.0242011640
67 0.0279231108 0.0001330625 7319.4766575431 68 0.0270400310 0.1218409158 -0.1104301691 0.0002964478 0.0127262185 -0.0115970336 0.0216740058
68 0.0270400310 0.0002964478 7087.7953958141 69 0.0262119208 0.1212859012 -0.1072457501 0.0005904946 0.0181890316 -0.0161137730 0.0189340018
69 0.0262119208 0.0005904946 6870.3541064834 70 0.0254343339 0.1207607673 -0.1041689543 0.0011032161 0.0251472518 -0.0216986602 0.0159432937
70 0.0254343339 0.0011032161 6666.0121684041 71 0.0247032819 0.1202634641 -0.1011927916 0.0020474896 0.0346385083 -0.0291146580 0.0125268904
71 0.0247032819 0.0020474896 6475.5842887986 72 0.0240151771 0.1197921237 -0.0983108552 0.0038621883 0.0480361339 -0.0394299142 0.0086158873
72 0.0240151771 0.0038621883 6295.0729468861 73 0.0233667858 0.1193450409 -0.0955172604 0.0076483481 0.0682699057 -0.0546586505 0.0042780954
73 0.0233667858 0.0076483481 6125.1633417826 74 0.0227551858 0.1189206561 -0.0928065909 0.0171023205 0.1031525620 -0.0803857540 0.0004029100
74 0.0227551858 0.0171023205 5964.0824814685 75 0.0221777310 0.1185175406 -0.0901738522 0.0492392107 0.1766106143 -0.1343424787 0.0053256728
75 0.0221777310 0.0492392107 5812.4717571834 76 0.0216320208 0.1181343831 -0.0876144298 0.2911147682 0.4333628346 -0.3214209418 0.1540344617
76 0.0216320208 0.2911147682 5668.9957218577 77 0.0211158722 0.1177699787 -0.0851240526 1.9999389639 -1.0000000000 0.9999694815 2.4268377031
77 0.0211158722 1.9999389639 5541.9377683603 78 0.0206272972 0.1174232182 -0.0826987608 0.1698943675 -0.3370769372 0.2372203742 0.3089186441
78 0.0206272972 0.1698943675 5408.4752234228 79 0.0201644815 0.1170930791 -0.0803348763 0.0569359579 -0.1967833491 0.1349528489 0.1448672168
79 0.0201644815 0.0569359579 5286.5060401991 80 0.0197257669 0.1167786178 -0.0780289778 0.0301439282 -0.1443525498 0.0964690085 0.0986390339
80 0.0197257669 0.0301439282 5171.0973297651 81 0.0193096352 0.1164789621 -0.0757778770 0.0194626604 -0.1169164098 0.0761131626 0.0775442875
81 0.0193096352 0.0194626604 5061.8980316999 82 0.0189146943 0.1161933050 -0.0735785989 0.0139859706 -0.0999176000 0.0632648701 0.0654300583
82 0.0189146943 0.0139859706 4958.5571444132 83 0.0185396658 0.1159208989 -0.0714283627 0.0107884379 -0.0884731590 0.0544145024 0.0576133576
83 0.0185396658 0.0107884379 4859.7562638146 84 0.0181833740 0.1156610504 -0.0693245657 0.0087409074 -0.0801721244 0.0480971709 0.0521384966
84 0.0181833740 0.0087409074 4766.4895777036 85 0.0178447363 0.1154131157 -0.0672647680 0.0073099761 -0.0739158300 0.0429700613 0.0479971673
85 0.0178447363 0.0073099761 4677.7128188215 86 0.0175227546 0.1151764967 -0.0652466794 0.0062849129 -0.0690023499 0.0390331736 0.0447961353
86 0.0175227546 0.0062849129 5502.6592404315 87 0.0172165074 0.1149506368 -0.0632681472 0.0055307964 -0.0650349437 0.0360728782 0.0422634485
87 0.0172165074 0.0055307964 4512.6990311854 88 0.0169251431 0.1147350181 -0.0613271448 0.0049267457 -0.0619220557 0.0330515458 0.0401150590
88 0.0169251431 0.0049267457 4436.1164244589 89 0.0166478738 0.1145291576 -0.0594217624 0.0044369612 -0.0591448714 0.0306405835 0.0382738945
89 0.0166478738 0.0044369612 8999.4177029842 90 0.0163839699 0.1143326055 -0.0575501973 0.0040450972 -0.0568559832 0.0285042879 0.0367109073
90 0.0163839699 0.0040450972 239951.8280370872 91 0.0161327549 0.1141449414 -0.0557107460 0.0037324816 -0.0549638356 0.0266731773 0.0353848893
91 0.0161327549 0.0037324816 4229.1426990207 92 0.0158936011 0.1139657733 -0.0539017964 0.0034604266 -0.0531937620 0.0251167333 0.0341862383
92 0.0158936011 0.0034604266 4166.3272675662 93 0.0156659259 0.1137947347 -0.0521218215 0.0032328226 -0.0516067995 0.0238654744 0.0331317367
93 0.0156659259 0.0032328226 4106.5967609209 94 0.0154491876 0.1136314829 -0.0503693722 0.0030429628 -0.0504776147 0.0222479934 0.0322050777
94 0.0154491876 0.0030429628 4049.8593941325 95 0.0152428825 0.1134756977 -0.0486430724 0.0028550915 -0.0491348003 0.0209967345 0.0312918767
95 0.0152428825 0.0028550915 3995.7984846231 96 0.0150465419 0.1133270791 -0.0469416132 0.0027293515 -0.0482802820 0.0199591052 0.0305926453
96 0.0150465419 0.0027293515 3944.1885698661 97 0.0148597296 0.1131853467 -0.0452637481 0.0025956613 -0.0473036897 0.0189214759 0.0298764738
97 0.0148597296 0.0025956613 3895.1319639937 98 0.0146820391 0.1130502377 -0.0436082888 0.0024880581 -0.0465407270 0.0179448836 0.0292580690
98 0.0146820391 0.0024880581 3848.9201654299 99 0.0145130917 0.1129215062 -0.0419741008 0.0023734016 -0.0456556902 0.0169988098 0.0286245314
99 0.0145130917 0.0023734016 3804.4682517414 100 0.0143525344 0.1127989218 -0.0403600996 0.0022850034 -0.0450148015 0.0160832545 0.0280910235
100 0.0143525344 0.0022850034 3762.2104945134 101 0.0142000381 0.1126822687 -0.0387652472 0.0021991815 -0.0443433943 0.0152592547 0.0275757057
101 0.0142000381 0.0021991815 3722.0715184044 102 0.0140552959 0.1125713451 -0.0371885492 0.0021281368 -0.0438550981 0.0143131809 0.0271216603
102 0.0140552959 0.0021281368 262155.9692673906 103 0.0139180218 0.1124659616 -0.0356290510 0.0020606555 -0.0433057649 0.0136112552 0.0266894386
103 0.0139180218 0.0020606555 135591.8178349136 104 0.0137879490 0.1123659414 -0.0340858357 0.0020170400 -0.0429700613 0.0130619221 0.0263521848
104 0.0137879490 0.0020170400 3614.1860990375 105 0.0136648288 0.1122711186 -0.0325580211 0.0019879660 -0.0428479873 0.0123294778 0.0260768246
105 0.0136648288 0.0019879660 3581.8843212891 106 0.0135484297 0.1121813384 -0.0310447574 0.0019223764 -0.0422070986 0.0118717002 0.0256776118
106 0.0135484297 0.0019223764 7327.8829109292 107 0.0134385358 0.1120964562 -0.0295452248 0.0018856531 -0.0419629505 0.0111697745 0.0253920120
107 0.0134385358 0.0018856531 3522.6386470615 108 0.0133349465 0.1120163366 -0.0280586316 0.0018221228 -0.0414136174 0.0103457747 0.0250156492
108 0.0133349465 0.0018221228 3495.5309671535 109 0.0132374750 0.1119408537 -0.0265842119 0.0017871914 -0.0411389508 0.0097354045 0.0247525411
109 0.0132374750 0.0017871914 3470.0952703678 110 0.0131459482 0.1118698900 -0.0251212239 0.0017517803 -0.0408337657 0.0091860714 0.0244953970
110 0.0131459482 0.0017517803 3446.0218368043 111 0.0130602051 0.1118033364 -0.0236689479 0.0017224950 -0.0406201361 0.0085146641 0.0242686999
111 0.0130602051 0.0017224950 3423.5794870869 112 0.0129800971 0.1117410915 -0.0222266850 0.0016862820 -0.0402844325 0.0079653310 0.0240233178
112 0.0129800971 0.0016862820 3402.5863675164 113 0.0129054865 0.1116830614 -0.0207937554 0.0016718307 -0.0401928770 0.0075075533 0.0238672647
113 0.0129054865 0.0016718307 3382.8914577083 114 0.0128362466 0.1116291594 -0.0193694966 0.0016483525 -0.0400097659 0.0068971831 0.0236843021
114 0.0128362466 0.0016483525 3364.9058047262 115 0.0127722611 0.1115793056 -0.0179532623 0.0016349295 -0.0399182104 0.0064394055 0.0235464996
115 0.0127722611 0.0016349295 3348.0278222750 116 0.0127134231 0.1115334267 -0.0165444210 0.0016046075 -0.0396130253 0.0059511093 0.0233512988
116 0.0127134231 0.0016046075 3332.6177109952 117 0.0126596356 0.1114914557 -0.0151423546 0.0015838973 -0.0394299142 0.0054017762 0.0231993212
117 0.0126596356 0.0015838973 3318.5167483754 118 0.0126108103 0.1114533318 -0.0137464574 0.0015779691 -0.0394299142 0.0048219245 0.0231105388
118 0.0126108103 0.0015779691 3305.9400551482 119 0.0125668677 0.1114190002 -0.0123561344 0.0015620211 -0.0392773217 0.0043946654 0.0229899707
119 0.0125668677 0.0015620211 3293.9240865372 120 0.0125277367 0.1113884115 -0.0109708010 0.0015450653 -0.0391247291 0.0037842952 0.0228719184
120 0.0125277367 0.0015450653 3283.7994590127 121 0.0124933545 0.1113615223 -0.0095898809 0.0015400405 -0.0390942106 0.0034180731 0.0228061344
121 0.0124933545 0.0015400405 3274.4568790976 122 0.0124636660 0.1113382943 -0.0082128060 0.0015284197 -0.0390026551 0.0026856288 0.0227211770
122 0.0124636660 0.0015284197 3267.3243521959 123 0.0124386239 0.1113186949 -0.0068390146 0.0015157436 -0.0388500626 0.0025330363 0.0226384910
123 0.0124386239 0.0015157436 3260.5388031671 124 0.0124181887 0.1113026963 -0.0054679508 0.0015107719 -0.0388195441 0.0019531846 0.0225917603
124 0.0124181887 0.0015107719 3255.2779049496 125 0.0124023279 0.1112902761 -0.0040990636 0.0015036385 -0.0387585070 0.0011902219 0.0225426139
125 0.0124023279 0.0015036385 3251.0513571526 126 0.0123910165 0.1112814169 -0.0027318055 0.0015102224 -0.0388500626 0.0009460738 0.0225529879
126 0.0123910165 0.0015102224 3247.9166797657 127 0.0123842368 0.1112761063 -0.0013656318 0.0014978667 -0.0386974700 0.0006103702 0.0224959782
127 0.0123842368 0.0014978667 3246.3759219191 128 0.0123819781 0.1112743370 0.0000000000 0.0000000037 -0.0000610370 0.0000000000 0.0123955655
128 0.0123819781 0.0000000037 3245.8069618421 129 0.0123842368 0.1112761063 0.0013656318 0.0014954023 -0.0386669515 -0.0005188147 0.0224864717
129 0.0123842368 0.0014954023 3246.3101069619 130 0.0123910165 0.1112814169 0.0027318055 0.0015008108 -0.0387279885 -0.0009765923 0.0225165739
130 0.0123910165 0.0015008108 3248.2456345918 131 0.0124023279 0.1112902761 0.0040990636 0.0015114733 -0.0388500626 -0.0014648885 0.0225730788
131 0.0124023279 0.0015114733 3251.0458638218 132 0.0124181887 0.1113026963 0.0054679508 0.0015177703 -0.0389110996 -0.0019226661 0.0226188057
132 0.0124181887 0.0015177703 3255.2731707843 133 0.0124386239 0.1113186949 0.0068390146 0.0015191739 -0.0389110996 -0.0022583697 0.0226517535
133 0.0124386239 0.0015191739 3260.4592214498 134 0.0124636660 0.1113382943 0.0082128060 0.0015246793 -0.0389416181 -0.0028687399 0.0227068527
134 0.0124636660 0.0015246793 3267.1447248371 135 0.0124933545 0.1113615223 0.0095898809 0.0015354814 -0.0390331736 -0.0034485916 0.0227885663
135 0.0124933545 0.0015354814 3274.8431958685 136 0.0125277367 0.1113884115 0.0109708010 0.0015431439 -0.0390942106 -0.0038453322 0.0228645374
136 0.0125277367 0.0015431439 3283.9477390489 137 0.0125668677 0.1114190002 0.0123561344 0.0015609630 -0.0392773217 -0.0042725913 0.0229858959
137 0.0125668677 0.0015609630 3294.2931147034 138 0.0126108103 0.1114533318 0.0137464574 0.0015680639 -0.0393078402 -0.0047914060 0.0230725834
138 0.0126108103 0.0015680639 3305.7351154385 139 0.0126596356 0.1114914557 0.0151423546 0.0015693091 -0.0392773217 -0.0051576281 0.0231433135
139 0.0126596356 0.0015693091 3318.2394070006 140 0.0127134231 0.1115334267 0.0165444210 0.0016046075 -0.0396130253 -0.0059511093 0.0233512988
140 0.0127134231 0.0016046075 3332.7309314269 141 0.0127722611 0.1115793056 0.0179532623 0.0016288895 -0.0398571734 -0.0063478500 0.0235235512
141 0.0127722611 0.0016288895 3348.0821290131 142 0.0128362466 0.1116291594 0.0193694966 0.0016443178 -0.0399487289 -0.0069582202 0.0236690049
142 0.0128362466 0.0016443178 3364.8824834512 143 0.0129054865 0.1116830614 0.0207937554 0.0016727509 -0.0401928770 -0.0075685904 0.0238707233
143 0.0129054865 0.0016727509 3383.0759741030 144 0.0129800971 0.1117410915 0.0222266850 0.0016946430 -0.0403759880 -0.0080263680 0.0240548531
144 0.0129800971 0.0016946430 3402.5075174311 145 0.0130602051 0.1118033364 0.0236689479 0.0017253934 -0.0406811731 -0.0083925901 0.0242794679
145 0.0130602051 0.0017253934 3423.4820367771 146 0.0131459482 0.1118698900 0.0251212239 0.0017562090 -0.0408948027 -0.0091555528 0.0245119488
146 0.0131459482 0.0017562090 3445.8077206928 147 0.0132374750 0.1119408537 0.0265842119 0.0017914943 -0.0411694693 -0.0098269601 0.0247685444
147 0.0132374750 0.0017914943 3470.0565748528 148 0.0133349465 0.1120163366 0.0280586316 0.0018259228 -0.0414746544 -0.0102847377 0.0250296983
148 0.0133349465 0.0018259228 3495.5299990573 149 0.0134385358 0.1120964562 0.0295452248 0.0018611653 -0.0417188025 -0.0109866634 0.0253019677
149 0.0134385358 0.0018611653 3522.5497142035 150 0.0135484297 0.1121813384 0.0310447574 0.0019060950 -0.0421155431 -0.0115054781 0.0256180502
150 0.0135484297 0.0019060950 5033.2648483271 151 0.0136648288 0.1122711186 0.0325580211 0.0019790285 -0.0427259133 -0.0123905148 0.0260444508
151 0.0136648288 0.0019790285 3581.2468396999 152 0.0137879490 0.1123659414 0.0340858357 0.0020214929 -0.0430310984 -0.0130314035 0.0263682742
152 0.0137879490 0.0020214929 3614.0084357297 153 0.0139180218 0.1124659616 0.0356290510 0.0020853520 -0.0435804315 -0.0136417737 0.0267780910
153 0.0139180218 0.0020853520 20766.5232107235 154 0.0140552959 0.1125713451 0.0371885492 0.0021209372 -0.0437025056 -0.0145268105 0.0270959948
154 0.0140552959 0.0021209372 28760.5970088159 155 0.0142000381 0.1126822687 0.0387652472 0.0022383599 -0.0447096164 -0.0154728843 0.0277139804
155 0.0142000381 0.0022383599 3722.7537462458 156 0.0143525344 0.1127989218 0.0403600996 0.0023044758 -0.0451979125 -0.0161748100 0.0281591957
156 0.0143525344 0.0023044758 3762.6299411703 157 0.0145130917 0.1129215062 0.0419741008 0.0023730430 -0.0455946532 -0.0171514023 0.0286231979
157 0.0145130917 0.0023730430 3804.5508875394 158 0.0146820391 0.1130502377 0.0436082888 0.0024961583 -0.0466628010 -0.0178533280 0.0292857851
158 0.0146820391 0.0024961583 3849.1317484017 159 0.0148597296 0.1131853467 0.0452637481 0.0025824031 -0.0472121342 -0.0187994018 0.0298314390
159 0.0148597296 0.0025824031 3895.4722134764 160 0.0150465419 0.1133270791 0.0469416132 0.0027264056 -0.0482497635 -0.0199591052 0.0305827822
160 0.0150465419 0.0027264056 3944.1921114056 161 0.0152428825 0.1134756977 0.0486430724 0.0028735337 -0.0492568743 -0.0211493271 0.0313528690
161 0.0152428825 0.0028735337 3995.6383453766 162 0.0154491876 0.1136314829 0.0503693722 0.0030371705 -0.0504470962 -0.0221869564 0.0321862009
162 0.0154491876 0.0030371705 4049.5971352647 163 0.0156659259 0.1137947347 0.0521218215 0.0032306870 -0.0516983551 -0.0236213263 0.0331249872
163 0.0156659259 0.0032306870 4106.4840488174 164 0.0158936011 0.1139657733 0.0539017964 0.0034493460 -0.0531327250 -0.0250251778 0.0341513754
164 0.0158936011 0.0034493460 4166.1524282111 165 0.0161327549 0.1141449414 0.0557107460 0.0037356548 -0.0549333171 -0.0267952513 0.0353946971
165 0.0161327549 0.0037356548 4228.7278365006 166 0.0163839699 0.1143326055 0.0575501973 0.0040555175 -0.0569780572 -0.0284432508 0.0367422163
166 0.0163839699 0.0040555175 6099.1395220659 167 0.0166478738 0.1145291576 0.0594217624 0.0044404483 -0.0592059084 -0.0305795465 0.0382841088
167 0.0166478738 0.0044404483 5803.9780105985 168 0.0169251431 0.1147350181 0.0613271448 0.0049113844 -0.0618305002 -0.0329905087 0.0400712020
168 0.0169251431 0.0049113844 4436.9584691630 169 0.0172165074 0.1149506368 0.0632681472 0.0054817351 -0.0649433882 -0.0355540635 0.0421276896
169 0.0172165074 0.0054817351 4513.2145258970 170 0.0175227546 0.1151764967 0.0652466794 0.0063004958 -0.0690633869 -0.0391247291 0.0448377256
170 0.0175227546 0.0063004958 1673.0158733989 171 0.0178447363 0.1154131157 0.0672647680 0.0072885898 -0.0738242744 -0.0428785058 0.0479423306
171 0.0178447363 0.0072885898 4677.6754859611 172 0.0181833740 0.1156610504 0.0693245657 0.0087193962 -0.0801110874 -0.0479750969 0.0520859408
172 0.0181833740 0.0087193962 4766.7482718993 173 0.0185396658 0.1159208989 0.0714283627 0.0108013264 -0.0885647145 -0.0543839839 0.0576431126
173 0.0185396658 0.0108013264 4860.2784664829 174 0.0189146943 0.1161933050 0.0735785989 0.0139865955 -0.0999786370 -0.0631733146 0.0654313944
174 0.0189146943 0.0139865955 4958.1467385260 175 0.0193096352 0.1164789621 0.0757778770 0.0194112855 -0.1168553728 -0.0758690146 0.0774416915
175 0.0193096352 0.0194112855 5061.8398837874 176 0.0197257669 0.1167786178 0.0780289778 0.0301703692 -0.1444441053 -0.0964690085 0.0986868583
176 0.0197257669 0.0301703692 5171.2080094608 177 0.0201644815 0.1170930791 0.0803348763 0.0570334733 -0.1969054231 -0.1351359600 0.1450227407
177 0.0201644815 0.0570334733 5286.0355485311 178 0.0206272972 0.1174232182 0.0826987608 0.1698410479 -0.3369548631 -0.2372814112 0.3088467512
178 0.0206272972 0.1698410479 5408.3759780719 179 0.0211158722 0.1177699787 0.0851240526 2.0000000000 -1.0000000000 -1.0000000000 2.4269039349
179 0.0211158722 2.0000000000 5542.0647643836 180 0.0216320208 0.1181343831 0.0876144298 0.2912000844 0.4333933531 0.3215124973 0.1540965242
180 0.0216320208 0.2912000844 5668.5987083859 181 0.0221777310 0.1185175406 0.0901738522 0.0491991735 0.1764275033 0.1344340342 0.0053125275
181 0.0221777310 0.0491991735 5812.8153604797 182 0.0227551858 0.1189206561 0.0928065909 0.0170918788 0.1030304880 0.0804773095 0.0004045086
182 0.0227551858 0.0170918788 5963.4923021104 183 0.0233667858 0.1193450409 0.0955172604 0.0076266879 0.0682088687 0.0545365764 0.0042943246
183 0.0233667858 0.0076266879 6124.7620104089 184 0.0240151771 0.1197921237 0.0983108552 0.0038549766 0.0480361339 0.0393383587 0.0086266774
184 0.0240151771 0.0038549766 6294.5366598126 185 0.0247032819 0.1202634641 0.1011927916 0.0020479562 0.0345164342 0.0292672506 0.0125258366
185 0.0247032819 0.0020479562 6474.5882051541 186 0.0254343339 0.1207607673 0.1041689543 0.0011169447 0.0252082888 0.0219428083 0.0158914152
186 0.0254343339 0.0011169447 6666.9137351258 187 0.0262119208 0.1212859012 0.1072457501 0.0005941055 0.0183416242 0.0160527360 0.0189136900
187 0.0262119208 0.0005941055 6870.5222174931 188 0.0270400310 0.1218409158 0.1104301691 0.0002980051 0.0127872555 0.0115970336 0.0216606895
188 0.0270400310 0.0002980051 7088.1301137218 189 0.0279231108 0.1224280651 0.1137298539 0.0001368196 0.0083620716 0.0081789605 0.0241520419
189 0.0279231108 0.0001368196 7319.6283136416 190 0.0288661290 0.1230498330 0.1171531800 0.0000444873 0.0048219245 0.0046082949 0.0266441895
190 0.0288661290 0.0000444873 7567.4461536665 191 0.0298746542 0.1237089628 0.1207093483 0.0000070496 0.0018311106 0.0019226661 0.0289644867
191 0.0298746542 0.0000070496 7830.5612989503 192 0.0309549452 0.1244084908 0.1244084908 1.0000000000 0.0000000000 -1.0000000000 1.2797719268
192 0.0309549452 1.0000000000 8114.3077089970 193 0.0321140577 0.1251517863 0.1282617950 0.0000164668 -0.0028077029 -0.0029297769 0.0335848594
193 0.0321140577 0.0000164668 8418.3668310570 194 0.0333599720 0.1259425976 0.1322816470 0.0000456348 -0.0046998505 -0.0048524430 0.0358732079
194 0.0333599720 0.0000456348 8744.4743941859 195 0.0347017448 0.1267851057 0.1364818000 0.0000890669 -0.0064088870 -0.0069277017 0.0383069249
195 0.0347017448 0.0000890669 9096.5399720735 196 0.0361496910 0.1276839882 0.1408775716 0.0001360634 -0.0078737754 -0.0086062197 0.0407213111
196 0.0361496910 0.0001360634 9475.8569305026 197 0.0377156040 0.1286444936 0.1454860760 0.0001954490 -0.0093691824 -0.0103762932 0.0433408529
197 0.0377156040 0.0001954490 9886.2867871193 198 0.0394130217 0.1296725304 0.1503264997 0.0002563696 -0.0104678488 -0.0121158483 0.0460268423
198 0.0394130217 0.0002563696 10331.0439114680 199 0.0412575512 0.1307747727 0.1554204300 0.0003245149 -0.0116580706 -0.0137333293 0.0489001091
199 0.0412575512 0.0003245149 10815.6216003956 200 0.0432672680 0.1319587866 0.1607922468 0.0004023121 -0.0127262185 -0.0155034028 0.0520139068
200 0.0432672680 0.0004023121 11341.5171390201 201 0.0454632075 0.1332331834 0.1664695957 0.0004805555 -0.0139164403 -0.0169377728 0.0552912746
201 0.0454632075 0.0004805555 11916.1276037418 202 0.0478699774 0.1346078037 0.1724839602 0.0005671141 -0.0146183660 -0.0187994018 0.0588577743
202 0.0478699774 0.0005671141 12548.5547717195 203 0.0505165244 0.1360939434 0.1788713586 0.0006691700 -0.0156865139 -0.0205694754 0.0628139535
203 0.0505165244 0.0006691700 13242.2784972073 204 0.0534371022 0.1377046300 0.1856731997 0.0007669174 -0.0164494766 -0.0222785119 0.0670074029
204 0.0534371022 0.0007669174 14007.5742632647 205 0.0566725043 0.1394549650 0.1929373397 0.0008704467 -0.0173039949 -0.0238959929 0.0715900657
205 0.0566725043 0.0008704467 14854.9723498057 206 0.0602716481 0.1413625505 0.2007193996 0.0009897182 -0.0179754021 -0.0258186590 0.0767080751
206 0.0602716481 0.0009897182 15798.6150995535 207 0.0642936299 0.1434480248 0.2090844186 0.0011185392 -0.0188604389 -0.0276192511 0.0823726646
207 0.0642936299 0.0011185392 16853.7442028358 208 0.0688104211 0.1457357420 0.2181089512 0.0012734602 -0.0198370312 -0.0296639912 0.0888057742
208 0.0688104211 0.0012734602 18037.4257585612 209 0.0739104432 0.1482546425 0.2278837514 0.0014323218 -0.0206610309 -0.0317087313 0.0959207618
209 0.0739104432 0.0014323218 19373.8905951801 210 0.0797033703 0.1510393796 0.2385172450 0.0016117856 -0.0215460677 -0.0338755455 0.1039835689
210 0.0797033703 0.0016117856 20891.3697478859 211 0.0863266679 0.1541317942 0.2501400765 0.0018265179 -0.0224311045 -0.0363780633 0.1132671016
211 0.0863266679 0.0018265179 22628.6650353196 212 0.0939546273 0.1575828712 0.2629111372 0.0020696089 -0.0234687338 -0.0389721366 0.1239131946
212 0.0939546273 0.0020696089 24627.7338995404 213 0.1028110588 0.1614553712 0.2770256701 0.0023102839 -0.0242927335 -0.0414746544 0.1359448151
213 0.1028110588 0.0023102839 26948.4706609666 214 0.1131874455 0.1658274241 0.2927263413 0.0026627625 -0.0256050295 -0.0448011719 0.1505712064
214 0.1131874455 0.0026627625 21654.9350112034 215 0.1254694409 0.1707975244 0.3103186211 0.0030196159 -0.0265205847 -0.0481276894 0.1674181937
215 0.1254694409 0.0030196159 32891.2227456110 216 0.1401764237 0.1764916079 0.3301925741 0.0034578849 -0.0276802881 -0.0518814661 0.1876667353
216 0.1401764237 0.0034578849 36744.7846270665 217 0.1580220627 0.1830732976 0.3528544040 0.0040008195 -0.0290536210 -0.0561845759 0.2123107167
217 0.1580220627 0.0040008195 9470.3838267411 218 0.1800097683 0.1907591079 0.3789732590 0.0046811670 -0.0307321390 -0.0611285745 0.2427479963
218 0.1800097683 0.0046811670 54722.8406795300 219 0.2075881754 0.1998416524 0.4094526705 0.0055151241 -0.0325632496 -0.0667439802 0.2807752887
219 0.2075881754 0.0055151241 44755.7835964067 220 0.2429142935 0.2107262407 0.4455432021 0.0065777489 -0.0346995453 -0.0733054598 0.3294377503
220 0.2429142935 0.0065777489 63673.8653161335 221 0.2893193010 0.2239908376 0.4890269989 0.0079546676 -0.0371410260 -0.0810876797 0.3932205969
221 0.2893193010 0.0079546676 75836.4430782731 222 0.3521781944 0.2404888503 0.5425341531 0.0098667542 -0.0402233955 -0.0908230842 0.4799407550
222 0.3521781944 0.0098667542 92309.1395387982 223 0.4406417081 0.2615352602 0.6101155757 0.0125259141 -0.0440687277 -0.1028778954 0.6017534874
223 0.4406417081 0.0125259141 115500.3471221967 224 0.5713723563 0.2892672541 0.6983529279 0.0164862251 -0.0491348003 -0.1186254463 0.7819696144
224 0.5713723563 0.0164862251 149775.6760882227 225 0.7774670368 0.3274055614 0.8187017987 0.0227294998 -0.0559709464 -0.1399884030 1.0660644495
225 0.7774670368 0.0227294998 203796.1711026637 226 1.1328391535 0.3830539831 0.9930301101 0.0335888297 -0.0659504990 -0.1709952086 1.5565599675
226 1.1328391535 0.0335888297 296951.5169361908 227 1.8326606433 0.4716745655 1.2689301586 0.0549454287 -0.0817896054 -0.2196722312 2.5222596635
227 1.8326606433 0.0549454287 320472.9349238269 228 3.5472220904 0.6345007227 1.7733107239 0.1076874903 -0.1105685598 -0.3089693899 4.8910187080
228 3.5472220904 0.1076874903 367687.6566382560 229 10.0361273289 1.0305780422 2.9956695792 0.3079654952 -0.1805169836 -0.5247657704 13.8602162125
229 10.0361273289 0.3079654952 524311.9385037831 230 118.1358845150 3.4094172768 10.3204533983 1.3602490741 -0.6002075259 -1.0000000000 144.2297562025
230 118.1358845150 1.3602490741 524311.9385037831 231 50.3460933588 -2.1428826411 -6.7641812029 1.1435639332 0.3789788507 0.9999694815 66.6418212332
231 50.3460933588 1.1435639332 524312.0010071192 232 6.7731325660 -0.7554729172 -2.4904604468 0.2138458336 0.1342509232 0.4425183874 9.3939733543
232 6.7731325660 0.2138458336 411763.4033808303 233 2.4475650083 -0.4357355763 -1.5025643134 0.0779292808 0.0776696066 0.2681356243 3.3989631510
233 2.4475650083 0.0779292808 311926.9320050943 234 1.2147805634 -0.2939630243 -1.0622458773 0.0390287067 0.0526749474 0.1904049806 1.6892920552
234 1.2147805634 0.0390287067 291986.1617415983 235 0.7057358449 -0.2141077615 -0.8123384217 0.0227769992 0.0384533219 0.1459395123 0.9820836997
235 0.7057358449 0.0227769992 184991.4337886556 236 0.4501021541 -0.1630145596 -0.6507906019 0.0146243380 0.0294808802 0.1172826319 0.6269909868
236 0.4501021541 0.0146243380 117983.0765316947 237 0.3050831313 -0.1276234002 -0.5373968730 0.0099762229 0.0229804376 0.0972014527 0.4253965509
237 0.3050831313 0.0099762229 79968.8553532219 238 0.2156607422 -0.1017490548 -0.4531091171 0.0070955036 0.0184636982 0.0821863460 0.3009923388
238 0.2156607422 0.0070955036 56522.8361504787 239 0.1570766106 -0.0820842275 -0.3877354642 0.0051856198 0.0148319956 0.0704672384 0.2193424710
239 0.1570766106 0.0051856198 41172.9708107999 240 0.1168933910 -0.0667007480 -0.3353273047 0.0038909623 0.0121158483 0.0611896115 0.1634377207
240 0.1168933910 0.0038909623 30641.3894693152 241 0.0883268894 -0.0543991620 -0.2921773787 0.0029631762 0.0098879971 0.0535294656 0.1236460610
241 0.0883268894 0.0029631762 23152.9661781886 242 0.0674317981 -0.0443947564 -0.2558532854 0.0022747601 0.0081179235 0.0469985046 0.0944767883
242 0.0674317981 0.0022747601 17676.7782821411 243 0.0517931695 -0.0361531153 -0.2246911696 0.0017472473 0.0065004425 0.0412915433 0.0725661296
243 0.0517931695 0.0017472473 13578.2868115419 244 0.0398696617 -0.0292982444 -0.1975127201 0.0013452341 0.0053407392 0.0362865078 0.0558619381
244 0.0398696617 0.0013452341 10450.5671996823 245 0.0306428189 -0.0235584746 -0.1734584018 0.0010361354 0.0043641469 0.0318918424 0.0429483956
245 0.0306428189 0.0010361354 8031.4612046173 246 0.0234199108 -0.0187331975 -0.1518847527 0.0007937970 0.0035096286 0.0279549547 0.0328370637
246 0.0234199108 0.0007937970 6136.8390927826 247 0.0177182076 -0.0146716513 -0.1322987160 0.0005990670 0.0024414808 0.0243537706 0.0248328608
247 0.0177182076 0.0005990670 4645.0429842826 248 0.0131945145 -0.0112589719 -0.1143142601 0.0004501850 0.0020447401 0.0211188086 0.0185191048
248 0.0131945145 0.0004501850 3458.1139333068 249 0.0096009004 -0.0084067797 -0.0976228789 0.0003329868 0.0014648885 0.0181890316 0.0135098485
249 0.0096009004 0.0003329868 2516.3975963010 250 0.0067561338 -0.0060466911 -0.0819729912 0.0002322609 0.0011291849 0.0151982177 0.0094937370
250 0.0067561338 0.0002322609 1770.6621988865 251 0.0045268410 -0.0041257697 -0.0671551861 0.0001548185 0.0007324442 0.0124210334 0.0063559770
251 0.0045268410 0.0001548185 1186.4467700935 252 0.0028148642 -0.0026032999 -0.0529913868 0.0000967265 0.0003967406 0.0098269601 0.0039551449
252 0.0028148642 0.0000967265 737.8784098128 253 0.0015486854 -0.0014484872 -0.0393266742 0.0000532470 0.0002136296 0.0072939238 0.0021762428
253 0.0015486854 0.0000532470 405.9533568502 254 0.0006776011 -0.0006388271 -0.0260229315 0.0000241572 0.0001220740 0.0049134800 0.0009576405
254 0.0006776011 0.0000241572 177.4648327826 255 0.0001678243 -0.0001589741 -0.0129537248 0.0000051002 0.0000000000 0.0022583697 0.0002314331
255 0.0001678243 0.0000051002 44.0141484963 