#int double real img int16 real16 img16 error
0 0.0010226695 0.0319792046 0.0000000000 0.0010209865 0.0319528794 0.0000000000 0.0000000007
0 0.0010226695 0.0010209865 0.0010209865 1 0.0011201635 0.0323927795 0.0084185109 0.0011159127 0.0323496200 0.0083315531 0.0000000094
1 0.0011201635 0.0011159127 0.0011159127 2 0.0014700767 0.0337678685 0.0181606089 0.0014647562 0.0337229530 0.0180974761 0.0000000060
2 0.0014700767 0.0014647562 0.0014626988 3 0.0023266052 0.0366336891 0.0313779861 0.0023197169 0.0366222114 0.0312814722 0.0000000094
3 0.0023266052 0.0023197169 0.0023197169 4 0.0046505918 0.0425756621 0.0532719892 0.0046427141 0.0425428022 0.0532242805 0.0000000034
4 0.0046505918 0.0046427141 0.0046427141 5 0.0140388373 0.0578766181 0.1033882700 0.0140130327 0.0578020569 0.1033051546 0.0000000125
5 0.0140388373 0.0140130327 0.0140130327 6 0.1796411838 0.1519978983 0.3956486101 0.1794677315 0.1519211402 0.3954588458 0.0000000419
6 0.1796411838 0.1794677315 0.1794918701 7 0.0841014716 -0.0688211632 -0.2817181554 0.0840872029 -0.0688497574 -0.2816858425 0.0000000019
7 0.0841014716 0.0840872029 0.0840872029 8 0.0125039479 -0.0139754249 -0.1109442897 0.0125018957 -0.0139774773 -0.1109347819 0.0000000001
8 0.0125039479 0.0125018957 0.0125027498 9 0.0050122659 -0.0014979560 -0.0707815090 0.0050153850 -0.0015259255 -0.0708029420 0.0000000012
9 0.0050122659 0.0050153850 0.0050153850 10 0.0027671884 0.0039407511 -0.0524562569 0.0027706526 0.0039063692 -0.0524918363 0.0000000024
10 0.0027671884 0.0027706526 0.0027706526 11 0.0017927569 0.0069446998 -0.0417675479 0.0017931261 0.0068971831 -0.0417798395 0.0000000024
11 0.0017927569 0.0017931261 0.0017931261 12 0.0012785363 0.0088268017 -0.0346500196 0.0012791938 0.0087893307 -0.0346690268 0.0000000018
12 0.0012785363 0.0012791938 0.0012791938 13 0.0009721424 0.0101026695 -0.0294970930 0.0009723499 0.0100711081 -0.0295113987 0.0000000012
13 0.0009721424 0.0009723499 0.0009723499 14 0.0007738555 0.0110154866 -0.0255443643 0.0007747624 0.0109866634 -0.0255745109 0.0000000017
14 0.0007738555 0.0007747624 0.0007747624 15 0.0006376553 0.0116946052 -0.0223806066 0.0006390651 0.0116580706 -0.0224311045 0.0000000039
15 0.0006376553 0.0006390651 0.0006390651 16 0.0005398305 0.0122149692 -0.0197642354 0.0005381603 0.0121768853 -0.0197454756 0.0000000018
16 0.0005398305 0.0005381603 0.0005381603 17 0.0004671133 0.0126228687 -0.0175435603 0.0004668018 0.0126041444 -0.0175481429 0.0000000004
17 0.0004671133 0.0004668018 0.0004668018 18 0.0004115885 0.0129483514 -0.0156182176 0.0004115952 0.0129398480 -0.0156254769 0.0000000001
18 0.0004115885 0.0004115952 0.0004115952 19 0.0003682857 0.0132117094 -0.0139189231 0.0003674422 0.0132145146 -0.0138859218 0.0000000011
19 0.0003682857 0.0003674422 0.0003674422 20 0.0003339507 0.0134270939 -0.0123961240 0.0003329616 0.0133671072 -0.0124210334 0.0000000042
20 0.0003339507 0.0003329616 0.0003329616 21 0.0003063787 0.0136046370 -0.0110132920 0.0003049867 0.0135502182 -0.0110171819 0.0000000030
21 0.0003063787 0.0003049867 0.0003049867 22 0.0002840324 0.0137517517 -0.0097427765 0.0002825451 0.0137028108 -0.0097354045 0.0000000024
22 0.0002840324 0.0002825451 0.0002833824 23 0.0002658141 0.0138739583 -0.0085631438 0.0002641476 0.0138248848 -0.0085451827 0.0000000027
23 0.0002658141 0.0002641476 0.0002641476 24 0.0002509255 0.0139754249 -0.0074574097 0.0002499683 0.0139469588 -0.0074465163 0.0000000009
24 0.0002509255 0.0002499683 0.0002504237 25 0.0002387764 0.0140593309 -0.0064118333 0.0002381537 0.0140385144 -0.0064088870 0.0000000004
25 0.0002387764 0.0002381537 0.0002381537 26 0.0002289266 0.0141281166 -0.0054150683 0.0002283072 0.0140995514 -0.0054322947 0.0000000011
26 0.0002289266 0.0002283072 0.0002283072 27 0.0002210459 0.0141836568 -0.0044575527 0.0002195122 0.0141300699 -0.0044557024 0.0000000029
27 0.0002210459 0.0002195122 0.0002195122 28 0.0002148868 0.0142273838 -0.0035310567 0.0002139202 0.0141911069 -0.0035401471 0.0000000014
28 0.0002148868 0.0002139202 0.0002139202 29 0.0002102665 0.0142603746 -0.0026283401 0.0002100121 0.0142521439 -0.0026245918 0.0000000001
29 0.0002102665 0.0002100121 0.0002100121 30 0.0002070535 0.0142834125 -0.0017428834 0.0002061497 0.0142521439 -0.0017395550 0.0000000010
30 0.0002070535 0.0002061497 0.0002061497 31 0.0002051596 0.0142970298 -0.0008686695 0.0002039069 0.0142521439 -0.0008850368 0.0000000023
31 0.0002051596 0.0002039069 0.0002039069 32 0.0002045339 0.0143015351 0.0000000000 0.0002022546 0.0142216254 0.0000000000 0.0000000064
32 0.0002045339 0.0002022546 0.0002022546 33 0.0002051596 0.0142970298 0.0008686695 0.0002038538 0.0142521439 0.0008545183 0.0000000022
33 0.0002051596 0.0002038538 0.0002038538 34 0.0002070535 0.0142834125 0.0017428834 0.0002061497 0.0142521439 0.0017395550 0.0000000010
34 0.0002070535 0.0002061497 0.0002070205 35 0.0002102665 0.0142603746 0.0026283401 0.0002091431 0.0142216254 0.0026245918 0.0000000015
35 0.0002102665 0.0002091431 0.0002091431 36 0.0002148868 0.0142273838 0.0035310567 0.0002137050 0.0141911069 0.0035096286 0.0000000018
36 0.0002148868 0.0002137050 0.0002137050 37 0.0002210459 0.0141836568 0.0044575527 0.0002201045 0.0141605884 0.0044251839 0.0000000016
37 0.0002210459 0.0002201045 0.0002201045 38 0.0002289266 0.0141281166 0.0054150683 0.0002279765 0.0140995514 0.0054017762 0.0000000010
38 0.0002289266 0.0002279765 0.0002276478 39 0.0002387764 0.0140593309 0.0064118333 0.0002377635 0.0140385144 0.0063783685 0.0000000016
39 0.0002387764 0.0002377635 0.0002377635 40 0.0002509255 0.0139754249 0.0074574097 0.0002499683 0.0139469588 0.0074465163 0.0000000009
40 0.0002509255 0.0002499683 0.0002508205 41 0.0002658141 0.0138739583 0.0085631438 0.0002646701 0.0138248848 0.0085757012 0.0000000026
41 0.0002658141 0.0002646701 0.0002641476 42 0.0002840324 0.0137517517 0.0097427765 0.0002833824 0.0137333293 0.0097354045 0.0000000004
42 0.0002840324 0.0002833824 0.0002825451 43 0.0003063787 0.0136046370 0.0110132920 0.0003058147 0.0135807367 0.0110171819 0.0000000006
43 0.0003063787 0.0003058147 0.0003051432 44 0.0003339507 0.0134270939 0.0123961240 0.0003330212 0.0133976257 0.0123905148 0.0000000009
44 0.0003339507 0.0003330212 0.0003330212 45 0.0003682857 0.0132117094 0.0139189231 0.0003674031 0.0132450331 0.0138554033 0.0000000051
45 0.0003682857 0.0003674031 0.0003665956 46 0.0004115885 0.0129483514 0.0156182176 0.0004098535 0.0129093295 0.0155949583 0.0000000021
46 0.0004115885 0.0004098535 0.0004098535 47 0.0004671133 0.0126228687 0.0175435603 0.0004649632 0.0125736259 0.0175176244 0.0000000031
47 0.0004671133 0.0004649632 0.0004649632 48 0.0005398305 0.0122149692 0.0197642354 0.0005369561 0.0121768853 0.0197149571 0.0000000039
48 0.0005398305 0.0005369561 0.0005369561 49 0.0006376553 0.0116946052 0.0223806066 0.0006349661 0.0116580706 0.0223395489 0.0000000030
49 0.0006376553 0.0006349661 0.0006349661 50 0.0007738555 0.0110154866 0.0255443643 0.0007716441 0.0109866634 0.0255134739 0.0000000018
50 0.0007738555 0.0007716441 0.0007716441 51 0.0009721424 0.0101026695 0.0294970930 0.0009705495 0.0100711081 0.0294808802 0.0000000013
51 0.0009721424 0.0009705495 0.0009705495 52 0.0012785363 0.0088268017 0.0346500196 0.0012749653 0.0087893307 0.0346079897 0.0000000032
52 0.0012785363 0.0012749653 0.0012749653 53 0.0017927569 0.0069446998 0.0417675479 0.0017884515 0.0069277017 0.0417188025 0.0000000027
53 0.0017927569 0.0017884515 0.0017884515 54 0.0027671884 0.0039407511 0.0524562569 0.0027642484 0.0039063692 0.0524307993 0.0000000018
54 0.0027671884 0.0027642484 0.0027642484 55 0.0050122659 -0.0014979560 0.0707815090 0.0050023364 -0.0014954070 0.0707113865 0.0000000049
55 0.0050122659 0.0050023364 0.0050023364 56 0.0125039479 -0.0139754249 0.1109442897 0.0124883572 -0.0139774773 0.1108737449 0.0000000050
56 0.0125039479 0.0124883572 0.0124951255 57 0.0841014716 -0.0688211632 0.2817181554 0.0840314301 -0.0688192389 0.2815942869 0.0000000153
57 0.0841014716 0.0840314301 0.0840486187 58 0.1796411838 0.1519978983 -0.3956486101 0.1795067386 0.1518906217 -0.3955198828 0.0000000281
58 0.1796411838 0.1795067386 0.1795160105 59 0.0140388373 0.0578766181 -0.1033882700 0.0140291763 0.0578325755 -0.1033661916 0.0000000024
59 0.0140388373 0.0140291763 0.0140291763 60 0.0046505918 0.0425756621 -0.0532719892 0.0046459636 0.0425428022 -0.0532547990 0.0000000014
60 0.0046505918 0.0046459636 0.0046459636 61 0.0023266052 0.0366336891 -0.0313779861 0.0023232189 0.0365916929 -0.0313730277 0.0000000018
61 0.0023266052 0.0023232189 0.0023232189 62 0.0014700767 0.0337678685 -0.0181606089 0.0014690284 0.0337534715 -0.0181585131 0.0000000002
62 0.0014700767 0.0014690284 0.0014690284 63 0.0011201635 0.0323927795 -0.0084185109 0.0011174467 0.0323496200 -0.0084231086 0.0000000019
63 0.0011201635 0.0011174467 0.0011174467 