#int double real img int16 real16 img16 error
0 0.0000000000 -0.0000000001 0.0000000000 0.0000000037 -0.0000610370 0.0000000000 0.0000000037
0 0.0000000000 0.0000000037 0.0000000037 1 0.8411137654 -0.0112545046 0.9170534889 0.0000002617 -0.0004882962 0.0001525925 0.8408231650
1 0.8411137654 0.0000002617 366.5908052776 2 3.3960500198 -0.0452254961 1.8422824632 0.0000046141 -0.0008239998 0.0019837031 3.3886710193
2 3.3960500198 0.0000046141 639.2684797755 3 7.7618135970 -0.1025450395 2.7841153194 0.0000093557 -0.0006408887 0.0029908139 7.7450379711
3 7.7618135970 0.0000093557 118.7853197799 4 14.1077402457 -0.1842995190 3.7515028899 0.0000299355 -0.0003051851 0.0054628132 14.0666701713
4 14.1077402457 0.0000299355 16600.9075005334 5 22.6879491881 -0.2920821263 4.7542230932 0.0000495717 -0.0005493332 0.0070192572 22.6209356299
5 22.6879491881 0.0000495717 9885.0013309365 6 33.8608798657 -0.4280729471 5.8032433533 0.0000756140 -0.0007019257 0.0086672567 33.7597581294
6 33.8608798657 0.0000756140 18113.6112820174 7 48.1184872998 -0.5951544245 6.9111705601 0.0001086212 -0.0009765923 0.0103762932 47.9740088101
7 48.1184872998 0.0001086212 15230.4366996382 8 66.1292222687 -0.7970741695 8.0928298535 0.0001600669 -0.0014038514 0.0125736259 65.9236319580
8 66.1292222687 0.0001600669 49356.2217145106 9 88.8013945273 -1.0386733695 9.3660318256 0.0002095389 -0.0017090365 0.0143742180 88.5287950389
9 88.8013945273 0.0002095389 18007.9387356434 10 117.3776029668 -1.3262088193 10.7526170365 0.0002832409 -0.0021362957 0.0166936247 117.0132195531
10 117.3776029668 0.0002832409 16407.3996877806 11 153.5778962081 -1.6678122809 12.2799144298 0.0003713643 -0.0027466659 0.0190740684 153.1006498702
11 153.5778962081 0.0003713643 48763.7106146674 12 199.8216546803 -2.0741568607 13.9828297564 0.0004954389 -0.0033570360 0.0220038453 199.1928720340
12 199.8216546803 0.0004954389 234725.3813093697 13 259.5807532239 -2.5594445589 15.9069166331 0.0006262605 -0.0000305185 0.0250251778 258.7850764304
13 259.5807532239 0.0006262605 0.0000000047 14 337.9595632372 -3.1429080643 18.1130254827 0.0008630097 -0.0050965911 0.0289315470 336.8803143169
14 337.9595632372 0.0008630097 60015.8634111524 15 442.6830936464 -3.8511657398 20.6845743512 0.0011379892 -0.0062868130 0.0331431013 441.2647066325
15 442.6830936464 0.0011379892 83063.4146744550 16 585.8547528361 -4.7220513376 23.7393551724 0.0015717885 -0.0077517014 0.0388805811 583.9371169138
16 585.8547528361 0.0015717885 287136.6238136502 17 787.2479195162 -5.8111182806 27.4495687370 0.0021490844 -0.0096133305 0.0453505051 784.6486365866
17 787.2479195162 0.0021490844 278020.9377914222 18 1080.8641076730 -7.2032814405 32.0776689328 0.0030041913 -0.0120548112 0.0534684286 1077.2631583661
18 1080.8641076730 0.0030041913 193731.1219295614 19 1529.0377061882 -9.0350448141 38.0447850749 0.0043110321 -0.0151982177 0.0638752403 1523.9071444838
19 1529.0377061882 0.0043110321 283078.6961423613 20 2255.8545346133 -11.5405470251 46.0724463099 0.0064997058 -0.0196539201 0.0781884213 2248.2027366580
20 2255.8545346133 0.0064997058 368468.0276856091 21 3537.0579577272 -15.1576687181 57.5091561124 0.0104063861 -0.0259102145 0.0986663411 3524.9344511855
21 3537.0579577272 0.0104063861 366525.8002704259 22 6088.3251006060 -20.8109883820 75.2012490799 0.0182670961 -0.0360728782 0.1302529984 6067.2515668452
22 6088.3251006060 0.0182670961 5063.1749527254 23 12266.8833562246 -30.8477164332 106.3734071424 0.0377631884 -0.0540787988 0.1866512040 12223.8752554888
23 12266.8833562246 0.0377631884 29921.9425417422 24 33946.0757372957 -53.4833866963 176.3110974522 0.1068041738 -0.0949125645 0.3127231666 33825.7569212896
24 33946.0757372957 0.1068041738 524319.9702129969 25 252328.1925446290 -151.7044732229 478.8673567375 0.8135970012 -0.2724692526 0.8598590045 251422.8197154689
25 252328.1925446290 0.8135970012 524319.9702129969 26 592081.9715216865 241.3682588339 -730.6321476291 1.1926825600 0.4388866848 -1.0000305185 590409.9886835213
26 592081.9715216865 1.1926825600 406720.9427964419 27 50299.7889229018 72.9593380434 -212.0771650017 0.1709872956 0.1343729972 -0.3910641804 50114.4808149041
27 50299.7889229018 0.1709872956 511733.3205519126 28 17778.2242656130 44.9192111806 -125.5407851359 0.0621063440 0.0838343455 -0.2346873379 17711.8291612995
28 17778.2242656130 0.0621063440 371234.8045499969 29 9185.0611797443 33.3920020274 -89.8333756482 0.0331217420 0.0633869442 -0.1705984680 9150.2101950325
29 9185.0611797443 0.0331217420 423441.9920437230 30 5677.6452150021 27.1181452501 -70.3011480219 0.0211091082 0.0521866512 -0.1355937376 5655.7711228995
30 5677.6452150021 0.0211091082 380329.0726127612 31 3896.5655341131 23.1785386999 -57.9596487037 0.0149413097 0.0453810236 -0.1134983367 3881.3200963479
31 3896.5655341131 0.0149413097 402029.8144548342 32 2863.6453060530 20.4785533088 -49.4396011354 0.0113333973 0.0406506546 -0.0983916746 2852.2628159653
32 2863.6453060530 0.0113333973 284650.8369572992 33 2208.4399869857 18.5152784931 -43.1928749831 0.0090456799 0.0373546556 -0.0874660482 2199.5099487960
33 2208.4399869857 0.0090456799 331230.1351792784 34 1765.0721499500 17.0253067771 -38.4084766568 0.0075208907 0.0350657674 -0.0793176061 1757.7927230995
34 1765.0721499500 0.0075208907 267188.9389783078 35 1450.0314007850 15.8573369197 -34.6204602309 0.0063939430 0.0331736198 -0.0727561266 1443.9480030216
35 1450.0314007850 0.0063939430 205962.0859893098 36 1217.4554274302 14.9182753780 -31.5420431674 0.0055805759 0.0318613239 -0.0675679800 1212.2479117160
36 1217.4554274302 0.0055805759 9580.1242357369 37 1040.4054337624 14.1477055367 -28.9870291994 0.0049485083 0.0309457686 -0.0631733146 1035.8723455961
37 1040.4054337624 0.0049485083 6122.7675764916 38 902.1859780373 13.5047106300 -26.8292521110 0.0044980792 0.0300302133 -0.0599688711 898.1615375101
38 902.1859780373 0.0044980792 0.0000155000 39 791.9864045502 12.9605969253 -24.9801787802 0.0040981300 0.0294198431 -0.0568559832 788.3873599754
39 791.9864045502 0.0040981300 0.0000150232 40 702.5463399264 12.4946489777 -23.3758440885 0.0038372357 0.0292062136 -0.0546281320 699.2663769979
40 702.5463399264 0.0038372357 17032.0780925153 41 628.8368199552 12.0915387355 -21.9688759604 0.0035900327 0.0287789544 -0.0525528733 625.8353911927
41 628.8368199552 0.0035900327 4374.8755568588 42 567.2810267166 11.7396825799 -20.7234379300 0.0034036115 0.0287179174 -0.0507827998 564.5053634607
42 567.2810267166 0.0034036115 55651.6440141317 43 515.2759014316 11.4301649402 -19.6119155330 0.0032422175 0.0285653249 -0.0492568743 512.6940875832
43 515.2759014316 0.0032422175 312198.3585385827 44 470.8885976387 11.1560129371 -18.6126831216 0.0031503816 0.0287789544 -0.0481887265 468.4557882529
44 470.8885976387 0.0031503816 279880.1328578329 45 432.6582385586 10.9116953916 -17.7085612696 0.0030412612 0.0289010285 -0.0469679861 430.3670904628
45 432.6582385586 0.0030412612 211718.4631184279 46 399.4631169003 10.6927692071 -16.8857278073 0.0030045592 0.0292977691 -0.0463270974 397.2750393800
46 399.4631169003 0.0030045592 43434.6411489264 47 370.4297054451 10.4956249186 -16.1329341105 0.0029431236 0.0296334727 -0.0454420606 368.3443774003
47 370.4297054451 0.0029431236 192268.4108807892 48 344.8690459232 10.3173004152 -15.4409312564 0.0029318129 0.0299996948 -0.0450758385 342.8609201614
48 344.8690459232 0.0029318129 372452.4647464968 49 322.2314651454 10.1553424419 -14.8020432722 0.0029048355 0.0304574725 -0.0444654683 320.2993982835
49 322.2314651454 0.0029048355 166021.4294113186 50 302.0738056361 10.0077021724 -14.2098452794 0.0029573253 0.0312204352 -0.0445265053 300.1864438241
50 302.0738056361 0.0029573253 28541.3816804294 51 284.0353567114 9.8726554605 -13.6589176317 0.0009229458 0.0278328806 -0.0121768853 283.1540646289
51 284.0353567114 0.0009229458 46659.0555744479 52 267.8199342029 9.7487412275 -13.1446558982 0.0030270651 0.0330210273 -0.0440076907 266.0222024672
52 267.8199342029 0.0030270651 280983.5592811392 53 253.1823709658 9.6347133497 -12.6631224283 0.0031136461 0.0335093234 -0.0446180609 251.4097712266
53 253.1823709658 0.0031136461 103710.1104269166 54 239.9182152516 9.5295027192 -12.2109292512 0.0031541891 0.0346995453 -0.0441602832 238.1815544306
54 239.9182152516 0.0031541891 145105.4415214584 55 227.8557917855 9.4321870536 -11.7851448515 0.0033303604 0.0359202857 -0.0451673940 226.1168998770
55 227.8557917855 0.0033303604 156497.5500914252 56 216.8500235087 9.3419666718 -11.3832193255 0.0034484733 0.0372325816 -0.0454115421 215.1239618226
56 216.8500235087 0.0034484733 41920.6641579807 57 206.7775796480 9.2581449027 -11.0029238209 0.0036314893 0.0387585070 -0.0461439863 205.0481098559
57 206.7775796480 0.0036314893 908.5160366739 58 197.5330330238 9.1801121281 -10.6423011769 0.0038464815 0.0404675436 -0.0469985046 195.7935418489
58 197.5330330238 0.0038464815 45267.8149417194 59 189.0257925559 9.1073326957 -10.2996254168 0.0041154462 0.0424512467 -0.0480971709 187.2659070599
59 189.0257925559 0.0041154462 144202.0174781982 60 181.1776364540 9.0393341192 -9.9733682944 0.0044287632 0.0446485794 -0.0493484298 179.3905382328
60 181.1776364540 0.0044287632 170971.7110428253 61 173.9207146777 8.9756981122 -9.6621714990 0.0047939552 0.0469985046 -0.0508438368 172.0992961135
61 173.9207146777 0.0047939552 86926.8826768046 62 167.1959208591 8.9160531029 -9.3648234327 0.0052450232 0.0499282815 -0.0524613178 165.3282575076
62 167.1959208591 0.0052450232 1013.4474377882 63 160.9515572078 8.8600679529 -9.0802397037 0.0058107495 0.0531022065 -0.0546891690 159.0232081144
63 160.9515572078 0.0058107495 136803.7168892532 64 155.1422333441 8.8074466602 -8.8074466602 1.0000000000 0.0000000000 -1.0000000000 138.5273400237
64 155.1422333441 1.0000000000 0.0000000009 65 149.7279531140 8.7579238701 -8.5455674241 0.0074374000 0.0617694632 -0.0601825007 147.6248587671
65 149.7279531140 0.0074374000 119795.3761989849 66 144.6733533859 8.7112610561 -8.2938099929 0.0086203459 0.0673238319 -0.0639362774 142.4484721097
66 144.6733533859 0.0086203459 1662.9768383541 67 139.9470664311 8.6672432555 -8.0514570595 0.0101441991 0.0738242744 -0.0685140538 137.5742288171
67 139.9470664311 0.0101441991 141369.1339738713 68 135.5211833482 8.6256762690 -7.8178572672 0.0122087543 0.0818811609 -0.0741904965 132.9608099042
68 135.5211833482 0.0122087543 90761.0206217202 69 131.3708005298 8.5863842485 -7.5924176695 0.0151061592 0.0920133061 -0.0814844203 128.5684559804
69 131.3708005298 0.0151061592 140156.6295153641 70 127.4736347143 8.5492076129 -7.3745972030 0.0193670012 0.1052583392 -0.0910367138 124.3505327368
70 127.4736347143 0.0193670012 4339.6357939036 71 123.8096949487 8.5140012404 -7.1639010202 0.0260301557 0.1234168523 -0.1039155248 120.2453015692
71 123.8096949487 0.0260301557 42899.8221017508 72 120.3610019871 8.4806328957 -6.9598755503 0.0371377755 0.1489913633 -0.1222266305 116.1696933760
72 120.3610019871 0.0371377755 445505.5324343342 73 117.1113473960 8.4489818572 -6.7621041823 0.0580270484 0.1881466109 -0.1504257332 111.9556908808
73 117.1113473960 0.0580270484 23864.9331418830 74 114.0460860308 8.4189377160 -6.5702034797 0.1046213530 0.2549821467 -0.1990112003 107.2422615994
74 114.0460860308 0.1046213530 133779.8664781168 75 111.1519566679 8.3903993209 -6.3838198520 0.2483696089 0.3966185492 -0.3017670217 100.8918976583
75 111.1519566679 0.2483696089 524311.9697554512 76 108.4169264884 8.3632738507 -6.2026266200 1.2354060210 0.8927884762 -0.6620685446 86.5059355172
76 108.4169264884 1.2354060210 491832.0070285030 77 105.8300558237 8.3374759946 -6.0263214205 1.9999389639 -1.0000000000 0.9999694815 136.5572217891
77 105.8300558237 1.9999389639 524311.9697554512 78 103.3813801889 8.3129272283 -5.8546239065 0.5315629728 -0.5960875271 0.4198126164 118.7390975903
78 103.3813801889 0.5315629728 524311.9697554512 79 101.0618071050 8.2895551710 -5.6872737029 0.1558069175 -0.3255714591 0.2231818598 109.1538918114
79 101.0618071050 0.1558069175 524311.9697554512 80 98.8630256154 8.2672930150 -5.5240285860 0.0726825113 -0.2241584521 0.1497848445 104.2969068630
80 98.8630256154 0.0726825113 387455.5699959674 81 96.7774267320 8.2460790169 -5.3646628579 0.0416492033 -0.1711783197 0.1111178930 100.8343959018
81 96.7774267320 0.0416492033 389988.0871325715 82 94.7980333177 8.2258560439 -5.2089658919 0.0269010095 -0.1385540330 0.0877712333 98.0187801076
82 94.7980333177 0.0269010095 376072.1383648857 83 92.9184381404 8.2065711677 -5.0567408288 0.0187149145 -0.1164586322 0.0717795343 95.5745461642
83 92.9184381404 0.0187149145 110523.7885392065 84 91.1327490223 8.1881753013 -4.9078034045 0.0137756837 -0.1007110813 0.0602740562 93.3874311191
84 91.1327490223 0.0137756837 146013.8229796616 85 89.4355401649 8.1706228720 -4.7619808954 0.0105371732 -0.0887173070 0.0516373180 91.3876204982
85 89.4355401649 0.0105371732 6044.5692778301 86 87.8218088637 8.1538715283 -4.6191111659 0.0083308695 -0.0794701987 0.0448927274 89.5408483110
86 87.8218088637 0.0083308695 76168.3251808469 87 86.2869369393 8.1378818752 -4.4790418088 0.0067171130 -0.0717490158 0.0396130253 87.8162808755
87 86.2869369393 0.0067171130 21989.8206689605 88 84.8266563022 8.1226172355 -4.3416293655 0.0055512169 -0.0657063509 0.0351268044 86.2046377268
88 84.8266563022 0.0055512169 25223.9383903364 89 83.4370181538 8.1080434346 -4.2067386200 0.0046708324 -0.0607013153 0.0314035463 84.6902398106
89 83.4370181538 0.0046708324 227997.8125494490 90 82.1143653889 8.0941286047 -4.0742419564 0.0039776775 -0.0563676870 0.0282906583 83.2613636557
90 82.1143653889 0.0039776775 279523.9684797641 91 80.8553078196 8.0808430085 -3.9440187742 0.0034284076 -0.0525528733 0.0258186590 81.9117378169
91 80.8553078196 0.0034284076 219814.6796359065 92 79.6566999101 8.0681588783 -3.8159549557 0.0029863619 -0.0494094668 0.0233466597 80.6351527331
92 79.6566999101 0.0029863619 295184.8290980905 93 78.5156207161 8.0560502703 -3.6899423787 0.0026377131 -0.0466628010 0.0214545122 79.4284259975
93 78.5156207161 0.0026377131 17501.8052997275 94 77.4293558005 8.0444929317 -3.5658784713 0.0023397182 -0.0442518387 0.0195318461 78.2829591054
94 77.4293558005 0.0023397182 85737.6846806757 95 76.3953808980 8.0334641798 -3.4436658039 0.0020968340 -0.0421155431 0.0179754021 77.1979477004
95 76.3953808980 0.0020968340 13187.3814139561 96 75.4113471423 8.0229427919 -3.3232117146 0.0018861933 -0.0401318400 0.0166020692 76.1675286293
96 75.4113471423 0.0018861933 307127.7571577945 97 74.4750676893 8.0129089043 -3.2044279648 0.0017021788 -0.0383922849 0.0151066622 75.1888540530
97 74.4750676893 0.0017021788 4864.9795843270 98 73.5845055880 8.0033439203 -3.0872304225 0.0015619019 -0.0368968780 0.0141605884 74.2640982962
98 73.5845055880 0.0015619019 69880.0493909911 99 72.7377627719 7.9942304263 -2.9715387702 0.0014266125 -0.0354625080 0.0130008850 73.3834455733
99 72.7377627719 0.0014266125 138902.1569947122 100 71.9330700556 7.9855521146 -2.8572762345 0.0013209242 -0.0342112491 0.0122684408 72.5508910541
100 71.9330700556 0.0013209242 262155.9692673906 101 71.1687780364 7.9772937128 -2.7443693367 0.0012159428 -0.0329599902 0.0113834040 71.7583375549
101 71.1687780364 0.0012159428 262155.9692673906 102 70.4433488106 7.9694409188 -2.6327476620 0.0011410236 -0.0321359905 0.0104068117 71.0114986077
102 70.4433488106 0.0011410236 262155.9692673906 103 69.7553484286 7.9619803422 -2.5223436440 0.0010617800 -0.0310678426 0.0098269601 70.3007072539
103 69.7553484286 0.0010617800 262156.0005185818 104 69.1034400097 7.9548994489 -2.4130923662 0.0010016520 -0.0303048799 0.0091250343 69.6306253081
104 69.1034400097 0.0010016520 1963.0495000658 105 68.4863774707 7.9481865116 -2.3049313757 0.0009636219 -0.0298165838 0.0086367382 69.0011308080
105 68.4863774707 0.0009636219 31492.8890688551 106 67.9029997923 7.9418305641 -2.1978005102 0.0009051983 -0.0289620655 0.0081484420 68.3997459246
106 67.9029997923 0.0009051983 51018.6913254867 107 67.3522257885 7.9358213585 -2.0916417365 0.0008492848 -0.0281991028 0.0073549608 67.8314090431
107 67.3522257885 0.0008492848 15774.0025781048 108 66.8330493303 7.9301493270 -1.9863989988 0.0008070263 -0.0275582141 0.0068971831 67.2983389773
108 66.8330493303 0.0008070263 143760.5458130081 109 66.3445349818 7.9248055458 -1.8820180770 0.0007697748 -0.0270088809 0.0063478500 66.7972785515
109 66.3445349818 0.0007697748 7049.0985899317 110 65.8858140164 7.9197817033 -1.7784464536 0.0007386072 -0.0264900662 0.0060731834 66.3277453701
110 65.8858140164 0.0007386072 49083.5516577949 111 65.4560807806 7.9150700692 -1.6756331879 0.0007129011 -0.0261543626 0.0053712577 65.8888214224
111 65.4560807806 0.0007129011 11245.0148476977 112 65.0545893763 7.9106634677 -1.5735287979 0.0006794124 -0.0255745109 0.0050355541 65.4757386661
112 65.0545893763 0.0006794124 100871.1195613048 113 64.6806506379 7.9065552520 -1.4720851485 0.0006507455 -0.0250556963 0.0047914060 65.0916165926
113 64.6806506379 0.0006507455 6483.8857214719 114 64.3336293804 7.9027392819 -1.3712553456 0.0006361741 -0.0248420667 0.0043641469 64.7388750268
114 64.3336293804 0.0006361741 57749.3835122236 115 64.0129418980 7.8992099020 -1.2709936355 0.0116189816 -0.1077913755 -0.0000305185 65.7274167028
115 64.0129418980 0.0116189816 55188.9601650922 116 63.7180536967 7.8959619235 -1.1712553095 0.0005999248 -0.0242316965 0.0035706656 64.1096830498
116 63.7180536967 0.0005999248 97916.0251192788 117 63.4484774435 7.8929906061 -1.0719966120 0.0005844043 -0.0239570299 0.0032349620 63.8341828089
117 63.4484774435 0.0005844043 492.2623880371 118 63.2037711179 7.8902916430 -0.9731746538 0.0005750569 -0.0238044374 0.0028992584 63.5856370513
118 63.2037711179 0.0005750569 94000.8537989508 119 62.9835363538 7.8878611465 -0.8747473281 0.0005645389 -0.0236213263 0.0025635548 63.3612293025
119 62.9835363538 0.0005645389 27298.0635863963 120 62.7874169590 7.8856956354 -0.7766732296 0.0005470485 -0.0232856227 0.0021973327 63.1586238935
120 62.7874169590 0.0005470485 172761.1641588073 121 62.6150976048 7.8837920239 -0.6789115770 0.0005377831 -0.0231025117 0.0020142216 62.9826411392
121 62.6150976048 0.0005377831 10911.6096168805 122 62.4663026743 7.8821476117 -0.5814221378 0.0005355590 -0.0230719932 0.0018005921 62.8326457531
122 62.4663026743 0.0005355590 1519.7183180079 123 62.3407952626 7.8807600754 -0.4841651546 0.0005275352 -0.0229194006 0.0014954070 62.7040154403
123 62.3407952626 0.0005275352 55660.9080151420 124 62.2383763248 7.8796274612 -0.3871012745 0.0005279738 -0.0229499191 0.0011291849 62.6014521424
124 62.2383763248 0.0005279738 94754.6205417274 125 62.1588839624 7.8787481790 -0.2901914789 0.0005218938 -0.0228278451 0.0008850368 62.5196292023
125 62.1588839624 0.0005218938 47553.7674575479 126 62.1021928460 7.8781209968 -0.1933970153 0.0005198755 -0.0227973266 0.0003967406 62.4620663727
126 62.1021928460 0.0005198755 42019.4473901211 127 62.0682137702 7.8777450376 -0.0966793296 0.0005128594 -0.0226447340 0.0002746666 62.4255586211
127 62.0682137702 0.0005128594 262269.9543786405 128 62.0568933376 7.8776197762 0.0000000000 0.0000000037 -0.0000610370 0.0000000000 62.0578549942
128 62.0568933376 0.0000000037 262155.9692518915 129 62.0682137701 7.8777450376 0.0966793296 0.0005184402 -0.0227668081 -0.0003357036 62.4274993402
129 62.0682137701 0.0005184402 262157.5513639698 130 62.1021928459 7.8781209968 0.1933970153 0.0005145033 -0.0226752525 -0.0005798517 62.4602083987
130 62.1021928459 0.0005145033 42021.1008914140 131 62.1588839624 7.8787481790 0.2901914789 0.0005232350 -0.0228583636 -0.0008545183 62.5200937263
131 62.1588839624 0.0005232350 167896.6451234726 132 62.2383763247 7.8796274612 0.3871012745 0.0005251760 -0.0228888821 -0.0011291849 62.6004874465
132 62.2383763247 0.0005251760 94756.4894061026 133 62.3407952625 7.8807600754 0.4841651546 0.0005258717 -0.0228888821 -0.0014038514 62.7034441026
133 62.3407952625 0.0005258717 32051.8454880585 134 62.4663026741 7.8821476117 0.5814221377 0.0005332380 -0.0230414747 -0.0015259255 62.8318429347
134 62.4663026741 0.0005332380 276.3353707292 135 62.6150976049 7.8837920239 0.6789115770 0.0005415450 -0.0231940672 -0.0018921476 62.9839227557
135 62.6150976049 0.0005415450 95053.7996653142 136 62.7874169590 7.8856956354 0.7766732296 0.0005490221 -0.0233161412 -0.0023194067 63.1592968097
136 62.7874169590 0.0005490221 172763.1549252142 137 62.9835363537 7.8878611465 0.8747473281 0.0005606094 -0.0235602893 -0.0023499252 63.3598887261
137 62.9835363537 0.0005606094 5845.2844668157 138 63.2037711180 7.8902916430 0.9731746538 0.0005711265 -0.0237434004 -0.0027161473 63.5843135231
138 63.2037711180 0.0005711265 10484.8299922399 139 63.4484774436 7.8929906061 1.0719966120 0.0005856709 -0.0239875484 -0.0032044435 63.8346004088
139 63.4484774436 0.0005856709 65694.5013386861 140 63.7180536967 7.8959619235 1.1712553095 0.0005974100 -0.0241706595 -0.0036317026 64.1088596230
140 63.7180536967 0.0005974100 96762.6554643054 141 64.0129418980 7.8992099020 1.2709936355 0.0005990679 -0.0244758446 -0.0000305185 64.4002982116
141 64.0129418980 0.0005990679 0.0000000009 142 64.3336293804 7.9027392819 1.3712553456 0.0006374258 -0.0248725852 -0.0043336283 64.7392749409
142 64.3336293804 0.0006374258 42622.2432679660 143 64.6806506379 7.9065552520 1.4720851485 0.0006564139 -0.0252082888 -0.0045777764 65.0934062620
143 64.6806506379 0.0006564139 32706.7713225145 144 65.0545893762 7.9106634677 1.5735287979 0.0006828464 -0.0256355480 -0.0050660726 65.4768038302
144 65.0545893762 0.0006828464 100869.6682537105 145 65.4560807805 7.9150700692 1.6756331879 0.0007078567 -0.0260322886 -0.0054933317 65.8872930315
145 65.4560807805 0.0007078567 6372.1791635188 146 65.8858140164 7.9197817033 1.7784464536 0.0007312157 -0.0263985107 -0.0058595538 66.3255279216
146 65.8858140164 0.0007312157 49082.7249713996 147 66.3445349818 7.9248055458 1.8820180770 0.0007700878 -0.0269783624 -0.0065004425 66.7973695218
147 66.3445349818 0.0007700878 11926.7842779547 148 66.8330493302 7.9301493270 1.9863989988 0.0008112427 -0.0276497696 -0.0068361461 67.2995528038
148 66.8330493302 0.0008112427 127042.2759182279 149 67.3522257884 7.9358213585 2.0916417365 0.0008493752 -0.0281685842 -0.0074770348 67.8314354248
149 67.3522257884 0.0008493752 6593.9481457069 150 67.9029997921 7.9418305641 2.1978005102 0.0008919821 -0.0288094729 -0.0078737754 68.3961016551
150 67.9029997921 0.0008919821 163204.2921873056 151 68.4863774707 7.9481865117 2.3049313757 0.0009324263 -0.0292977691 -0.0086062197 68.9927116548
151 68.4863774707 0.0009324263 9997.1661327104 152 69.1034400096 7.9548994489 2.4130923662 0.0010012897 -0.0303353984 -0.0090029603 69.6305213372
152 69.1034400096 0.0010012897 279384.0158417478 153 69.7553484281 7.9619803422 2.5223436440 0.0010786650 -0.0312509537 -0.0101016266 70.3050255987
153 69.7553484281 0.0010786650 4079.5780655011 154 70.4433488112 7.9694409189 2.6327476620 0.0011311836 -0.0318918424 -0.0106814783 71.0090435765
154 70.4433488112 0.0011311836 134482.3443369615 155 71.1687780366 7.9772937128 2.7443693367 0.0012388026 -0.0333567309 -0.0112308115 71.7638527072
155 71.1687780366 0.0012388026 41627.7924699090 156 71.9330700557 7.9855521146 2.8572762345 0.0013292917 -0.0343333232 -0.0122684408 72.5528490789
156 71.9330700557 0.0013292917 173609.6445453030 157 72.7377627719 7.9942304263 2.9715387702 0.0014238416 -0.0353099155 -0.0133060701 73.3828168212
157 72.7377627719 0.0014238416 235260.1359306762 158 73.5845055880 8.0033439203 3.0872304225 0.0015688872 -0.0370494705 -0.0140079958 74.2656056061
158 73.5845055880 0.0015688872 69882.1511122502 159 74.4750676893 8.0129089043 3.2044279648 0.0017091502 -0.0383617664 -0.0154118473 75.1903278277
159 74.4750676893 0.0017091502 7769.5399151215 160 75.4113471423 8.0229427919 3.3232117146 0.0018837447 -0.0401013215 -0.0166020692 76.1670364842
160 75.4113471423 0.0018837447 307127.7884092205 161 76.3953808979 8.0334641798 3.4436658039 0.0021023432 -0.0421155431 -0.0181279946 77.1990041649
161 76.3953808979 0.0021023432 4126.5770517262 162 77.4293558004 8.0444929317 3.5658784713 0.0023460051 -0.0442823572 -0.0196234016 78.2841093558
162 77.4293558004 0.0023460051 85735.9157717098 163 78.5156207160 8.0560502703 3.6899423787 0.0026394930 -0.0467238380 -0.0213629566 79.4287355427
163 78.5156207160 0.0026394930 7183.7257247552 164 79.6566999099 8.0681588783 3.8159549557 0.0029847730 -0.0493789483 -0.0233771783 80.6348916022
164 79.6566999099 0.0029847730 68079.2680590611 165 80.8553078194 8.0808430085 3.9440187742 0.0034349646 -0.0526749474 -0.0256965850 81.9127543712
165 80.8553078194 0.0034349646 28332.9637568107 166 82.1143653879 8.0941286047 4.0742419563 0.0039845576 -0.0564592425 -0.0282296213 83.2623553002
166 82.1143653879 0.0039845576 0.0000302819 167 83.4370181545 8.1080434346 4.2067386200 0.0046597257 -0.0606097598 -0.0314035463 84.6887440322
167 83.4370181545 0.0046597257 7805.1538732984 168 84.8266563024 8.1226172356 4.3416293655 0.0055410565 -0.0656453139 -0.0350962859 86.2033710058
168 84.8266563024 0.0055410565 99902.5273460770 169 86.2869369394 8.1378818752 4.4790418088 0.0066930276 -0.0717490158 -0.0393078402 87.8135229164
169 86.2869369394 0.0066930276 18280.6078802705 170 87.8218088640 8.1538715283 4.6191111660 0.0083287608 -0.0794396802 -0.0449232459 89.5406304514
170 87.8218088640 0.0083287608 43640.0003761748 171 89.4355401651 8.1706228720 4.7619808954 0.0104975290 -0.0885647145 -0.0515152440 91.3839246735
171 89.4355401651 0.0104975290 121.8521704888 172 91.1327490224 8.1881753013 4.9078034045 0.0137376173 -0.1005584887 -0.0602130192 93.3842950284
172 91.1327490224 0.0137376173 130853.4258356645 173 92.9184381404 8.2065711677 5.0567408288 0.0187176435 -0.1164891507 -0.0717490158 95.5747411494
173 92.9184381404 0.0187176435 18968.1279687168 174 94.7980333177 8.2258560439 5.2089658919 0.0268965128 -0.1386150700 -0.0876491592 98.0185080154
174 94.7980333177 0.0268965128 376068.8422461987 175 96.7774267321 8.2460790169 5.3646628579 0.0416962267 -0.1711172826 -0.1114230781 100.8367107235
175 96.7774267321 0.0416962267 21958.4691882825 176 98.8630256155 8.2672930150 5.5240285860 0.0727190223 -0.2242194891 -0.1498153630 104.2982897661
176 98.8630256155 0.0727190223 387454.1656299956 177 101.0618071050 8.2895551710 5.6872737029 0.1559284327 -0.3256324961 -0.2233649709 109.1571080715
177 101.0618071050 0.1559284327 524312.0010071192 178 103.3813801889 8.3129272283 5.8546239065 0.5315440341 -0.5961790826 -0.4196600238 118.7388140965
178 103.3813801889 0.5315440341 524311.9385037831 179 105.8300558238 8.3374759946 6.0263214205 2.0000000000 -1.0000000000 -1.0000000000 136.5576506540
179 105.8300558238 2.0000000000 524312.0010071192 180 108.4169264884 8.3632738507 6.2026266200 1.2354727692 0.8927579577 0.6621601001 86.5053769652
180 108.4169264884 1.2354727692 491830.6614522182 181 111.1519566678 8.3903993209 6.3838198520 0.2484606624 0.3967101047 0.3017975402 100.8900626875
181 111.1519566678 0.2484606624 524311.9385037831 182 114.0460860305 8.4189377160 6.5702034797 0.1045868193 0.2548905911 0.1990417188 107.2433676403
182 114.0460860305 0.1045868193 380108.3290524823 183 117.1113473963 8.4489818572 6.7621041823 0.0579605097 0.1878719443 0.1505478072 111.9586146937
183 117.1113473963 0.0579605097 143366.8061049460 184 120.3610019872 8.4806328957 6.9598755503 0.0371105019 0.1488998077 0.1222266305 116.1712190001
184 120.3610019872 0.0371105019 445516.7709337623 185 123.8096949486 8.5140012404 7.1639010201 0.0260400814 0.1235084078 0.1038544877 120.2446270133
185 123.8096949486 0.0260400814 58713.9350539546 186 127.4736347145 8.5492076129 7.3745972030 0.0193722766 0.1054414502 0.0908536027 124.3501078440
186 127.4736347145 0.0193722766 116312.8353073065 187 131.3708005300 8.5863842485 7.5924176695 0.0151479074 0.0921048616 0.0816370128 128.5646083741
187 131.3708005300 0.0151479074 132195.8089456477 188 135.5211833483 8.6256762690 7.8178572672 0.0122073628 0.0817896054 0.0742820521 132.9609564334
188 135.5211833483 0.0122073628 90767.2521981344 189 139.9470664311 8.6672432555 8.0514570595 0.0101261899 0.0737022004 0.0685140538 137.5763268987
189 139.9470664311 0.0101261899 5588.8714193492 190 144.6733533858 8.7112610561 8.2938099929 0.0085721377 0.0671102023 0.0637836848 142.4546770145
190 144.6733533858 0.0085721377 1662.4014954446 191 149.7279531141 8.7579238701 8.5455674241 0.0074446591 0.0617389447 0.0602740562 147.6238357961
191 149.7279531141 0.0074446591 21701.0346642954 192 155.1422333441 8.8074466602 8.8074466602 1.0000000000 0.0000000000 -1.0000000000 173.7571266644
192 155.1422333441 1.0000000000 0.0000000009 193 160.9515572078 8.8600679530 9.0802397037 0.0058270682 0.0532242805 0.0547196875 159.0205070338
193 160.9515572078 0.0058270682 113732.6549603975 194 167.1959208591 8.9160531029 9.3648234327 0.0052543248 0.0499893185 0.0524918363 165.3266067897
194 167.1959208591 0.0052543248 1013.1520774974 195 173.9207146778 8.9756981122 9.6621714990 0.0047844262 0.0470290231 0.0507217627 172.1010977354
195 173.9207146778 0.0047844262 41662.4047382535 196 181.1776364539 9.0393341192 9.9733682944 0.0044028401 0.0445265053 0.0491958373 179.3957629690
196 181.1776364539 0.0044028401 170967.8082361154 197 189.0257925557 9.1073326957 10.2996254168 0.0040949419 0.0424512467 0.0478835414 187.2702871644
197 189.0257925557 0.0040949419 117739.6407060359 198 197.5330330232 9.1801121281 10.6423011769 0.0038390798 0.0403759880 0.0469985046 195.7952154266
198 197.5330330232 0.0038390798 39099.0538970727 199 206.7775796485 9.2581449027 11.0029238209 0.0036146239 0.0387585070 0.0459608753 205.0521225050
199 206.7775796485 0.0036146239 45434.0090089221 200 216.8500235088 9.3419666718 11.3832193255 0.0034530221 0.0372936186 0.0454115421 215.1228259600
200 216.8500235088 0.0034530221 41924.8042374176 201 227.8557917853 9.4321870536 11.7851448515 0.0033028847 0.0359202857 0.0448622089 226.1240657022
201 227.8557917853 0.0033028847 30091.1014080753 202 239.9182152519 9.5295027192 12.2109292512 0.0031797191 0.0346385083 0.0444959868 238.1745447598
202 239.9182152519 0.0031797191 133779.8477802996 203 253.1823709661 9.6347133497 12.6631224283 0.0030919981 0.0336313974 0.0442823572 251.4158993938
203 253.1823709661 0.0030919981 45458.6793254591 204 267.8199342031 9.7487412275 13.1446558982 0.0030297521 0.0330210273 0.0440382092 266.0214028437
204 267.8199342031 0.0030297521 282167.8162986023 205 284.0353567113 9.8726554605 13.6589176317 0.0029317086 0.0315866573 0.0439771722 282.2132389062
205 284.0353567113 0.0029317086 0.0000000000 206 302.0738056360 10.0077021724 14.2098452794 0.0029606475 0.0314035463 0.0444349498 300.1853840842
206 302.0738056360 0.0029606475 25628.8538929307 207 322.2314651456 10.1553424419 14.8020432722 0.0029066955 0.0304879910 0.0444654683 320.2987802918
207 322.2314651456 0.0029066955 144167.7964309827 208 344.8690459231 10.3173004152 15.4409312564 0.0029217372 0.0299691763 0.0449842830 342.8643672282
208 344.8690459231 0.0029217372 372452.6968931145 209 370.4297054449 10.4956249186 16.1329341104 0.0029543812 0.0295419172 0.0456251717 368.3404022855
209 370.4297054449 0.0029543812 185899.2289397359 210 399.4631168999 10.6927692071 16.8857278073 0.0029730795 0.0291451765 0.0460829493 397.2865164096
210 399.4631168999 0.0029730795 43433.0616967411 211 432.6582385587 10.9116953916 17.7085612696 0.0030419271 0.0289620655 0.0469374676 430.3668399719
211 432.6582385587 0.0030419271 203031.9810098377 212 470.8885976384 11.1560129371 18.6126831216 0.0031175523 0.0287179174 0.0478835414 468.4684779098
212 470.8885976384 0.0031175523 377240.9047454135 213 515.2759014309 11.4301649402 19.6119155329 0.0032336972 0.0286263619 0.0491348003 512.6974719473
213 515.2759014309 0.0032336972 240700.9074669135 214 567.2810267143 11.7396825799 20.7234379300 0.0033873245 0.0285958434 0.0506912442 564.5120080829
214 567.2810267143 0.0033873245 16487.8033617449 215 628.8368199567 12.0915387355 21.9688759604 0.0035824951 0.0288705100 0.0524307993 625.8385332209
215 628.8368199567 0.0035824951 89555.6189330777 216 702.5463399265 12.4946489777 23.3758440885 0.0038254594 0.0291756951 0.0545365764 699.2714082333
216 702.5463399265 0.0038254594 30812.5167725018 217 791.9864045485 12.9605969253 24.9801787801 0.0041122721 0.0295419172 0.0569170202 788.3811603797
217 791.9864045485 0.0041122721 11599.6502736897 218 902.1859780402 13.5047106301 26.8292521110 0.0044797906 0.0299691763 0.0598467971 898.1697181092
218 902.1859780402 0.0044797906 76782.2501793779 219 1040.4054337645 14.1477055367 28.9870291995 0.0049507706 0.0307321390 0.0632953887 1035.8713154696
219 1040.4054337645 0.0049507706 76782.2501793779 220 1217.4554274313 14.9182753780 31.5420431675 0.0055522144 0.0317392499 0.0674153874 1212.2611517854
220 1217.4554274313 0.0055522144 76782.2501793779 221 1450.0314007855 15.8573369197 34.6204602309 0.0063826547 0.0332041383 0.0726645711 1443.9533632382
221 1450.0314007855 0.0063826547 218223.8736252925 222 1765.0721499493 17.0253067771 38.4084766568 0.0074677490 0.0350657674 0.0789819025 1757.8184576852
222 1765.0721499493 0.0074677490 267146.3033201546 223 2208.4399869883 18.5152784931 43.1928749832 0.0090426231 0.0373851741 0.0874355296 2199.5114519887
223 2208.4399869883 0.0090426231 364336.4319049473 224 2863.6453060536 20.4785533089 49.4396011354 0.0113213900 0.0406506546 0.0983306375 2852.2688392502
224 2863.6453060536 0.0113213900 284646.4576379315 225 3896.5655341133 23.1785386999 57.9596487036 0.0148693625 0.0451979125 0.1132541887 3881.3568143677
225 3896.5655341133 0.0148693625 433982.2723780994 226 5677.6452149976 27.1181452501 70.3011480219 0.0210512202 0.0521866512 0.1353801080 5655.8011018145
226 5677.6452149976 0.0210512202 380338.8686219604 227 9185.0611797538 33.3920020274 89.8333756482 0.0330022460 0.0632648701 0.1702932829 9150.2730597537
227 9185.0611797538 0.0330022460 401069.0643708394 228 17778.2242656147 44.9192111806 125.5407851358 0.0620725825 0.0838038270 0.2346263009 17711.8471945449
228 17778.2242656147 0.0620725825 524311.9385037831 229 50299.7889229110 72.9593380435 212.0771650017 0.1708679719 0.1343729972 0.3909115879 50114.5454183793
229 50299.7889229110 0.1708679719 524311.9385037831 230 592081.9715217253 241.3682588343 730.6321476290 1.1925872753 0.4389172033 0.9999694815 590410.0630470926
230 592081.9715217253 1.1925872753 524311.9385037831 231 252328.1925446076 -151.7044732231 -478.8673567374 0.8137404411 -0.2723471786 -0.8599810785 251422.7399826990
231 252328.1925446076 0.8137404411 524312.0010071192 232 33946.0757372949 -53.4833866964 -176.3110974521 0.1068938433 -0.0948820460 -0.3128757591 33825.7064679057
232 33946.0757372949 0.1068938433 524312.0010071192 233 12266.8833562206 -30.8477164333 -106.3734071424 0.0377371070 -0.0540482803 -0.1865901669 12223.8900976873
233 12266.8833562206 0.0377371070 15934.4053230862 234 6088.3251005930 -20.8109883820 -75.2012490798 0.0183055258 -0.0361644337 -0.1303750725 6067.2294342995
234 6088.3251005930 0.0183055258 79505.5398048461 235 3537.0579577288 -15.1576687181 -57.5091561124 0.0104082954 -0.0260628071 -0.0986358226 3524.9333373893
235 3537.0579577288 0.0104082954 335112.8016267853 236 2255.8545346124 -11.5405470251 -46.0724463099 0.0065056797 -0.0196844386 -0.0782189398 2248.1992261056
236 2255.8545346124 0.0065056797 384565.9081231401 237 1529.0377061873 -9.0350448141 -38.0447850749 0.0043216247 -0.0152897732 -0.0639362774 1523.9008563783
237 1529.0377061873 0.0043216247 300712.4336740792 238 1080.8641076705 -7.2032814405 -32.0776689328 0.0029969331 -0.0120242927 -0.0534073916 1077.2675066227
238 1080.8641076705 0.0029969331 193697.6458468638 239 787.2479195166 -5.8111182806 -27.4495687370 0.0021597590 -0.0097354045 -0.0454420606 784.6422021686
239 787.2479195166 0.0021597590 208054.8207026085 240 585.8547528360 -4.7220513376 -23.7393551724 0.0015765385 -0.0077517014 -0.0389416181 583.9342237048
240 585.8547528360 0.0015765385 287132.8863482315 241 442.6830936461 -3.8511657398 -20.6845743512 0.0011694521 -0.0061952574 -0.0336313974 441.2452428900
241 442.6830936461 0.0011694521 198628.1561888716 242 337.9595632361 -3.1429080643 -18.1130254827 0.0008804516 -0.0050660726 -0.0292367321 336.8694679407
242 337.9595632361 0.0008804516 32661.3813959433 243 259.5807532239 -2.5594445589 -15.9069166331 0.0209877132 -0.0000305185 -0.1448713645 254.9926712815
243 259.5807532239 0.0209877132 262156.0005035605 244 199.8216546800 -2.0741568607 -13.9828297564 0.0005185399 -0.0033570360 -0.0225226600 199.1783861405
244 199.8216546800 0.0005185399 234438.5494560745 245 153.5778962078 -1.6678122809 -12.2799144298 0.0003924553 -0.0027161473 -0.0196234016 153.0872812306
245 153.5778962078 0.0003924553 78668.1716800444 246 117.3776029656 -1.3262088193 -10.7526170365 0.0003013683 -0.0022583697 -0.0172124393 117.0017566572
246 117.3776029656 0.0003013683 388.1086030559 247 88.8013945278 -1.0386733696 -9.3660318257 0.0002162151 -0.0015869625 -0.0146183660 88.5244819084
247 88.8013945278 0.0002162151 105264.0754341563 248 66.1292222689 -0.7970741695 -8.0928298535 0.0001650796 -0.0012512589 -0.0127872555 65.9204224906
248 66.1292222689 0.0001650796 49351.9374968948 249 48.1184873000 -0.5951544245 -6.9111705601 0.0001183914 -0.0010071108 -0.0108340709 47.9676546953
249 48.1184873000 0.0001183914 6812.1255650836 250 33.8608798653 -0.4280729471 -5.8032433533 0.0000833398 -0.0007934812 -0.0090945158 33.7547284924
250 33.8608798653 0.0000833398 26593.5366588318 251 22.6879491881 -0.2920821263 -4.7542230932 0.0000529666 -0.0004577776 -0.0072634053 22.6186710394
251 22.6879491881 0.0000529666 12392.5741549621 252 14.1077402457 -0.1842995190 -3.7515028899 0.0000344685 -0.0003662221 -0.0058595538 14.0636754589
252 14.1077402457 0.0000344685 16600.4113251830 253 7.7618135970 -0.1025450395 -2.7841153194 0.0000177968 -0.0002441481 -0.0042115543 7.7383304157
253 7.7618135970 0.0000177968 3820.5800545317 254 3.3960500197 -0.0452254961 -1.8422824632 0.0000082530 -0.0001525925 -0.0028687399 3.3854744122
254 3.3960500197 0.0000082530 638.6917339338 255 0.8411137654 -0.0112545046 -0.9170534889 0.0000019745 -0.0000610370 -0.0014038514 0.8385395523
255 0.8411137654 0.0000019745 8207.7709952343 