#int double real img int16 real16 img16 error
0 25688.2970841914 160.2756908710 0.0000000000 0.0091188015 0.0954924162 0.0000000000 25657.6959770500
0 25688.2970841914 0.0091188015 4096.2461049571 1 28137.2347607798 162.3484755846 42.1925021316 0.0057045369 0.0703451643 -0.0274971770 28116.7199543268
1 28137.2347607798 0.0057045369 4696.5823424839 2 36926.6560327569 169.2402457649 91.0186532870 0.0006888631 0.0189214759 -0.0181890316 36923.5632534957
2 36926.6560327569 0.0006888631 4552.4469091307 3 58441.6800795582 183.6033732228 157.2624603036 0.0000000019 -0.0000305185 -0.0000305185 58441.7008849944
3 58441.6800795582 0.0000000019 8092.0393013634 4 116817.5852796304 213.3837830049 266.9924089373 0.0024232350 0.0492263558 -0.0000305185 116796.5957872444
4 116817.5852796304 0.0024232350 8192.4922099141 5 352639.6490423114 290.0702210173 518.1688102552 0.0312519074 -0.1250038148 -0.1250038148 352841.7462185996
5 352639.6490423114 0.0312519074 8192.4922099141 6 4512382.5202470720 761.7940618690 1982.9403237486 0.0263484118 -0.1035493027 -0.1250038148 4513036.0632932577
6 4512382.5202470720 0.0263484118 8192.4922099141 7 2112533.4531825860 -344.9228839576 -1411.9354295806 0.0182892155 -0.1250038148 -0.0516067995 2112301.5071818689
7 2112533.4531825860 0.0182892155 4452.6975432993 8 314084.9711032789 -70.0430452398 -556.0386163899 0.0127340215 0.0545976135 -0.0987578967 313982.8057950810
8 314084.9711032789 0.0127340215 4096.2500114455 9 125902.4269065030 -7.5075640397 -354.7478870814 0.0162391311 -0.0918912320 0.0882900479 125963.7048029114
9 125902.4269065030 0.0162391311 1598.3011808366 10 69508.6301535905 19.7505415944 -262.9040628448 0.0012914777 0.0126651814 0.0336313974 69525.8148187364
10 69508.6301535905 0.0012914777 431.1221661429 11 45032.0176364529 34.8059488941 -209.3336178401 0.0312442785 -0.1250038148 0.1249732963 45093.0728580089
11 45032.0176364529 0.0312442785 2829.3587868270 12 32115.3795651206 44.2388031145 -173.6614748991 0.0057787371 0.0690328684 0.0318308054 32120.3330501277
12 32115.3795651206 0.0057787371 3436.1633580911 13 24419.1136721501 50.6332896553 -147.8356643399 0.0181786533 0.1249732963 0.0505996887 24421.4371097735
13 24419.1136721501 0.0181786533 874.6266591904 14 19438.3711171941 55.2082125094 -128.0250928088 0.0179330867 0.0967741935 0.0925626392 19451.4042707540
14 19438.3711171941 0.0179330867 2672.8576404699 15 16017.1779843717 58.6118683226 -112.1687428658 0.0205962684 0.0790429395 0.1197851497 16034.8051712217
15 16017.1779843717 0.0205962684 5792.2358059898 16 13559.9284081067 61.2198663426 -99.0558245289 0.0178965683 0.1249732963 0.0477309488 13554.1006646646
16 13559.9284081067 0.0178965683 4845.7491998289 17 11733.3561141781 63.2642063961 -87.9260843166 0.0281903413 0.1249732963 0.1121250038 11737.2890567755
17 11733.3561141781 0.0281903413 4645.3474675038 18 10338.6363067185 64.8954840509 -78.2765128025 0.0156183257 -0.0000305185 0.1249732963 10358.2208337274
18 10338.6363067185 0.0156183257 6961.0188127206 19 9250.9181416350 66.2154008688 -69.7598654630 0.0000000019 -0.0000305185 -0.0000305185 9250.9179252933
19 9250.9181416350 0.0000000019 2502.7041779834 20 8388.4633932495 67.2948806753 -62.1277911095 0.0312519074 -0.1250038148 -0.1250038148 8389.7864569714
20 8388.4633932495 0.0312519074 1190.4392086142 21 7695.8862102579 68.1847038748 -55.1972134058 0.0017781616 -0.0409253212 0.0101626637 7702.5908516637
21 7695.8862102579 0.0017781616 1143.1398232182 22 7134.5705711219 68.9220240662 -48.8295522173 0.0055008433 -0.0230414747 -0.0704977569 7130.8674543040
22 7134.5705711219 0.0055008433 313.4327311796 23 6676.9495618672 69.5345077617 -42.9173833337 0.0017289802 -0.0147404401 -0.0388805811 6675.6639237330
23 6676.9495618672 0.0017289802 1199.7585997021 24 6302.9625846906 70.0430452405 -37.3755855892 0.0068526651 -0.0546281320 -0.0621967223 6305.9728009562
24 6302.9625846906 0.0068526651 702.7490815316 25 5997.7918055249 70.4635717008 -32.1352900827 0.0228395702 -0.0849330119 -0.1250038148 6001.7499441377
25 5997.7918055249 0.0228395702 4096.1875081373 26 5750.3773249134 70.8083169146 -27.1396311809 0.0079867881 -0.0892666402 -0.0042725913 5762.7950396967
26 5750.3773249134 0.0079867881 589.7203222917 27 5552.4218833518 71.0866772416 -22.3406849066 0.0004118802 -0.0202948088 -0.0000305185 5555.3063126691
27 5552.4218833518 0.0004118802 1389.8394422166 28 5397.7126588873 71.3058313206 -17.6972053887 0.0158468480 -0.1250038148 -0.0148625141 5415.0294576726
28 5397.7126588873 0.0158468480 2197.8761827905 29 5281.6545800364 71.4711770374 -13.1729052574 0.0044547589 0.0000000000 -0.0667439802 5279.9006105393
29 5281.6545800364 0.0044547589 2260.7737112168 30 5200.9491852629 71.5866401986 -8.7351090632 0.0000454895 0.0000000000 -0.0067445906 5200.8314012836
30 5200.9491852629 0.0000454895 177.0933259615 31 5153.3773229646 71.6548879000 -4.3536608741 0.0079354067 0.0733359783 0.0505691702 5143.3158178027
31 5153.3773229646 0.0079354067 4756.3480077979 32 5137.6594168672 71.6774679859 0.0000000000 0.0078167033 0.0884121220 0.0000000000 5124.9929194889
32 5137.6594168672 0.0078167033 4096.1836014104 33 5153.3773229617 71.6548879000 4.3536608740 0.0054569604 -0.0685750908 0.0274666585 5162.9710997759
33 5153.3773229617 0.0054569604 4103.4658743414 34 5200.9491852626 71.5866401986 8.7351090632 0.0000450797 -0.0000305185 0.0067140721 5200.8363034736
34 5200.9491852626 0.0000450797 177.1086315384 35 5281.6545800379 71.4711770374 13.1729052574 0.0312519074 -0.1250038148 -0.1250038148 5302.8474983218
35 5281.6545800379 0.0312519074 1091.3974952855 36 5397.7126588848 71.3058313206 17.6972053887 0.0002199890 -0.0000305185 0.0148319956 5397.1922614241
36 5397.7126588848 0.0002199890 2197.8416883275 37 5552.4218833454 71.0866772416 22.3406849066 0.0184096084 -0.1050447096 -0.0858790857 5571.2120468765
37 5552.4218833454 0.0184096084 1207.4595259633 38 5750.3773249039 70.8083169145 27.1396311809 0.0224866827 -0.0889004181 -0.1207617420 5769.5444478215
38 5750.3773249039 0.0224866827 4365.3990196257 39 5997.7918055325 70.4635717008 32.1352900826 0.0180351137 -0.0849940489 0.1039765618 6003.1051752130
39 5997.7918055325 0.0180351137 61.5808459760 40 6302.9625846893 70.0430452405 37.3755855891 0.0068526651 -0.0546281320 0.0621967223 6305.9728009550
40 6302.9625846893 0.0068526651 702.7474634759 41 6676.9495618544 69.5345077616 42.9173833336 0.0202912742 0.0716574602 -0.1231116672 6677.5717819072
41 6676.9495618544 0.0202912742 0.0000002394 42 7134.5705711436 68.9220240663 48.8295522174 0.0054965412 -0.0230414747 0.0704672384 7130.8704304339
42 7134.5705711436 0.0054965412 266.1527318966 43 7695.8862102679 68.1847038749 55.1972134058 0.0144885802 0.1109042634 0.0467848750 7675.6119606644
43 7695.8862102679 0.0144885802 1161.6007204682 44 8388.4633932555 67.2948806753 62.1277911095 0.0312442785 -0.1250038148 0.1249732963 8389.7902414436
44 8388.4633932555 0.0312442785 1190.4436439809 45 9250.9181416330 66.2154008688 69.7598654630 0.0208309639 0.0721457564 -0.1250038148 9258.8251508422
45 9250.9181416330 0.0208309639 2356.0365611986 46 10338.6363067269 64.8954840509 78.2765128025 0.0312442785 0.1249732963 -0.1250038148 10342.0168713125
46 10338.6363067269 0.0312442785 6961.2279016483 47 11733.3561141856 63.2642063962 87.9260843166 0.0037382226 -0.0560014649 0.0245368816 11736.1307650305
47 11733.3561141856 0.0037382226 4371.8921484211 48 13559.9284081067 61.2198663426 99.0558245289 0.0178994826 0.1249732963 -0.0477614673 13554.1067136511
48 13559.9284081067 0.0178994826 4845.7452933712 49 16017.1779843638 58.6118683227 112.1687428658 0.0281971860 0.1249732963 -0.1121555223 16027.7170326653
49 16017.1779843638 0.0281971860 4776.8875782876 50 19438.3711172107 55.2082125094 128.0250928089 0.0179443899 0.0967741935 -0.0926236763 19451.4199106138
50 19438.3711172107 0.0179443899 2672.7449756404 51 24419.1136721609 50.6332896554 147.8356643400 0.0312519074 -0.1250038148 -0.1250038148 24468.7636768114
51 24419.1136721609 0.0312519074 1128.3746701581 52 32115.3795651208 44.2388031145 173.6614748991 0.0057826265 0.0690328684 -0.0318918424 32120.3542535748
52 32115.3795651208 0.0057826265 3436.1360352738 53 45032.0176364216 34.8059488941 209.3336178400 0.0169195773 0.1249732963 -0.0360728782 45038.4374598697
53 45032.0176364216 0.0169195773 2733.9341481909 54 69508.6301536427 19.7505415944 262.9040628449 0.0167859458 -0.1250038148 -0.0340586566 69531.4930440537
54 69508.6301536427 0.0167859458 1005.4552560180 55 125902.4269065924 -7.5075640395 354.7478870815 0.0143608769 0.0147099216 -0.1189306314 125987.0429192423
55 125902.4269065924 0.0143608769 1026.6642678453 56 314084.9711033122 -70.0430452397 556.0386163900 0.0127279946 0.0545976135 0.0987273782 313982.8397280267
56 314084.9711033122 0.0127279946 4096.1836014114 57 2112533.4531827634 -344.9228839571 1411.9354295808 0.0114529269 0.1051057466 -0.0201422163 2112662.8504077094
57 2112533.4531827634 0.0114529269 8192.3711092785 58 4512382.5202468717 761.7940618684 -1982.9403237488 0.0262650729 -0.1031830805 0.1249732963 4513035.3842052901
58 4512382.5202468717 0.0262650729 8192.3711092785 59 352639.6490422315 290.0702210171 -518.1688102552 0.0047326630 -0.0502945036 0.0469374676 352717.4747139129
59 352639.6490422315 0.0047326630 8192.3711092785 60 116817.5852796222 213.3837830049 -266.9924089373 0.0024232350 0.0492263558 -0.0000305185 116796.5631943947
60 116817.5852796222 0.0024232350 8192.3711092785 61 58441.6800794996 183.6033732227 -157.2624603036 0.0177187642 0.0457472457 -0.1250038148 58385.5822860799
61 58441.6800794996 0.0177187642 8056.2982373545 62 36926.6560327866 169.2402457649 -91.0186532872 0.0006889097 0.0189519944 0.0181585131 36923.5473681446
62 36926.6560327866 0.0006889097 4552.3421738123 63 28137.2347607884 162.3484755847 -42.1925021316 0.0312442785 0.1249732963 -0.1250038148 28086.1391093334
63 28137.2347607884 0.0312442785 4362.3144268300 