#int double real img int16 real16 img16 error
0 0.0000000000 -0.0000000000 0.0000000000 0.0000152597 -0.0039063692 0.0000000000 0.0000152597
0 0.0000000000 0.0000152597 0.0000000000 1 0.0000000668 -0.0000031720 0.0002584608 0.0000019792 0.0000915555 -0.0014038514 0.0000027723
1 0.0000000668 0.0000019792 0.0170800456 2 0.0000002698 -0.0000127463 0.0005192257 0.0000007637 -0.0008545183 -0.0001831111 0.0000012019
2 0.0000002698 0.0000007637 0.0702417319 3 0.0000006165 -0.0000289011 0.0007846703 0.0000004145 -0.0000610370 -0.0006408887 0.0000020333
3 0.0000006165 0.0000004145 0.1601516339 4 0.0000011206 -0.0000519427 0.0010573172 0.0000004936 -0.0000305185 0.0007019257 0.0000001268
4 0.0000011206 0.0000004936 0.2927936327 5 0.0000018022 -0.0000823199 0.0013399221 0.0000005905 -0.0000915555 0.0007629627 0.0000003330
5 0.0000018022 0.0000005905 0.4711597547 6 0.0000026897 -0.0001206473 0.0016355762 0.0000013598 -0.0001220740 0.0011597034 0.0000002265
6 0.0000026897 0.0000013598 0.7031164651 7 0.0000038222 -0.0001677373 0.0019478325 0.0000020304 -0.0002441481 0.0014038514 0.0000003018
7 0.0000038222 0.0000020304 0.9993136069 8 0.0000052528 -0.0002246460 0.0022808694 0.0000044408 -0.0003662221 0.0020752586 0.0000000623
8 0.0000052528 0.0000044408 1.3739808210 9 0.0000070537 -0.0002927379 0.0026397064 0.0000043998 -0.0003051851 0.0020752586 0.0000003188
9 0.0000070537 0.0000043998 1.8446695194 10 0.0000093236 -0.0003737764 0.0030304992 0.0000059469 -0.0003662221 0.0024109622 0.0000003839
10 0.0000093236 0.0000059469 2.4390114552 11 0.0000121991 -0.0004700534 0.0034609501 0.0000092141 -0.0005188147 0.0029908139 0.0000002234
11 0.0000121991 0.0000092141 3.1909351181 12 0.0000158724 -0.0005845768 0.0039408969 0.0000134193 -0.0006714072 0.0036011841 0.0000001229
12 0.0000158724 0.0000134193 4.1524418018 13 0.0000206192 -0.0007213495 0.0044831782 0.0000136503 -0.0004882962 0.0036622211 0.0000007283
13 0.0000206192 0.0000136503 5.3941645683 14 0.0000268451 -0.0008857918 0.0051049442 0.0000225329 -0.0010071108 0.0046388134 0.0000002320
14 0.0000268451 0.0000225329 7.0225266239 15 0.0000351636 -0.0010854060 0.0058297051 0.0000311872 -0.0011597034 0.0054628132 0.0000001401
15 0.0000351636 0.0000311872 9.1985934096 16 0.0000465361 -0.0013308549 0.0066906593 0.0000448562 -0.0013428144 0.0065614795 0.0000000168
16 0.0000465361 0.0000448562 12.1774516434 17 0.0000625333 -0.0016377957 0.0077363396 0.0000602044 -0.0017090365 0.0075685904 0.0000000332
17 0.0000625333 0.0000602044 16.3635939109 18 0.0000858561 -0.0020301605 0.0090407155 0.0000835941 -0.0020447401 0.0089114048 0.0000000169
18 0.0000858561 0.0000835941 22.4672453617 19 0.0001214558 -0.0025464216 0.0107224773 0.0001172653 -0.0026551103 0.0104983673 0.0000000620
19 0.0001214558 0.0001172653 31.7812042145 20 0.0001791889 -0.0032525681 0.0129849796 0.0001761322 -0.0032044435 0.0128788110 0.0000000136
20 0.0001791889 0.0001761322 46.8891193750 21 0.0002809585 -0.0042720115 0.0162082824 0.0002724965 -0.0042115543 0.0159611805 0.0000000647
21 0.0002809585 0.0002724965 73.5180174748 22 0.0004836129 -0.0058653334 0.0211945917 0.0004740833 -0.0059816279 0.0209356975 0.0000000806
22 0.0004836129 0.0004740833 126.5490745936 23 0.0009743932 -0.0086940677 0.0299800995 0.0009690900 -0.0086367382 0.0299081393 0.0000000085
23 0.0009743932 0.0009690900 254.9702510241 24 0.0026964326 -0.0150736664 0.0496912188 0.0026598054 -0.0149845882 0.0493484298 0.0000001254
24 0.0026964326 0.0026598054 705.5898885218 25 0.0200431408 -0.0427561298 0.1349631585 0.0198250071 -0.0425428022 0.1342204047 0.0000005972
25 0.0200431408 0.0198250071 5244.7127274988 26 0.0470307427 0.0680268181 -0.2059201174 0.0466000046 0.0675679800 -0.2050233467 0.0000010147
26 0.0470307427 0.0466000046 12306.5818408811 27 0.0039954543 0.0205627353 -0.0597714662 0.0039703969 0.0202642903 -0.0596636860 0.0000001007
27 0.0039954543 0.0039703969 1045.5000616932 28 0.0014121745 0.0126599538 -0.0353822006 0.0014055112 0.0125125889 -0.0353404340 0.0000000235
28 0.0014121745 0.0014055112 369.5345092053 29 0.0007295953 0.0094111449 -0.0253184853 0.0007242080 0.0093386639 -0.0252388073 0.0000000116
29 0.0007295953 0.0007242080 190.9140618453 30 0.0004509914 0.0076429318 -0.0198135556 0.0004463655 0.0077517014 -0.0196539201 0.0000000373
30 0.0004509914 0.0004463655 118.0016995327 31 0.0003095152 0.0065325998 -0.0163352485 0.0003021041 0.0064394055 -0.0161442915 0.0000000451
31 0.0003095152 0.0003021041 80.9902839020 32 0.0002274674 0.0057716405 -0.0139339728 0.0002250408 0.0056764428 -0.0138859218 0.0000000114
32 0.0002274674 0.0002250408 59.5231805124 33 0.0001754226 0.0052183145 -0.0121734062 0.0001753080 0.0051271096 -0.0122074038 0.0000000095
33 0.0001754226 0.0001753080 45.9057617924 34 0.0001402047 0.0047983834 -0.0108249795 0.0001374129 0.0047608875 -0.0107119968 0.0000000142
34 0.0001402047 0.0001374129 36.6912629250 35 0.0001151801 0.0044692048 -0.0097573714 0.0001145494 0.0045777764 -0.0096743675 0.0000000187
35 0.0001151801 0.0001145494 30.1405690007 36 0.0000967059 0.0042045413 -0.0088897556 0.0000961370 0.0040894803 -0.0089114048 0.0000000137
36 0.0000967059 0.0000961370 25.3058423310 37 0.0000826423 0.0039873652 -0.0081696548 0.0000780244 0.0037537767 -0.0079958495 0.0000000848
37 0.0000826423 0.0000780244 21.6259037104 38 0.0000716632 0.0038061446 -0.0075615106 0.0000720897 0.0036622211 -0.0076601459 0.0000000304
38 0.0000716632 0.0000720897 18.7533061010 39 0.0000629097 0.0036527925 -0.0070403709 0.0000614049 0.0036622211 -0.0069277017 0.0000000128
39 0.0000629097 0.0000614049 16.4601289616 40 0.0000558052 0.0035214705 -0.0065882080 0.0000547884 0.0035401471 -0.0065004425 0.0000000081
40 0.0000558052 0.0000547884 14.6032630222 41 0.0000499503 0.0034078586 -0.0061916705 0.0000505366 0.0035401471 -0.0061647389 0.0000000182
41 0.0000499503 0.0000505366 13.0716169443 42 0.0000450607 0.0033086921 -0.0058406584 0.0000430856 0.0032959990 -0.0056764428 0.0000000271
42 0.0000450607 0.0000430856 11.7881390524 43 0.0000409298 0.0032214582 -0.0055273888 0.0000383402 0.0032349620 -0.0052797021 0.0000000615
43 0.0000409298 0.0000383402 10.7082099119 44 0.0000374040 0.0031441916 -0.0052457668 0.0000364179 0.0030823695 -0.0051881466 0.0000000071
44 0.0000374040 0.0000364179 9.7874172063 45 0.0000343673 0.0030753336 -0.0049909507 0.0000358218 0.0032349620 -0.0050355541 0.0000000275
45 0.0000343673 0.0000358218 8.9918516893 46 0.0000317305 0.0030136318 -0.0047590447 0.0000315412 0.0029297769 -0.0047914060 0.0000000081
46 0.0000317305 0.0000315412 8.3022540977 47 0.0000294243 0.0029580690 -0.0045468786 0.0000288392 0.0028077029 -0.0045777764 0.0000000236
47 0.0000294243 0.0000288392 7.6980614182 48 0.0000273939 0.0029078103 -0.0043518457 0.0000273686 0.0028382214 -0.0043946654 0.0000000067
48 0.0000273939 0.0000273686 7.1680099336 49 0.0000255958 0.0028621644 -0.0041717826 0.0000242680 0.0027466659 -0.0040894803 0.0000000201
49 0.0000255958 0.0000242680 6.6963490120 50 0.0000239946 0.0028205537 -0.0040048785 0.0000246871 0.0027771844 -0.0041199988 0.0000000151
50 0.0000239946 0.0000246871 6.2793775201 51 0.0000225617 0.0027824924 -0.0038496060 0.0000210753 0.0026856288 -0.0037232582 0.0000000253
51 0.0000225617 0.0000210753 5.9027732613 52 0.0000212737 0.0027475686 -0.0037046674 0.0000218315 0.0025635548 -0.0039063692 0.0000000745
52 0.0000212737 0.0000218315 5.5668066523 53 0.0000201110 0.0027154312 -0.0035689528 0.0000246070 0.0028077029 -0.0040894803 0.0000002795
53 0.0000201110 0.0000246070 5.2647462172 54 0.0000190574 0.0026857788 -0.0034415075 0.0000172799 0.0025330363 -0.0032959990 0.0000000445
54 0.0000190574 0.0000172799 4.9854833415 55 0.0000180992 0.0026583515 -0.0033215051 0.0000223205 0.0028687399 -0.0037537767 0.0000002311
55 0.0000180992 0.0000223205 4.7378988920 56 0.0000172250 0.0026329239 -0.0032082271 0.0000170796 0.0025330363 -0.0032654805 0.0000000133
56 0.0000172250 0.0000170796 4.5062264805 57 0.0000164249 0.0026092998 -0.0031010453 0.0000166847 0.0025330363 -0.0032044435 0.0000000165
57 0.0000164249 0.0000166847 4.2963233083 58 0.0000156906 0.0025873071 -0.0029994080 0.0000155168 0.0025635548 -0.0029908139 0.0000000006
58 0.0000156906 0.0000155168 4.1057319587 59 0.0000150149 0.0025667951 -0.0029028288 0.0000161436 0.0025025178 -0.0031434065 0.0000000620
59 0.0000150149 0.0000161436 3.9284951705 60 0.0000143915 0.0025476305 -0.0028108771 0.0000151554 0.0025635548 -0.0029297769 0.0000000144
60 0.0000143915 0.0000151554 3.7650032681 61 0.0000138150 0.0025296954 -0.0027231699 0.0000152793 0.0026551103 -0.0028687399 0.0000000369
61 0.0000138150 0.0000152793 3.6139769666 62 0.0000132808 0.0025128852 -0.0026393659 0.0000116553 0.0022888882 -0.0025330363 0.0000000615
62 0.0000132808 0.0000116553 3.4739589560 63 0.0000127848 0.0024971064 -0.0025591593 0.0000133569 0.0024109622 -0.0027466659 0.0000000426
63 0.0000127848 0.0000133569 3.3446494794 64 0.0000123234 0.0024822757 -0.0024822757 0.0000120716 0.0024414808 -0.0024719993 0.0000000018
64 0.0000123234 0.0000120716 3.2235384505 65 0.0000118933 0.0024683183 -0.0024084681 0.0000113349 0.0024109622 -0.0023499252 0.0000000067
65 0.0000118933 0.0000113349 3.1106483502 66 0.0000114918 0.0024551669 -0.0023375133 0.0000109055 0.0023804437 -0.0022888882 0.0000000079
66 0.0000114918 0.0000109055 3.0055906404 67 0.0000111164 0.0024427610 -0.0022692089 0.0000107612 0.0023499252 -0.0022888882 0.0000000090
67 0.0000111164 0.0000107612 2.9070001685 68 0.0000107648 0.0024310459 -0.0022033715 0.0000101008 0.0023804437 -0.0021057772 0.0000000121
68 0.0000107648 0.0000101008 2.8147983288 69 0.0000104352 0.0024199719 -0.0021398340 0.0000100673 0.0022888882 -0.0021973327 0.0000000205
69 0.0000104352 0.0000100673 2.7286066238 70 0.0000101256 0.0024094941 -0.0020784439 0.0000092812 0.0022583697 -0.0020447401 0.0000000240
70 0.0000101256 0.0000092812 2.6465055055 71 0.0000098346 0.0023995716 -0.0020190616 0.0000099592 0.0025025178 -0.0019226661 0.0000000199
71 0.0000098346 0.0000099592 2.5711405554 72 0.0000095606 0.0023901671 -0.0019615594 0.0000093147 0.0023194067 -0.0019837031 0.0000000055
72 0.0000095606 0.0000093147 2.4985751511 73 0.0000093025 0.0023812466 -0.0019058199 0.0000091024 0.0023499252 -0.0018921476 0.0000000012
73 0.0000093025 0.0000091024 2.4300706980 74 0.0000090590 0.0023727790 -0.0018517349 0.0000075125 0.0021668142 -0.0016785180 0.0000000724
74 0.0000090590 0.0000075125 2.3645955592 75 0.0000088291 0.0023647358 -0.0017992049 0.0000081607 0.0021668142 -0.0018616291 0.0000000431
75 0.0000088291 0.0000081607 2.3017927492 76 0.0000086119 0.0023570908 -0.0017481377 0.0000083722 0.0022888882 -0.0017700735 0.0000000051
76 0.0000086119 0.0000083722 2.2344443941 77 0.0000084064 0.0023498200 -0.0016984481 0.0000069527 0.0021057772 -0.0015869625 0.0000000720
77 0.0000084064 0.0000069527 2.2775122987 78 0.0000082119 0.0023429012 -0.0016500572 0.0000078553 0.0022888882 -0.0016174810 0.0000000040
78 0.0000082119 0.0000078553 2.1620993774 79 0.0000080276 0.0023363141 -0.0016028915 0.0000074603 0.0021057772 -0.0017395550 0.0000000718
79 0.0000080276 0.0000074603 2.1075549197 80 0.0000078530 0.0023300398 -0.0015568828 0.0000078981 0.0023194067 -0.0015869625 0.0000000010
80 0.0000078530 0.0000078981 2.0598020164 81 0.0000076873 0.0023240608 -0.0015119674 0.0000077165 0.0022583697 -0.0016174810 0.0000000154
81 0.0000076873 0.0000077165 2.0147471209 82 0.0000075301 0.0023183612 -0.0014680861 0.0000079950 0.0023804437 -0.0015259255 0.0000000072
82 0.0000075301 0.0000079950 1.9734278820 83 0.0000073808 0.0023129260 -0.0014251832 0.0000073504 0.0023194067 -0.0014038514 0.0000000005
83 0.0000073808 0.0000073504 1.9338935518 84 0.0000072389 0.0023077414 -0.0013832069 0.0000067525 0.0021668142 -0.0014343699 0.0000000225
84 0.0000072389 0.0000067525 1.8961657539 85 0.0000071041 0.0023027944 -0.0013421086 0.0000063669 0.0021362957 -0.0013428144 0.0000000277
85 0.0000071041 0.0000063669 1.8602295370 86 0.0000069759 0.0022980732 -0.0013018424 0.0000066212 0.0021362957 -0.0014343699 0.0000000437
86 0.0000069759 0.0000066212 1.8268459918 87 0.0000068540 0.0022935667 -0.0012623655 0.0000065290 0.0022278512 -0.0012512589 0.0000000044
87 0.0000068540 0.0000065290 1.7950353675 88 0.0000067380 0.0022892646 -0.0012236374 0.0000066659 0.0022583697 -0.0012512589 0.0000000017
88 0.0000067380 0.0000066659 1.7642922400 89 0.0000066276 0.0022851571 -0.0011856200 0.0000065169 0.0022583697 -0.0011902219 0.0000000007
89 0.0000066276 0.0000065169 1.7348541121 90 0.0000065226 0.0022812354 -0.0011482774 0.0000061704 0.0022278512 -0.0010986663 0.0000000053
90 0.0000065226 0.0000061704 1.7086226787 91 0.0000064226 0.0022774910 -0.0011115755 0.0000057094 0.0021668142 -0.0010071108 0.0000000232
91 0.0000064226 0.0000057094 1.6818944811 92 0.0000063274 0.0022739161 -0.0010754822 0.0000058425 0.0021973327 -0.0010071108 0.0000000105
92 0.0000063274 0.0000058425 1.6569704875 93 0.0000062367 0.0022705035 -0.0010399671 0.0000054784 0.0021668142 -0.0008850368 0.0000000348
93 0.0000062367 0.0000054784 1.6328879896 94 0.0000061504 0.0022672462 -0.0010050011 0.0000055333 0.0021668142 -0.0009155553 0.0000000181
94 0.0000061504 0.0000055333 1.6106412135 95 0.0000060683 0.0022641378 -0.0009705569 0.0000055072 0.0021973327 -0.0008239998 0.0000000259
95 0.0000060683 0.0000055072 1.5888523976 96 0.0000059901 0.0022611725 -0.0009366083 0.0000056665 0.0021973327 -0.0009155553 0.0000000045
96 0.0000059901 0.0000056665 1.5682536182 97 0.0000059158 0.0022583446 -0.0009031305 0.0000052725 0.0021057772 -0.0009155553 0.0000000234
97 0.0000059158 0.0000052725 1.5490890085 98 0.0000058450 0.0022556488 -0.0008700998 0.0000057094 0.0021668142 -0.0010071108 0.0000000267
98 0.0000058450 0.0000057094 1.5303591425 99 0.0000057778 0.0022530803 -0.0008374934 0.0000058211 0.0022888882 -0.0007629627 0.0000000068
99 0.0000057778 0.0000058211 1.5131200536 100 0.0000057138 0.0022506344 -0.0008052899 0.0000056935 0.0022278512 -0.0008545183 0.0000000029
100 0.0000057138 0.0000056935 1.4959632074 101 0.0000056531 0.0022483068 -0.0007734684 0.0000062961 0.0023804437 -0.0007934812 0.0000000179
101 0.0000056531 0.0000062961 1.4806023578 102 0.0000055955 0.0022460936 -0.0007420091 0.0000057094 0.0021668142 -0.0010071108 0.0000000766
102 0.0000055955 0.0000057094 1.4646217916 103 0.0000055409 0.0022439909 -0.0007108930 0.0000055454 0.0022278512 -0.0007629627 0.0000000030
103 0.0000055409 0.0000055454 1.4510125863 104 0.0000054891 0.0022419953 -0.0006801018 0.0000050313 0.0021668142 -0.0005798517 0.0000000157
104 0.0000054891 0.0000050313 1.4368511401 105 0.0000054401 0.0022401033 -0.0006496179 0.0000033278 0.0017395550 -0.0005493332 0.0000002606
105 0.0000054401 0.0000033278 1.4230497485 106 0.0000053937 0.0022383120 -0.0006194243 0.0000042406 0.0020447401 -0.0002441481 0.0000001783
106 0.0000053937 0.0000042406 1.4117877060 107 0.0000053500 0.0022366183 -0.0005895047 0.0000032356 0.0017395550 -0.0004577776 0.0000002644
107 0.0000053500 0.0000032356 1.3996207613 108 0.0000053087 0.0022350198 -0.0005598433 0.0000051300 0.0021973327 -0.0005493332 0.0000000015
108 0.0000053087 0.0000051300 1.3896046539 109 0.0000052699 0.0022335137 -0.0005304248 0.0000042042 0.0019837031 -0.0005188147 0.0000000625
109 0.0000052699 0.0000042042 1.3791402112 110 0.0000052335 0.0022320978 -0.0005012343 0.0000046439 0.0021057772 -0.0004577776 0.0000000178
110 0.0000052335 0.0000046439 1.3697188995 111 0.0000051994 0.0022307698 -0.0004722576 0.0000041176 0.0019837031 -0.0004272591 0.0000000631
111 0.0000051994 0.0000041176 1.3606812295 112 0.0000051675 0.0022295279 -0.0004434807 0.0000049046 0.0021668142 -0.0004577776 0.0000000041
112 0.0000051675 0.0000049046 1.3527438343 113 0.0000051378 0.0022283700 -0.0004148900 0.0000039686 0.0019837031 -0.0001831111 0.0000001136
113 0.0000051378 0.0000039686 1.3450001130 114 0.0000051102 0.0022272946 -0.0003864723 0.0000047212 0.0021362957 -0.0003967406 0.0000000084
114 0.0000051102 0.0000047212 1.3379868315 115 0.0000050847 0.0022262998 -0.0003582147 0.0000040692 0.0019837031 -0.0003662221 0.0000000589
115 0.0000050847 0.0000040692 1.3307944300 116 0.0000050613 0.0022253844 -0.0003301046 0.0000043523 0.0020752586 -0.0002136296 0.0000000361
116 0.0000050613 0.0000043523 1.3246899420 117 0.0000050399 0.0022245470 -0.0003021297 0.0000048739 0.0021973327 -0.0002136296 0.0000000086
117 0.0000050399 0.0000048739 1.3190085415 118 0.0000050205 0.0022237863 -0.0002742779 0.0000047184 0.0021668142 -0.0001525925 0.0000000181
118 0.0000050205 0.0000047184 1.3140424767 119 0.0000050030 0.0022231013 -0.0002465373 0.0000040720 0.0020142216 -0.0001220740 0.0000000591
119 0.0000050030 0.0000040720 1.3094596569 120 0.0000049874 0.0022224910 -0.0002188963 0.0000048516 0.0021973327 -0.0001525925 0.0000000050
120 0.0000049874 0.0000048516 1.3054958784 121 0.0000049737 0.0022219545 -0.0001913433 0.0000044939 0.0021057772 -0.0002441481 0.0000000163
121 0.0000049737 0.0000044939 1.3014622296 122 0.0000049619 0.0022214910 -0.0001638670 0.0000046988 0.0021668142 -0.0000610370 0.0000000136
122 0.0000049619 0.0000046988 1.2987071786 123 0.0000049519 0.0022211000 -0.0001364563 0.0000041847 0.0020447401 0.0000610370 0.0000000701
123 0.0000049519 0.0000041847 1.2957746718 124 0.0000049438 0.0022207808 -0.0001091000 0.0000043151 0.0020752586 -0.0000915555 0.0000000215
124 0.0000049438 0.0000043151 1.2939993034 125 0.0000049375 0.0022205329 -0.0000817871 0.0000038159 0.0019531846 0.0000305185 0.0000000841
125 0.0000049375 0.0000038159 1.2921556890 126 0.0000049330 0.0022203562 -0.0000545067 0.0000040720 0.0020142216 0.0001220740 0.0000000737
126 0.0000049330 0.0000040720 1.2911103646 127 0.0000049303 0.0022202502 -0.0000272479 0.0000041810 0.0020447401 0.0000000000 0.0000000315
127 0.0000049303 0.0000041810 1.2902478188 128 0.0000049294 0.0022202149 0.0000000000 0.0000087633 0.0029602954 0.0000000000 0.0000005477
128 0.0000049294 0.0000087633 1.1792659501 129 0.0000049303 0.0022202502 0.0000272479 0.0000040571 0.0020142216 0.0000000000 0.0000000432
129 0.0000049303 0.0000040571 1.2903915493 130 0.0000049330 0.0022203562 0.0000545067 0.0000047035 0.0021668142 0.0000915555 0.0000000042
130 0.0000049330 0.0000047035 1.2916025568 131 0.0000049375 0.0022205329 0.0000817871 0.0000049670 0.0022278512 0.0000610370 0.0000000005
131 0.0000049375 0.0000049670 1.2925023904 132 0.0000049438 0.0022207808 0.0001091000 0.0000045675 0.0021362957 0.0000610370 0.0000000094
132 0.0000049438 0.0000045675 1.2940095215 133 0.0000049519 0.0022211000 0.0001364563 0.0000040720 0.0020142216 0.0001220740 0.0000000430
133 0.0000049519 0.0000040720 1.2960520813 134 0.0000049619 0.0022214910 0.0001638670 0.0000047407 0.0021668142 0.0002136296 0.0000000055
134 0.0000049619 0.0000047407 1.2987765487 135 0.0000049737 0.0022219545 0.0001913433 0.0000047407 0.0021668142 0.0002136296 0.0000000035
135 0.0000049737 0.0000047407 1.3017240739 136 0.0000049874 0.0022224910 0.0002188963 0.0000050090 0.0022278512 0.0002136296 0.0000000001
136 0.0000049874 0.0000050090 1.3055163790 137 0.0000050030 0.0022231013 0.0002465373 0.0000043384 0.0020447401 0.0003967406 0.0000000544
137 0.0000050030 0.0000043384 1.3090200691 138 0.0000050205 0.0022237863 0.0002742779 0.0000042741 0.0020447401 0.0003051851 0.0000000330
138 0.0000050205 0.0000042741 1.3141642415 139 0.0000050399 0.0022245470 0.0003021297 0.0000043821 0.0020752586 0.0002746666 0.0000000230
139 0.0000050399 0.0000043821 1.3187718724 140 0.0000050613 0.0022253844 0.0003301046 0.0000045917 0.0021057772 0.0003967406 0.0000000187
140 0.0000050613 0.0000045917 1.3246796344 141 0.0000050847 0.0022262998 0.0003582147 0.0000042042 0.0019837031 0.0005188147 0.0000000846
141 0.0000050847 0.0000042042 1.3306801842 142 0.0000051102 0.0022272946 0.0003864723 0.0000043263 0.0020142216 0.0005188147 0.0000000629
142 0.0000051102 0.0000043263 1.3376540282 143 0.0000051378 0.0022283700 0.0004148900 0.0000047361 0.0021057772 0.0005493332 0.0000000331
143 0.0000051378 0.0000047361 1.3446958499 144 0.0000051675 0.0022295279 0.0004434807 0.0000046168 0.0021057772 0.0004272591 0.0000000156
144 0.0000051675 0.0000046168 1.3525768864 145 0.0000051994 0.0022307698 0.0004722576 0.0000046439 0.0021057772 0.0004577776 0.0000000158
145 0.0000051994 0.0000046439 1.3605673367 146 0.0000052335 0.0022320978 0.0005012343 0.0000050378 0.0021973327 0.0004577776 0.0000000031
146 0.0000052335 0.0000050378 1.3701128963 147 0.0000052699 0.0022335137 0.0005304248 0.0000051645 0.0021973327 0.0005798517 0.0000000038
147 0.0000052699 0.0000051645 1.3792892925 148 0.0000053087 0.0022350198 0.0005598433 0.0000045759 0.0020752586 0.0005188147 0.0000000272
148 0.0000053087 0.0000045759 1.3894998896 149 0.0000053500 0.0022366183 0.0005895047 0.0000045684 0.0021057772 0.0003662221 0.0000000670
149 0.0000053500 0.0000045684 1.3999883171 150 0.0000053937 0.0022383120 0.0006194243 0.0000049046 0.0021668142 0.0004577776 0.0000000312
150 0.0000053937 0.0000049046 1.4121759003 151 0.0000054401 0.0022401033 0.0006496179 0.0000049000 0.0021362957 0.0005798517 0.0000000156
151 0.0000054401 0.0000049000 1.4232616224 152 0.0000054891 0.0022419953 0.0006801018 0.0000050145 0.0021362957 0.0006714072 0.0000000112
152 0.0000054891 0.0000050145 1.4368023675 153 0.0000055409 0.0022439909 0.0007108930 0.0000042788 0.0019226661 0.0007629627 0.0000001060
153 0.0000055409 0.0000042788 1.4500161976 154 0.0000055955 0.0022460936 0.0007420091 0.0000055454 0.0022278512 0.0007629627 0.0000000008
154 0.0000055955 0.0000055454 1.4656952921 155 0.0000056531 0.0022483068 0.0007734684 0.0000043859 0.0019837031 0.0006714072 0.0000000804
155 0.0000056531 0.0000043859 1.4796412087 156 0.0000057138 0.0022506344 0.0008052899 0.0000049643 0.0020447401 0.0008850368 0.0000000488
156 0.0000057138 0.0000049643 1.4956369228 157 0.0000057778 0.0022530803 0.0008374934 0.0000056935 0.0022278512 0.0008545183 0.0000000009
157 0.0000057778 0.0000056935 1.5127943372 158 0.0000058450 0.0022556488 0.0008700998 0.0000047109 0.0019226661 0.0010071108 0.0000001296
158 0.0000058450 0.0000047109 1.5300934526 159 0.0000059158 0.0022583446 0.0009031305 0.0000051934 0.0021362957 0.0007934812 0.0000000269
159 0.0000059158 0.0000051934 1.5494134741 160 0.0000059901 0.0022611725 0.0009366083 0.0000058016 0.0022278512 0.0009155553 0.0000000016
160 0.0000059901 0.0000058016 1.5683242382 161 0.0000060683 0.0022641378 0.0009705569 0.0000057094 0.0021057772 0.0011291849 0.0000000502
161 0.0000060683 0.0000057094 1.5891049458 162 0.0000061504 0.0022672462 0.0010050011 0.0000052725 0.0021057772 0.0009155553 0.0000000341
162 0.0000061504 0.0000052725 1.6101615913 163 0.0000062367 0.0022705035 0.0010399671 0.0000056488 0.0021668142 0.0009765923 0.0000000148
163 0.0000062367 0.0000056488 1.6331862769 164 0.0000063274 0.0022739161 0.0010754822 0.0000061043 0.0022278512 0.0010681478 0.0000000022
164 0.0000063274 0.0000061043 1.6567910051 165 0.0000064226 0.0022774910 0.0011115755 0.0000054476 0.0020752586 0.0010681478 0.0000000428
165 0.0000064226 0.0000054476 1.6816480521 166 0.0000065226 0.0022812354 0.0011482774 0.0000060773 0.0021057772 0.0012817774 0.0000000486
166 0.0000065226 0.0000060773 1.7076576281 167 0.0000066276 0.0022851571 0.0011856200 0.0000067292 0.0022888882 0.0012207404 0.0000000012
167 0.0000066276 0.0000067292 1.7361631519 168 0.0000067380 0.0022892646 0.0012236374 0.0000070124 0.0023499252 0.0012207404 0.0000000037
168 0.0000067380 0.0000070124 1.7648741622 169 0.0000068540 0.0022935667 0.0012623655 0.0000066854 0.0022278512 0.0013122959 0.0000000068
169 0.0000068540 0.0000066854 1.7955762996 170 0.0000069759 0.0022980732 0.0013018424 0.0000070207 0.0022278512 0.0014343699 0.0000000225
170 0.0000069759 0.0000070207 1.8271617601 171 0.0000071041 0.0023027944 0.0013421086 0.0000072135 0.0021668142 0.0015869625 0.0000000784
171 0.0000071041 0.0000072135 1.8612242875 172 0.0000072389 0.0023077414 0.0013832069 0.0000072657 0.0023194067 0.0013733329 0.0000000002
172 0.0000072389 0.0000072657 1.8965548908 173 0.0000073808 0.0023129260 0.0014251832 0.0000069341 0.0022278512 0.0014038514 0.0000000077
173 0.0000073808 0.0000069341 1.9339600085 174 0.0000075301 0.0023183612 0.0014680861 0.0000074818 0.0022278512 0.0015869625 0.0000000223
174 0.0000075301 0.0000074818 1.9734206201 175 0.0000076873 0.0023240608 0.0015119674 0.0000067525 0.0019837031 0.0016785180 0.0000001436
175 0.0000076873 0.0000067525 2.0150122343 176 0.0000078530 0.0023300398 0.0015568828 0.0000075228 0.0022583697 0.0015564440 0.0000000051
176 0.0000078530 0.0000075228 2.0596805123 177 0.0000080276 0.0023363141 0.0016028915 0.0000076615 0.0022888882 0.0015564440 0.0000000044
177 0.0000080276 0.0000076615 2.1073544048 178 0.0000082119 0.0023429012 0.0016500572 0.0000085873 0.0023804437 0.0017090365 0.0000000049
178 0.0000082119 0.0000085873 2.1619991955 179 0.0000084064 0.0023498200 0.0016984481 0.0000068568 0.0021057772 0.0015564440 0.0000000797
179 0.0000084064 0.0000068568 2.2775869534 180 0.0000086119 0.0023570908 0.0017481377 0.0000082651 0.0022888882 0.0017395550 0.0000000047
180 0.0000086119 0.0000082651 2.2342434816 181 0.0000088291 0.0023647358 0.0017992049 0.0000075125 0.0021668142 0.0016785180 0.0000000537
181 0.0000088291 0.0000075125 2.3022413760 182 0.0000090590 0.0023727790 0.0018517349 0.0000075898 0.0021362957 0.0017395550 0.0000000685
182 0.0000090590 0.0000075898 2.3644638249 183 0.0000093025 0.0023812466 0.0019058199 0.0000095792 0.0023499252 0.0020142216 0.0000000127
183 0.0000093025 0.0000095792 2.4302638968 184 0.0000095606 0.0023901671 0.0019615594 0.0000089599 0.0023194067 0.0018921476 0.0000000098
184 0.0000095606 0.0000089599 2.4982423776 185 0.0000098346 0.0023995716 0.0020190616 0.0000089152 0.0022583697 0.0019531846 0.0000000243
185 0.0000098346 0.0000089152 2.5706793642 186 0.0000101256 0.0024094941 0.0020784439 0.0000091443 0.0022278512 0.0020447401 0.0000000341
186 0.0000101256 0.0000091443 2.6477218228 187 0.0000104352 0.0024199719 0.0021398340 0.0000092588 0.0021668142 0.0021362957 0.0000000641
187 0.0000104352 0.0000092588 2.7279038198 188 0.0000107648 0.0024310459 0.0022033715 0.0000107612 0.0023499252 0.0022888882 0.0000000139
188 0.0000107648 0.0000107612 2.8150259589 189 0.0000111164 0.0024427610 0.0022692089 0.0000106224 0.0022583697 0.0023499252 0.0000000405
189 0.0000111164 0.0000106224 2.9074960079 190 0.0000114918 0.0024551669 0.0023375133 0.0000110462 0.0023194067 0.0023804437 0.0000000203
190 0.0000114918 0.0000110462 3.0056526153 191 0.0000118933 0.0024683183 0.0024084681 0.0000114793 0.0023804437 0.0024109622 0.0000000077
191 0.0000118933 0.0000114793 3.1098853753 192 0.0000123234 0.0024822757 0.0024822757 0.0000119217 0.0024414808 0.0024414808 0.0000000033
192 0.0000123234 0.0000119217 3.2234609607 193 0.0000127848 0.0024971064 0.0025591593 0.0000117847 0.0023499252 0.0025025178 0.0000000249
193 0.0000127848 0.0000117847 3.3444039333 194 0.0000132808 0.0025128852 0.0026393659 0.0000125326 0.0024414808 0.0025635548 0.0000000108
194 0.0000132808 0.0000125326 3.4741000227 195 0.0000138150 0.0025296954 0.0027231699 0.0000146944 0.0024719993 0.0029297769 0.0000000460
195 0.0000138150 0.0000146944 3.6140071898 196 0.0000143915 0.0025476305 0.0028108771 0.0000138068 0.0025025178 0.0027466659 0.0000000062
196 0.0000143915 0.0000138068 3.7651623366 197 0.0000150149 0.0025667951 0.0029028288 0.0000138682 0.0024109622 0.0028382214 0.0000000285
197 0.0000150149 0.0000138682 3.9278922634 198 0.0000156906 0.0025873071 0.0029994080 0.0000145444 0.0024414808 0.0029297769 0.0000000261
198 0.0000156906 0.0000145444 4.1044724096 199 0.0000164249 0.0026092998 0.0031010453 0.0000172864 0.0026856288 0.0031739250 0.0000000111
199 0.0000164249 0.0000172864 4.2972961071 200 0.0000172250 0.0026329239 0.0032082271 0.0000166456 0.0025635548 0.0031739250 0.0000000060
200 0.0000172250 0.0000166456 4.5063729120 201 0.0000180992 0.0026583515 0.0033215051 0.0000177130 0.0026551103 0.0032654805 0.0000000031
201 0.0000180992 0.0000177130 4.7344142551 202 0.0000190574 0.0026857788 0.0034415075 0.0000187328 0.0026551103 0.0034180731 0.0000000015
202 0.0000190574 0.0000187328 4.9869273028 203 0.0000201110 0.0027154312 0.0035689528 0.0000180995 0.0025330363 0.0034180731 0.0000000560
203 0.0000201110 0.0000180995 5.2617979720 204 0.0000212737 0.0027475686 0.0037046674 0.0000206859 0.0026551103 0.0036927396 0.0000000087
204 0.0000212737 0.0000206859 5.5663738570 205 0.0000225617 0.0027824924 0.0038496060 0.0000206859 0.0026551103 0.0036927396 0.0000000408
205 0.0000225617 0.0000206859 5.9028803476 206 0.0000239946 0.0028205537 0.0040048785 0.0000235499 0.0029602954 0.0038453322 0.0000000450
206 0.0000239946 0.0000235499 6.2785814440 207 0.0000255958 0.0028621644 0.0041717826 0.0000275437 0.0029602954 0.0043336283 0.0000000358
207 0.0000255958 0.0000275437 6.6963716137 208 0.0000273939 0.0029078103 0.0043518457 0.0000263999 0.0028077029 0.0043031098 0.0000000124
208 0.0000273939 0.0000263999 7.1676023107 209 0.0000294243 0.0029580690 0.0045468786 0.0000275428 0.0028687399 0.0043946654 0.0000000311
209 0.0000294243 0.0000275428 7.6989696333 210 0.0000317305 0.0030136318 0.0047590447 0.0000311872 0.0028687399 0.0047914060 0.0000000220
210 0.0000317305 0.0000311872 8.3008228079 211 0.0000343673 0.0030753336 0.0049909507 0.0000334561 0.0030518509 0.0049134800 0.0000000066
211 0.0000343673 0.0000334561 8.9931109143 212 0.0000374040 0.0031441916 0.0052457668 0.0000347935 0.0030213324 0.0050660726 0.0000000474
212 0.0000374040 0.0000347935 9.7861069567 213 0.0000409298 0.0032214582 0.0055273888 0.0000397746 0.0029297769 0.0055848872 0.0000000884
213 0.0000409298 0.0000397746 10.7090876038 214 0.0000450607 0.0033086921 0.0058406584 0.0000444082 0.0031739250 0.0058595538 0.0000000185
214 0.0000450607 0.0000444082 11.7892816240 215 0.0000499503 0.0034078586 0.0061916705 0.0000498260 0.0033265175 0.0062257759 0.0000000078
215 0.0000499503 0.0000498260 13.0697602031 216 0.0000558052 0.0035214705 0.0065882080 0.0000543926 0.0035401471 0.0064699240 0.0000000143
216 0.0000558052 0.0000543926 14.6021387569 217 0.0000629097 0.0036527925 0.0070403709 0.0000572314 0.0036011841 0.0066530351 0.0000001527
217 0.0000629097 0.0000572314 16.4601124166 218 0.0000716632 0.0038061446 0.0075615106 0.0000686333 0.0036927396 0.0074159978 0.0000000340
218 0.0000716632 0.0000686333 18.7502368733 219 0.0000826423 0.0039873652 0.0081696548 0.0000864478 0.0039368877 0.0084231086 0.0000000668
219 0.0000826423 0.0000864478 21.6237385764 220 0.0000967059 0.0042045413 0.0088897556 0.0000934807 0.0040284433 0.0087893307 0.0000000411
220 0.0000967059 0.0000934807 25.3022490879 221 0.0001151801 0.0044692048 0.0097573714 0.0001156149 0.0043641469 0.0098269601 0.0000000159
221 0.0001151801 0.0001156149 30.1379038510 222 0.0001402047 0.0047983834 0.0108249795 0.0001365495 0.0046693319 0.0107119968 0.0000000294
222 0.0001402047 0.0001365495 36.6843185945 223 0.0001754226 0.0052183145 0.0121734062 0.0001740711 0.0050050356 0.0122074038 0.0000000466
223 0.0001754226 0.0001740711 45.9019064227 224 0.0002274674 0.0057716405 0.0139339728 0.0002233494 0.0056764428 0.0138248848 0.0000000210
224 0.0002274674 0.0002233494 59.5218753285 225 0.0003095152 0.0065325998 0.0163352485 0.0003040786 0.0064394055 0.0162053285 0.0000000256
225 0.0003095152 0.0003040786 80.9904876320 226 0.0004509914 0.0076429318 0.0198135556 0.0004421826 0.0074770348 0.0196539201 0.0000000530
226 0.0004509914 0.0004421826 118.0096002232 227 0.0007295953 0.0094111449 0.0253184853 0.0007251804 0.0093081454 0.0252693258 0.0000000130
227 0.0007295953 0.0007251804 190.9105640359 228 0.0014121745 0.0126599538 0.0353822006 0.0013896945 0.0124820704 0.0351268044 0.0000000969
228 0.0014121745 0.0013896945 369.5279618613 229 0.0039954543 0.0205627353 0.0597714662 0.0039703969 0.0202642903 0.0596636860 0.0000001007
229 0.0039954543 0.0039703969 1045.4833853046 230 0.0470307427 0.0680268181 0.2059201174 0.0465208308 0.0675374615 0.2048402356 0.0000014056
230 0.0470307427 0.0465208308 12306.4552623877 231 0.0200431408 -0.0427561298 -0.1349631585 0.0198168156 -0.0425428022 -0.1341898862 0.0000006435
231 0.0200431408 0.0198168156 5244.6726312254 232 0.0026964326 -0.0150736664 -0.0496912188 0.0026709550 -0.0149540696 -0.0494705039 0.0000000630
232 0.0026964326 0.0026709550 705.5836824948 233 0.0009743932 -0.0086940677 -0.0299800995 0.0009602298 -0.0085451827 -0.0297860652 0.0000000598
233 0.0009743932 0.0009602298 254.9658702671 234 0.0004836129 -0.0058653334 -0.0211945917 0.0004697207 -0.0060426649 -0.0208136235 0.0000001766
234 0.0004836129 0.0004697207 126.5601415437 235 0.0002809585 -0.0042720115 -0.0162082824 0.0002721276 -0.0043946654 -0.0159001434 0.0000001100
235 0.0002809585 0.0002721276 73.5205519436 236 0.0001791889 -0.0032525681 -0.0129849796 0.0001765271 -0.0032654805 -0.0128788110 0.0000000114
236 0.0001791889 0.0001765271 46.8890178146 237 0.0001214558 -0.0025464216 -0.0107224773 0.0001223209 -0.0025025178 -0.0107730338 0.0000000045
237 0.0001214558 0.0001223209 31.7813465377 238 0.0000858561 -0.0020301605 -0.0090407155 0.0000886906 -0.0020752586 -0.0091860714 0.0000000232
238 0.0000858561 0.0000886906 22.4641056863 239 0.0000625333 -0.0016377957 -0.0077363396 0.0000643918 -0.0018311106 -0.0078127384 0.0000000432
239 0.0000625333 0.0000643918 16.3622980036 240 0.0000465361 -0.0013308549 -0.0066906593 0.0000456609 -0.0013428144 -0.0066225166 0.0000000048
240 0.0000465361 0.0000456609 12.1776605472 241 0.0000351636 -0.0010854060 -0.0058297051 0.0000330230 -0.0012207404 -0.0056154057 0.0000000642
241 0.0000351636 0.0000330230 9.2021193708 242 0.0000268451 -0.0008857918 -0.0051049442 0.0000273844 -0.0008850368 -0.0051576281 0.0000000028
242 0.0000268451 0.0000273844 7.0253402131 243 0.0000206192 -0.0007213495 -0.0044831782 0.0000202258 -0.0006103702 -0.0044557024 0.0000000131
243 0.0000206192 0.0000202258 5.3960067307 244 0.0000158724 -0.0005845768 -0.0039408969 0.0000154330 -0.0006408887 -0.0038758507 0.0000000074
244 0.0000158724 0.0000154330 4.1532895880 245 0.0000121991 -0.0004700534 -0.0034609501 0.0000125867 -0.0005188147 -0.0035096286 0.0000000047
245 0.0000121991 0.0000125867 3.1923051111 246 0.0000093236 -0.0003737764 -0.0030304992 0.0000096836 -0.0004272591 -0.0030823695 0.0000000056
246 0.0000093236 0.0000096836 2.4389402056 247 0.0000070537 -0.0002927379 -0.0026397064 0.0000067814 -0.0004577776 -0.0025635548 0.0000000330
247 0.0000070537 0.0000067814 1.8454569783 248 0.0000052528 -0.0002246460 -0.0022808694 0.0000047705 -0.0002746666 -0.0021668142 0.0000000155
248 0.0000052528 0.0000047705 1.3743659538 249 0.0000038222 -0.0001677373 -0.0019478325 0.0000038745 -0.0002441481 -0.0019531846 0.0000000059
249 0.0000038222 0.0000038745 0.9999373228 250 0.0000026897 -0.0001206473 -0.0016355762 0.0000025222 -0.0000610370 -0.0015869625 0.0000000059
250 0.0000026897 0.0000025222 0.7036667204 251 0.0000018022 -0.0000823199 -0.0013399221 0.0000018153 -0.0003051851 -0.0013122959 0.0000000504
251 0.0000018022 0.0000018153 0.4715207490 252 0.0000011206 -0.0000519427 -0.0010573172 0.0000010227 -0.0000915555 -0.0010071108 0.0000000041
252 0.0000011206 0.0000010227 0.2931300991 253 0.0000006165 -0.0000289011 -0.0007846703 0.0000003474 -0.0002136296 -0.0005493332 0.0000000895
253 0.0000006165 0.0000003474 0.1613980413 254 0.0000002698 -0.0000127463 -0.0005192257 0.0000002776 -0.0000915555 -0.0005188147 0.0000000062
254 0.0000002698 0.0000002776 0.0704755621 255 0.0000000668 -0.0000031720 -0.0002584608 0.0000000494 -0.0000610370 -0.0002136296 0.0000000054
255 0.0000000668 0.0000000494 0.0174251673 