#int double real img int16 real16 img16 error
0 0.0000000000 -0.0000000000 0.0000000000 0.0000045638 -0.0021362957 0.0000000000 0.0000045638
0 0.0000000000 0.0000045638 0.0000000000 1 0.0000013331 -0.0000141686 0.0011545019 0.0000000931 -0.0001831111 0.0002441481 0.0000008573
1 0.0000013331 0.0000000931 0.3483853503 2 0.0000053824 -0.0000569355 0.0023192962 0.0000036892 -0.0005798517 0.0018311106 0.0000005118
2 0.0000053824 0.0000036892 1.4093143907 3 0.0000123016 -0.0001290966 0.0035049935 0.0000068224 -0.0003051851 0.0025940733 0.0000008608
3 0.0000123016 0.0000068224 3.2216948027 4 0.0000223593 -0.0002320193 0.0047228623 0.0000194472 -0.0003662221 0.0043946654 0.0000001257
4 0.0000223593 0.0000194472 5.8585654712 5 0.0000359580 -0.0003677096 0.0059852123 0.0000321456 -0.0005188147 0.0056459243 0.0000001379
5 0.0000359580 0.0000321456 9.4229750891 6 0.0000536659 -0.0005389119 0.0073058505 0.0000471837 -0.0006714072 0.0068361461 0.0000002382
6 0.0000536659 0.0000471837 14.0649924933 7 0.0000762627 -0.0007492550 0.0087006482 0.0000698022 -0.0009460738 0.0083010346 0.0000001984
7 0.0000762627 0.0000698022 19.9800920406 8 0.0001048078 -0.0010034569 0.0101882692 0.0001016182 -0.0011902219 0.0100100711 0.0000000666
8 0.0001048078 0.0001016182 27.4642008640 9 0.0001407407 -0.0013076123 0.0117911355 0.0001311243 -0.0014954070 0.0113528855 0.0000002273
9 0.0001407407 0.0001311243 36.8783327933 10 0.0001860310 -0.0016695980 0.0135367428 0.0001787839 -0.0018311106 0.0132450331 0.0000001112
10 0.0001860310 0.0001787839 48.7576591356 11 0.0002434046 -0.0020996513 0.0154594963 0.0002319852 -0.0021668142 0.0150761437 0.0000001515
11 0.0002434046 0.0002319852 63.7824896262 12 0.0003166960 -0.0026112088 0.0176033397 0.0003069724 -0.0027466659 0.0173039949 0.0000001080
12 0.0003166960 0.0003069724 82.9951477209 13 0.0004114078 -0.0032221498 0.0200256216 0.0004011535 -0.0033570360 0.0197454756 0.0000000967
13 0.0004114078 0.0004011535 107.8155001232 14 0.0005356298 -0.0039566868 0.0228029481 0.0005206355 -0.0041810358 0.0224311045 0.0000001886
14 0.0005356298 0.0005206355 140.3666088197 15 0.0007016054 -0.0048483304 0.0260403363 0.0006822317 -0.0050050356 0.0256355480 0.0000001884
15 0.0007016054 0.0006822317 183.8736857166 16 0.0009285172 -0.0059447104 0.0298860775 0.0009226254 -0.0059511093 0.0297860652 0.0000000100
16 0.0009285172 0.0009226254 243.3460134286 17 0.0012477039 -0.0073157645 0.0345569596 0.0012408219 -0.0073244423 0.0344553972 0.0000000104
17 0.0012477039 0.0012408219 326.9836854244 18 0.0017130542 -0.0090683941 0.0403833926 0.0017011878 -0.0091250343 0.0402233955 0.0000000288
18 0.0017130542 0.0017011878 448.9670642256 19 0.0024233615 -0.0113744475 0.0478955467 0.0023954930 -0.0113528855 0.0476088748 0.0000000826
19 0.0024233615 0.0023954930 635.1024695582 20 0.0035752885 -0.0145286879 0.0580017734 0.0035565226 -0.0145573290 0.0578325755 0.0000000294
20 0.0035752885 0.0035565226 937.0025851377 21 0.0056058591 -0.0190823743 0.0723997380 0.0055743999 -0.0191045869 0.0721762749 0.0000000504
21 0.0056058591 0.0055743999 1469.1271536732 22 0.0096493450 -0.0261994821 0.0946727635 0.0096147201 -0.0262153996 0.0944853053 0.0000000354
22 0.0096493450 0.0096147201 2528.8741893601 23 0.0194416999 -0.0388349741 0.1339161854 0.0194086302 -0.0387279885 0.1338236641 0.0000000200
23 0.0194416999 0.0194086302 5095.1198670086 24 0.0538009043 -0.0673315946 0.2219625210 0.0536868054 -0.0672933134 0.2217169713 0.0000000618
24 0.0538009043 0.0536868054 14099.9615515212 25 0.3999132346 -0.1909846164 0.6028582843 0.3991130887 -0.1908017212 0.6022522660 0.0000004007
25 0.3999132346 0.3991130887 104806.2547215523 26 0.9383866860 0.3038646346 -0.9198113773 0.9370765428 0.3035981323 -0.9191869869 0.0000004609
26 0.9383866860 0.9370765428 245924.9116011074 27 0.0797197930 0.0918503647 -0.2669893323 0.0795949048 0.0918301950 -0.2667622913 0.0000000520
27 0.0797197930 0.0795949048 20892.3018942370 28 0.0281765866 0.0565499364 -0.1580464846 0.0281532994 0.0564897610 -0.1579943236 0.0000000063
28 0.0281765866 0.0281532994 7384.4254831430 29 0.0145573409 0.0420380399 -0.1130935194 0.0145536501 0.0420545061 -0.1130710776 0.0000000008
29 0.0145573409 0.0145536501 3814.9907450625 30 0.0089984613 0.0341397222 -0.0885039017 0.0089812638 0.0339671010 -0.0884731590 0.0000000307
30 0.0089984613 0.0089812638 2358.0168902286 31 0.0061756402 0.0291800514 -0.0729668746 0.0061856186 0.0291146580 -0.0730613117 0.0000000132
31 0.0061756402 0.0061856186 1618.4517220199 32 0.0045385720 0.0257809712 -0.0622407702 0.0045325440 0.0256965850 -0.0622272408 0.0000000073
32 0.0045385720 0.0045325440 1189.4769358551 33 0.0035001415 0.0233093546 -0.0543766079 0.0035017379 0.0232551042 -0.0544145024 0.0000000044
33 0.0035001415 0.0035017379 917.3012004105 34 0.0027974508 0.0214335913 -0.0483534073 0.0027988222 0.0214239937 -0.0483718375 0.0000000004
34 0.0027974508 0.0027988222 733.2021783411 35 0.0022981449 0.0199632044 -0.0435845772 0.0022966345 0.0198675497 -0.0436109500 0.0000000098
35 0.0022981449 0.0022966345 602.2960202300 36 0.0019295368 0.0187809960 -0.0397090797 0.0019348588 0.0187383648 -0.0397961364 0.0000000094
36 0.0019295368 0.0019348588 505.6876919930 37 0.0016489315 0.0178109060 -0.0364925077 0.0016576933 0.0178533280 -0.0365916929 0.0000000116
37 0.0016489315 0.0016576933 432.1354923253 38 0.0014298684 0.0170014234 -0.0337760273 0.0014323768 0.0168767357 -0.0338755455 0.0000000255
38 0.0014298684 0.0014323768 374.7490576259 39 0.0012552139 0.0163164248 -0.0314481819 0.0012499345 0.0163579211 -0.0313425092 0.0000000129
39 0.0012552139 0.0012499345 328.9373188468 40 0.0011134609 0.0157298311 -0.0294284441 0.0011189080 0.0157475509 -0.0295113987 0.0000000072
40 0.0011134609 0.0011189080 291.8229842524 41 0.0009966392 0.0152223454 -0.0276571762 0.0009990432 0.0152592547 -0.0276802881 0.0000000019
41 0.0009966392 0.0009990432 261.2273756602 42 0.0008990798 0.0147793847 -0.0260892626 0.0008999454 0.0148014771 -0.0260933256 0.0000000005
42 0.0008990798 0.0008999454 235.5684669963 43 0.0008166573 0.0143897251 -0.0246899388 0.0008150725 0.0142826624 -0.0247199927 0.0000000124
43 0.0008166573 0.0008150725 214.0083537972 44 0.0007463081 0.0140445882 -0.0234319798 0.0007441442 0.0140079958 -0.0234076968 0.0000000019
44 0.0007463081 0.0007441442 195.5865252120 45 0.0006857171 0.0137370106 -0.0222937578 0.0006895533 0.0137028108 -0.0224005860 0.0000000126
45 0.0006857171 0.0006895533 179.6993058566 46 0.0006331064 0.0134613989 -0.0212578718 0.0006300121 0.0132755516 -0.0213019196 0.0000000365
46 0.0006331064 0.0006300121 165.9098854180 47 0.0005870915 0.0132132089 -0.0203101607 0.0005836554 0.0131534776 -0.0202642903 0.0000000057
47 0.0005870915 0.0005836554 153.8559740114 48 0.0005465806 0.0129887117 -0.0194389807 0.0005465567 0.0130314035 -0.0194097720 0.0000000027
48 0.0005465806 0.0005465567 143.2437944217 49 0.0005107025 0.0127848187 -0.0186346684 0.0005096601 0.0127262185 -0.0186468093 0.0000000036
49 0.0005107025 0.0005096601 133.8345868351 50 0.0004787547 0.0125989506 -0.0178891353 0.0004789172 0.0124820704 -0.0179754021 0.0000000211
50 0.0004787547 0.0004789172 125.4772607286 51 0.0004501657 0.0124289368 -0.0171955585 0.0004482841 0.0123294778 -0.0172124393 0.0000000102
51 0.0004501657 0.0004482841 117.9740464223 52 0.0004244660 0.0122729381 -0.0165481413 0.0004251933 0.0121463668 -0.0166631062 0.0000000292
52 0.0004244660 0.0004251933 111.2402628061 53 0.0004012670 0.0121293855 -0.0159419266 0.0004141174 0.0122684408 -0.0162358470 0.0000001057
53 0.0004012670 0.0004141174 105.1655459516 54 0.0003802447 0.0119969331 -0.0153726491 0.0003768967 0.0119632557 -0.0152897732 0.0000000080
54 0.0003802447 0.0003768967 99.6418493927 55 0.0003611271 0.0118744200 -0.0148366183 0.0003735297 0.0120548112 -0.0151066622 0.0000001055
55 0.0003611271 0.0003735297 94.6338865270 56 0.0003436841 0.0117608392 -0.0143306241 0.0003413319 0.0117191076 -0.0142826624 0.0000000040
56 0.0003436841 0.0003413319 90.0604927655 57 0.0003277204 0.0116553139 -0.0138518604 0.0003312805 0.0116580706 -0.0139774773 0.0000000158
57 0.0003277204 0.0003312805 85.8717686463 58 0.0003130688 0.0115570764 -0.0133978634 0.0003125756 0.0115359966 -0.0133976257 0.0000000004
58 0.0003130688 0.0003125756 82.0531392325 59 0.0002995857 0.0114654526 -0.0129664602 0.0003006977 0.0114749596 -0.0130008850 0.0000000013
59 0.0002995857 0.0003006977 78.5096216845 60 0.0002871472 0.0113798474 -0.0125557268 0.0002856820 0.0112613300 -0.0126041444 0.0000000164
60 0.0002871472 0.0002856820 75.2479786400 61 0.0002756458 0.0112997344 -0.0121639532 0.0002737846 0.0111697745 -0.0122074038 0.0000000188
61 0.0002756458 0.0002737846 72.2274772448 62 0.0002649877 0.0112246458 -0.0117896142 0.0002636176 0.0111087374 -0.0118411817 0.0000000161
62 0.0002649877 0.0002636176 69.4425230853 63 0.0002550910 0.0111541647 -0.0114313445 0.0002578673 0.0111392560 -0.0115665151 0.0000000185
63 0.0002550910 0.0002578673 66.8464698208 64 0.0002458839 0.0110879184 -0.0110879184 0.0002447786 0.0110477004 -0.0110782189 0.0000000017
64 0.0002458839 0.0002447786 64.4318788836 65 0.0002373028 0.0110255729 -0.0107582320 0.0002367650 0.0109866634 -0.0107730338 0.0000000017
65 0.0002373028 0.0002367650 62.1756797174 66 0.0002292918 0.0109668279 -0.0104412882 0.0002270051 0.0108951079 -0.0104068117 0.0000000063
66 0.0002292918 0.0002270051 60.0841119106 67 0.0002218012 0.0109114128 -0.0101361839 0.0002206997 0.0108645894 -0.0101321451 0.0000000022
67 0.0002218012 0.0002206997 58.1173534894 68 0.0002147866 0.0108590830 -0.0098420992 0.0002126274 0.0107730338 -0.0098269601 0.0000000076
68 0.0002147866 0.0002126274 56.2769024445 69 0.0002082087 0.0108096173 -0.0095582875 0.0002117854 0.0109256264 -0.0096133305 0.0000000165
69 0.0002082087 0.0002117854 54.5465321736 70 0.0002020321 0.0107628147 -0.0092840678 0.0002009106 0.0107425153 -0.0092471084 0.0000000018
70 0.0002020321 0.0002009106 52.9200299570 71 0.0001962251 0.0107184925 -0.0090188170 0.0001958002 0.0107119968 -0.0090029603 0.0000000003
71 0.0001962251 0.0001958002 51.4072821673 72 0.0001907593 0.0106764843 -0.0087619642 0.0001902771 0.0106814783 -0.0087282937 0.0000000012
72 0.0001907593 0.0001902771 49.9699429546 73 0.0001856090 0.0106366380 -0.0085129848 0.0001824498 0.0105594043 -0.0084231086 0.0000000140
73 0.0001856090 0.0001824498 48.6153336939 74 0.0001807509 0.0105988146 -0.0082713961 0.0001786172 0.0104983673 -0.0082705161 0.0000000101
74 0.0001807509 0.0001786172 47.3237476887 75 0.0001761640 0.0105628869 -0.0080367530 0.0001731770 0.0104983673 -0.0079348125 0.0000000146
75 0.0001761640 0.0001731770 46.0978459477 76 0.0001718292 0.0105287380 -0.0078086443 0.0001698184 0.0104068117 -0.0078432569 0.0000000161
76 0.0001718292 0.0001698184 44.8815974067 77 0.0001677293 0.0104962604 -0.0075866892 0.0001706473 0.0105594043 -0.0076906644 0.0000000148
77 0.0001677293 0.0001706473 44.5744046873 78 0.0001638484 0.0104653553 -0.0073705348 0.0001626645 0.0103762932 -0.0074159978 0.0000000100
78 0.0001638484 0.0001626645 43.0458186350 79 0.0001601722 0.0104359317 -0.0071598534 0.0001610588 0.0104068117 -0.0072634053 0.0000000116
79 0.0001601722 0.0001610588 42.0354506171 80 0.0001566873 0.0104079053 -0.0069543400 0.0001560843 0.0103762932 -0.0069582202 0.0000000010
80 0.0001566873 0.0001560843 41.1026591135 81 0.0001533819 0.0103811984 -0.0067537104 0.0001518819 0.0102542192 -0.0068361461 0.0000000229
81 0.0001533819 0.0001518819 40.2268367221 82 0.0001502448 0.0103557392 -0.0065576995 0.0001470089 0.0102542192 -0.0064699240 0.0000000180
82 0.0001502448 0.0001470089 39.4001503716 83 0.0001472658 0.0103314610 -0.0063660595 0.0001455457 0.0103152562 -0.0062562944 0.0000000123
83 0.0001472658 0.0001455457 38.6132159523 84 0.0001444357 0.0103083020 -0.0061785584 0.0001430422 0.0101931822 -0.0062562944 0.0000000193
84 0.0001444357 0.0001430422 37.8687302631 85 0.0001417458 0.0102862048 -0.0059949788 0.0001394256 0.0101626637 -0.0060121464 0.0000000156
85 0.0001417458 0.0001394256 37.1624334763 86 0.0001391882 0.0102651161 -0.0058151164 0.0001360205 0.0101016266 -0.0058290353 0.0000000269
86 0.0001391882 0.0001360205 36.4875234327 87 0.0001367556 0.0102449863 -0.0056387796 0.0001353751 0.0102237007 -0.0055543687 0.0000000076
87 0.0001367556 0.0001353751 35.8501117351 88 0.0001344412 0.0102257692 -0.0054657875 0.0001321301 0.0101626637 -0.0053712577 0.0000000129
88 0.0001344412 0.0001321301 35.2401429813 89 0.0001322388 0.0102074219 -0.0052959701 0.0001311839 0.0101321451 -0.0053407392 0.0000000077
89 0.0001322388 0.0001311839 34.6538515251 90 0.0001301425 0.0101899042 -0.0051291667 0.0001286440 0.0101016266 -0.0051576281 0.0000000086
90 0.0001301425 0.0001286440 34.1295487676 91 0.0001281470 0.0101731786 -0.0049652255 0.0001252566 0.0100405896 -0.0049439985 0.0000000180
91 0.0001281470 0.0001252566 33.5932847130 92 0.0001262474 0.0101572102 -0.0048040027 0.0001232299 0.0100711081 -0.0046693319 0.0000000255
92 0.0001262474 0.0001232299 33.0944594735 93 0.0001244389 0.0101419664 -0.0046453622 0.0001211576 0.0100100711 -0.0045777764 0.0000000220
93 0.0001244389 0.0001211576 32.6209699877 94 0.0001227173 0.0101274166 -0.0044891750 0.0001210095 0.0100711081 -0.0044251839 0.0000000073
94 0.0001227173 0.0001210095 32.1680331901 95 0.0001210785 0.0101135322 -0.0043353184 0.0001197801 0.0101016266 -0.0042115543 0.0000000155
95 0.0001210785 0.0001197801 31.7396819871 96 0.0001195189 0.0101002866 -0.0041836757 0.0001186540 0.0100711081 -0.0041505173 0.0000000020
96 0.0001195189 0.0001186540 31.3290531407 97 0.0001180350 0.0100876546 -0.0040341358 0.0001172886 0.0100405896 -0.0040589618 0.0000000028
97 0.0001180350 0.0001172886 30.9387077840 98 0.0001166236 0.0100756130 -0.0038865928 0.0001154612 0.0100100711 -0.0039063692 0.0000000047
98 0.0001166236 0.0001154612 30.5717481706 99 0.0001152816 0.0100641398 -0.0037409457 0.0001150635 0.0100711081 -0.0036927396 0.0000000024
99 0.0001152816 0.0001150635 30.2199451515 100 0.0001140062 0.0100532145 -0.0035970977 0.0001130033 0.0099795526 -0.0036622211 0.0000000097
100 0.0001140062 0.0001130033 29.8831652414 101 0.0001127949 0.0100428178 -0.0034549563 0.0001137447 0.0100711081 -0.0035096286 0.0000000038
101 0.0001127949 0.0001137447 29.5657748078 102 0.0001116452 0.0100329317 -0.0033144329 0.0001098469 0.0099490341 -0.0032959990 0.0000000074
102 0.0001116452 0.0001098469 29.2606997061 103 0.0001105548 0.0100235394 -0.0031754425 0.0001118922 0.0100711081 -0.0032349620 0.0000000058
103 0.0001105548 0.0001118922 28.9811167889 104 0.0001095216 0.0100146251 -0.0030379033 0.0001083548 0.0099795526 -0.0029602954 0.0000000073
104 0.0001095216 0.0001083548 28.7065804179 105 0.0001085436 0.0100061740 -0.0029017367 0.0001009708 0.0096743675 -0.0027161473 0.0000001445
105 0.0001085436 0.0001009708 28.4487121760 106 0.0001076190 0.0099981723 -0.0027668669 0.0001060329 0.0099490341 -0.0026551103 0.0000000149
106 0.0001076190 0.0001060329 28.2130502539 107 0.0001067461 0.0099906072 -0.0026332209 0.0001019311 0.0097964415 -0.0024414808 0.0000000745
107 0.0001067461 0.0001019311 27.9778252493 108 0.0001059232 0.0099834665 -0.0025007282 0.0001041888 0.0098879971 -0.0025330363 0.0000000102
108 0.0001059232 0.0001041888 27.7636627775 109 0.0001051490 0.0099767391 -0.0023693204 0.0001031521 0.0098879971 -0.0023194067 0.0000000104
109 0.0001051490 0.0001031521 27.5602351464 110 0.0001044220 0.0099704144 -0.0022389314 0.0001016694 0.0098269601 -0.0022583697 0.0000000210
110 0.0001044220 0.0001016694 27.3706280385 111 0.0001037409 0.0099644828 -0.0021094972 0.0001020792 0.0098879971 -0.0020752586 0.0000000070
111 0.0001037409 0.0001020792 27.1914796109 112 0.0001031046 0.0099589353 -0.0019809554 0.0001018296 0.0098879971 -0.0020142216 0.0000000061
112 0.0001031046 0.0001018296 27.0260395003 113 0.0001025119 0.0099537633 -0.0018532454 0.0001005228 0.0098574786 -0.0018311106 0.0000000098
113 0.0001025119 0.0001005228 26.8695907291 114 0.0001019619 0.0099489593 -0.0017263082 0.0000998113 0.0098269601 -0.0018005921 0.0000000204
114 0.0001019619 0.0000998113 26.7262310614 115 0.0001014537 0.0099445161 -0.0016000862 0.0000986862 0.0097964415 -0.0016479995 0.0000000242
115 0.0001014537 0.0000986862 26.5932254158 116 0.0001009863 0.0099404271 -0.0014745231 0.0000996585 0.0098879971 -0.0013733329 0.0000000130
116 0.0001009863 0.0000996585 26.4689646332 117 0.0001005591 0.0099366864 -0.0013495638 0.0000974605 0.0097964415 -0.0012207404 0.0000000363
117 0.0001005591 0.0000974605 26.3571812658 118 0.0001001712 0.0099332887 -0.0012251543 0.0000975359 0.0097964415 -0.0012512589 0.0000000194
118 0.0001001712 0.0000975359 26.2575084109 119 0.0000998222 0.0099302288 -0.0011012416 0.0000970469 0.0097964415 -0.0010376293 0.0000000219
119 0.0000998222 0.0000970469 26.1623444178 120 0.0000995113 0.0099275026 -0.0009777737 0.0000989134 0.0098879971 -0.0010681478 0.0000000097
120 0.0000995113 0.0000989134 26.0816035363 121 0.0000992382 0.0099251061 -0.0008546990 0.0000960522 0.0097659230 -0.0008239998 0.0000000263
121 0.0000992382 0.0000960522 26.0060686057 122 0.0000990024 0.0099230359 -0.0007319671 0.0000975806 0.0098574786 -0.0006408887 0.0000000126
122 0.0000990024 0.0000975806 25.9513882308 123 0.0000988035 0.0099212891 -0.0006095278 0.0000957840 0.0097659230 -0.0006408887 0.0000000251
123 0.0000988035 0.0000957840 25.8967051148 124 0.0000986412 0.0099198632 -0.0004873316 0.0000955828 0.0097659230 -0.0004577776 0.0000000246
124 0.0000986412 0.0000955828 25.8552780325 125 0.0000985152 0.0099187563 -0.0003653294 0.0000948712 0.0097354045 -0.0003051851 0.0000000372
125 0.0000985152 0.0000948712 25.8205963697 126 0.0000984253 0.0099179667 -0.0002434724 0.0000972034 0.0098574786 -0.0001831111 0.0000000073
126 0.0000984253 0.0000972034 25.7964569403 127 0.0000983715 0.0099174934 -0.0001217121 0.0000930122 0.0096438490 -0.0000915555 0.0000000758
127 0.0000983715 0.0000930122 25.7862909386 128 0.0000983535 0.0099173357 0.0000000000 0.0000900839 0.0094912564 0.0000000000 0.0000001815
128 0.0000983535 0.0000900839 25.2751141420 129 0.0000983715 0.0099174934 0.0001217121 0.0000959936 0.0097964415 0.0001525925 0.0000000156
129 0.0000983715 0.0000959936 25.7838154057 130 0.0000984253 0.0099179667 0.0002434724 0.0000966148 0.0098269601 0.0002136296 0.0000000092
130 0.0000984253 0.0000966148 25.8002752746 131 0.0000985152 0.0099187563 0.0003653294 0.0000960634 0.0097964415 0.0003051851 0.0000000186
131 0.0000985152 0.0000960634 25.8220318815 132 0.0000986412 0.0099198632 0.0004873316 0.0000973794 0.0098574786 0.0004577776 0.0000000048
132 0.0000986412 0.0000973794 25.8558980108 133 0.0000988035 0.0099212891 0.0006095278 0.0000969417 0.0098269601 0.0006103702 0.0000000089
133 0.0000988035 0.0000969417 25.8965095056 134 0.0000990024 0.0099230359 0.0007319671 0.0000987877 0.0099185156 0.0006408887 0.0000000083
134 0.0000990024 0.0000987877 25.9504350403 135 0.0000992382 0.0099251061 0.0008546990 0.0000970618 0.0098269601 0.0007019257 0.0000000330
135 0.0000992382 0.0000970618 26.0105972825 136 0.0000995113 0.0099275026 0.0009777737 0.0000986675 0.0098879971 0.0009460738 0.0000000026
136 0.0000995113 0.0000986675 26.0836176378 137 0.0000998222 0.0099302288 0.0011012416 0.0000990475 0.0098879971 0.0011291849 0.0000000026
137 0.0000998222 0.0000990475 26.1656884229 138 0.0001001712 0.0099332887 0.0012251543 0.0000999426 0.0099185156 0.0012512589 0.0000000009
138 0.0001001712 0.0000999426 26.2568917455 139 0.0001005591 0.0099366864 0.0013495638 0.0000996585 0.0098879971 0.0013733329 0.0000000029
139 0.0001005591 0.0000996585 26.3557016821 140 0.0001009863 0.0099404271 0.0014745231 0.0000993158 0.0098574786 0.0014648885 0.0000000070
140 0.0001009863 0.0000993158 26.4702993036 141 0.0001014537 0.0099445161 0.0016000862 0.0000994983 0.0098574786 0.0015259255 0.0000000131
141 0.0001014537 0.0000994983 26.5921931335 142 0.0001019619 0.0099489593 0.0017263082 0.0001011255 0.0098879971 0.0018311106 0.0000000147
142 0.0001019619 0.0001011255 26.7261260475 143 0.0001025119 0.0099537633 0.0018532454 0.0000989963 0.0097964415 0.0017395550 0.0000000377
143 0.0001025119 0.0000989963 26.8693955148 144 0.0001031046 0.0099589353 0.0019809554 0.0001005042 0.0098269601 0.0019837031 0.0000000174
144 0.0001031046 0.0001005042 27.0249820596 145 0.0001037409 0.0099644828 0.0021094972 0.0001002770 0.0097964415 0.0020752586 0.0000000294
145 0.0001037409 0.0001002770 27.1922160004 146 0.0001044220 0.0099704144 0.0022389314 0.0001036784 0.0099490341 0.0021668142 0.0000000057
146 0.0001044220 0.0001036784 27.3683637937 147 0.0001051490 0.0099767391 0.0023693204 0.0001036160 0.0099185156 0.0022888882 0.0000000099
147 0.0001051490 0.0001036160 27.5619732690 148 0.0001059232 0.0099834665 0.0025007282 0.0001037333 0.0098879971 0.0024414808 0.0000000126
148 0.0001059232 0.0001037333 27.7641298093 149 0.0001067461 0.0099906072 0.0026332209 0.0001040584 0.0098574786 0.0026245918 0.0000000178
149 0.0001067461 0.0001040584 27.9790062086 150 0.0001076190 0.0099981723 0.0027668669 0.0001066960 0.0099490341 0.0027771844 0.0000000025
150 0.0001076190 0.0001066960 28.2124305504 151 0.0001085436 0.0100061740 0.0029017367 0.0001063561 0.0098879971 0.0029297769 0.0000000148
151 0.0001085436 0.0001063561 28.4444882968 152 0.0001095216 0.0100146251 0.0030379033 0.0001079282 0.0099490341 0.0029908139 0.0000000065
152 0.0001095216 0.0001079282 28.7051387767 153 0.0001105548 0.0100235394 0.0031754425 0.0001062983 0.0098574786 0.0030213324 0.0000000513
153 0.0001105548 0.0001062983 28.9684145051 154 0.0001116452 0.0100329317 0.0033144329 0.0001121167 0.0101016266 0.0031739250 0.0000000245
154 0.0001116452 0.0001121167 29.2785285240 155 0.0001127949 0.0100428178 0.0034549563 0.0001103051 0.0098879971 0.0035401471 0.0000000312
155 0.0001127949 0.0001103051 29.5693350726 156 0.0001140062 0.0100532145 0.0035970977 0.0001119518 0.0099490341 0.0036011841 0.0000000109
156 0.0001140062 0.0001119518 29.8864884637 157 0.0001152816 0.0100641398 0.0037409457 0.0001143780 0.0099795526 0.0038453322 0.0000000181
157 0.0001152816 0.0001143780 30.2211587360 158 0.0001166236 0.0100756130 0.0038865928 0.0001164299 0.0100100711 0.0040284433 0.0000000244
158 0.0001166236 0.0001164299 30.5727423259 159 0.0001180350 0.0100876546 0.0040341358 0.0001190173 0.0101016266 0.0041199988 0.0000000076
159 0.0001180350 0.0001190173 30.9416078918 160 0.0001195189 0.0101002866 0.0041836757 0.0001192697 0.0101016266 0.0041505173 0.0000000011
160 0.0001195189 0.0001192697 31.3293687768 161 0.0001210785 0.0101135322 0.0043353184 0.0001215348 0.0101626637 0.0042725913 0.0000000063
161 0.0001210785 0.0001215348 31.7369272602 162 0.0001227173 0.0101274166 0.0044891750 0.0001212144 0.0100405896 0.0045167394 0.0000000083
162 0.0001227173 0.0001212144 32.1671228832 163 0.0001244389 0.0101419664 0.0046453622 0.0001217201 0.0100100711 0.0046388134 0.0000000174
163 0.0001244389 0.0001217201 32.6186860377 164 0.0001262474 0.0101572102 0.0048040027 0.0001250004 0.0101016266 0.0047914060 0.0000000032
164 0.0001262474 0.0001250004 33.0932413140 165 0.0001281470 0.0101731786 0.0049652255 0.0001252519 0.0100100711 0.0050050356 0.0000000282
165 0.0001281470 0.0001252519 33.5917330349 166 0.0001301425 0.0101899042 0.0051291667 0.0001274025 0.0100711081 0.0050965911 0.0000000152
166 0.0001301425 0.0001274025 34.1105422931 167 0.0001322388 0.0102074219 0.0052959701 0.0001302413 0.0101016266 0.0053102206 0.0000000114
167 0.0001322388 0.0001302413 34.6681870703 168 0.0001344412 0.0102257692 0.0054657875 0.0001347007 0.0102237007 0.0054933317 0.0000000008
168 0.0001344412 0.0001347007 35.2473058404 169 0.0001367556 0.0102449863 0.0056387796 0.0001379978 0.0102847377 0.0056764428 0.0000000030
169 0.0001367556 0.0001379978 35.8540653933 170 0.0001391882 0.0102651161 0.0058151164 0.0001409289 0.0102542192 0.0059816279 0.0000000278
170 0.0001391882 0.0001409289 36.4913396025 171 0.0001417458 0.0102862048 0.0059949788 0.0001401633 0.0101626637 0.0060731834 0.0000000214
171 0.0001417458 0.0001401633 37.1628870469 172 0.0001444357 0.0103083020 0.0061785584 0.0001446730 0.0102542192 0.0062868130 0.0000000146
172 0.0001444357 0.0001446730 37.8721441254 173 0.0001472658 0.0103314610 0.0063660595 0.0001458326 0.0102542192 0.0063783685 0.0000000061
173 0.0001472658 0.0001458326 38.6173159953 174 0.0001502448 0.0103557392 0.0065576995 0.0001482020 0.0102542192 0.0065614795 0.0000000103
174 0.0001502448 0.0001482020 39.3975719296 175 0.0001533819 0.0103811984 0.0067537104 0.0001569309 0.0104373302 0.0069277017 0.0000000334
175 0.0001533819 0.0001569309 40.2241587362 176 0.0001566873 0.0104079053 0.0069543400 0.0001543976 0.0103152562 0.0069277017 0.0000000093
176 0.0001566873 0.0001543976 41.1025496717 177 0.0001601722 0.0104359317 0.0071598534 0.0001561476 0.0102542192 0.0071413312 0.0000000334
177 0.0001601722 0.0001561476 42.0300702850 178 0.0001638484 0.0104653553 0.0073705348 0.0001622128 0.0103762932 0.0073854793 0.0000000082
178 0.0001638484 0.0001622128 43.0452008762 179 0.0001677293 0.0104962604 0.0075866892 0.0001682537 0.0104678488 0.0076601459 0.0000000062
179 0.0001677293 0.0001682537 44.5762391704 180 0.0001718292 0.0105287380 0.0078086443 0.0001688647 0.0104068117 0.0077822199 0.0000000156
180 0.0001718292 0.0001688647 44.8787373174 181 0.0001761640 0.0105628869 0.0080367530 0.0001727243 0.0104068117 0.0080263680 0.0000000245
181 0.0001761640 0.0001727243 46.1011726263 182 0.0001807509 0.0105988146 0.0082713961 0.0001795001 0.0104678488 0.0083620716 0.0000000254
182 0.0001807509 0.0001795001 47.3182427381 183 0.0001856090 0.0106366380 0.0085129848 0.0001855680 0.0105594043 0.0086062197 0.0000000147
183 0.0001856090 0.0001855680 48.6100170626 184 0.0001907593 0.0106764843 0.0087619642 0.0001901597 0.0106509598 0.0087588122 0.0000000007
184 0.0001907593 0.0001901597 49.9640754067 185 0.0001962251 0.0107184925 0.0090188170 0.0001944962 0.0106509598 0.0090029603 0.0000000048
185 0.0001962251 0.0001944962 51.3987191702 186 0.0002020321 0.0107628147 0.0092840678 0.0001995173 0.0106509598 0.0092776269 0.0000000126
186 0.0002020321 0.0001995173 52.9292133450 187 0.0002082087 0.0108096173 0.0095582875 0.0002048308 0.0107119968 0.0094912564 0.0000000140
187 0.0002082087 0.0002048308 54.5508051142 188 0.0002147866 0.0108590830 0.0098420992 0.0002171418 0.0109256264 0.0098879971 0.0000000065
188 0.0002147866 0.0002171418 56.2781959926 189 0.0002218012 0.0109114128 0.0101361839 0.0002205823 0.0107730338 0.0102237007 0.0000000268
189 0.0002218012 0.0002205823 58.1197156865 190 0.0002292918 0.0109668279 0.0104412882 0.0002270051 0.0108951079 0.0104068117 0.0000000063
190 0.0002292918 0.0002270051 60.0864448605 191 0.0002373028 0.0110255729 0.0107582320 0.0002361084 0.0109866634 0.0107425153 0.0000000018
191 0.0002373028 0.0002361084 62.1760325323 192 0.0002458839 0.0110879184 0.0110879184 0.0002441034 0.0110477004 0.0110477004 0.0000000032
192 0.0002458839 0.0002441034 64.4315324430 193 0.0002550910 0.0111541647 0.0114313445 0.0002551309 0.0110477004 0.0115359966 0.0000000223
193 0.0002550910 0.0002551309 66.8471841889 194 0.0002649877 0.0112246458 0.0117896142 0.0002614205 0.0111392560 0.0117191076 0.0000000123
194 0.0002649877 0.0002614205 69.4381202685 195 0.0002756458 0.0112997344 0.0121639532 0.0002757824 0.0112918485 0.0121768853 0.0000000002
195 0.0002756458 0.0002757824 72.2356766137 196 0.0002871472 0.0113798474 0.0125557268 0.0002853840 0.0113834040 0.0124820704 0.0000000054
196 0.0002871472 0.0002853840 75.2468751911 197 0.0002995857 0.0114654526 0.0129664602 0.0002977173 0.0114139225 0.0129398480 0.0000000034
197 0.0002995857 0.0002977173 78.5060052947 198 0.0003130688 0.0115570764 0.0133978634 0.0003101307 0.0115359966 0.0133060701 0.0000000089
198 0.0003130688 0.0003101307 82.0401869236 199 0.0003277204 0.0116553139 0.0138518604 0.0003257565 0.0115665151 0.0138554033 0.0000000079
199 0.0003277204 0.0003257565 85.8872544386 200 0.0003436841 0.0117608392 0.0143306241 0.0003436390 0.0117801447 0.0143131809 0.0000000007
200 0.0003436841 0.0003436390 90.0652236440 201 0.0003611271 0.0118744200 0.0148366183 0.0003592973 0.0118411817 0.0148014771 0.0000000023
201 0.0003611271 0.0003592973 94.6283270860 202 0.0003802447 0.0119969331 0.0153726491 0.0003778308 0.0119632557 0.0153202918 0.0000000039
202 0.0003802447 0.0003778308 99.6505662844 203 0.0004012670 0.0121293855 0.0159419266 0.0004008145 0.0120853298 0.0159611805 0.0000000023
203 0.0004012670 0.0004008145 105.1595250941 204 0.0004244660 0.0122729381 0.0165481413 0.0004198668 0.0121768853 0.0164799951 0.0000000139
204 0.0004244660 0.0004198668 111.2372939671 205 0.0004501657 0.0124289368 0.0171955585 0.0004436393 0.0122684408 0.0171208838 0.0000000313
205 0.0004501657 0.0004436393 117.9669127405 206 0.0004787547 0.0125989506 0.0178891353 0.0004794667 0.0126346629 0.0178838466 0.0000000013
206 0.0004787547 0.0004794667 125.4629555296 207 0.0005107025 0.0127848187 0.0186346684 0.0005081103 0.0126651814 0.0186468093 0.0000000145
207 0.0005107025 0.0005081103 133.8409445456 208 0.0005465806 0.0129887117 0.0194389807 0.0005422165 0.0130008850 0.0193182165 0.0000000147
208 0.0005465806 0.0005422165 143.2417706618 209 0.0005870915 0.0132132089 0.0203101607 0.0005807570 0.0131839961 0.0201727348 0.0000000197
209 0.0005870915 0.0005807570 153.8557522462 210 0.0006331064 0.0134613989 0.0212578718 0.0006259736 0.0133671072 0.0211493271 0.0000000207
210 0.0006331064 0.0006259736 165.9068518463 211 0.0006857171 0.0137370106 0.0222937578 0.0006788825 0.0136112552 0.0222174749 0.0000000216
211 0.0006857171 0.0006788825 179.7025214673 212 0.0007463081 0.0140445882 0.0234319798 0.0007373098 0.0139164403 0.0233161412 0.0000000298
212 0.0007463081 0.0007373098 195.5778824478 213 0.0008166573 0.0143897251 0.0246899388 0.0007992064 0.0142521439 0.0244148076 0.0000000946
213 0.0008166573 0.0007992064 214.0104696053 214 0.0008990798 0.0147793847 0.0260892626 0.0008866183 0.0146183660 0.0259407331 0.0000000480
214 0.0008990798 0.0008866183 235.5923749472 215 0.0009966392 0.0152223454 0.0276571762 0.0009876664 0.0151066622 0.0275582141 0.0000000232
215 0.0009966392 0.0009876664 261.2061114074 216 0.0011134609 0.0157298311 0.0294284441 0.0011107575 0.0157170324 0.0293893246 0.0000000017
216 0.0011134609 0.0011107575 291.8105385160 217 0.0012552139 0.0163164248 0.0314481819 0.0012498553 0.0162968841 0.0313730277 0.0000000060
217 0.0012552139 0.0012498553 328.9521693899 218 0.0014298684 0.0170014234 0.0337760273 0.0014261850 0.0169377728 0.0337534715 0.0000000046
218 0.0014298684 0.0014261850 374.7063312339 219 0.0016489315 0.0178109060 0.0364925077 0.0016378214 0.0176702170 0.0364085818 0.0000000268
219 0.0016489315 0.0016378214 432.1450620654 220 0.0019295368 0.0187809960 0.0397090797 0.0019157581 0.0186162908 0.0396130253 0.0000000364
220 0.0019295368 0.0019157581 505.6629435588 221 0.0022981449 0.0199632044 0.0435845772 0.0022974010 0.0200201422 0.0435499130 0.0000000044
221 0.0022981449 0.0022974010 602.2658924314 222 0.0027974508 0.0214335913 0.0483534073 0.0027847574 0.0213019196 0.0482802820 0.0000000227
222 0.0027974508 0.0027847574 733.0744544830 223 0.0035001415 0.0233093546 0.0543766079 0.0034813938 0.0231025117 0.0542924284 0.0000000499
223 0.0035001415 0.0034813938 917.2575091336 224 0.0045385720 0.0257809712 0.0622407702 0.0045249514 0.0256965850 0.0621662038 0.0000000127
224 0.0045385720 0.0045249514 1189.4570155102 225 0.0061756402 0.0291800514 0.0729668746 0.0061482265 0.0290841395 0.0728171636 0.0000000316
225 0.0061756402 0.0061482265 1618.4681311967 226 0.0089984613 0.0341397222 0.0885039017 0.0089700677 0.0341196936 0.0883510849 0.0000000238
226 0.0089984613 0.0089700677 2358.2647897191 227 0.0145573409 0.0420380399 0.1130935194 0.0145037980 0.0418713950 0.1129184851 0.0000000584
227 0.0145573409 0.0145037980 3815.1023594682 228 0.0281765866 0.0565499364 0.1580464846 0.0281078481 0.0564287240 0.1578722495 0.0000000451
228 0.0281765866 0.0281078481 7384.3327400676 229 0.0797197930 0.0918503647 0.2669893323 0.0795618166 0.0917386395 0.2667317728 0.0000000788
229 0.0797197930 0.0795618166 20892.1363819016 230 0.9383866860 0.3038646346 0.9198113773 0.9367399497 0.3035981323 0.9190038759 0.0000007231
230 0.9383866860 0.9367399497 245922.4837569017 231 0.3999132346 -0.1909846164 -0.6028582843 0.3992950887 -0.1908932768 -0.6023743400 0.0000002425
231 0.3999132346 0.3992950887 104805.1365686590 232 0.0538009043 -0.0673315946 -0.2219625210 0.0537368456 -0.0672627949 -0.2218390454 0.0000000200
232 0.0538009043 0.0537368456 14099.8007841049 233 0.0194416999 -0.0388349741 -0.1339161854 0.0194320702 -0.0388195441 -0.1338847011 0.0000000012
233 0.0194416999 0.0194320702 5094.9501474825 234 0.0096493450 -0.0261994821 -0.0946727635 0.0096352337 -0.0262764367 -0.0945768609 0.0000000151
234 0.0096493450 0.0096352337 2529.0316111666 235 0.0056058591 -0.0190823743 -0.0723997380 0.0055987862 -0.0191656240 -0.0723288675 0.0000000120
235 0.0056058591 0.0055987862 1469.1440952786 236 0.0035752885 -0.0145286879 -0.0580017734 0.0035635862 -0.0145573290 -0.0578936125 0.0000000125
236 0.0035752885 0.0035635862 936.9853693863 237 0.0024233615 -0.0113744475 -0.0478955467 0.0024208870 -0.0114444411 -0.0478530229 0.0000000067
237 0.0024233615 0.0024208870 635.0851465483 238 0.0017130542 -0.0090683941 -0.0403833926 0.0017061018 -0.0091250343 -0.0402844325 0.0000000130
238 0.0017130542 0.0017061018 448.8819025657 239 0.0012477039 -0.0073157645 -0.0345569596 0.0012400693 -0.0074159978 -0.0344248787 0.0000000275
239 0.0012477039 0.0012400693 326.9811711051 240 0.0009285172 -0.0059447104 -0.0298860775 0.0009262652 -0.0059511093 -0.0298471023 0.0000000016
240 0.0009285172 0.0009262652 243.3443314775 241 0.0007016054 -0.0048483304 -0.0260403363 0.0007005352 -0.0049439985 -0.0260017701 0.0000000106
241 0.0007016054 0.0007005352 183.8713008610 242 0.0005356298 -0.0039566868 -0.0228029481 0.0005306422 -0.0040589618 -0.0226752525 0.0000000268
242 0.0005356298 0.0005306422 140.3846398744 243 0.0004114078 -0.0032221498 -0.0200256216 0.0004088309 -0.0032349620 -0.0199591052 0.0000000046
243 0.0004114078 0.0004088309 107.8339489837 244 0.0003166960 -0.0026112088 -0.0176033397 0.0003131763 -0.0027161473 -0.0174871059 0.0000000245
244 0.0003166960 0.0003131763 82.9947608920 245 0.0002434046 -0.0020996513 -0.0154594963 0.0002411490 -0.0021362957 -0.0153813288 0.0000000075
245 0.0002434046 0.0002411490 63.7838257458 246 0.0001860310 -0.0016695980 -0.0135367428 0.0001842688 -0.0017700735 -0.0134586627 0.0000000162
246 0.0001860310 0.0001842688 48.7378167257 247 0.0001407407 -0.0013076123 -0.0117911355 0.0001405750 -0.0013428144 -0.0117801447 0.0000000014
247 0.0001407407 0.0001405750 36.8909848106 248 0.0001048078 -0.0010034569 -0.0101882692 0.0001044207 -0.0010681478 -0.0101626637 0.0000000048
248 0.0001048078 0.0001044207 27.4628068991 249 0.0000762627 -0.0007492550 -0.0087006482 0.0000732828 -0.0008850368 -0.0085146641 0.0000000530
249 0.0000762627 0.0000732828 19.9846197637 250 0.0000536659 -0.0005389119 -0.0073058505 0.0000544680 -0.0006103702 -0.0073549608 0.0000000075
250 0.0000536659 0.0000544680 14.0623558783 251 0.0000359580 -0.0003677096 -0.0059852123 0.0000348504 -0.0003967406 -0.0058900723 0.0000000099
251 0.0000359580 0.0000348504 9.4223795912 252 0.0000223593 -0.0002320193 -0.0047228623 0.0000218781 -0.0002746666 -0.0046693319 0.0000000047
252 0.0000223593 0.0000218781 5.8598935726 253 0.0000123016 -0.0001290966 -0.0035049935 0.0000121191 -0.0001220740 -0.0034791101 0.0000000007
253 0.0000123016 0.0000121191 3.2242496975 254 0.0000053824 -0.0000569355 -0.0023192962 0.0000054132 -0.0001831111 -0.0023194067 0.0000000159
254 0.0000053824 0.0000054132 1.4091443022 255 0.0000013331 -0.0000141686 -0.0011545019 0.0000011493 -0.0000915555 -0.0010681478 0.0000000134
255 0.0000013331 0.0000011493 0.3493261925 