#int double real img int16 real16 img16 error
0 0.0000002040 0.0004517183 0.0000000000 0.0000001826 0.0004272591 0.0000000000 0.0000000006
0 0.0000002040 0.0000001826 0.0000001826 1 0.0000002235 0.0004575602 0.0001189146 0.0000001835 0.0004272591 0.0000305185 0.0000000087
1 0.0000002235 0.0000001835 0.0000001863 2 0.0000002933 0.0004769838 0.0002565254 0.0000002282 0.0004272591 0.0002136296 0.0000000043
2 0.0000002933 0.0000002282 0.0000002282 3 0.0000004642 0.0005174646 0.0004432258 0.0000003958 0.0004882962 0.0003967406 0.0000000030
3 0.0000004642 0.0000003958 0.0000003726 4 0.0000009279 0.0006013972 0.0007524868 0.0000008289 0.0005798517 0.0007019257 0.0000000030
4 0.0000009279 0.0000008289 0.0000008289 5 0.0000028011 0.0008175290 0.0014603981 0.0000026004 0.0007934812 0.0014038514 0.0000000038
5 0.0000028011 0.0000026004 0.0000026004 6 0.0000358431 0.0021470274 0.0055886852 0.0000346110 0.0021057772 0.0054933317 0.0000000108
6 0.0000358431 0.0000346110 0.0000346110 7 0.0000167804 -0.0009721248 -0.0039793747 0.0000164528 -0.0009765923 -0.0039368877 0.0000000018
7 0.0000167804 0.0000164528 0.0000164528 8 0.0000024949 -0.0001974081 -0.0015671297 0.0000024682 -0.0002136296 -0.0015564440 0.0000000004
8 0.0000024949 0.0000024682 0.0000024682 9 0.0000010001 -0.0000211592 -0.0009998154 0.0000010152 -0.0000305185 -0.0010071108 0.0000000001
9 0.0000010001 0.0000010152 0.0000010152 10 0.0000005521 0.0000556646 -0.0007409643 0.0000005374 0.0000305185 -0.0007324442 0.0000000007
10 0.0000005521 0.0000005374 0.0000005830 11 0.0000003577 0.0000980965 -0.0005899823 0.0000003809 0.0000915555 -0.0006103702 0.0000000005
11 0.0000003577 0.0000003809 0.0000003446 12 0.0000002551 0.0001246819 -0.0004894445 0.0000002841 0.0001220740 -0.0005188147 0.0000000009
12 0.0000002551 0.0000002841 0.0000002841 13 0.0000001940 0.0001427040 -0.0004166575 0.0000001975 0.0001220740 -0.0004272591 0.0000000005
13 0.0000001940 0.0000001975 0.0000001975 14 0.0000001544 0.0001555979 -0.0003608237 0.0000001574 0.0001525925 -0.0003662221 0.0000000000
14 0.0000001544 0.0000001574 0.0000001807 15 0.0000001272 0.0001651907 -0.0003161345 0.0000001360 0.0001525925 -0.0003357036 0.0000000005
15 0.0000001272 0.0000001360 0.0000001360 16 0.0000001077 0.0001725410 -0.0002791772 0.0000000987 0.0001525925 -0.0002746666 0.0000000004
16 0.0000001077 0.0000000987 0.0000000987 17 0.0000000932 0.0001783028 -0.0002478094 0.0000000829 0.0001525925 -0.0002441481 0.0000000007
17 0.0000000932 0.0000000829 0.0000000987 18 0.0000000821 0.0001829003 -0.0002206132 0.0000000829 0.0001525925 -0.0002441481 0.0000000015
18 0.0000000821 0.0000000829 0.0000000829 19 0.0000000735 0.0001866204 -0.0001966100 0.0000000671 0.0001831111 -0.0001831111 0.0000000002
19 0.0000000735 0.0000000671 0.0000000671 20 0.0000000666 0.0001896627 -0.0001750999 0.0000000568 0.0001525925 -0.0001831111 0.0000000014
20 0.0000000666 0.0000000568 0.0000000568 21 0.0000000611 0.0001921706 -0.0001555669 0.0000000466 0.0001525925 -0.0001525925 0.0000000016
21 0.0000000611 0.0000000466 0.0000000466 22 0.0000000567 0.0001942487 -0.0001376204 0.0000000466 0.0001525925 -0.0001525925 0.0000000020
22 0.0000000567 0.0000000466 0.0000000568 23 0.0000000530 0.0001959749 -0.0001209576 0.0000000484 0.0001831111 -0.0001220740 0.0000000002
23 0.0000000530 0.0000000484 0.0000000484 24 0.0000000501 0.0001974081 -0.0001053387 0.0000000484 0.0001831111 -0.0001220740 0.0000000005
24 0.0000000501 0.0000000484 0.0000000484 25 0.0000000476 0.0001985933 -0.0000905696 0.0000000484 0.0001831111 -0.0001220740 0.0000000012
25 0.0000000476 0.0000000484 0.0000000484 26 0.0000000457 0.0001995650 -0.0000764899 0.0000000419 0.0001831111 -0.0000915555 0.0000000005
26 0.0000000457 0.0000000419 0.0000000419 27 0.0000000441 0.0002003495 -0.0000629646 0.0000000419 0.0001831111 -0.0000915555 0.0000000011
27 0.0000000441 0.0000000419 0.0000000419 28 0.0000000429 0.0002009671 -0.0000498775 0.0000000373 0.0001831111 -0.0000610370 0.0000000004
28 0.0000000429 0.0000000373 0.0000000373 29 0.0000000420 0.0002014331 -0.0000371263 0.0000000345 0.0001831111 -0.0000305185 0.0000000004
29 0.0000000420 0.0000000345 0.0000000373 30 0.0000000413 0.0002017586 -0.0000246189 0.0000000345 0.0001831111 -0.0000305185 0.0000000004
30 0.0000000413 0.0000000345 0.0000000345 31 0.0000000409 0.0002019509 -0.0000122703 0.0000000335 0.0001831111 0.0000000000 0.0000000005
31 0.0000000409 0.0000000335 0.0000000345 32 0.0000000408 0.0002020146 0.0000000000 0.0000000596 0.0002441481 0.0000000000 0.0000000018
32 0.0000000408 0.0000000596 0.0000000596 33 0.0000000409 0.0002019509 0.0000122703 0.0000000335 0.0001831111 0.0000000000 0.0000000005
33 0.0000000409 0.0000000335 0.0000000335 34 0.0000000413 0.0002017586 0.0000246189 0.0000000335 0.0001831111 0.0000000000 0.0000000010
34 0.0000000413 0.0000000335 0.0000000335 35 0.0000000420 0.0002014331 0.0000371263 0.0000000345 0.0001831111 0.0000305185 0.0000000004
35 0.0000000420 0.0000000345 0.0000000335 36 0.0000000429 0.0002009671 0.0000498775 0.0000000345 0.0001831111 0.0000305185 0.0000000007
36 0.0000000429 0.0000000345 0.0000000345 37 0.0000000441 0.0002003495 0.0000629646 0.0000000270 0.0001525925 0.0000610370 0.0000000023
37 0.0000000441 0.0000000270 0.0000000270 38 0.0000000457 0.0001995650 0.0000764899 0.0000000270 0.0001525925 0.0000610370 0.0000000024
38 0.0000000457 0.0000000270 0.0000000270 39 0.0000000476 0.0001985933 0.0000905696 0.0000000373 0.0001831111 0.0000610370 0.0000000011
39 0.0000000476 0.0000000373 0.0000000373 40 0.0000000501 0.0001974081 0.0001053387 0.0000000419 0.0001831111 0.0000915555 0.0000000004
40 0.0000000501 0.0000000419 0.0000000419 41 0.0000000530 0.0001959749 0.0001209576 0.0000000382 0.0001525925 0.0001220740 0.0000000019
41 0.0000000530 0.0000000382 0.0000000382 42 0.0000000567 0.0001942487 0.0001376204 0.0000000382 0.0001525925 0.0001220740 0.0000000020
42 0.0000000567 0.0000000382 0.0000000466 43 0.0000000611 0.0001921706 0.0001555669 0.0000000466 0.0001525925 0.0001525925 0.0000000016
43 0.0000000611 0.0000000466 0.0000000466 44 0.0000000666 0.0001896627 0.0001750999 0.0000000466 0.0001525925 0.0001525925 0.0000000019
44 0.0000000666 0.0000000466 0.0000000466 45 0.0000000735 0.0001866204 0.0001966100 0.0000000568 0.0001831111 0.0001525925 0.0000000019
45 0.0000000735 0.0000000568 0.0000000671 46 0.0000000821 0.0001829003 0.0002206132 0.0000000689 0.0001525925 0.0002136296 0.0000000010
46 0.0000000821 0.0000000689 0.0000000689 47 0.0000000932 0.0001783028 0.0002478094 0.0000000689 0.0001525925 0.0002136296 0.0000000018
47 0.0000000932 0.0000000689 0.0000000829 48 0.0000001077 0.0001725410 0.0002791772 0.0000000829 0.0001525925 0.0002441481 0.0000000016
48 0.0000001077 0.0000000829 0.0000000829 49 0.0000001272 0.0001651907 0.0003161345 0.0000001164 0.0001525925 0.0003051851 0.0000000003
49 0.0000001272 0.0000001164 0.0000001164 50 0.0000001544 0.0001555979 0.0003608237 0.0000001276 0.0001220740 0.0003357036 0.0000000018
50 0.0000001544 0.0000001276 0.0000001276 51 0.0000001940 0.0001427040 0.0004166575 0.0000001723 0.0001220740 0.0003967406 0.0000000008
51 0.0000001940 0.0000001723 0.0000001723 52 0.0000002551 0.0001246819 0.0004894445 0.0000002179 0.0000915555 0.0004577776 0.0000000021
52 0.0000002551 0.0000002179 0.0000002179 53 0.0000003577 0.0000980965 0.0005899823 0.0000003101 0.0000915555 0.0005493332 0.0000000017
53 0.0000003577 0.0000003101 0.0000003101 54 0.0000005521 0.0000556646 0.0007409643 0.0000004936 0.0000305185 0.0007019257 0.0000000022
54 0.0000005521 0.0000004936 0.0000004936 55 0.0000010001 -0.0000211592 0.0009998154 0.0000009547 -0.0000305185 0.0009765923 0.0000000006
55 0.0000010001 0.0000009547 0.0000009547 56 0.0000024949 -0.0001974081 0.0015671297 0.0000023741 -0.0002136296 0.0015259255 0.0000000020
56 0.0000024949 0.0000023741 0.0000023741 57 0.0000167804 -0.0009721248 0.0039793747 0.0000162135 -0.0009765923 0.0039063692 0.0000000053
57 0.0000167804 0.0000162135 0.0000162135 58 0.0000358431 0.0021470274 -0.0055886852 0.0000349472 0.0021057772 -0.0055238502 0.0000000059
58 0.0000358431 0.0000349472 0.0000349472 59 0.0000028011 0.0008175290 -0.0014603981 0.0000027280 0.0007629627 -0.0014648885 0.0000000030
59 0.0000028011 0.0000027280 0.0000027280 60 0.0000009279 0.0006013972 -0.0007524868 0.0000009183 0.0005798517 -0.0007629627 0.0000000006
60 0.0000009279 0.0000009183 0.0000009183 61 0.0000004642 0.0005174646 -0.0004432258 0.0000004480 0.0004882962 -0.0004577776 0.0000000011
61 0.0000004642 0.0000004480 0.0000004480 62 0.0000002933 0.0004769838 -0.0002565254 0.0000002580 0.0004272591 -0.0002746666 0.0000000028
62 0.0000002933 0.0000002580 0.0000002580 63 0.0000002235 0.0004575602 -0.0001189146 0.0000001975 0.0004272591 -0.0001220740 0.0000000009
63 0.0000002235 0.0000001975 0.0000001975 