#int double real img int16 real16 img16 error
0 6452.6084894367 80.3281301254 0.0000000000 0.0156259537 -0.1250038148 0.0000000000 6472.7067607955
0 6452.6084894367 0.0156259537 4096.2461049571 1 7067.7538215803 81.3669833619 21.1463434231 0.0177215574 -0.1250038148 -0.0457777642 7090.0499744243
1 7067.7538215803 0.0177215574 4543.3839560575 2 9275.5566249704 84.8210505933 45.6173870494 0.0202981254 -0.1202429273 -0.0764183477 9302.9471966338
2 9275.5566249704 0.0202981254 4552.4469091307 3 14679.8863226466 92.0196667102 78.8179374330 0.0312519074 -0.1250038148 -0.1250038148 14722.6282790171
3 14679.8863226466 0.0312519074 8192.4922099141 4 29343.2507425617 106.9452279052 133.8131868348 0.0312519074 -0.1250038148 -0.1250038148 29403.4734350511
4 29343.2507425617 0.0312519074 8192.4922099141 5 88579.0749641684 145.3794916293 259.6995925637 0.0219851973 -0.1250038148 -0.0797448653 88656.8623494989
5 88579.0749641684 0.0219851973 8192.4922099141 6 1133459.2426389633 381.8014584618 993.8243753075 0.0312519074 -0.1250038148 -0.1250038148 1133803.1908448255
6 1133459.2426389633 0.0312519074 8192.4922099141 7 530644.4117159424 -172.8709460254 -707.6440120118 0.0189101922 -0.0573747978 0.1249732963 530801.4669645642
7 530644.4117159424 0.0189101922 4782.6637853088 8 78894.5777255406 -35.1046800786 -278.6794559384 0.0026790347 0.0000000000 0.0517593921 78923.4289630195
8 78894.5777255406 0.0026790347 4096.2500114455 9 31625.2597840572 -3.7626952523 -177.7951121614 0.0192847138 -0.0604876858 -0.1250038148 31580.3737407640
9 31625.2597840572 0.0192847138 423.6295357455 10 17459.7784955622 9.8987193044 -131.7641599666 0.0022253123 0.0405285806 -0.0241401410 17452.6167479889
10 17459.7784955622 0.0022253123 431.1221661429 11 11311.5314084506 17.4442972400 -104.9153368305 0.0116189816 -0.1077913755 -0.0000305185 11315.2973132999
11 11311.5314084506 0.0116189816 2027.3573249507 12 8067.0186172407 22.1719233519 -87.0369141923 0.0129765462 -0.0490432447 0.1028168584 8087.1040840814
12 8067.0186172407 0.0129765462 3412.7561786940 13 6133.8040302564 25.3767583718 -74.0933476420 0.0212737659 0.0931730094 0.1122165593 6145.7254472133
13 6133.8040302564 0.0212737659 2554.2451698316 14 4882.6980659928 27.6696513011 -64.1645420997 0.0101920338 -0.0932950835 0.0385753960 4892.8214881203
14 4882.6980659928 0.0101920338 2672.8576404699 15 4023.3332050017 29.3755201423 -56.2175419364 0.0190079200 -0.0717795343 0.1177098910 4040.8040567050
15 4023.3332050017 0.0190079200 4023.3398958874 16 3406.1000180564 30.6826154553 -49.6455146703 0.0159031639 -0.0683309427 0.1059907834 3420.8329992839
16 3406.1000180564 0.0159031639 3406.0494604906 17 2947.2858019274 31.7072125913 -44.0674309623 0.0149810759 -0.0503860591 0.1115451521 2960.3270025630
17 2947.2858019274 0.0149810759 2953.4705890157 18 2596.9480259159 32.5247881264 -39.2311889095 0.0312519074 -0.1250038148 -0.1250038148 2595.3026264602
18 2596.9480259159 0.0312519074 6961.0188127206 19 2323.7255758979 33.1863135850 -34.9627539896 0.0095993635 -0.0968047121 0.0151066622 2331.2166993506
19 2323.7255758979 0.0095993635 2422.0126357470 20 2107.0867378718 33.7273350829 -31.1376557575 0.0053850439 -0.0135807367 0.0721152379 2112.4992059363
20 2107.0867378718 0.0053850439 1164.3686474155 21 1933.1192149988 34.1733031107 -27.6641386908 0.0180702659 -0.1250038148 -0.0494399854 1938.9454425487
21 1933.1192149988 0.0180702659 431.0255507943 22 1792.1231012249 34.5428385777 -24.4727481950 0.0312519074 -0.1250038148 -0.1250038148 1794.6719525590
22 1792.1231012249 0.0312519074 313.4338117818 23 1677.1739008328 34.8498075867 -21.5096446275 0.0201996377 -0.1250038148 0.0676290170 1688.8161705025
23 1677.1739008328 0.0201996377 1199.7585997021 24 1583.2326194797 35.1046800789 -18.7321663466 0.0026790347 0.0000000000 0.0517593921 1585.1744295989
24 1583.2326194797 0.0026790347 702.7490815307 25 1506.5771855317 35.3154425722 -16.1057971383 0.0303867910 0.1214941862 -0.1250038148 1493.9997582440
25 1506.5771855317 0.0303867910 3948.8837041627 26 1444.4294778510 35.4882244722 -13.6020366732 0.0076168442 -0.0474562822 -0.0732444227 1445.8128264399
26 1444.4294778510 0.0076168442 589.7203222917 27 1394.7053190808 35.6277351145 -11.1968660657 0.0070818906 -0.0047914060 0.0840174566 1396.9352792753
27 1394.7053190808 0.0070818906 1330.4188533440 28 1355.8441189046 35.7375723410 -8.8696134117 0.0062714256 -0.0767845698 0.0193792535 1361.6823515429
28 1355.8441189046 0.0062714256 1355.8164674902 29 1326.6916475514 35.8204415035 -6.6020919448 0.0134992233 -0.1155430769 0.0122074038 1335.1439436319
29 1326.6916475514 0.0134992233 1699.4807946299 30 1306.4193689433 35.8783101658 -4.3779251468 0.0006767114 -0.0240485855 0.0099185156 1308.2325359091
30 1306.4193689433 0.0006767114 177.0933259615 31 1294.4698574004 35.9125150425 -2.1819992496 0.0065285199 -0.0799890133 0.0114139225 1300.2714095505
31 1294.4698574004 0.0065285199 1294.4316233270 32 1290.5216978946 35.9238318933 0.0000000000 0.0059663802 -0.0772423475 0.0000000000 1296.0773464869
32 1290.5216978946 0.0059663802 1290.5037187275 33 1294.4698573997 35.9125150425 2.1819992496 0.0135642541 -0.1163670766 -0.0047914060 1302.8624001223
33 1294.4698573997 0.0135642541 1936.6391634509 34 1306.4193689432 35.8783101658 4.3779251468 0.0074980188 -0.0240180670 -0.0831934568 1308.8787517272
34 1306.4193689432 0.0074980188 177.1086315384 35 1326.6916475518 35.8204415035 6.6020919448 0.0041790045 -0.0615558336 0.0197454756 1330.8450179393
35 1326.6916475518 0.0041790045 434.2491596645 36 1355.8441189040 35.7375723410 8.8696134117 0.0062726094 -0.0767845698 -0.0194097720 1361.6828941008
36 1355.8441189040 0.0062726094 1355.7962471918 37 1394.7053190792 35.6277351145 11.1968660657 0.0168236667 0.0346079897 -0.1250038148 1395.0554361072
37 1394.7053190792 0.0168236667 1000.3956169968 38 1444.4294778486 35.4882244722 13.6020366732 0.0312442785 0.1249732963 -0.1250038148 1438.9911742894
38 1444.4294778486 0.0312442785 4365.3990196257 39 1506.5771855336 35.3154425722 16.1057971383 0.0156259546 -0.1250038148 -0.0000305185 1515.4229246249
39 1506.5771855336 0.0156259546 287.5149899683 40 1583.2326194794 35.1046800789 18.7321663466 0.0156259537 0.0000000000 -0.1250038148 1587.9314299392
40 1583.2326194794 0.0156259537 702.7474634759 41 1677.1739008296 34.8498075867 21.5096446275 0.0312519074 -0.1250038148 -0.1250038148 1691.2954457922
41 1677.1739008296 0.0312519074 0.8038974604 42 1792.1231012303 34.5428385778 24.4727481951 0.0266667573 -0.1250038148 -0.1050752281 1805.9287003799
42 1792.1231012303 0.0266667573 266.1537276670 43 1933.1192150014 34.1733031107 27.6641386908 0.0036641398 -0.0604876858 -0.0023194067 1937.3853359609
43 1933.1192150014 0.0036641398 679.2504084748 44 2107.0867378733 33.7273350830 31.1376557575 0.0053894466 -0.0135807367 -0.0721457564 2112.5011108901
44 2107.0867378733 0.0053894466 1164.3792647534 45 2323.7255758974 33.1863135850 34.9627539896 0.0312442785 -0.1250038148 0.1249732963 2323.3148305434
45 2323.7255758974 0.0312442785 1618.8411793501 46 2596.9480259180 32.5247881264 39.2311889095 0.0265516164 -0.1250038148 0.1045258950 2596.9046724562
46 2596.9480259180 0.0265516164 6961.2279016483 47 2947.2858019293 31.7072125913 44.0674309623 0.0123921168 -0.0646687216 -0.0906094546 2959.3849756256
47 2947.2858019293 0.0123921168 2947.2928966507 48 3406.1000180564 30.6826154553 49.6455146703 0.0159096342 -0.0683309427 -0.1060213019 3420.8360359684
48 3406.1000180564 0.0159096342 3406.0464302989 49 4023.3332049998 29.3755201424 56.2175419364 0.0175787807 -0.0441908017 -0.1250038148 4040.0018537556
49 4023.3332049998 0.0175787807 4129.4618586301 50 4882.6980659969 27.6696513011 64.1645420998 0.0190629841 -0.0932950835 -0.1017792291 4900.9412490976
50 4882.6980659969 0.0190629841 2672.7420603120 51 6133.8040302591 25.3767583718 74.0933476420 0.0094992142 -0.0727561266 -0.0648518326 6147.1163375239
51 6133.8040302591 0.0094992142 3450.7040438219 52 8067.0186172407 22.1719233519 87.0369141923 0.0129828228 -0.0490432447 -0.1028473769 8087.1094028318
52 8067.0186172407 0.0129828228 3412.7133751782 53 11311.5314084428 17.4442972400 104.9153368304 0.0045407215 0.0673848689 -0.0000305185 11309.1913895177
53 11311.5314084428 0.0045407215 2181.6476490038 54 17459.7784955753 9.8987193043 131.7641599666 0.0194602947 -0.0619220557 -0.1250038148 17493.9658992699
54 17459.7784955753 0.0194602947 1005.4552560180 55 31625.2597840796 -3.7626952522 177.7951121615 0.0032918684 -0.0000305185 -0.0573747978 31645.6647635098
55 31625.2597840796 0.0032918684 1366.5895065892 56 78894.5777255489 -35.1046800785 278.6794559384 0.0156259537 0.0000000000 -0.1250038148 78964.2653417077
56 78894.5777255489 0.0156259537 4096.1836014104 57 530644.4117159868 -172.8709460252 707.6440120119 0.0303867910 0.1214941862 -0.1250038148 530863.3641346591
57 530644.4117159868 0.0303867910 8192.3711092785 58 1133459.2426389130 381.8014584615 -993.8243753076 0.0312442785 -0.1250038148 0.1249732963 1133803.1301770690
58 1133459.2426389130 0.0312442785 8192.3711092785 59 88579.0749641483 145.3794916292 -259.6995925637 0.0312442785 -0.1250038148 0.1249732963 88680.3632187886
59 88579.0749641483 0.0312442785 8192.3711092785 60 29343.2507425597 106.9452279051 -133.8131868348 0.0312442785 -0.1250038148 0.1249732963 29403.4652598621
60 29343.2507425597 0.0312442785 8192.3711092785 61 14679.8863226319 92.0196667101 -78.8179374330 0.0157292335 -0.1250038148 -0.0101626637 14701.3056702423
61 14679.8863226319 0.0157292335 8192.3711092785 62 9275.5566249778 84.8210505933 -45.6173870495 0.0173663973 -0.1202429273 0.0539262062 9300.8921994658
62 9275.5566249778 0.0173663973 4552.3421738123 63 7067.7538215824 81.3669833619 -21.1463434231 0.0171495424 -0.1250038148 0.0390331736 7089.7641555535
63 7067.7538215824 0.0171495424 4543.3769528918 