#int double real img int16 real16 img16 error
0 0.0000000000 -0.0000000000 0.0000000000 0.0000001574 -0.0003967406 0.0000000000 0.0000001574
0 0.0000000000 0.0000001574 0.0000000000 1 0.0000002660 -0.0000063289 0.0005156971 0.0000000764 -0.0002746666 -0.0000305185 0.0000003704
1 0.0000002660 0.0000000764 0.0694265914 2 0.0000010739 -0.0000254322 0.0010359916 0.0000005681 -0.0003967406 0.0006408887 0.0000002940
2 0.0000010739 0.0000005681 0.2808705790 3 0.0000024545 -0.0000576653 0.0015656231 0.0000011894 -0.0003357036 0.0010376293 0.0000003561
3 0.0000024545 0.0000011894 0.6422222080 4 0.0000044613 -0.0001036392 0.0021096251 0.0000035253 -0.0002441481 0.0018616291 0.0000000812
4 0.0000044613 0.0000035253 1.1680228472 5 0.0000071746 -0.0001642498 0.0026734961 0.0000058006 -0.0003662221 0.0023804437 0.0000001267
5 0.0000071746 0.0000058006 1.8786747865 6 0.0000107078 -0.0002407231 0.0032634036 0.0000091834 -0.0004882962 0.0029908139 0.0000001356
6 0.0000107078 0.0000091834 2.8041655393 7 0.0000152164 -0.0003346799 0.0038864368 0.0000131781 -0.0004577776 0.0036011841 0.0000000965
7 0.0000152164 0.0000131781 3.9839188830 8 0.0000209119 -0.0004482277 0.0045509327 0.0000194565 -0.0006408887 0.0043641469 0.0000000720
8 0.0000209119 0.0000194565 5.4763635793 9 0.0000280815 -0.0005840890 0.0052669067 0.0000247244 -0.0007629627 0.0049134800 0.0000001569
9 0.0000280815 0.0000247244 7.3532317272 10 0.0000371181 -0.0007457820 0.0060466409 0.0000338724 -0.0009765923 0.0057374798 0.0000001489
10 0.0000371181 0.0000338724 9.7216468874 11 0.0000485656 -0.0009378798 0.0069055034 0.0000449446 -0.0012207404 0.0065919980 0.0000001783
11 0.0000485656 0.0000449446 12.7178182697 12 0.0000631892 -0.0011663841 0.0078631230 0.0000590867 -0.0013428144 0.0075685904 0.0000001179
12 0.0000631892 0.0000590867 16.5487521854 13 0.0000820866 -0.0014392814 0.0089451166 0.0000783672 -0.0016479995 0.0086977752 0.0000001047
13 0.0000820866 0.0000783672 21.4981848454 14 0.0001068722 -0.0017673871 0.0101857028 0.0001021919 -0.0019531846 0.0099185156 0.0000001059
14 0.0001068722 0.0001021919 27.9894695197 15 0.0001399887 -0.0021656696 0.0116317910 0.0001336166 -0.0024719993 0.0112918485 0.0000002094
15 0.0001399887 0.0001336166 36.6641450950 16 0.0001852635 -0.0026554046 0.0133496204 0.0001826435 -0.0026856288 0.0132450331 0.0000000119
16 0.0001852635 0.0001826435 48.5243496422 17 0.0002489497 -0.0032678320 0.0154360269 0.0002453747 -0.0032654805 0.0153202918 0.0000000134
17 0.0002489497 0.0002453747 65.2024853461 18 0.0003417992 -0.0040507028 0.0180385989 0.0003403419 -0.0041505173 0.0179754021 0.0000000140
18 0.0003417992 0.0003403419 89.5252540023 19 0.0004835242 -0.0050807791 0.0213941549 0.0004806886 -0.0051881466 0.0213019196 0.0000000200
19 0.0004835242 0.0004806886 126.6437632600 20 0.0007133638 -0.0064897265 0.0259084405 0.0007092566 -0.0065309610 0.0258186590 0.0000000098
20 0.0007133638 0.0007092566 186.8418968913 21 0.0011185159 -0.0085237835 0.0323397751 0.0011077044 -0.0085451827 0.0321665090 0.0000000305
21 0.0011185159 0.0011077044 292.9510562676 22 0.0019252974 -0.0117028788 0.0422887701 0.0019070599 -0.0116580706 0.0420850246 0.0000000435
22 0.0019252974 0.0019070599 504.2724278193 23 0.0038791291 -0.0173469457 0.0598181627 0.0038660032 -0.0173955504 0.0596942045 0.0000000177
23 0.0038791291 0.0038660032 1015.9985246168 24 0.0107346917 -0.0300759186 0.0991470162 0.0107068882 -0.0300912503 0.0990020447 0.0000000213
24 0.0107346917 0.0107068882 2811.6174550428 25 0.0797931806 -0.0853096945 0.2692869040 0.0796592911 -0.0852687155 0.2690511795 0.0000000572
25 0.0797931806 0.0796592911 20898.9298379188 26 0.1872327592 0.1357313465 -0.4108646501 0.1871753107 0.1355937376 -0.4108401746 0.0000000195
26 0.1872327592 0.1871753107 49038.8143983778 27 0.0159061899 0.0410280508 -0.1192597540 0.0159066212 0.0409253212 -0.1192968535 0.0000000119
27 0.0159061899 0.0159066212 4166.0394431277 28 0.0056219681 0.0252599287 -0.0705967715 0.0056253920 0.0251777703 -0.0706503494 0.0000000096
28 0.0056219681 0.0056253920 1472.4927517748 29 0.0029045714 0.0187777027 -0.0505170195 0.0029134014 0.0187078463 -0.0506302072 0.0000000177
29 0.0029045714 0.0029134014 760.7301006346 30 0.0017954291 0.0152496537 -0.0395332407 0.0018025964 0.0151982177 -0.0396435438 0.0000000148
30 0.0017954291 0.0018025964 470.2043604988 31 0.0012322022 0.0130342502 -0.0325931057 0.0012325745 0.0129703665 -0.0326242866 0.0000000051
31 0.0012322022 0.0012325745 322.7284890409 32 0.0009055642 0.0115159368 -0.0278019308 0.0009063439 0.0114749596 -0.0278328806 0.0000000026
32 0.0009055642 0.0009063439 237.1856723801 33 0.0006983700 0.0104119062 -0.0242891386 0.0007018587 0.0102847377 -0.0244148076 0.0000000320
33 0.0006983700 0.0007018587 182.9166121829 34 0.0005581648 0.0095740336 -0.0215986737 0.0005613387 0.0095828120 -0.0216681417 0.0000000049
34 0.0005581648 0.0005613387 146.2015251983 35 0.0004585402 0.0089172359 -0.0194685155 0.0004627512 0.0088808863 -0.0195928831 0.0000000168
35 0.0004585402 0.0004627512 120.1000730202 36 0.0003849932 0.0083891627 -0.0177373944 0.0003902675 0.0083925901 -0.0178838466 0.0000000215
36 0.0003849932 0.0003902675 100.8347610860 37 0.0003290051 0.0079558395 -0.0163006044 0.0003265910 0.0078737754 -0.0162663656 0.0000000079
37 0.0003290051 0.0003265910 86.1690475741 38 0.0002852963 0.0075942569 -0.0150871972 0.0002864178 0.0075685904 -0.0151371807 0.0000000032
38 0.0002852963 0.0002864178 74.7260205809 39 0.0002504481 0.0072882793 -0.0140473868 0.0002506947 0.0072634053 -0.0140690329 0.0000000011
39 0.0002504481 0.0002506947 65.5906920908 40 0.0002221647 0.0070262575 -0.0131452031 0.0002227133 0.0070497757 -0.0131534776 0.0000000006
40 0.0002221647 0.0002227133 58.1906091558 41 0.0001988557 0.0067995719 -0.0123540068 0.0002017740 0.0068361461 -0.0124515519 0.0000000109
41 0.0001988557 0.0002017740 52.0881503540 42 0.0001793900 0.0066017087 -0.0116536455 0.0001807919 0.0065919980 -0.0117191076 0.0000000044
42 0.0001793900 0.0001807919 46.9732221245 43 0.0001629445 0.0064276541 -0.0110285906 0.0001634105 0.0063783685 -0.0110782189 0.0000000049
43 0.0001629445 0.0001634105 42.6740627351 44 0.0001489080 0.0062734871 -0.0104666809 0.0001516705 0.0062868130 -0.0105899228 0.0000000154
44 0.0001489080 0.0001516705 38.9994332267 45 0.0001368185 0.0061360972 -0.0099582558 0.0001361053 0.0060426649 -0.0099795526 0.0000000092
45 0.0001368185 0.0001361053 35.8314183131 46 0.0001263213 0.0060129860 -0.0094955426 0.0001262299 0.0060121464 -0.0094912564 0.0000000000
46 0.0001263213 0.0001262299 33.0820440769 47 0.0001171402 0.0059021236 -0.0090722155 0.0001192399 0.0059511093 -0.0091555528 0.0000000093
47 0.0001171402 0.0001192399 30.6778781039 48 0.0001090572 0.0058018444 -0.0086830737 0.0001099866 0.0057679983 -0.0087588122 0.0000000069
48 0.0001090572 0.0001099866 28.5620104562 49 0.0001018985 0.0057107687 -0.0083238006 0.0001023120 0.0056459243 -0.0083925901 0.0000000089
49 0.0001018985 0.0001023120 26.6857672834 50 0.0000955241 0.0056277445 -0.0079907832 0.0000959554 0.0056154057 -0.0080263680 0.0000000014
50 0.0000955241 0.0000959554 25.0196059392 51 0.0000898199 0.0055518022 -0.0076809738 0.0000907806 0.0057069613 -0.0076296274 0.0000000267
51 0.0000898199 0.0000907806 23.5234428438 52 0.0000846921 0.0054821201 -0.0073917832 0.0000846298 0.0054017762 -0.0074465163 0.0000000095
52 0.0000846921 0.0000846298 22.1798620496 53 0.0000800633 0.0054179975 -0.0071209970 0.0000839378 0.0054628132 -0.0073549608 0.0000000567
53 0.0000800633 0.0000839378 20.9682127245 54 0.0000758688 0.0053588332 -0.0068667101 0.0000768435 0.0053712577 -0.0069277017 0.0000000039
54 0.0000758688 0.0000768435 19.8673435071 55 0.0000720543 0.0053041086 -0.0066272740 0.0000750813 0.0054017762 -0.0067751091 0.0000000314
55 0.0000720543 0.0000750813 18.8684014656 56 0.0000685740 0.0052533739 -0.0064012546 0.0000685588 0.0052797021 -0.0063783685 0.0000000012
56 0.0000685740 0.0000685588 17.9563447731 57 0.0000653888 0.0052062375 -0.0061873988 0.0000666951 0.0052491836 -0.0062562944 0.0000000066
57 0.0000653888 0.0000666951 17.1212172499 58 0.0000624654 0.0051623564 -0.0059846057 0.0000628588 0.0050965911 -0.0060731834 0.0000000122
58 0.0000624654 0.0000628588 16.3595431183 59 0.0000597752 0.0051214295 -0.0057919050 0.0000614450 0.0050660726 -0.0059816279 0.0000000391
59 0.0000597752 0.0000614450 15.6537607584 60 0.0000572934 0.0050831911 -0.0056084371 0.0000592450 0.0050965911 -0.0057679983 0.0000000256
60 0.0000572934 0.0000592450 15.0023401346 61 0.0000549986 0.0050474060 -0.0054334383 0.0000555968 0.0049745170 -0.0055543687 0.0000000199
61 0.0000549986 0.0000555968 14.4004614057 62 0.0000528720 0.0050138651 -0.0052662272 0.0000529666 0.0049439985 -0.0053407392 0.0000000104
62 0.0000528720 0.0000529666 13.8446573239 63 0.0000508974 0.0049823824 -0.0051061940 0.0000501175 0.0049134800 -0.0050965911 0.0000000048
63 0.0000508974 0.0000501175 13.3268219598 64 0.0000490603 0.0049527912 -0.0049527912 0.0000488881 0.0049134800 -0.0049745170 0.0000000020
64 0.0000490603 0.0000488881 12.8447626741 65 0.0000473481 0.0049249425 -0.0048055257 0.0000473932 0.0049134800 -0.0048219245 0.0000000004
65 0.0000473481 0.0000473932 12.3951204999 66 0.0000457497 0.0048987021 -0.0046639521 0.0000462458 0.0049439985 -0.0046693319 0.0000000021
66 0.0000457497 0.0000462458 11.9768893900 67 0.0000442551 0.0048739491 -0.0045276670 0.0000447994 0.0048829615 -0.0045777764 0.0000000026
67 0.0000442551 0.0000447994 11.5841489818 68 0.0000428556 0.0048505742 -0.0043963042 0.0000425398 0.0047914060 -0.0044251839 0.0000000043
68 0.0000428556 0.0000425398 11.2173511890 69 0.0000415431 0.0048284787 -0.0042695302 0.0000406612 0.0047608875 -0.0042420728 0.0000000053
69 0.0000415431 0.0000406612 10.8716331352 70 0.0000403107 0.0048075727 -0.0041470408 0.0000396404 0.0047608875 -0.0041199988 0.0000000029
70 0.0000403107 0.0000396404 10.5469132932 71 0.0000391521 0.0047877747 -0.0040285576 0.0000388944 0.0047608875 -0.0040284433 0.0000000007
71 0.0000391521 0.0000388944 10.2435305591 72 0.0000380615 0.0047690103 -0.0039138256 0.0000381651 0.0047608875 -0.0039368877 0.0000000006
72 0.0000380615 0.0000381651 9.9554272359 73 0.0000370339 0.0047512117 -0.0038026106 0.0000366414 0.0046998505 -0.0038148137 0.0000000028
73 0.0000370339 0.0000366414 9.6831690692 74 0.0000360645 0.0047343166 -0.0036946969 0.0000357249 0.0046998505 -0.0036927396 0.0000000012
74 0.0000360645 0.0000357249 9.4216071135 75 0.0000351493 0.0047182683 -0.0035898857 0.0000342682 0.0046388134 -0.0035706656 0.0000000067
75 0.0000351493 0.0000342682 9.1690550512 76 0.0000342844 0.0047030145 -0.0034879933 0.0000343353 0.0046693319 -0.0035401471 0.0000000039
76 0.0000342844 0.0000343353 8.8967679950 77 0.0000334664 0.0046885073 -0.0033888496 0.0000347703 0.0047608875 -0.0034791101 0.0000000134
77 0.0000334664 0.0000347703 9.1023842513 78 0.0000326921 0.0046747025 -0.0032922970 0.0000318997 0.0046082949 -0.0032654805 0.0000000051
78 0.0000326921 0.0000318997 8.6189014574 79 0.0000319585 0.0046615594 -0.0031981890 0.0000320711 0.0046693319 -0.0032044435 0.0000000001
79 0.0000319585 0.0000320711 8.4015759148 80 0.0000312632 0.0046490405 -0.0031063896 0.0000308370 0.0045777764 -0.0031434065 0.0000000064
80 0.0000312632 0.0000308370 8.2093508177 81 0.0000306037 0.0046371110 -0.0030167716 0.0000309311 0.0046693319 -0.0030213324 0.0000000011
81 0.0000306037 0.0000309311 8.0310023732 82 0.0000299778 0.0046257388 -0.0029292168 0.0000288895 0.0044862209 -0.0029602954 0.0000000204
82 0.0000299778 0.0000288895 7.8648254269 83 0.0000293834 0.0046148941 -0.0028436143 0.0000289072 0.0045472579 -0.0028687399 0.0000000052
83 0.0000293834 0.0000289072 7.7064084303 84 0.0000288187 0.0046045493 -0.0027598607 0.0000286688 0.0045777764 -0.0027771844 0.0000000010
84 0.0000288187 0.0000286688 7.5573870375 85 0.0000282820 0.0045946789 -0.0026778586 0.0000273388 0.0044862209 -0.0026856288 0.0000000118
85 0.0000282820 0.0000273388 7.4152214653 86 0.0000277717 0.0045852589 -0.0025975171 0.0000264251 0.0044557024 -0.0025635548 0.0000000179
86 0.0000277717 0.0000264251 7.2809468227 87 0.0000272863 0.0045762673 -0.0025187503 0.0000272494 0.0045472579 -0.0025635548 0.0000000028
87 0.0000272863 0.0000272494 7.1523586985 88 0.0000268245 0.0045676833 -0.0024414776 0.0000265117 0.0045167394 -0.0024719993 0.0000000035
88 0.0000268245 0.0000265117 7.0307825909 89 0.0000263851 0.0045594879 -0.0023656230 0.0000269029 0.0046082949 -0.0023804437 0.0000000026
89 0.0000263851 0.0000269029 6.9137573448 90 0.0000259668 0.0045516630 -0.0022911146 0.0000255012 0.0045167394 -0.0022583697 0.0000000023
90 0.0000259668 0.0000255012 6.8084668758 91 0.0000255687 0.0045441920 -0.0022178847 0.0000245484 0.0044557024 -0.0021668142 0.0000000104
91 0.0000255687 0.0000245484 6.7019763421 92 0.0000251897 0.0045370592 -0.0021458692 0.0000246899 0.0044862209 -0.0021362957 0.0000000027
92 0.0000251897 0.0000246899 6.6022398023 93 0.0000248288 0.0045302500 -0.0020750071 0.0000245819 0.0045167394 -0.0020447401 0.0000000011
93 0.0000248288 0.0000245819 6.5072664197 94 0.0000244853 0.0045237508 -0.0020052408 0.0000236682 0.0044557024 -0.0019531846 0.0000000073
94 0.0000244853 0.0000236682 6.4170130938 95 0.0000241583 0.0045175489 -0.0019365156 0.0000227787 0.0043946654 -0.0018616291 0.0000000207
95 0.0000241583 0.0000227787 6.3311669845 96 0.0000238472 0.0045116323 -0.0018687793 0.0000230097 0.0043946654 -0.0019226661 0.0000000166
96 0.0000238472 0.0000230097 6.2495876874 97 0.0000235511 0.0045059898 -0.0018019823 0.0000226660 0.0043946654 -0.0018311106 0.0000000132
97 0.0000235511 0.0000226660 6.1717497964 98 0.0000232695 0.0045006110 -0.0017360772 0.0000229352 0.0044251839 -0.0018311106 0.0000000147
98 0.0000232695 0.0000229352 6.0981682664 99 0.0000230017 0.0044954861 -0.0016710190 0.0000227741 0.0044557024 -0.0017090365 0.0000000030
99 0.0000230017 0.0000227741 6.0279317242 100 0.0000227472 0.0044906060 -0.0016067645 0.0000223717 0.0044557024 -0.0015869625 0.0000000016
100 0.0000227472 0.0000223717 5.9605443499 101 0.0000225055 0.0044859619 -0.0015432723 0.0000221985 0.0044251839 -0.0016174810 0.0000000092
101 0.0000225055 0.0000221985 5.8973922307 102 0.0000222761 0.0044815460 -0.0014805028 0.0000222758 0.0044557024 -0.0015564440 0.0000000064
102 0.0000222761 0.0000222758 5.8363626674 103 0.0000220586 0.0044773506 -0.0014184181 0.0000216397 0.0044251839 -0.0014343699 0.0000000030
103 0.0000220586 0.0000216397 5.7807509317 104 0.0000218524 0.0044733687 -0.0013569816 0.0000215754 0.0044557024 -0.0013122959 0.0000000023
104 0.0000218524 0.0000215754 5.7260365447 105 0.0000216573 0.0044695937 -0.0012961582 0.0000212252 0.0044251839 -0.0012817774 0.0000000022
105 0.0000216573 0.0000212252 5.6746360448 106 0.0000214728 0.0044660195 -0.0012359141 0.0000197238 0.0043031098 -0.0010986663 0.0000000454
106 0.0000214728 0.0000197238 5.6274065171 107 0.0000212986 0.0044626403 -0.0011762166 0.0000201970 0.0043336283 -0.0011902219 0.0000000168
107 0.0000212986 0.0000201970 5.5806716814 108 0.0000211345 0.0044594507 -0.0011170342 0.0000203208 0.0043641469 -0.0011291849 0.0000000092
108 0.0000211345 0.0000203208 5.5377760224 109 0.0000209800 0.0044564457 -0.0010583365 0.0000204773 0.0044251839 -0.0009460738 0.0000000136
109 0.0000209800 0.0000204773 5.4975764832 110 0.0000208349 0.0044536205 -0.0010000939 0.0000202081 0.0043946654 -0.0009460738 0.0000000064
110 0.0000208349 0.0000202081 5.4592122300 111 0.0000206990 0.0044509710 -0.0009422778 0.0000201513 0.0043946654 -0.0009155553 0.0000000039
111 0.0000206990 0.0000201513 5.4236957318 112 0.0000205721 0.0044484930 -0.0008848603 0.0000203125 0.0044251839 -0.0008545183 0.0000000015
112 0.0000205721 0.0000203125 5.3905566634 113 0.0000204538 0.0044461828 -0.0008278143 0.0000196754 0.0043641469 -0.0007934812 0.0000000079
113 0.0000204538 0.0000196754 5.3596693752 114 0.0000203441 0.0044440369 -0.0007711135 0.0000203898 0.0044557024 -0.0007324442 0.0000000016
114 0.0000203441 0.0000203898 5.3311723679 115 0.0000202427 0.0044420522 -0.0007147322 0.0000192311 0.0043336283 -0.0006714072 0.0000000136
115 0.0000202427 0.0000192311 5.3041165148 116 0.0000201494 0.0044402257 -0.0006586453 0.0000194565 0.0043641469 -0.0006408887 0.0000000061
116 0.0000201494 0.0000194565 5.2796024156 117 0.0000200642 0.0044385548 -0.0006028280 0.0000193475 0.0043641469 -0.0005493332 0.0000000084
117 0.0000200642 0.0000193475 5.2574107353 118 0.0000199868 0.0044370371 -0.0005472563 0.0000187859 0.0043031098 -0.0005188147 0.0000000187
118 0.0000199868 0.0000187859 5.2376139192 119 0.0000199171 0.0044356703 -0.0004919066 0.0000187859 0.0043031098 -0.0005188147 0.0000000183
119 0.0000199171 0.0000187859 5.2179576912 120 0.0000198551 0.0044344525 -0.0004367555 0.0000192283 0.0043641469 -0.0004272591 0.0000000050
120 0.0000198551 0.0000192283 5.2020436310 121 0.0000198006 0.0044333821 -0.0003817800 0.0000194956 0.0043946654 -0.0004272591 0.0000000036
121 0.0000198006 0.0000194956 5.1871342136 122 0.0000197536 0.0044324573 -0.0003269577 0.0000191389 0.0043641469 -0.0003051851 0.0000000051
122 0.0000197536 0.0000191389 5.1761520758 123 0.0000197139 0.0044316771 -0.0002722661 0.0000191054 0.0043641469 -0.0002441481 0.0000000054
123 0.0000197139 0.0000191054 5.1654139314 124 0.0000196815 0.0044310401 -0.0002176830 0.0000190607 0.0043641469 -0.0001220740 0.0000000136
124 0.0000196815 0.0000190607 5.1568679179 125 0.0000196564 0.0044305457 -0.0001631867 0.0000190542 0.0043641469 -0.0000915555 0.0000000095
125 0.0000196564 0.0000190542 5.1503088684 126 0.0000196384 0.0044301930 -0.0001087551 0.0000187803 0.0043336283 0.0000000000 0.0000000212
126 0.0000196384 0.0000187803 5.1455965095 127 0.0000196277 0.0044299816 -0.0000543668 0.0000187803 0.0043336283 0.0000000000 0.0000000122
127 0.0000196277 0.0000187803 5.1425804570 128 0.0000196241 0.0044299111 0.0000000000 0.0000193131 0.0043946654 0.0000000000 0.0000000012
128 0.0000196241 0.0000193131 5.1420859952 129 0.0000196277 0.0044299816 0.0000543668 0.0000193168 0.0043946654 0.0000610370 0.0000000013
129 0.0000196277 0.0000193168 5.1428606644 130 0.0000196384 0.0044301930 0.0001087551 0.0000193168 0.0043946654 0.0000610370 0.0000000035
130 0.0000196384 0.0000193168 5.1456169179 131 0.0000196564 0.0044305457 0.0001631867 0.0000193364 0.0043946654 0.0001525925 0.0000000014
131 0.0000196564 0.0000193364 5.1504421972 132 0.0000196815 0.0044310401 0.0002176830 0.0000196158 0.0044251839 0.0001831111 0.0000000012
132 0.0000196815 0.0000196158 5.1570063591 133 0.0000197139 0.0044316771 0.0002722661 0.0000185922 0.0043031098 0.0002746666 0.0000000165
133 0.0000197139 0.0000185922 5.1651540430 134 0.0000197536 0.0044324573 0.0003269577 0.0000191585 0.0043641469 0.0003357036 0.0000000047
134 0.0000197536 0.0000191585 5.1758751021 135 0.0000198006 0.0044333821 0.0003817800 0.0000193885 0.0043946654 0.0002746666 0.0000000130
135 0.0000198006 0.0000193885 5.1880799391 136 0.0000198551 0.0044344525 0.0004367555 0.0000200358 0.0044557024 0.0004272591 0.0000000005
136 0.0000198551 0.0000200358 5.2027227221 137 0.0000199171 0.0044356703 0.0004919066 0.0000194956 0.0043946654 0.0004272591 0.0000000059
137 0.0000199171 0.0000194956 5.2190200216 138 0.0000199868 0.0044370371 0.0005472563 0.0000193149 0.0043641469 0.0005188147 0.0000000061
138 0.0000199868 0.0000193149 5.2371296289 139 0.0000200642 0.0044385548 0.0006028280 0.0000199185 0.0044251839 0.0005798517 0.0000000007
139 0.0000200642 0.0000199185 5.2565855573 140 0.0000201494 0.0044402257 0.0006586453 0.0000199930 0.0044251839 0.0006408887 0.0000000005
140 0.0000201494 0.0000199930 5.2800186109 141 0.0000202427 0.0044420522 0.0007147322 0.0000195823 0.0043641469 0.0007324442 0.0000000064
141 0.0000202427 0.0000195823 5.3040495197 142 0.0000203441 0.0044440369 0.0007711135 0.0000206627 0.0044862209 0.0007324442 0.0000000033
142 0.0000203441 0.0000206627 5.3310221075 143 0.0000204538 0.0044461828 0.0008278143 0.0000198952 0.0043946654 0.0007629627 0.0000000069
143 0.0000204538 0.0000198952 5.3595563243 144 0.0000205721 0.0044484930 0.0008848603 0.0000197248 0.0043641469 0.0008239998 0.0000000108
144 0.0000205721 0.0000197248 5.3903900266 145 0.0000206990 0.0044509710 0.0009422778 0.0000199921 0.0043946654 0.0008239998 0.0000000172
145 0.0000206990 0.0000199921 5.4235779533 146 0.0000208349 0.0044536205 0.0010000939 0.0000199995 0.0043641469 0.0009765923 0.0000000086
146 0.0000208349 0.0000199995 5.4589309581 147 0.0000209800 0.0044564457 0.0010583365 0.0000199408 0.0043641469 0.0009460738 0.0000000211
147 0.0000209800 0.0000199408 5.4979280706 148 0.0000211345 0.0044594507 0.0011170342 0.0000203208 0.0043641469 0.0011291849 0.0000000092
148 0.0000211345 0.0000203208 5.5377411152 149 0.0000212986 0.0044626403 0.0011762166 0.0000209989 0.0044251839 0.0011902219 0.0000000016
149 0.0000212986 0.0000209989 5.5805171367 150 0.0000214728 0.0044660195 0.0012359141 0.0000210725 0.0044251839 0.0012207404 0.0000000019
150 0.0000214728 0.0000210725 5.6276792865 151 0.0000216573 0.0044695937 0.0012961582 0.0000216918 0.0044862209 0.0012512589 0.0000000023
151 0.0000216573 0.0000216918 5.6741947796 152 0.0000218524 0.0044733687 0.0013569816 0.0000207679 0.0043641469 0.0013122959 0.0000000139
152 0.0000218524 0.0000207679 5.7256722189 153 0.0000220586 0.0044773506 0.0014184181 0.0000213044 0.0044251839 0.0013122959 0.0000000140
153 0.0000220586 0.0000213044 5.7778854368 154 0.0000222761 0.0044815460 0.0014805028 0.0000217356 0.0043946654 0.0015564440 0.0000000133
154 0.0000222761 0.0000217356 5.8404622736 155 0.0000225055 0.0044859619 0.0015432723 0.0000216415 0.0043946654 0.0015259255 0.0000000086
155 0.0000225055 0.0000216415 5.8984216471 156 0.0000227472 0.0044906060 0.0016067645 0.0000223717 0.0044557024 0.0015869625 0.0000000016
156 0.0000227472 0.0000223717 5.9615471242 157 0.0000230017 0.0044954861 0.0016710190 0.0000225692 0.0044557024 0.0016479995 0.0000000021
157 0.0000230017 0.0000225692 6.0281244061 158 0.0000232695 0.0045006110 0.0017360772 0.0000219666 0.0043641469 0.0017090365 0.0000000194
158 0.0000232695 0.0000219666 6.0985580301 159 0.0000235511 0.0045059898 0.0018019823 0.0000232062 0.0044557024 0.0018311106 0.0000000034
159 0.0000235511 0.0000232062 6.1720313859 160 0.0000238472 0.0045116323 0.0018687793 0.0000232789 0.0044251839 0.0019226661 0.0000000104
160 0.0000238472 0.0000232789 6.2497286619 161 0.0000241583 0.0045175489 0.0019365156 0.0000237884 0.0044557024 0.0019837031 0.0000000061
161 0.0000241583 0.0000237884 6.3310862265 162 0.0000244853 0.0045237508 0.0020052408 0.0000235173 0.0044251839 0.0019837031 0.0000000102
162 0.0000244853 0.0000235173 6.4169664578 163 0.0000248288 0.0045302500 0.0020750071 0.0000242876 0.0044557024 0.0021057772 0.0000000065
163 0.0000248288 0.0000242876 6.5074728171 164 0.0000251897 0.0045370592 0.0021458692 0.0000250960 0.0045167394 0.0021668142 0.0000000009
164 0.0000251897 0.0000250960 6.6020386495 165 0.0000255687 0.0045441920 0.0022178847 0.0000249544 0.0044862209 0.0021973327 0.0000000038
165 0.0000255687 0.0000249544 6.7016991189 166 0.0000259668 0.0045516630 0.0022911146 0.0000256483 0.0044862209 0.0023499252 0.0000000077
166 0.0000259668 0.0000256483 6.8049710922 167 0.0000263851 0.0045594879 0.0023656230 0.0000260870 0.0044862209 0.0024414808 0.0000000111
167 0.0000263851 0.0000260870 6.9163863271 168 0.0000268245 0.0045676833 0.0024414776 0.0000269169 0.0045777764 0.0024414808 0.0000000001
168 0.0000268245 0.0000269169 7.0327539672 169 0.0000272863 0.0045762673 0.0025187503 0.0000274068 0.0045472579 0.0025940733 0.0000000065
169 0.0000272863 0.0000274068 7.1535670553 170 0.0000277717 0.0045852589 0.0025975171 0.0000265425 0.0044862209 0.0025330363 0.0000000140
170 0.0000277717 0.0000265425 7.2811472518 171 0.0000282820 0.0045946789 0.0026778586 0.0000285002 0.0045777764 0.0027466659 0.0000000050
171 0.0000282820 0.0000285002 7.4158672419 172 0.0000288187 0.0046045493 0.0027598607 0.0000285607 0.0045472579 0.0028077029 0.0000000056
172 0.0000288187 0.0000285607 7.5577611512 173 0.0000293834 0.0046148941 0.0028436143 0.0000283558 0.0044862209 0.0028687399 0.0000000172
173 0.0000293834 0.0000283558 7.7074735978 174 0.0000299778 0.0046257388 0.0029292168 0.0000289845 0.0045167394 0.0029297769 0.0000000119
174 0.0000299778 0.0000289845 7.8644976475 175 0.0000306037 0.0046371110 0.0030167716 0.0000299019 0.0045167394 0.0030823695 0.0000000188
175 0.0000306037 0.0000299019 8.0312923526 176 0.0000312632 0.0046490405 0.0031063896 0.0000300910 0.0045167394 0.0031128880 0.0000000175
176 0.0000312632 0.0000300910 8.2091564984 177 0.0000319585 0.0046615594 0.0031981890 0.0000318196 0.0045777764 0.0032959990 0.0000000166
177 0.0000319585 0.0000318196 8.4007464227 178 0.0000326921 0.0046747025 0.0032922970 0.0000315412 0.0045472579 0.0032959990 0.0000000163
178 0.0000326921 0.0000315412 8.6182989042 179 0.0000334664 0.0046885073 0.0033888496 0.0000339814 0.0046998505 0.0034485916 0.0000000037
179 0.0000334664 0.0000339814 9.1029147473 180 0.0000342844 0.0047030145 0.0034879933 0.0000344061 0.0046998505 0.0035096286 0.0000000005
180 0.0000342844 0.0000344061 8.8961124129 181 0.0000351493 0.0047182683 0.0035898857 0.0000343679 0.0045777764 0.0036622211 0.0000000250
181 0.0000351493 0.0000343679 9.1695730583 182 0.0000360645 0.0047343166 0.0036946969 0.0000346482 0.0046082949 0.0036622211 0.0000000169
182 0.0000360645 0.0000346482 9.4205373525 183 0.0000370339 0.0047512117 0.0038026106 0.0000366414 0.0046998505 0.0038148137 0.0000000028
183 0.0000370339 0.0000366414 9.6821902947 184 0.0000380615 0.0047690103 0.0039138256 0.0000368752 0.0046998505 0.0038453322 0.0000000095
184 0.0000380615 0.0000368752 9.9544498537 185 0.0000391521 0.0047877747 0.0040285576 0.0000386047 0.0047303690 0.0040284433 0.0000000033
185 0.0000391521 0.0000386047 10.2420285915 186 0.0000403107 0.0048075727 0.0041470408 0.0000398928 0.0047608875 0.0041505173 0.0000000022
186 0.0000403107 0.0000398928 10.5478138774 187 0.0000415431 0.0048284787 0.0042695302 0.0000409528 0.0047914060 0.0042420728 0.0000000021
187 0.0000415431 0.0000409528 10.8718823221 188 0.0000428556 0.0048505742 0.0043963042 0.0000425640 0.0048219245 0.0043946654 0.0000000008
188 0.0000428556 0.0000425640 11.2177914176 189 0.0000442551 0.0048739491 0.0045276670 0.0000444873 0.0048219245 0.0046082949 0.0000000092
189 0.0000442551 0.0000444873 11.5850081551 190 0.0000457497 0.0048987021 0.0046639521 0.0000450462 0.0047914060 0.0046998505 0.0000000128
190 0.0000457497 0.0000450462 11.9780620283 191 0.0000473481 0.0049249425 0.0048055257 0.0000465094 0.0048829615 0.0047608875 0.0000000038
191 0.0000473481 0.0000465094 12.3948203461 192 0.0000490603 0.0049527912 0.0049527912 0.0000485854 0.0049134800 0.0049439985 0.0000000016
192 0.0000490603 0.0000485854 12.8446079915 193 0.0000508974 0.0049823824 0.0051061940 0.0000501175 0.0049134800 0.0050965911 0.0000000048
193 0.0000508974 0.0000501175 13.3263628820 194 0.0000528720 0.0050138651 0.0052662272 0.0000513376 0.0050050356 0.0051271096 0.0000000194
194 0.0000528720 0.0000513376 13.8431927698 195 0.0000549986 0.0050474060 0.0054334383 0.0000542296 0.0050050356 0.0054017762 0.0000000028
195 0.0000549986 0.0000542296 14.4009946158 196 0.0000572934 0.0050831911 0.0056084371 0.0000575080 0.0050965911 0.0056154057 0.0000000002
196 0.0000572934 0.0000575080 15.0016558631 197 0.0000597752 0.0051214295 0.0057919050 0.0000586732 0.0050050356 0.0057985168 0.0000000136
197 0.0000597752 0.0000586732 15.6517288955 198 0.0000624654 0.0051623564 0.0059846057 0.0000614450 0.0050660726 0.0059816279 0.0000000093
198 0.0000624654 0.0000614450 16.3569189614 199 0.0000653888 0.0052062375 0.0061873988 0.0000659351 0.0052491836 0.0061952574 0.0000000019
199 0.0000653888 0.0000659351 17.1238002519 200 0.0000685740 0.0052533739 0.0064012546 0.0000686278 0.0052491836 0.0064088870 0.0000000001
200 0.0000685740 0.0000686278 17.9572369014 201 0.0000720543 0.0053041086 0.0066272740 0.0000710084 0.0052491836 0.0065919980 0.0000000043
201 0.0000720543 0.0000710084 18.8668288874 202 0.0000758688 0.0053588332 0.0068667101 0.0000751251 0.0052491836 0.0068971831 0.0000000130
202 0.0000758688 0.0000751251 19.8687665282 203 0.0000800633 0.0054179975 0.0071209970 0.0000789810 0.0053712577 0.0070802942 0.0000000038
203 0.0000800633 0.0000789810 20.9668153061 204 0.0000846921 0.0054821201 0.0073917832 0.0000839378 0.0054628132 0.0073549608 0.0000000017
204 0.0000846921 0.0000839378 22.1789385087 205 0.0000898199 0.0055518022 0.0076809738 0.0000883553 0.0056154057 0.0075380718 0.0000000245
205 0.0000898199 0.0000883553 23.5211766747 206 0.0000955241 0.0056277445 0.0079907832 0.0000974828 0.0057069613 0.0080568865 0.0000000106
206 0.0000955241 0.0000974828 25.0154365139 207 0.0001018985 0.0057107687 0.0083238006 0.0001021770 0.0057679983 0.0083010346 0.0000000038
207 0.0001018985 0.0001021770 26.6866742831 208 0.0001090572 0.0058018444 0.0086830737 0.0001080400 0.0057374798 0.0086672567 0.0000000044
208 0.0001090572 0.0001080400 28.5613779974 209 0.0001171402 0.0059021236 0.0090722155 0.0001155814 0.0058290353 0.0090334788 0.0000000068
209 0.0001171402 0.0001155814 30.6773829826 210 0.0001263213 0.0060129860 0.0094955426 0.0001249213 0.0059511093 0.0094607379 0.0000000050
210 0.0001263213 0.0001249213 33.0803435690 211 0.0001368185 0.0061360972 0.0099582558 0.0001364750 0.0060731834 0.0099795526 0.0000000044
211 0.0001368185 0.0001364750 35.8317545196 212 0.0001489080 0.0062734871 0.0104666809 0.0001469419 0.0061647389 0.0104373302 0.0000000127
212 0.0001489080 0.0001469419 38.9977975019 213 0.0001629445 0.0064276541 0.0110285906 0.0001620619 0.0063783685 0.0110171819 0.0000000026
213 0.0001629445 0.0001620619 42.6728560316 214 0.0001793900 0.0066017087 0.0116536455 0.0001756442 0.0064699240 0.0115665151 0.0000000250
214 0.0001793900 0.0001756442 46.9761699739 215 0.0001988557 0.0067995719 0.0123540068 0.0001990861 0.0068056276 0.0123599963 0.0000000001
215 0.0001988557 0.0001990861 52.0846381707 216 0.0002221647 0.0070262575 0.0131452031 0.0002239483 0.0070802942 0.0131839961 0.0000000044
216 0.0002221647 0.0002239483 58.1873241731 217 0.0002504481 0.0072882793 0.0140473868 0.0002477190 0.0072939238 0.0139469588 0.0000000101
217 0.0002504481 0.0002477190 65.5940243615 218 0.0002852963 0.0075942569 0.0150871972 0.0002845746 0.0075075533 0.0151066622 0.0000000079
218 0.0002852963 0.0002845746 74.7161267049 219 0.0003290051 0.0079558395 0.0163006044 0.0003255991 0.0078737754 0.0162358470 0.0000000109
219 0.0003290051 0.0003255991 86.1690232241 220 0.0003849932 0.0083891627 0.0177373944 0.0003849671 0.0082705161 0.0177922910 0.0000000171
220 0.0003849932 0.0003849671 100.8291904936 221 0.0004585402 0.0089172359 0.0194685155 0.0004574414 0.0088503677 0.0194708090 0.0000000045
221 0.0004585402 0.0004574414 120.0913315959 222 0.0005581648 0.0095740336 0.0215986737 0.0005576923 0.0094607379 0.0216376232 0.0000000144
222 0.0005581648 0.0005576923 146.1765692071 223 0.0006983700 0.0104119062 0.0242891386 0.0006965414 0.0103152562 0.0242927335 0.0000000094
223 0.0006983700 0.0006965414 182.9032799662 224 0.0009055642 0.0115159368 0.0278019308 0.0009029500 0.0114749596 0.0277718436 0.0000000026
224 0.0009055642 0.0009029500 237.1809703371 225 0.0012322022 0.0130342502 0.0325931057 0.0012254168 0.0130008850 0.0325022126 0.0000000094
225 0.0012322022 0.0012254168 322.7280803069 226 0.0017954291 0.0152496537 0.0395332407 0.0017823715 0.0151676992 0.0393993957 0.0000000246
226 0.0017954291 0.0017823715 470.2464525534 227 0.0029045714 0.0187777027 0.0505170195 0.0028898813 0.0187383648 0.0503860591 0.0000000187
227 0.0029045714 0.0028898813 760.7465654976 228 0.0056219681 0.0252599287 0.0705967715 0.0055980160 0.0251472518 0.0704672384 0.0000000295
228 0.0056219681 0.0055980160 1472.4724391832 229 0.0159061899 0.0410280508 0.1192597540 0.0158752365 0.0409863582 0.1191442610 0.0000000151
229 0.0159061899 0.0158752365 4166.0037103958 230 0.1872327592 0.1357313465 0.4108646501 0.1868998189 0.1355021821 0.4105349895 0.0000001612
230 0.1872327592 0.1868998189 49038.3002262985 231 0.0797931806 -0.0853096945 -0.2692869040 0.0797310194 -0.0852076785 -0.2692037721 0.0000000173
231 0.0797931806 0.0797310194 20898.7769184134 232 0.0107346917 -0.0300759186 -0.0991470162 0.0107231892 -0.0300607318 -0.0990936003 0.0000000031
232 0.0107346917 0.0107231892 2811.5923995971 233 0.0038791291 -0.0173469457 -0.0598181627 0.0038784725 -0.0173345134 -0.0598162786 0.0000000002
233 0.0038791291 0.0038784725 1015.9687399411 234 0.0019252974 -0.0117028788 -0.0422887701 0.0019199269 -0.0116580706 -0.0422376171 0.0000000046
234 0.0019252974 0.0019199269 504.3061844546 235 0.0011185159 -0.0085237835 -0.0323397751 0.0011130822 -0.0085146641 -0.0322580645 0.0000000068
235 0.0011185159 0.0011130822 292.9553714723 236 0.0007133638 -0.0064897265 -0.0259084405 0.0007131991 -0.0064699240 -0.0259102145 0.0000000004
236 0.0007133638 0.0007131991 186.8402798574 237 0.0004835242 -0.0050807791 -0.0213941549 0.0004839680 -0.0051271096 -0.0213934751 0.0000000021
237 0.0004835242 0.0004839680 126.6422345031 238 0.0003417992 -0.0040507028 -0.0180385989 0.0003422875 -0.0041199988 -0.0180364391 0.0000000048
238 0.0003417992 0.0003422875 89.5129724011 239 0.0002489497 -0.0032678320 -0.0154360269 0.0002476510 -0.0033265175 -0.0153813288 0.0000000064
239 0.0002489497 0.0002476510 65.2026331262 240 0.0001852635 -0.0026554046 -0.0133496204 0.0001842641 -0.0026856288 -0.0133060701 0.0000000028
240 0.0001852635 0.0001842641 48.5246837038 241 0.0001399887 -0.0021656696 -0.0116317910 0.0001393195 -0.0021973327 -0.0115970336 0.0000000022
241 0.0001399887 0.0001393195 36.6656235295 242 0.0001068722 -0.0017673871 -0.0101857028 0.0001069270 -0.0017395550 -0.0101931822 0.0000000008
242 0.0001068722 0.0001069270 27.9931219474 243 0.0000820866 -0.0014392814 -0.0089451166 0.0000805653 -0.0014954070 -0.0088503677 0.0000000121
243 0.0000820866 0.0000805653 21.5028451597 244 0.0000631892 -0.0011663841 -0.0078631230 0.0000620532 -0.0012207404 -0.0077822199 0.0000000095
244 0.0000631892 0.0000620532 16.5496253154 245 0.0000485656 -0.0009378798 -0.0069055034 0.0000486478 -0.0010376293 -0.0068971831 0.0000000100
245 0.0000485656 0.0000486478 12.7191417422 246 0.0000371181 -0.0007457820 -0.0060466409 0.0000367755 -0.0007934812 -0.0060121464 0.0000000035
246 0.0000371181 0.0000367755 9.7185527853 247 0.0000280815 -0.0005840890 -0.0052669067 0.0000276853 -0.0006714072 -0.0052186651 0.0000000100
247 0.0000280815 0.0000276853 7.3557914782 248 0.0000209119 -0.0004482277 -0.0045509327 0.0000206394 -0.0004882962 -0.0045167394 0.0000000028
248 0.0000209119 0.0000206394 5.4762374994 249 0.0000152164 -0.0003346799 -0.0038864368 0.0000149440 -0.0003967406 -0.0038453322 0.0000000055
249 0.0000152164 0.0000149440 3.9849591351 250 0.0000107078 -0.0002407231 -0.0032634036 0.0000109977 -0.0003662221 -0.0032959990 0.0000000168
250 0.0000107078 0.0000109977 2.8039582506 251 0.0000071746 -0.0001642498 -0.0026734961 0.0000066314 -0.0002441481 -0.0025635548 0.0000000185
251 0.0000071746 0.0000066314 1.8788944644 252 0.0000044613 -0.0001036392 -0.0021096251 0.0000043402 -0.0001831111 -0.0020752586 0.0000000075
252 0.0000044613 0.0000043402 1.1686061570 253 0.0000024545 -0.0000576653 -0.0015656231 0.0000020611 -0.0000610370 -0.0014343699 0.0000000172
253 0.0000024545 0.0000020611 0.6428034754 254 0.0000010739 -0.0000254322 -0.0010359916 0.0000009621 -0.0000915555 -0.0009765923 0.0000000079
254 0.0000010739 0.0000009621 0.2810241682 255 0.0000002660 -0.0000063289 -0.0005156971 0.0000002105 -0.0000305185 -0.0004577776 0.0000000039
255 0.0000002660 0.0000002105 0.0696990003 