#int double real img int16 real16 img16 error
0 3233.9649985007 56.8679610897 0.0000000000 0.0156259537 -0.1250038148 0.0000000000 3248.1980486082
0 3233.9649985007 0.0156259537 3233.9633288335 1 3542.2679857964 57.6034128591 14.9704646815 0.0170327474 -0.1250038148 -0.0375072481 3557.8093131185
1 3542.2679857964 0.0170327474 3542.1642542727 2 4648.7905652220 60.0487051946 32.2946368562 0.0202981254 -0.1202429273 -0.0764183477 4668.1875331161
2 4648.7905652220 0.0202981254 4215.8239517619 3 7357.3716160101 65.1449351279 55.7988265395 0.0159291512 -0.0999786370 -0.0770287179 7379.0099729493
3 7357.3716160101 0.0159291512 7209.7205820860 4 14706.4626652959 75.7114232555 94.7324815147 0.0312519074 -0.1250038148 -0.1250038148 14749.1061938193
4 14706.4626652959 0.0312519074 8192.4922099141 5 44394.7015385542 102.9207982349 183.8532317618 0.0215171381 -0.1250038148 -0.0767540513 44448.6770012748
5 44394.7015385542 0.0215171381 8192.4922099141 6 568075.3022474843 270.2947329898 703.5737769172 0.0312519074 -0.1250038148 -0.1250038148 568318.8080571224
6 568075.3022474843 0.0312519074 8192.4922099141 7 265952.2047476838 -122.3832574812 -500.9735951485 0.0200324383 0.0664387951 0.1249732963 266093.7034155584
7 265952.2047476838 0.0200324383 5424.4450706874 8 39540.9551584554 -24.8522102738 -197.2899460261 0.0026790347 0.0000000000 0.0517593921 39561.3810528263
8 39540.9551584554 0.0026790347 4121.6966433055 9 15850.1764639154 -2.6637842418 -125.8693001388 0.0164896861 -0.0293893246 -0.1250038148 15818.5680945914
9 15850.1764639154 0.0164896861 121.0886422490 10 8750.6180839357 7.0077566023 -93.2818815812 0.0022253123 0.0405285806 -0.0241401410 8745.5486048442
10 8750.6180839357 0.0022253123 340.3708000950 11 5669.1951346894 12.3496166926 -74.2743704264 0.0036335589 -0.0555742058 0.0233466597 5674.0395254352
11 5669.1951346894 0.0036335589 1070.5749264898 12 4043.0867443945 15.6965196687 -61.6174164882 0.0140019791 -0.0253913999 0.1155735954 4058.1405523129
12 4043.0867443945 0.0140019791 3490.2526535435 13 3074.1842735360 17.9653691106 -52.4540731141 0.0139775854 0.1128879666 -0.0351268044 3066.4570152136
13 3074.1842735360 0.0139775854 3074.0526980865 14 2447.1459363321 19.5886129940 -45.4250170864 0.0101920338 -0.0932950835 0.0385753960 2454.3157469773
14 2447.1459363321 0.0101920338 1968.6450363495 15 2016.4432389756 20.7962756489 -39.7989718223 0.0135575733 -0.0369579150 0.1104159673 2026.7828544647
15 2016.4432389756 0.0135575733 2016.4447780890 16 1707.0938455075 21.7216282654 -35.1463328244 0.0118144809 -0.0290536210 0.1047395245 1715.7302642770
16 1707.0938455075 0.0118144809 1707.0673637369 17 1477.1420177769 22.4469874886 -31.1973519784 0.0141162566 -0.0008850368 0.1188085574 1484.6088916182
17 1477.1420177769 0.0141162566 1477.0817402274 18 1301.5571969826 23.0257866421 -27.7735548048 0.0312519074 -0.1250038148 -0.1250038148 1300.4014706256
18 1301.5571969826 0.0312519074 5137.3472449386 19 1164.6215930932 23.4941108017 -24.7517342974 0.0210863872 -0.0739463485 0.1249732963 1174.3038985374
19 1164.6215930932 0.0210863872 1164.6540318345 20 1056.0449731667 23.8771246905 -22.0437721292 0.0060713281 -0.0776696066 -0.0062257759 1059.4856190865
20 1056.0449731667 0.0060713281 1055.9900315364 21 968.8546716370 24.1928458757 -19.5847103648 0.0190701287 -0.1250038148 -0.0586870937 972.6233983516
21 968.8546716370 0.0190701287 315.2365245769 22 898.1892194224 24.4544569518 -17.3253789170 0.0312519074 -0.1250038148 -0.1250038148 900.0027952308
22 898.1892194224 0.0312519074 149.4263192544 23 840.5781476703 24.6717743676 -15.2276622377 0.0045736839 0.0000000000 0.0676290170 842.6423850108
23 840.5781476703 0.0045736839 1199.7585997021 24 793.4959767455 24.8522102740 -13.2613581975 0.0026790347 0.0000000000 0.0517593921 794.8714554568
24 793.4959767455 0.0026790347 486.1926930716 25 755.0772518626 25.0014186926 -11.4020311882 0.0291246676 0.1161839656 -0.1250038148 746.4462538024
25 755.0772518626 0.0291246676 1213.6485093320 26 723.9296141738 25.1237389104 -9.6295045218 0.0076168442 -0.0474562822 -0.0732444227 724.9111745071
26 723.9296141738 0.0076168442 1284.8747129862 27 699.0085005954 25.2225048815 -7.9267741295 0.0027529862 -0.0283822138 0.0441297647 701.1426079888
27 699.0085005954 0.0027529862 791.2083321801 28 679.5317631836 25.3002636830 -6.2792054239 0.0049916842 -0.0694906461 0.0127567370 683.2132225502
28 679.5317631836 0.0049916842 679.5180000031 29 664.9209167127 25.3589305572 -4.6739231604 0.0156999285 0.0090334788 0.1249732963 665.6466890859
29 664.9209167127 0.0156999285 664.8919122177 30 654.7607094778 25.3998984327 -3.0993336520 0.0006767114 -0.0240485855 0.0099185156 656.0445310240
30 654.7607094778 0.0006767114 210.1081265631 31 648.7717668444 25.4241136309 -1.5447371703 0.0050921391 -0.0708639790 0.0083925901 652.4060953843
31 648.7717668444 0.0050921391 648.7511474634 32 646.7929997038 25.4321253478 0.0000000000 0.0047151083 -0.0686666463 0.0000000000 650.2903923250
32 646.7929997038 0.0047151083 646.7829854292 33 648.7717668440 25.4241136309 1.5447371703 0.0111926193 -0.1057466353 -0.0032044435 654.1698884550
33 648.7717668440 0.0111926193 648.7473409418 34 654.7607094777 25.3998984327 3.0993336520 0.0074980188 -0.0240180670 -0.0831934568 656.5040089798
34 654.7607094777 0.0074980188 210.1199005560 35 664.9209167129 25.3589305572 4.6739231604 0.0002285456 0.0145878475 -0.0039674062 664.2183675373
35 664.9209167129 0.0002285456 664.9257637588 36 679.5317631833 25.3002636830 6.2792054239 0.0049932452 -0.0694906461 -0.0128177740 683.2139906388
36 679.5317631833 0.0049932452 679.5087122577 37 699.0085005946 25.2225048814 7.9267741295 0.0158468480 0.0148625141 -0.1250038148 700.2563617837
37 699.0085005946 0.0158468480 822.9521565946 38 723.9296141726 25.1237389104 9.6295045218 0.0312442785 0.1249732963 -0.1250038148 720.0887151169
38 723.9296141726 0.0312442785 2855.5449665379 39 755.0772518636 25.0014186927 11.4020311882 0.0007900351 0.0281075472 -0.0000305185 753.6732807314
39 755.0772518636 0.0007900351 1.5425934716 40 793.4959767453 24.8522102740 13.2613581975 0.0156259537 0.0000000000 -0.1250038148 796.8270434276
40 793.4959767453 0.0156259537 486.1913829122 41 840.5781476686 24.6717743676 15.2276622376 0.0312519074 -0.1250038148 -0.1250038148 850.5845631452
41 840.5781476686 0.0312519074 191.8681945765 42 898.1892194251 24.4544569518 17.3253789170 0.0266667573 -0.1250038148 -0.1050752281 907.9706232829
42 898.1892194251 0.0266667573 210.1283250533 43 968.8546716383 24.1928458757 19.5847103648 0.0030344491 -0.0548112430 0.0054933317 971.2946153758
43 968.8546716383 0.0030344491 177.3328080574 44 1056.0449731674 23.8771246905 22.0437721292 0.0060709490 -0.0776696066 0.0061952574 1059.4869641943
44 1056.0449731674 0.0060709490 1056.0205243240 45 1164.6215930929 23.4941108017 24.7517342974 0.0160915028 0.0215765862 -0.1250038148 1169.8119616028
45 1164.6215930929 0.0160915028 1164.5724505526 46 1301.5571969836 23.0257866421 27.7735548049 0.0265516164 -0.1250038148 0.1045258950 1301.5342595946
46 1301.5571969836 0.0265516164 5137.4752654382 47 1477.1420177779 22.4469874886 31.1973519784 0.0102392612 -0.0159916990 -0.0999176000 1484.1045170459
47 1477.1420177779 0.0102392612 1477.1451585898 48 1707.0938455075 21.7216282654 35.1463328244 0.0118208748 -0.0290536210 -0.1047700430 1715.7324158983
48 1707.0938455075 0.0118208748 1707.0652185270 49 2016.4432389746 20.7962756489 39.7989718223 0.0157576284 -0.0114749596 -0.1250038148 2026.8863160541
49 2016.4432389746 0.0157576284 2016.3526435974 50 2447.1459363342 19.5886129940 45.4250170865 0.0190629841 -0.0932950835 -0.1017792291 2460.0666883290
50 2447.1459363342 0.0190629841 1968.5816313906 51 3074.1842735374 17.9653691107 52.4540731141 0.0097959181 -0.0931730094 -0.0333872494 3081.0444389053
51 3074.1842735374 0.0097959181 3074.0730921226 52 4043.0867443946 15.6965196687 61.6174164882 0.0140090343 -0.0253913999 -0.1156041139 4058.1443203115
52 4043.0867443946 0.0140090343 3490.1940210668 53 5669.1951346854 12.3496166926 74.2743704264 0.0114681512 0.1070894498 -0.0000305185 5666.5661090103
53 5669.1951346854 0.0114681512 1285.1803105629 54 8750.6180839423 7.0077566023 93.2818815813 0.0194602947 -0.0619220557 -0.1250038148 8774.8265957280
54 8750.6180839423 0.0194602947 1008.2771366575 55 15850.1764639267 -2.6637842417 125.8693001388 0.0045864122 0.0472731712 -0.0484939116 15862.6406908132
55 15850.1764639267 0.0045864122 645.3183262595 56 39540.9551584596 -24.8522102737 197.2899460261 0.0156259537 0.0000000000 -0.1250038148 39590.2947761686
56 39540.9551584596 0.0156259537 4121.6299253732 57 265952.2047477062 -122.3832574810 500.9735951485 0.0312442785 0.1249732963 -0.1250038148 266108.0724912134
57 265952.2047477062 0.0312442785 8007.6482834958 58 568075.3022474590 270.2947329895 -703.5737769172 0.0312442785 -0.1250038148 0.1249732963 568318.7651054221
58 568075.3022474590 0.0312442785 8192.3711092785 59 44394.7015385442 102.9207982348 -183.8532317618 0.0312442785 -0.1250038148 0.1249732963 44466.4172564476
59 44394.7015385442 0.0312442785 8192.3711092785 60 14706.4626652948 75.7114232554 -94.7324815147 0.0312442785 -0.1250038148 0.1249732963 14749.1004040011
60 14706.4626652948 0.0312442785 8192.3711092785 61 7357.3716160027 65.1449351279 -55.7988265395 0.0191530093 -0.1250038148 -0.0593890194 7367.0498246374
61 7357.3716160027 0.0191530093 7209.5320661347 62 4648.7905652257 60.0487051946 -32.2946368563 0.0173663973 -0.1202429273 0.0539262062 4666.7318503090
62 4648.7905652257 0.0173663973 4215.5514519451 63 3542.2679857975 57.6034128591 -14.9704646815 0.0166645684 -0.1250038148 0.0322275460 3557.6508657518
63 3542.2679857975 0.0166645684 3541.9781144352 