0 0.0039857954
1 0.0032245762
2 0.0012316785
3 -0.0012316785
4 -0.0032245762
5 -0.0039857954
6 -0.0032245762
7 -0.0012316785
8 0.0012316785
9 0.0032245762
10 0.0039857954
11 0.0032245762
12 0.0012316785
13 -0.0012316785
14 -0.0032245762
15 -0.0039857954
16 -0.0032245762
17 -0.0012316785
18 0.0012316785
19 0.0032245762
20 0.0039857954
21 0.0032245762
22 0.0012316785
23 -0.0012316785
24 -0.0032245762
25 -0.0039857954
26 -0.0032245762
27 -0.0012316785
28 0.0012316785
29 0.0032245762
30 0.0039857954
31 0.0032245762
32 0.0012316785
33 -0.0012316785
34 -0.0032245762
35 -0.0039857954
36 -0.0032245762
37 -0.0012316785
38 0.0012316785
39 0.0032245762
40 0.0039857954
41 0.0032245762
42 0.0012316785
43 -0.0012316785
44 -0.0032245762
45 -0.0039857954
46 -0.0032245762
47 -0.0012316785
48 0.0012316785
49 0.0032245762
50 0.0039857954
51 0.0032245762
52 0.0012316785
53 -0.0012316785
54 -0.0032245762
55 -0.0039857954
56 -0.0032245762
57 -0.0012316785
58 0.0012316785
59 0.0032245762
60 0.0039857954
61 0.0032245762
62 0.0012316785
63 -0.0012316785
64 -0.0032245762
65 -0.0039857954
66 -0.0032245762
67 -0.0012316785
68 0.0012316785
69 0.0032245762
70 0.0039857954
71 0.0032245762
72 0.0012316785
73 -0.0012316785
74 -0.0032245762
75 -0.0039857954
76 -0.0032245762
77 -0.0012316785
78 0.0012316785
79 0.0032245762
80 0.0039857954
81 0.0032245762
82 0.0012316785
83 -0.0012316785
84 -0.0032245762
85 -0.0039857954
86 -0.0032245762
87 -0.0012316785
88 0.0012316785
89 0.0032245762
90 0.0039857954
91 0.0032245762
92 0.0012316785
93 -0.0012316785
94 -0.0032245762
95 -0.0039857954
96 -0.0032245762
97 -0.0012316785
98 0.0012316785
99 0.0032245762
100 0.0039857954
101 0.0032245762
102 0.0012316785
103 -0.0012316785
104 -0.0032245762
105 -0.0039857954
106 -0.0032245762
107 -0.0012316785
108 0.0012316785
109 0.0032245762
110 0.0039857954
111 0.0032245762
112 0.0012316785
113 -0.0012316785
114 -0.0032245762
115 -0.0039857954
116 -0.0032245762
117 -0.0012316785
118 0.0012316785
119 0.0032245762
120 0.0039857954
121 0.0032245762
122 0.0012316785
123 -0.0012316785
124 -0.0032245762
125 -0.0039857954
126 -0.0032245762
127 -0.0012316785
128 0.0012316785
129 0.0032245762
130 0.0039857954
131 0.0032245762
132 0.0012316785
133 -0.0012316785
134 -0.0032245762
135 -0.0039857954
136 -0.0032245762
137 -0.0012316785
138 0.0012316785
139 0.0032245762
140 0.0039857954
141 0.0032245762
142 0.0012316785
143 -0.0012316785
144 -0.0032245762
145 -0.0039857954
146 -0.0032245762
147 -0.0012316785
148 0.0012316785
149 0.0032245762
150 0.0039857954
151 0.0032245762
152 0.0012316785
153 -0.0012316785
154 -0.0032245762
155 -0.0039857954
156 -0.0032245762
157 -0.0012316785
158 0.0012316785
159 0.0032245762
160 0.0039857954
161 0.0032245762
162 0.0012316785
163 -0.0012316785
164 -0.0032245762
165 -0.0039857954
166 -0.0032245762
167 -0.0012316785
168 0.0012316785
169 0.0032245762
170 0.0039857954
171 0.0032245762
172 0.0012316785
173 -0.0012316785
174 -0.0032245762
175 -0.0039857954
176 -0.0032245762
177 -0.0012316785
178 0.0012316785
179 0.0032245762
180 0.0039857954
181 0.0032245762
182 0.0012316785
183 -0.0012316785
184 -0.0032245762
185 -0.0039857954
186 -0.0032245762
187 -0.0012316785
188 0.0012316785
189 0.0032245762
190 0.0039857954
191 0.0032245762
192 0.0012316785
193 -0.0012316785
194 -0.0032245762
195 -0.0039857954
196 -0.0032245762
197 -0.0012316785
198 0.0012316785
199 0.0032245762
200 0.0039857954
201 0.0032245762
202 0.0012316785
203 -0.0012316785
204 -0.0032245762
205 -0.0039857954
206 -0.0032245762
207 -0.0012316785
208 0.0012316785
209 0.0032245762
210 0.0039857954
211 0.0032245762
212 0.0012316785
213 -0.0012316785
214 -0.0032245762
215 -0.0039857954
216 -0.0032245762
217 -0.0012316785
218 0.0012316785
219 0.0032245762
220 0.0039857954
221 0.0032245762
222 0.0012316785
223 -0.0012316785
224 -0.0032245762
225 -0.0039857954
226 -0.0032245762
227 -0.0012316785
228 0.0012316785
229 0.0032245762
230 0.0039857954
231 0.0032245762
232 0.0012316785
233 -0.0012316785
234 -0.0032245762
235 -0.0039857954
236 -0.0032245762
237 -0.0012316785
238 0.0012316785
239 0.0032245762
240 0.0039857954
241 0.0032245762
242 0.0012316785
243 -0.0012316785
244 -0.0032245762
245 -0.0039857954
246 -0.0032245762
247 -0.0012316785
248 0.0012316785
249 0.0032245762
250 0.0039857954
251 0.0032245762
252 0.0012316785
253 -0.0012316785
254 -0.0032245762
255 -0.0039857954
