0 63.1705994109
1 51.1060884683
2 19.5207887628
3 -19.5207887628
4 -51.1060884683
5 -63.1705994109
6 -51.1060884683
7 -19.5207887628
8 19.5207887629
9 51.1060884683
10 63.1705994109
11 51.1060884683
12 19.5207887628
13 -19.5207887629
14 -51.1060884683
15 -63.1705994109
16 -51.1060884683
17 -19.5207887628
18 19.5207887629
19 51.1060884683
20 63.1705994109
21 51.1060884683
22 19.5207887628
23 -19.5207887629
24 -51.1060884683
25 -63.1705994109
26 -51.1060884683
27 -19.5207887628
28 19.5207887629
29 51.1060884683
30 63.1705994109
31 51.1060884683
32 19.5207887628
33 -19.5207887629
34 -51.1060884684
35 -63.1705994109
36 -51.1060884682
37 -19.5207887627
38 19.5207887629
39 51.1060884684
40 63.1705994109
41 51.1060884682
42 19.5207887627
43 -19.5207887629
44 -51.1060884684
45 -63.1705994109
46 -51.1060884682
47 -19.5207887627
48 19.5207887630
49 51.1060884684
50 63.1705994109
51 51.1060884682
52 19.5207887627
53 -19.5207887630
54 -51.1060884684
55 -63.1705994109
56 -51.1060884682
57 -19.5207887627
58 19.5207887630
59 51.1060884684
60 63.1705994109
61 51.1060884682
62 19.5207887627
63 -19.5207887630
64 -51.1060884684
65 -63.1705994109
66 -51.1060884682
67 -19.5207887627
68 19.5207887630
69 51.1060884684
70 63.1705994109
71 51.1060884682
72 19.5207887627
73 -19.5207887630
74 -51.1060884684
75 -63.1705994109
76 -51.1060884682
77 -19.5207887626
78 19.5207887630
79 51.1060884684
80 63.1705994109
81 51.1060884682
82 19.5207887626
83 -19.5207887630
84 -51.1060884684
85 -63.1705994109
86 -51.1060884682
87 -19.5207887626
88 19.5207887631
89 51.1060884684
90 63.1705994109
91 51.1060884682
92 19.5207887626
93 -19.5207887631
94 -51.1060884684
95 -63.1705994109
96 -51.1060884682
97 -19.5207887626
98 19.5207887631
99 51.1060884685
100 63.1705994109
101 51.1060884681
102 19.5207887626
103 -19.5207887631
104 -51.1060884685
105 -63.1705994109
106 -51.1060884681
107 -19.5207887626
108 19.5207887631
109 51.1060884685
110 63.1705994109
111 51.1060884681
112 19.5207887626
113 -19.5207887631
114 -51.1060884685
115 -63.1705994109
116 -51.1060884681
117 -19.5207887625
118 19.5207887631
119 51.1060884685
120 63.1705994109
121 51.1060884681
122 19.5207887625
123 -19.5207887631
124 -51.1060884685
125 -63.1705994109
126 -51.1060884681
127 -19.5207887625
128 19.5207887632
129 51.1060884685
130 63.1705994109
131 51.1060884681
132 19.5207887625
133 -19.5207887632
134 -51.1060884685
135 -63.1705994109
136 -51.1060884681
137 -19.5207887625
138 19.5207887632
139 51.1060884685
140 63.1705994109
141 51.1060884681
142 19.5207887625
143 -19.5207887632
144 -51.1060884685
145 -63.1705994109
146 -51.1060884681
147 -19.5207887625
148 19.5207887632
149 51.1060884685
150 63.1705994109
151 51.1060884681
152 19.5207887625
153 -19.5207887632
154 -51.1060884685
155 -63.1705994109
156 -51.1060884681
157 -19.5207887624
158 19.5207887632
159 51.1060884685
160 63.1705994109
161 51.1060884681
162 19.5207887624
163 -19.5207887632
164 -51.1060884686
165 -63.1705994109
166 -51.1060884680
167 -19.5207887624
168 19.5207887633
169 51.1060884686
170 63.1705994109
171 51.1060884680
172 19.5207887624
173 -19.5207887633
174 -51.1060884686
175 -63.1705994109
176 -51.1060884680
177 -19.5207887624
178 19.5207887633
179 51.1060884686
180 63.1705994109
181 51.1060884680
182 19.5207887624
183 -19.5207887633
184 -51.1060884686
185 -63.1705994109
186 -51.1060884680
187 -19.5207887624
188 19.5207887633
189 51.1060884686
190 63.1705994109
191 51.1060884680
192 19.5207887624
193 -19.5207887633
194 -51.1060884686
195 -63.1705994109
196 -51.1060884680
197 -19.5207887623
198 19.5207887633
199 51.1060884686
200 63.1705994109
201 51.1060884680
202 19.5207887623
203 -19.5207887633
204 -51.1060884686
205 -63.1705994109
206 -51.1060884680
207 -19.5207887623
208 19.5207887634
209 51.1060884686
210 63.1705994109
211 51.1060884680
212 19.5207887623
213 -19.5207887634
214 -51.1060884686
215 -63.1705994109
216 -51.1060884680
217 -19.5207887623
218 19.5207887634
219 51.1060884686
220 63.1705994109
221 51.1060884680
222 19.5207887623
223 -19.5207887634
224 -51.1060884686
225 -63.1705994109
226 -51.1060884680
227 -19.5207887623
228 19.5207887634
229 51.1060884687
230 63.1705994109
231 51.1060884679
232 19.5207887623
233 -19.5207887634
234 -51.1060884687
235 -63.1705994109
236 -51.1060884679
237 -19.5207887622
238 19.5207887634
239 51.1060884687
240 63.1705994109
241 51.1060884679
242 19.5207887622
243 -19.5207887634
244 -51.1060884687
245 -63.1705994109
246 -51.1060884679
247 -19.5207887622
248 19.5207887634
249 51.1060884687
250 63.1705994109
251 51.1060884679
252 19.5207887622
253 -19.5207887635
254 -51.1060884687
255 -63.1705994109
