0 447.2135955000
1 361.8033988750
2 138.1966011250
3 -138.1966011251
4 -361.8033988750
5 -447.2135955000
6 -361.8033988749
7 -138.1966011249
8 138.1966011252
9 361.8033988751
10 447.2135955000
11 361.8033988749
12 138.1966011248
13 -138.1966011252
14 -361.8033988751
15 -447.2135955000
16 -361.8033988748
17 -138.1966011247
18 138.1966011253
19 361.8033988752
20 447.2135955000
21 361.8033988748
22 138.1966011246
23 -138.1966011254
24 -361.8033988753
25 -447.2135955000
26 -361.8033988747
27 -138.1966011245
28 138.1966011255
29 361.8033988753
30 447.2135955000
31 361.8033988747
32 138.1966011244
33 -138.1966011256
34 -361.8033988754
35 -447.2135955000
36 -361.8033988746
37 -138.1966011244
38 138.1966011257
39 361.8033988754
40 447.2135955000
41 361.8033988745
42 138.1966011243
43 -138.1966011258
44 -361.8033988755
45 -447.2135955000
46 -361.8033988745
47 -138.1966011242
48 138.1966011259
49 361.8033988755
50 447.2135955000
51 361.8033988744
52 138.1966011241
53 -138.1966011259
54 -361.8033988756
55 -447.2135955000
56 -361.8033988744
57 -138.1966011240
58 138.1966011260
59 361.8033988756
60 447.2135955000
61 361.8033988743
62 138.1966011239
63 -138.1966011261
64 -361.8033988757
65 -447.2135955000
66 -361.8033988743
67 -138.1966011238
68 138.1966011262
69 361.8033988757
70 447.2135955000
71 361.8033988742
72 138.1966011237
73 -138.1966011263
74 -361.8033988758
75 -447.2135955000
76 -361.8033988742
77 -138.1966011237
78 138.1966011264
79 361.8033988758
80 447.2135955000
81 361.8033988741
82 138.1966011236
83 -138.1966011265
84 -361.8033988759
85 -447.2135955000
86 -361.8033988741
87 -138.1966011235
88 138.1966011266
89 361.8033988760
90 447.2135955000
91 361.8033988740
92 138.1966011234
93 -138.1966011266
94 -361.8033988760
95 -447.2135955000
96 -361.8033988739
97 -138.1966011233
98 138.1966011267
99 361.8033988761
100 447.2135955000
101 361.8033988739
102 138.1966011232
103 -138.1966011268
104 -361.8033988761
105 -447.2135955000
106 -361.8033988738
107 -138.1966011231
108 138.1966011269
109 361.8033988762
110 447.2135955000
111 361.8033988738
112 138.1966011230
113 -138.1966011270
114 -361.8033988762
115 -447.2135955000
116 -361.8033988737
117 -138.1966011229
118 138.1966011271
119 361.8033988763
120 447.2135955000
121 361.8033988737
122 138.1966011229
123 -138.1966011272
124 -361.8033988763
125 -447.2135955000
126 -361.8033988736
127 -138.1966011228
128 138.1966011273
129 361.8033988764
130 447.2135955000
131 361.8033988736
132 138.1966011227
133 -138.1966011273
134 -361.8033988764
135 -447.2135955000
136 -361.8033988735
137 -138.1966011226
138 138.1966011274
139 361.8033988765
140 447.2135955000
141 361.8033988735
142 138.1966011225
143 -138.1966011275
144 -361.8033988766
145 -447.2135955000
146 -361.8033988734
147 -138.1966011224
148 138.1966011276
149 361.8033988766
150 447.2135955000
151 361.8033988733
152 138.1966011223
153 -138.1966011277
154 -361.8033988767
155 -447.2135955000
156 -361.8033988733
157 -138.1966011222
158 138.1966011278
159 361.8033988767
160 447.2135955000
161 361.8033988732
162 138.1966011222
163 -138.1966011279
164 -361.8033988768
165 -447.2135955000
166 -361.8033988732
167 -138.1966011221
168 138.1966011280
169 361.8033988768
170 447.2135955000
171 361.8033988731
172 138.1966011220
173 -138.1966011281
174 -361.8033988769
175 -447.2135955000
176 -361.8033988731
177 -138.1966011219
178 138.1966011281
179 361.8033988769
180 447.2135955000
181 361.8033988730
182 138.1966011218
183 -138.1966011282
184 -361.8033988770
185 -447.2135955000
186 -361.8033988730
187 -138.1966011217
188 138.1966011283
189 361.8033988770
190 447.2135955000
191 361.8033988729
192 138.1966011216
193 -138.1966011284
194 -361.8033988771
195 -447.2135955000
196 -361.8033988729
197 -138.1966011215
198 138.1966011285
199 361.8033988772
200 447.2135955000
201 361.8033988728
202 138.1966011215
203 -138.1966011286
204 -361.8033988772
205 -447.2135955000
206 -361.8033988728
207 -138.1966011214
208 138.1966011287
209 361.8033988773
210 447.2135955000
211 361.8033988727
212 138.1966011213
213 -138.1966011288
214 -361.8033988773
215 -447.2135955000
216 -361.8033988726
217 -138.1966011212
218 138.1966011288
219 361.8033988774
220 447.2135955000
221 361.8033988726
222 138.1966011211
223 -138.1966011289
224 -361.8033988774
225 -447.2135955000
226 -361.8033988725
227 -138.1966011210
228 138.1966011290
229 361.8033988775
230 447.2135955000
231 361.8033988725
232 138.1966011209
233 -138.1966011291
234 -361.8033988775
235 -447.2135955000
236 -361.8033988724
237 -138.1966011208
238 138.1966011292
239 361.8033988776
240 447.2135955000
241 361.8033988724
242 138.1966011208
243 -138.1966011293
244 -361.8033988776
245 -447.2135955000
246 -361.8033988723
247 -138.1966011207
248 138.1966011294
249 361.8033988777
250 447.2135955000
251 361.8033988723
252 138.1966011206
253 -138.1966011295
254 -361.8033988778
255 -447.2135955000
