0 0.0398579537
1 0.0322457619
2 0.0123167850
3 -0.0123167850
4 -0.0322457619
5 -0.0398579537
6 -0.0322457619
7 -0.0123167850
8 0.0123167850
9 0.0322457619
10 0.0398579537
11 0.0322457619
12 0.0123167850
13 -0.0123167850
14 -0.0322457619
15 -0.0398579537
16 -0.0322457619
17 -0.0123167850
18 0.0123167850
19 0.0322457619
20 0.0398579537
21 0.0322457619
22 0.0123167850
23 -0.0123167850
24 -0.0322457619
25 -0.0398579537
26 -0.0322457619
27 -0.0123167850
28 0.0123167850
29 0.0322457619
30 0.0398579537
31 0.0322457619
32 0.0123167850
33 -0.0123167850
34 -0.0322457619
35 -0.0398579537
36 -0.0322457619
37 -0.0123167850
38 0.0123167850
39 0.0322457619
40 0.0398579537
41 0.0322457619
42 0.0123167850
43 -0.0123167850
44 -0.0322457619
45 -0.0398579537
46 -0.0322457619
47 -0.0123167850
48 0.0123167850
49 0.0322457619
50 0.0398579537
51 0.0322457619
52 0.0123167850
53 -0.0123167850
54 -0.0322457619
55 -0.0398579537
56 -0.0322457619
57 -0.0123167850
58 0.0123167850
59 0.0322457619
60 0.0398579537
61 0.0322457619
62 0.0123167850
63 -0.0123167850
64 -0.0322457619
65 -0.0398579537
66 -0.0322457619
67 -0.0123167850
68 0.0123167850
69 0.0322457619
70 0.0398579537
71 0.0322457619
72 0.0123167850
73 -0.0123167850
74 -0.0322457619
75 -0.0398579537
76 -0.0322457619
77 -0.0123167850
78 0.0123167850
79 0.0322457619
80 0.0398579537
81 0.0322457619
82 0.0123167850
83 -0.0123167850
84 -0.0322457619
85 -0.0398579537
86 -0.0322457619
87 -0.0123167850
88 0.0123167850
89 0.0322457619
90 0.0398579537
91 0.0322457619
92 0.0123167850
93 -0.0123167850
94 -0.0322457619
95 -0.0398579537
96 -0.0322457619
97 -0.0123167850
98 0.0123167850
99 0.0322457619
100 0.0398579537
101 0.0322457619
102 0.0123167850
103 -0.0123167850
104 -0.0322457619
105 -0.0398579537
106 -0.0322457619
107 -0.0123167850
108 0.0123167850
109 0.0322457619
110 0.0398579537
111 0.0322457619
112 0.0123167850
113 -0.0123167850
114 -0.0322457619
115 -0.0398579537
116 -0.0322457619
117 -0.0123167850
118 0.0123167850
119 0.0322457619
120 0.0398579537
121 0.0322457619
122 0.0123167850
123 -0.0123167850
124 -0.0322457619
125 -0.0398579537
126 -0.0322457619
127 -0.0123167850
128 0.0123167850
129 0.0322457619
130 0.0398579537
131 0.0322457619
132 0.0123167850
133 -0.0123167850
134 -0.0322457619
135 -0.0398579537
136 -0.0322457619
137 -0.0123167850
138 0.0123167850
139 0.0322457619
140 0.0398579537
141 0.0322457619
142 0.0123167850
143 -0.0123167850
144 -0.0322457619
145 -0.0398579537
146 -0.0322457619
147 -0.0123167850
148 0.0123167850
149 0.0322457619
150 0.0398579537
151 0.0322457619
152 0.0123167850
153 -0.0123167850
154 -0.0322457619
155 -0.0398579537
156 -0.0322457619
157 -0.0123167850
158 0.0123167850
159 0.0322457619
160 0.0398579537
161 0.0322457619
162 0.0123167850
163 -0.0123167850
164 -0.0322457619
165 -0.0398579537
166 -0.0322457619
167 -0.0123167850
168 0.0123167850
169 0.0322457619
170 0.0398579537
171 0.0322457619
172 0.0123167850
173 -0.0123167850
174 -0.0322457619
175 -0.0398579537
176 -0.0322457619
177 -0.0123167850
178 0.0123167850
179 0.0322457619
180 0.0398579537
181 0.0322457619
182 0.0123167850
183 -0.0123167850
184 -0.0322457619
185 -0.0398579537
186 -0.0322457619
187 -0.0123167850
188 0.0123167850
189 0.0322457619
190 0.0398579537
191 0.0322457619
192 0.0123167850
193 -0.0123167850
194 -0.0322457619
195 -0.0398579537
196 -0.0322457619
197 -0.0123167850
198 0.0123167850
199 0.0322457619
200 0.0398579537
201 0.0322457619
202 0.0123167850
203 -0.0123167850
204 -0.0322457619
205 -0.0398579537
206 -0.0322457619
207 -0.0123167850
208 0.0123167850
209 0.0322457619
210 0.0398579537
211 0.0322457619
212 0.0123167850
213 -0.0123167850
214 -0.0322457619
215 -0.0398579537
216 -0.0322457619
217 -0.0123167850
218 0.0123167850
219 0.0322457619
220 0.0398579537
221 0.0322457619
222 0.0123167850
223 -0.0123167850
224 -0.0322457619
225 -0.0398579537
226 -0.0322457619
227 -0.0123167850
228 0.0123167850
229 0.0322457619
230 0.0398579537
231 0.0322457619
232 0.0123167850
233 -0.0123167850
234 -0.0322457619
235 -0.0398579537
236 -0.0322457619
237 -0.0123167850
238 0.0123167850
239 0.0322457619
240 0.0398579537
241 0.0322457619
242 0.0123167850
243 -0.0123167850
244 -0.0322457619
245 -0.0398579537
246 -0.0322457619
247 -0.0123167850
248 0.0123167850
249 0.0322457619
250 0.0398579537
251 0.0322457619
252 0.0123167850
253 -0.0123167850
254 -0.0322457619
255 -0.0398579537
