0 0.1586773715
1 0.1283726902
2 0.0490340044
3 -0.0490340044
4 -0.1283726902
5 -0.1586773715
6 -0.1283726902
7 -0.0490340044
8 0.0490340044
9 0.1283726902
10 0.1586773715
11 0.1283726902
12 0.0490340044
13 -0.0490340044
14 -0.1283726902
15 -0.1586773715
16 -0.1283726902
17 -0.0490340044
18 0.0490340044
19 0.1283726902
20 0.1586773715
21 0.1283726902
22 0.0490340044
23 -0.0490340044
24 -0.1283726902
25 -0.1586773715
26 -0.1283726902
27 -0.0490340044
28 0.0490340044
29 0.1283726902
30 0.1586773715
31 0.1283726902
32 0.0490340044
33 -0.0490340044
34 -0.1283726902
35 -0.1586773715
36 -0.1283726902
37 -0.0490340044
38 0.0490340044
39 0.1283726902
40 0.1586773715
41 0.1283726902
42 0.0490340044
43 -0.0490340044
44 -0.1283726902
45 -0.1586773715
46 -0.1283726902
47 -0.0490340044
48 0.0490340044
49 0.1283726902
50 0.1586773715
51 0.1283726902
52 0.0490340044
53 -0.0490340044
54 -0.1283726902
55 -0.1586773715
56 -0.1283726902
57 -0.0490340044
58 0.0490340044
59 0.1283726902
60 0.1586773715
61 0.1283726902
62 0.0490340044
63 -0.0490340044
64 -0.1283726902
65 -0.1586773715
66 -0.1283726902
67 -0.0490340044
68 0.0490340044
69 0.1283726902
70 0.1586773715
71 0.1283726902
72 0.0490340044
73 -0.0490340044
74 -0.1283726902
75 -0.1586773715
76 -0.1283726902
77 -0.0490340044
78 0.0490340044
79 0.1283726902
80 0.1586773715
81 0.1283726902
82 0.0490340044
83 -0.0490340044
84 -0.1283726902
85 -0.1586773715
86 -0.1283726902
87 -0.0490340044
88 0.0490340044
89 0.1283726902
90 0.1586773715
91 0.1283726902
92 0.0490340044
93 -0.0490340044
94 -0.1283726902
95 -0.1586773715
96 -0.1283726902
97 -0.0490340044
98 0.0490340044
99 0.1283726902
100 0.1586773715
101 0.1283726902
102 0.0490340044
103 -0.0490340044
104 -0.1283726902
105 -0.1586773715
106 -0.1283726902
107 -0.0490340044
108 0.0490340044
109 0.1283726902
110 0.1586773715
111 0.1283726902
112 0.0490340044
113 -0.0490340044
114 -0.1283726902
115 -0.1586773715
116 -0.1283726902
117 -0.0490340044
118 0.0490340044
119 0.1283726902
120 0.1586773715
121 0.1283726902
122 0.0490340044
123 -0.0490340044
124 -0.1283726902
125 -0.1586773715
126 -0.1283726902
127 -0.0490340044
128 0.0490340044
129 0.1283726902
130 0.1586773715
131 0.1283726902
132 0.0490340044
133 -0.0490340044
134 -0.1283726902
135 -0.1586773715
136 -0.1283726902
137 -0.0490340044
138 0.0490340044
139 0.1283726902
140 0.1586773715
141 0.1283726902
142 0.0490340044
143 -0.0490340044
144 -0.1283726902
145 -0.1586773715
146 -0.1283726902
147 -0.0490340044
148 0.0490340044
149 0.1283726902
150 0.1586773715
151 0.1283726902
152 0.0490340044
153 -0.0490340044
154 -0.1283726902
155 -0.1586773715
156 -0.1283726902
157 -0.0490340044
158 0.0490340044
159 0.1283726902
160 0.1586773715
161 0.1283726902
162 0.0490340044
163 -0.0490340044
164 -0.1283726902
165 -0.1586773715
166 -0.1283726902
167 -0.0490340044
168 0.0490340044
169 0.1283726902
170 0.1586773715
171 0.1283726902
172 0.0490340044
173 -0.0490340044
174 -0.1283726902
175 -0.1586773715
176 -0.1283726902
177 -0.0490340044
178 0.0490340044
179 0.1283726902
180 0.1586773715
181 0.1283726902
182 0.0490340044
183 -0.0490340044
184 -0.1283726902
185 -0.1586773715
186 -0.1283726902
187 -0.0490340044
188 0.0490340044
189 0.1283726902
190 0.1586773715
191 0.1283726902
192 0.0490340044
193 -0.0490340044
194 -0.1283726902
195 -0.1586773715
196 -0.1283726902
197 -0.0490340044
198 0.0490340044
199 0.1283726902
200 0.1586773715
201 0.1283726902
202 0.0490340044
203 -0.0490340044
204 -0.1283726902
205 -0.1586773715
206 -0.1283726902
207 -0.0490340044
208 0.0490340044
209 0.1283726902
210 0.1586773715
211 0.1283726902
212 0.0490340044
213 -0.0490340044
214 -0.1283726902
215 -0.1586773715
216 -0.1283726902
217 -0.0490340044
218 0.0490340044
219 0.1283726902
220 0.1586773715
221 0.1283726902
222 0.0490340044
223 -0.0490340044
224 -0.1283726902
225 -0.1586773715
226 -0.1283726902
227 -0.0490340044
228 0.0490340044
229 0.1283726902
230 0.1586773715
231 0.1283726902
232 0.0490340044
233 -0.0490340044
234 -0.1283726902
235 -0.1586773715
236 -0.1283726902
237 -0.0490340044
238 0.0490340044
239 0.1283726902
240 0.1586773715
241 0.1283726902
242 0.0490340044
243 -0.0490340044
244 -0.1283726902
245 -0.1586773715
246 -0.1283726902
247 -0.0490340044
248 0.0490340044
249 0.1283726902
250 0.1586773715
251 0.1283726902
252 0.0490340044
253 -0.0490340044
254 -0.1283726902
255 -0.1586773715
