0 0.0022413774
1 0.0018133124
2 0.0006926237
3 -0.0006926237
4 -0.0018133124
5 -0.0022413774
6 -0.0018133124
7 -0.0006926237
8 0.0006926237
9 0.0018133124
10 0.0022413774
11 0.0018133124
12 0.0006926237
13 -0.0006926237
14 -0.0018133124
15 -0.0022413774
16 -0.0018133124
17 -0.0006926237
18 0.0006926237
19 0.0018133124
20 0.0022413774
21 0.0018133124
22 0.0006926237
23 -0.0006926237
24 -0.0018133124
25 -0.0022413774
26 -0.0018133124
27 -0.0006926237
28 0.0006926237
29 0.0018133124
30 0.0022413774
31 0.0018133124
32 0.0006926237
33 -0.0006926237
34 -0.0018133124
35 -0.0022413774
36 -0.0018133124
37 -0.0006926237
38 0.0006926237
39 0.0018133124
40 0.0022413774
41 0.0018133124
42 0.0006926237
43 -0.0006926237
44 -0.0018133124
45 -0.0022413774
46 -0.0018133124
47 -0.0006926237
48 0.0006926237
49 0.0018133124
50 0.0022413774
51 0.0018133124
52 0.0006926237
53 -0.0006926237
54 -0.0018133124
55 -0.0022413774
56 -0.0018133124
57 -0.0006926237
58 0.0006926237
59 0.0018133124
60 0.0022413774
61 0.0018133124
62 0.0006926237
63 -0.0006926237
64 -0.0018133124
65 -0.0022413774
66 -0.0018133124
67 -0.0006926237
68 0.0006926237
69 0.0018133124
70 0.0022413774
71 0.0018133124
72 0.0006926237
73 -0.0006926237
74 -0.0018133124
75 -0.0022413774
76 -0.0018133124
77 -0.0006926237
78 0.0006926237
79 0.0018133124
80 0.0022413774
81 0.0018133124
82 0.0006926237
83 -0.0006926237
84 -0.0018133124
85 -0.0022413774
86 -0.0018133124
87 -0.0006926237
88 0.0006926237
89 0.0018133124
90 0.0022413774
91 0.0018133124
92 0.0006926237
93 -0.0006926237
94 -0.0018133124
95 -0.0022413774
96 -0.0018133124
97 -0.0006926237
98 0.0006926237
99 0.0018133124
100 0.0022413774
101 0.0018133124
102 0.0006926237
103 -0.0006926237
104 -0.0018133124
105 -0.0022413774
106 -0.0018133124
107 -0.0006926237
108 0.0006926237
109 0.0018133124
110 0.0022413774
111 0.0018133124
112 0.0006926237
113 -0.0006926237
114 -0.0018133124
115 -0.0022413774
116 -0.0018133124
117 -0.0006926237
118 0.0006926237
119 0.0018133124
120 0.0022413774
121 0.0018133124
122 0.0006926237
123 -0.0006926237
124 -0.0018133124
125 -0.0022413774
126 -0.0018133124
127 -0.0006926237
128 0.0006926237
129 0.0018133124
130 0.0022413774
131 0.0018133124
132 0.0006926237
133 -0.0006926237
134 -0.0018133124
135 -0.0022413774
136 -0.0018133124
137 -0.0006926237
138 0.0006926237
139 0.0018133124
140 0.0022413774
141 0.0018133124
142 0.0006926237
143 -0.0006926237
144 -0.0018133124
145 -0.0022413774
146 -0.0018133124
147 -0.0006926237
148 0.0006926237
149 0.0018133124
150 0.0022413774
151 0.0018133124
152 0.0006926237
153 -0.0006926237
154 -0.0018133124
155 -0.0022413774
156 -0.0018133124
157 -0.0006926237
158 0.0006926237
159 0.0018133124
160 0.0022413774
161 0.0018133124
162 0.0006926237
163 -0.0006926237
164 -0.0018133124
165 -0.0022413774
166 -0.0018133124
167 -0.0006926237
168 0.0006926237
169 0.0018133124
170 0.0022413774
171 0.0018133124
172 0.0006926237
173 -0.0006926237
174 -0.0018133124
175 -0.0022413774
176 -0.0018133124
177 -0.0006926237
178 0.0006926237
179 0.0018133124
180 0.0022413774
181 0.0018133124
182 0.0006926237
183 -0.0006926237
184 -0.0018133124
185 -0.0022413774
186 -0.0018133124
187 -0.0006926237
188 0.0006926237
189 0.0018133124
190 0.0022413774
191 0.0018133124
192 0.0006926237
193 -0.0006926237
194 -0.0018133124
195 -0.0022413774
196 -0.0018133124
197 -0.0006926237
198 0.0006926237
199 0.0018133124
200 0.0022413774
201 0.0018133124
202 0.0006926237
203 -0.0006926237
204 -0.0018133124
205 -0.0022413774
206 -0.0018133124
207 -0.0006926237
208 0.0006926237
209 0.0018133124
210 0.0022413774
211 0.0018133124
212 0.0006926237
213 -0.0006926237
214 -0.0018133124
215 -0.0022413774
216 -0.0018133124
217 -0.0006926237
218 0.0006926237
219 0.0018133124
220 0.0022413774
221 0.0018133124
222 0.0006926237
223 -0.0006926237
224 -0.0018133124
225 -0.0022413774
226 -0.0018133124
227 -0.0006926237
228 0.0006926237
229 0.0018133124
230 0.0022413774
231 0.0018133124
232 0.0006926237
233 -0.0006926237
234 -0.0018133124
235 -0.0022413774
236 -0.0018133124
237 -0.0006926237
238 0.0006926237
239 0.0018133124
240 0.0022413774
241 0.0018133124
242 0.0006926237
243 -0.0006926237
244 -0.0018133124
245 -0.0022413774
246 -0.0018133124
247 -0.0006926237
248 0.0006926237
249 0.0018133124
250 0.0022413774
251 0.0018133124
252 0.0006926237
253 -0.0006926237
254 -0.0018133124
255 -0.0022413774
