0 0.1414213562
1 0.1144122806
2 0.0437016024
3 -0.0437016024
4 -0.1144122806
5 -0.1414213562
6 -0.1144122806
7 -0.0437016024
8 0.0437016024
9 0.1144122806
10 0.1414213562
11 0.1144122806
12 0.0437016024
13 -0.0437016024
14 -0.1144122806
15 -0.1414213562
16 -0.1144122806
17 -0.0437016024
18 0.0437016024
19 0.1144122806
20 0.1414213562
21 0.1144122806
22 0.0437016024
23 -0.0437016024
24 -0.1144122806
25 -0.1414213562
26 -0.1144122806
27 -0.0437016024
28 0.0437016024
29 0.1144122806
30 0.1414213562
31 0.1144122806
32 0.0437016024
33 -0.0437016024
34 -0.1144122806
35 -0.1414213562
36 -0.1144122806
37 -0.0437016024
38 0.0437016024
39 0.1144122806
40 0.1414213562
41 0.1144122806
42 0.0437016024
43 -0.0437016024
44 -0.1144122806
45 -0.1414213562
46 -0.1144122806
47 -0.0437016024
48 0.0437016024
49 0.1144122806
50 0.1414213562
51 0.1144122806
52 0.0437016024
53 -0.0437016024
54 -0.1144122806
55 -0.1414213562
56 -0.1144122806
57 -0.0437016024
58 0.0437016024
59 0.1144122806
60 0.1414213562
61 0.1144122806
62 0.0437016024
63 -0.0437016024
64 -0.1144122806
65 -0.1414213562
66 -0.1144122806
67 -0.0437016024
68 0.0437016024
69 0.1144122806
70 0.1414213562
71 0.1144122806
72 0.0437016024
73 -0.0437016024
74 -0.1144122806
75 -0.1414213562
76 -0.1144122806
77 -0.0437016024
78 0.0437016024
79 0.1144122806
80 0.1414213562
81 0.1144122806
82 0.0437016024
83 -0.0437016024
84 -0.1144122806
85 -0.1414213562
86 -0.1144122806
87 -0.0437016024
88 0.0437016024
89 0.1144122806
90 0.1414213562
91 0.1144122806
92 0.0437016024
93 -0.0437016024
94 -0.1144122806
95 -0.1414213562
96 -0.1144122806
97 -0.0437016024
98 0.0437016024
99 0.1144122806
100 0.1414213562
101 0.1144122806
102 0.0437016024
103 -0.0437016024
104 -0.1144122806
105 -0.1414213562
106 -0.1144122806
107 -0.0437016024
108 0.0437016024
109 0.1144122806
110 0.1414213562
111 0.1144122806
112 0.0437016024
113 -0.0437016024
114 -0.1144122806
115 -0.1414213562
116 -0.1144122806
117 -0.0437016024
118 0.0437016024
119 0.1144122806
120 0.1414213562
121 0.1144122806
122 0.0437016024
123 -0.0437016024
124 -0.1144122806
125 -0.1414213562
126 -0.1144122806
127 -0.0437016024
128 0.0437016024
129 0.1144122806
130 0.1414213562
131 0.1144122806
132 0.0437016024
133 -0.0437016024
134 -0.1144122806
135 -0.1414213562
136 -0.1144122806
137 -0.0437016024
138 0.0437016024
139 0.1144122806
140 0.1414213562
141 0.1144122806
142 0.0437016024
143 -0.0437016024
144 -0.1144122806
145 -0.1414213562
146 -0.1144122806
147 -0.0437016024
148 0.0437016024
149 0.1144122806
150 0.1414213562
151 0.1144122806
152 0.0437016024
153 -0.0437016024
154 -0.1144122806
155 -0.1414213562
156 -0.1144122806
157 -0.0437016024
158 0.0437016024
159 0.1144122806
160 0.1414213562
161 0.1144122806
162 0.0437016024
163 -0.0437016024
164 -0.1144122806
165 -0.1414213562
166 -0.1144122806
167 -0.0437016024
168 0.0437016024
169 0.1144122806
170 0.1414213562
171 0.1144122806
172 0.0437016024
173 -0.0437016024
174 -0.1144122806
175 -0.1414213562
176 -0.1144122806
177 -0.0437016024
178 0.0437016024
179 0.1144122806
180 0.1414213562
181 0.1144122806
182 0.0437016024
183 -0.0437016024
184 -0.1144122806
185 -0.1414213562
186 -0.1144122806
187 -0.0437016024
188 0.0437016024
189 0.1144122806
190 0.1414213562
191 0.1144122806
192 0.0437016024
193 -0.0437016024
194 -0.1144122806
195 -0.1414213562
196 -0.1144122806
197 -0.0437016024
198 0.0437016024
199 0.1144122806
200 0.1414213562
201 0.1144122806
202 0.0437016024
203 -0.0437016024
204 -0.1144122806
205 -0.1414213562
206 -0.1144122806
207 -0.0437016024
208 0.0437016024
209 0.1144122806
210 0.1414213562
211 0.1144122806
212 0.0437016024
213 -0.0437016024
214 -0.1144122806
215 -0.1414213562
216 -0.1144122806
217 -0.0437016024
218 0.0437016024
219 0.1144122806
220 0.1414213562
221 0.1144122806
222 0.0437016024
223 -0.0437016024
224 -0.1144122806
225 -0.1414213562
226 -0.1144122806
227 -0.0437016024
228 0.0437016024
229 0.1144122806
230 0.1414213562
231 0.1144122806
232 0.0437016024
233 -0.0437016024
234 -0.1144122806
235 -0.1414213562
236 -0.1144122806
237 -0.0437016024
238 0.0437016024
239 0.1144122806
240 0.1414213562
241 0.1144122806
242 0.0437016024
243 -0.0437016024
244 -0.1144122806
245 -0.1414213562
246 -0.1144122806
247 -0.0437016024
248 0.0437016024
249 0.1144122806
250 0.1414213562
251 0.1144122806
252 0.0437016024
253 -0.0437016024
254 -0.1144122806
255 -0.1414213562
