0 8.9230843384
1 7.2189268720
2 2.7573847028
3 -2.7573847028
4 -7.2189268720
5 -8.9230843384
6 -7.2189268720
7 -2.7573847028
8 2.7573847028
9 7.2189268720
10 8.9230843384
11 7.2189268720
12 2.7573847028
13 -2.7573847028
14 -7.2189268720
15 -8.9230843384
16 -7.2189268720
17 -2.7573847028
18 2.7573847028
19 7.2189268720
20 8.9230843384
21 7.2189268720
22 2.7573847028
23 -2.7573847028
24 -7.2189268720
25 -8.9230843384
26 -7.2189268720
27 -2.7573847028
28 2.7573847028
29 7.2189268720
30 8.9230843384
31 7.2189268720
32 2.7573847028
33 -2.7573847028
34 -7.2189268720
35 -8.9230843384
36 -7.2189268720
37 -2.7573847028
38 2.7573847028
39 7.2189268720
40 8.9230843384
41 7.2189268720
42 2.7573847028
43 -2.7573847028
44 -7.2189268720
45 -8.9230843384
46 -7.2189268720
47 -2.7573847028
48 2.7573847028
49 7.2189268720
50 8.9230843384
51 7.2189268720
52 2.7573847028
53 -2.7573847028
54 -7.2189268720
55 -8.9230843384
56 -7.2189268720
57 -2.7573847028
58 2.7573847028
59 7.2189268720
60 8.9230843384
61 7.2189268720
62 2.7573847028
63 -2.7573847028
64 -7.2189268720
65 -8.9230843384
66 -7.2189268720
67 -2.7573847028
68 2.7573847028
69 7.2189268720
70 8.9230843384
71 7.2189268720
72 2.7573847028
73 -2.7573847028
74 -7.2189268720
75 -8.9230843384
76 -7.2189268720
77 -2.7573847028
78 2.7573847028
79 7.2189268720
80 8.9230843384
81 7.2189268720
82 2.7573847028
83 -2.7573847028
84 -7.2189268720
85 -8.9230843384
86 -7.2189268720
87 -2.7573847028
88 2.7573847028
89 7.2189268720
90 8.9230843384
91 7.2189268720
92 2.7573847028
93 -2.7573847028
94 -7.2189268720
95 -8.9230843384
96 -7.2189268720
97 -2.7573847028
98 2.7573847028
99 7.2189268721
100 8.9230843384
101 7.2189268720
102 2.7573847028
103 -2.7573847029
104 -7.2189268721
105 -8.9230843384
106 -7.2189268720
107 -2.7573847028
108 2.7573847029
109 7.2189268721
110 8.9230843384
111 7.2189268720
112 2.7573847028
113 -2.7573847029
114 -7.2189268721
115 -8.9230843384
116 -7.2189268720
117 -2.7573847028
118 2.7573847029
119 7.2189268721
120 8.9230843384
121 7.2189268720
122 2.7573847028
123 -2.7573847029
124 -7.2189268721
125 -8.9230843384
126 -7.2189268720
127 -2.7573847028
128 2.7573847029
129 7.2189268721
130 8.9230843384
131 7.2189268720
132 2.7573847028
133 -2.7573847029
134 -7.2189268721
135 -8.9230843384
136 -7.2189268720
137 -2.7573847028
138 2.7573847029
139 7.2189268721
140 8.9230843384
141 7.2189268720
142 2.7573847028
143 -2.7573847029
144 -7.2189268721
145 -8.9230843384
146 -7.2189268720
147 -2.7573847028
148 2.7573847029
149 7.2189268721
150 8.9230843384
151 7.2189268720
152 2.7573847028
153 -2.7573847029
154 -7.2189268721
155 -8.9230843384
156 -7.2189268720
157 -2.7573847028
158 2.7573847029
159 7.2189268721
160 8.9230843384
161 7.2189268720
162 2.7573847028
163 -2.7573847029
164 -7.2189268721
165 -8.9230843384
166 -7.2189268720
167 -2.7573847028
168 2.7573847029
169 7.2189268721
170 8.9230843384
171 7.2189268720
172 2.7573847028
173 -2.7573847029
174 -7.2189268721
175 -8.9230843384
176 -7.2189268720
177 -2.7573847028
178 2.7573847029
179 7.2189268721
180 8.9230843384
181 7.2189268720
182 2.7573847028
183 -2.7573847029
184 -7.2189268721
185 -8.9230843384
186 -7.2189268720
187 -2.7573847027
188 2.7573847029
189 7.2189268721
190 8.9230843384
191 7.2189268720
192 2.7573847027
193 -2.7573847029
194 -7.2189268721
195 -8.9230843384
196 -7.2189268720
197 -2.7573847027
198 2.7573847029
199 7.2189268721
200 8.9230843384
201 7.2189268720
202 2.7573847027
203 -2.7573847029
204 -7.2189268721
205 -8.9230843384
206 -7.2189268720
207 -2.7573847027
208 2.7573847029
209 7.2189268721
210 8.9230843384
211 7.2189268720
212 2.7573847027
213 -2.7573847029
214 -7.2189268721
215 -8.9230843384
216 -7.2189268720
217 -2.7573847027
218 2.7573847029
219 7.2189268721
220 8.9230843384
221 7.2189268720
222 2.7573847027
223 -2.7573847029
224 -7.2189268721
225 -8.9230843384
226 -7.2189268720
227 -2.7573847027
228 2.7573847029
229 7.2189268721
230 8.9230843384
231 7.2189268720
232 2.7573847027
233 -2.7573847029
234 -7.2189268721
235 -8.9230843384
236 -7.2189268720
237 -2.7573847027
238 2.7573847029
239 7.2189268721
240 8.9230843384
241 7.2189268720
242 2.7573847027
243 -2.7573847029
244 -7.2189268721
245 -8.9230843384
246 -7.2189268720
247 -2.7573847027
248 2.7573847029
249 7.2189268721
250 8.9230843384
251 7.2189268720
252 2.7573847027
253 -2.7573847029
254 -7.2189268721
255 -8.9230843384
