0 11.2334976252
1 9.0880904851
2 3.4713416725
3 -3.4713416725
4 -9.0880904851
5 -11.2334976252
6 -9.0880904851
7 -3.4713416725
8 3.4713416725
9 9.0880904851
10 11.2334976252
11 9.0880904851
12 3.4713416725
13 -3.4713416725
14 -9.0880904851
15 -11.2334976252
16 -9.0880904851
17 -3.4713416725
18 3.4713416725
19 9.0880904851
20 11.2334976252
21 9.0880904851
22 3.4713416725
23 -3.4713416725
24 -9.0880904851
25 -11.2334976252
26 -9.0880904851
27 -3.4713416725
28 3.4713416725
29 9.0880904851
30 11.2334976252
31 9.0880904851
32 3.4713416725
33 -3.4713416725
34 -9.0880904851
35 -11.2334976252
36 -9.0880904851
37 -3.4713416725
38 3.4713416725
39 9.0880904851
40 11.2334976252
41 9.0880904851
42 3.4713416724
43 -3.4713416725
44 -9.0880904851
45 -11.2334976252
46 -9.0880904851
47 -3.4713416724
48 3.4713416725
49 9.0880904851
50 11.2334976252
51 9.0880904851
52 3.4713416724
53 -3.4713416725
54 -9.0880904851
55 -11.2334976252
56 -9.0880904851
57 -3.4713416724
58 3.4713416725
59 9.0880904851
60 11.2334976252
61 9.0880904851
62 3.4713416724
63 -3.4713416725
64 -9.0880904851
65 -11.2334976252
66 -9.0880904851
67 -3.4713416724
68 3.4713416725
69 9.0880904851
70 11.2334976252
71 9.0880904851
72 3.4713416724
73 -3.4713416725
74 -9.0880904851
75 -11.2334976252
76 -9.0880904851
77 -3.4713416724
78 3.4713416725
79 9.0880904851
80 11.2334976252
81 9.0880904851
82 3.4713416724
83 -3.4713416725
84 -9.0880904851
85 -11.2334976252
86 -9.0880904851
87 -3.4713416724
88 3.4713416725
89 9.0880904851
90 11.2334976252
91 9.0880904851
92 3.4713416724
93 -3.4713416725
94 -9.0880904851
95 -11.2334976252
96 -9.0880904851
97 -3.4713416724
98 3.4713416725
99 9.0880904851
100 11.2334976252
101 9.0880904851
102 3.4713416724
103 -3.4713416725
104 -9.0880904851
105 -11.2334976252
106 -9.0880904851
107 -3.4713416724
108 3.4713416725
109 9.0880904851
110 11.2334976252
111 9.0880904851
112 3.4713416724
113 -3.4713416725
114 -9.0880904851
115 -11.2334976252
116 -9.0880904850
117 -3.4713416724
118 3.4713416725
119 9.0880904851
120 11.2334976252
121 9.0880904850
122 3.4713416724
123 -3.4713416725
124 -9.0880904851
125 -11.2334976252
126 -9.0880904850
127 -3.4713416724
128 3.4713416725
129 9.0880904851
130 11.2334976252
131 9.0880904850
132 3.4713416724
133 -3.4713416725
134 -9.0880904851
135 -11.2334976252
136 -9.0880904850
137 -3.4713416724
138 3.4713416725
139 9.0880904851
140 11.2334976252
141 9.0880904850
142 3.4713416724
143 -3.4713416725
144 -9.0880904851
145 -11.2334976252
146 -9.0880904850
147 -3.4713416724
148 3.4713416725
149 9.0880904851
150 11.2334976252
151 9.0880904850
152 3.4713416724
153 -3.4713416725
154 -9.0880904851
155 -11.2334976252
156 -9.0880904850
157 -3.4713416724
158 3.4713416725
159 9.0880904851
160 11.2334976252
161 9.0880904850
162 3.4713416724
163 -3.4713416725
164 -9.0880904851
165 -11.2334976252
166 -9.0880904850
167 -3.4713416724
168 3.4713416725
169 9.0880904851
170 11.2334976252
171 9.0880904850
172 3.4713416724
173 -3.4713416725
174 -9.0880904851
175 -11.2334976252
176 -9.0880904850
177 -3.4713416724
178 3.4713416725
179 9.0880904851
180 11.2334976252
181 9.0880904850
182 3.4713416724
183 -3.4713416725
184 -9.0880904851
185 -11.2334976252
186 -9.0880904850
187 -3.4713416724
188 3.4713416725
189 9.0880904851
190 11.2334976252
191 9.0880904850
192 3.4713416724
193 -3.4713416726
194 -9.0880904851
195 -11.2334976252
196 -9.0880904850
197 -3.4713416724
198 3.4713416726
199 9.0880904851
200 11.2334976252
201 9.0880904850
202 3.4713416724
203 -3.4713416726
204 -9.0880904851
205 -11.2334976252
206 -9.0880904850
207 -3.4713416724
208 3.4713416726
209 9.0880904851
210 11.2334976252
211 9.0880904850
212 3.4713416724
213 -3.4713416726
214 -9.0880904851
215 -11.2334976252
216 -9.0880904850
217 -3.4713416724
218 3.4713416726
219 9.0880904851
220 11.2334976252
221 9.0880904850
222 3.4713416724
223 -3.4713416726
224 -9.0880904851
225 -11.2334976252
226 -9.0880904850
227 -3.4713416724
228 3.4713416726
229 9.0880904851
230 11.2334976252
231 9.0880904850
232 3.4713416724
233 -3.4713416726
234 -9.0880904851
235 -11.2334976252
236 -9.0880904850
237 -3.4713416724
238 3.4713416726
239 9.0880904851
240 11.2334976252
241 9.0880904850
242 3.4713416724
243 -3.4713416726
244 -9.0880904851
245 -11.2334976252
246 -9.0880904850
247 -3.4713416724
248 3.4713416726
249 9.0880904851
250 11.2334976252
251 9.0880904850
252 3.4713416724
253 -3.4713416726
254 -9.0880904852
255 -11.2334976252
