0 3.1660297965
1 2.5613719101
2 0.9783570118
3 -0.9783570118
4 -2.5613719101
5 -3.1660297965
6 -2.5613719101
7 -0.9783570118
8 0.9783570118
9 2.5613719101
10 3.1660297965
11 2.5613719101
12 0.9783570118
13 -0.9783570118
14 -2.5613719101
15 -3.1660297965
16 -2.5613719101
17 -0.9783570118
18 0.9783570118
19 2.5613719101
20 3.1660297965
21 2.5613719101
22 0.9783570118
23 -0.9783570118
24 -2.5613719101
25 -3.1660297965
26 -2.5613719101
27 -0.9783570118
28 0.9783570118
29 2.5613719101
30 3.1660297965
31 2.5613719101
32 0.9783570118
33 -0.9783570118
34 -2.5613719101
35 -3.1660297965
36 -2.5613719101
37 -0.9783570118
38 0.9783570118
39 2.5613719101
40 3.1660297965
41 2.5613719101
42 0.9783570118
43 -0.9783570118
44 -2.5613719101
45 -3.1660297965
46 -2.5613719101
47 -0.9783570118
48 0.9783570118
49 2.5613719101
50 3.1660297965
51 2.5613719101
52 0.9783570118
53 -0.9783570118
54 -2.5613719101
55 -3.1660297965
56 -2.5613719101
57 -0.9783570118
58 0.9783570118
59 2.5613719101
60 3.1660297965
61 2.5613719101
62 0.9783570118
63 -0.9783570118
64 -2.5613719101
65 -3.1660297965
66 -2.5613719101
67 -0.9783570118
68 0.9783570118
69 2.5613719101
70 3.1660297965
71 2.5613719101
72 0.9783570118
73 -0.9783570118
74 -2.5613719101
75 -3.1660297965
76 -2.5613719101
77 -0.9783570118
78 0.9783570118
79 2.5613719101
80 3.1660297965
81 2.5613719101
82 0.9783570118
83 -0.9783570118
84 -2.5613719101
85 -3.1660297965
86 -2.5613719101
87 -0.9783570118
88 0.9783570118
89 2.5613719101
90 3.1660297965
91 2.5613719101
92 0.9783570118
93 -0.9783570118
94 -2.5613719101
95 -3.1660297965
96 -2.5613719101
97 -0.9783570118
98 0.9783570118
99 2.5613719101
100 3.1660297965
101 2.5613719101
102 0.9783570118
103 -0.9783570118
104 -2.5613719101
105 -3.1660297965
106 -2.5613719101
107 -0.9783570118
108 0.9783570118
109 2.5613719101
110 3.1660297965
111 2.5613719101
112 0.9783570118
113 -0.9783570118
114 -2.5613719101
115 -3.1660297965
116 -2.5613719101
117 -0.9783570118
118 0.9783570118
119 2.5613719101
120 3.1660297965
121 2.5613719101
122 0.9783570118
123 -0.9783570118
124 -2.5613719101
125 -3.1660297965
126 -2.5613719101
127 -0.9783570118
128 0.9783570118
129 2.5613719101
130 3.1660297965
131 2.5613719101
132 0.9783570118
133 -0.9783570118
134 -2.5613719101
135 -3.1660297965
136 -2.5613719101
137 -0.9783570118
138 0.9783570118
139 2.5613719101
140 3.1660297965
141 2.5613719101
142 0.9783570118
143 -0.9783570118
144 -2.5613719101
145 -3.1660297965
146 -2.5613719101
147 -0.9783570118
148 0.9783570118
149 2.5613719101
150 3.1660297965
151 2.5613719101
152 0.9783570118
153 -0.9783570118
154 -2.5613719101
155 -3.1660297965
156 -2.5613719101
157 -0.9783570118
158 0.9783570118
159 2.5613719101
160 3.1660297965
161 2.5613719101
162 0.9783570118
163 -0.9783570118
164 -2.5613719101
165 -3.1660297965
166 -2.5613719101
167 -0.9783570118
168 0.9783570118
169 2.5613719101
170 3.1660297965
171 2.5613719101
172 0.9783570118
173 -0.9783570118
174 -2.5613719101
175 -3.1660297965
176 -2.5613719101
177 -0.9783570118
178 0.9783570118
179 2.5613719101
180 3.1660297965
181 2.5613719101
182 0.9783570118
183 -0.9783570118
184 -2.5613719101
185 -3.1660297965
186 -2.5613719101
187 -0.9783570118
188 0.9783570119
189 2.5613719101
190 3.1660297965
191 2.5613719101
192 0.9783570118
193 -0.9783570119
194 -2.5613719101
195 -3.1660297965
196 -2.5613719101
197 -0.9783570118
198 0.9783570119
199 2.5613719101
200 3.1660297965
201 2.5613719101
202 0.9783570118
203 -0.9783570119
204 -2.5613719101
205 -3.1660297965
206 -2.5613719101
207 -0.9783570118
208 0.9783570119
209 2.5613719101
210 3.1660297965
211 2.5613719101
212 0.9783570118
213 -0.9783570119
214 -2.5613719101
215 -3.1660297965
216 -2.5613719101
217 -0.9783570118
218 0.9783570119
219 2.5613719101
220 3.1660297965
221 2.5613719101
222 0.9783570118
223 -0.9783570119
224 -2.5613719101
225 -3.1660297965
226 -2.5613719101
227 -0.9783570118
228 0.9783570119
229 2.5613719101
230 3.1660297965
231 2.5613719101
232 0.9783570118
233 -0.9783570119
234 -2.5613719101
235 -3.1660297965
236 -2.5613719101
237 -0.9783570118
238 0.9783570119
239 2.5613719101
240 3.1660297965
241 2.5613719101
242 0.9783570118
243 -0.9783570119
244 -2.5613719101
245 -3.1660297965
246 -2.5613719101
247 -0.9783570118
248 0.9783570119
249 2.5613719101
250 3.1660297965
251 2.5613719101
252 0.9783570118
253 -0.9783570119
254 -2.5613719101
255 -3.1660297965
