0 0.8923084338
1 0.7218926872
2 0.2757384703
3 -0.2757384703
4 -0.7218926872
5 -0.8923084338
6 -0.7218926872
7 -0.2757384703
8 0.2757384703
9 0.7218926872
10 0.8923084338
11 0.7218926872
12 0.2757384703
13 -0.2757384703
14 -0.7218926872
15 -0.8923084338
16 -0.7218926872
17 -0.2757384703
18 0.2757384703
19 0.7218926872
20 0.8923084338
21 0.7218926872
22 0.2757384703
23 -0.2757384703
24 -0.7218926872
25 -0.8923084338
26 -0.7218926872
27 -0.2757384703
28 0.2757384703
29 0.7218926872
30 0.8923084338
31 0.7218926872
32 0.2757384703
33 -0.2757384703
34 -0.7218926872
35 -0.8923084338
36 -0.7218926872
37 -0.2757384703
38 0.2757384703
39 0.7218926872
40 0.8923084338
41 0.7218926872
42 0.2757384703
43 -0.2757384703
44 -0.7218926872
45 -0.8923084338
46 -0.7218926872
47 -0.2757384703
48 0.2757384703
49 0.7218926872
50 0.8923084338
51 0.7218926872
52 0.2757384703
53 -0.2757384703
54 -0.7218926872
55 -0.8923084338
56 -0.7218926872
57 -0.2757384703
58 0.2757384703
59 0.7218926872
60 0.8923084338
61 0.7218926872
62 0.2757384703
63 -0.2757384703
64 -0.7218926872
65 -0.8923084338
66 -0.7218926872
67 -0.2757384703
68 0.2757384703
69 0.7218926872
70 0.8923084338
71 0.7218926872
72 0.2757384703
73 -0.2757384703
74 -0.7218926872
75 -0.8923084338
76 -0.7218926872
77 -0.2757384703
78 0.2757384703
79 0.7218926872
80 0.8923084338
81 0.7218926872
82 0.2757384703
83 -0.2757384703
84 -0.7218926872
85 -0.8923084338
86 -0.7218926872
87 -0.2757384703
88 0.2757384703
89 0.7218926872
90 0.8923084338
91 0.7218926872
92 0.2757384703
93 -0.2757384703
94 -0.7218926872
95 -0.8923084338
96 -0.7218926872
97 -0.2757384703
98 0.2757384703
99 0.7218926872
100 0.8923084338
101 0.7218926872
102 0.2757384703
103 -0.2757384703
104 -0.7218926872
105 -0.8923084338
106 -0.7218926872
107 -0.2757384703
108 0.2757384703
109 0.7218926872
110 0.8923084338
111 0.7218926872
112 0.2757384703
113 -0.2757384703
114 -0.7218926872
115 -0.8923084338
116 -0.7218926872
117 -0.2757384703
118 0.2757384703
119 0.7218926872
120 0.8923084338
121 0.7218926872
122 0.2757384703
123 -0.2757384703
124 -0.7218926872
125 -0.8923084338
126 -0.7218926872
127 -0.2757384703
128 0.2757384703
129 0.7218926872
130 0.8923084338
131 0.7218926872
132 0.2757384703
133 -0.2757384703
134 -0.7218926872
135 -0.8923084338
136 -0.7218926872
137 -0.2757384703
138 0.2757384703
139 0.7218926872
140 0.8923084338
141 0.7218926872
142 0.2757384703
143 -0.2757384703
144 -0.7218926872
145 -0.8923084338
146 -0.7218926872
147 -0.2757384703
148 0.2757384703
149 0.7218926872
150 0.8923084338
151 0.7218926872
152 0.2757384703
153 -0.2757384703
154 -0.7218926872
155 -0.8923084338
156 -0.7218926872
157 -0.2757384703
158 0.2757384703
159 0.7218926872
160 0.8923084338
161 0.7218926872
162 0.2757384703
163 -0.2757384703
164 -0.7218926872
165 -0.8923084338
166 -0.7218926872
167 -0.2757384703
168 0.2757384703
169 0.7218926872
170 0.8923084338
171 0.7218926872
172 0.2757384703
173 -0.2757384703
174 -0.7218926872
175 -0.8923084338
176 -0.7218926872
177 -0.2757384703
178 0.2757384703
179 0.7218926872
180 0.8923084338
181 0.7218926872
182 0.2757384703
183 -0.2757384703
184 -0.7218926872
185 -0.8923084338
186 -0.7218926872
187 -0.2757384703
188 0.2757384703
189 0.7218926872
190 0.8923084338
191 0.7218926872
192 0.2757384703
193 -0.2757384703
194 -0.7218926872
195 -0.8923084338
196 -0.7218926872
197 -0.2757384703
198 0.2757384703
199 0.7218926872
200 0.8923084338
201 0.7218926872
202 0.2757384703
203 -0.2757384703
204 -0.7218926872
205 -0.8923084338
206 -0.7218926872
207 -0.2757384703
208 0.2757384703
209 0.7218926872
210 0.8923084338
211 0.7218926872
212 0.2757384703
213 -0.2757384703
214 -0.7218926872
215 -0.8923084338
216 -0.7218926872
217 -0.2757384703
218 0.2757384703
219 0.7218926872
220 0.8923084338
221 0.7218926872
222 0.2757384703
223 -0.2757384703
224 -0.7218926872
225 -0.8923084338
226 -0.7218926872
227 -0.2757384703
228 0.2757384703
229 0.7218926872
230 0.8923084338
231 0.7218926872
232 0.2757384703
233 -0.2757384703
234 -0.7218926872
235 -0.8923084338
236 -0.7218926872
237 -0.2757384703
238 0.2757384703
239 0.7218926872
240 0.8923084338
241 0.7218926872
242 0.2757384703
243 -0.2757384703
244 -0.7218926872
245 -0.8923084338
246 -0.7218926872
247 -0.2757384703
248 0.2757384703
249 0.7218926872
250 0.8923084338
251 0.7218926872
252 0.2757384703
253 -0.2757384703
254 -0.7218926872
255 -0.8923084338
