0 7.0878578308
1 5.7341974389
2 2.1902685234
3 -2.1902685234
4 -5.7341974389
5 -7.0878578308
6 -5.7341974389
7 -2.1902685234
8 2.1902685234
9 5.7341974389
10 7.0878578308
11 5.7341974389
12 2.1902685234
13 -2.1902685234
14 -5.7341974389
15 -7.0878578308
16 -5.7341974389
17 -2.1902685234
18 2.1902685234
19 5.7341974389
20 7.0878578308
21 5.7341974389
22 2.1902685234
23 -2.1902685234
24 -5.7341974389
25 -7.0878578308
26 -5.7341974389
27 -2.1902685234
28 2.1902685235
29 5.7341974389
30 7.0878578308
31 5.7341974389
32 2.1902685234
33 -2.1902685235
34 -5.7341974389
35 -7.0878578308
36 -5.7341974389
37 -2.1902685234
38 2.1902685235
39 5.7341974389
40 7.0878578308
41 5.7341974389
42 2.1902685234
43 -2.1902685235
44 -5.7341974389
45 -7.0878578308
46 -5.7341974389
47 -2.1902685234
48 2.1902685235
49 5.7341974389
50 7.0878578308
51 5.7341974389
52 2.1902685234
53 -2.1902685235
54 -5.7341974389
55 -7.0878578308
56 -5.7341974389
57 -2.1902685234
58 2.1902685235
59 5.7341974389
60 7.0878578308
61 5.7341974389
62 2.1902685234
63 -2.1902685235
64 -5.7341974389
65 -7.0878578308
66 -5.7341974389
67 -2.1902685234
68 2.1902685235
69 5.7341974389
70 7.0878578308
71 5.7341974389
72 2.1902685234
73 -2.1902685235
74 -5.7341974389
75 -7.0878578308
76 -5.7341974388
77 -2.1902685234
78 2.1902685235
79 5.7341974389
80 7.0878578308
81 5.7341974388
82 2.1902685234
83 -2.1902685235
84 -5.7341974389
85 -7.0878578308
86 -5.7341974388
87 -2.1902685234
88 2.1902685235
89 5.7341974389
90 7.0878578308
91 5.7341974388
92 2.1902685234
93 -2.1902685235
94 -5.7341974389
95 -7.0878578308
96 -5.7341974388
97 -2.1902685234
98 2.1902685235
99 5.7341974389
100 7.0878578308
101 5.7341974388
102 2.1902685234
103 -2.1902685235
104 -5.7341974389
105 -7.0878578308
106 -5.7341974388
107 -2.1902685234
108 2.1902685235
109 5.7341974389
110 7.0878578308
111 5.7341974388
112 2.1902685234
113 -2.1902685235
114 -5.7341974389
115 -7.0878578308
116 -5.7341974388
117 -2.1902685234
118 2.1902685235
119 5.7341974389
120 7.0878578308
121 5.7341974388
122 2.1902685234
123 -2.1902685235
124 -5.7341974389
125 -7.0878578308
126 -5.7341974388
127 -2.1902685234
128 2.1902685235
129 5.7341974389
130 7.0878578308
131 5.7341974388
132 2.1902685234
133 -2.1902685235
134 -5.7341974389
135 -7.0878578308
136 -5.7341974388
137 -2.1902685234
138 2.1902685235
139 5.7341974389
140 7.0878578308
141 5.7341974388
142 2.1902685234
143 -2.1902685235
144 -5.7341974389
145 -7.0878578308
146 -5.7341974388
147 -2.1902685234
148 2.1902685235
149 5.7341974389
150 7.0878578308
151 5.7341974388
152 2.1902685234
153 -2.1902685235
154 -5.7341974389
155 -7.0878578308
156 -5.7341974388
157 -2.1902685234
158 2.1902685235
159 5.7341974389
160 7.0878578308
161 5.7341974388
162 2.1902685234
163 -2.1902685235
164 -5.7341974389
165 -7.0878578308
166 -5.7341974388
167 -2.1902685234
168 2.1902685235
169 5.7341974389
170 7.0878578308
171 5.7341974388
172 2.1902685234
173 -2.1902685235
174 -5.7341974389
175 -7.0878578308
176 -5.7341974388
177 -2.1902685234
178 2.1902685235
179 5.7341974389
180 7.0878578308
181 5.7341974388
182 2.1902685234
183 -2.1902685235
184 -5.7341974389
185 -7.0878578308
186 -5.7341974388
187 -2.1902685234
188 2.1902685235
189 5.7341974389
190 7.0878578308
191 5.7341974388
192 2.1902685234
193 -2.1902685235
194 -5.7341974389
195 -7.0878578308
196 -5.7341974388
197 -2.1902685234
198 2.1902685235
199 5.7341974389
200 7.0878578308
201 5.7341974388
202 2.1902685234
203 -2.1902685235
204 -5.7341974389
205 -7.0878578308
206 -5.7341974388
207 -2.1902685234
208 2.1902685235
209 5.7341974389
210 7.0878578308
211 5.7341974388
212 2.1902685234
213 -2.1902685235
214 -5.7341974389
215 -7.0878578308
216 -5.7341974388
217 -2.1902685234
218 2.1902685235
219 5.7341974389
220 7.0878578308
221 5.7341974388
222 2.1902685234
223 -2.1902685235
224 -5.7341974389
225 -7.0878578308
226 -5.7341974388
227 -2.1902685234
228 2.1902685235
229 5.7341974389
230 7.0878578308
231 5.7341974388
232 2.1902685234
233 -2.1902685235
234 -5.7341974389
235 -7.0878578308
236 -5.7341974388
237 -2.1902685234
238 2.1902685235
239 5.7341974389
240 7.0878578308
241 5.7341974388
242 2.1902685234
243 -2.1902685235
244 -5.7341974389
245 -7.0878578308
246 -5.7341974388
247 -2.1902685234
248 2.1902685235
249 5.7341974389
250 7.0878578308
251 5.7341974388
252 2.1902685234
253 -2.1902685235
254 -5.7341974389
255 -7.0878578308
