0 1001.1865297009
1 809.9769170673
2 309.3836522168
3 -309.3836522170
4 -809.9769170674
5 -1001.1865297009
6 -809.9769170672
7 -309.3836522166
8 309.3836522172
9 809.9769170675
10 1001.1865297009
11 809.9769170670
12 309.3836522164
13 -309.3836522174
14 -809.9769170677
15 -1001.1865297009
16 -809.9769170669
17 -309.3836522162
18 309.3836522176
19 809.9769170678
20 1001.1865297009
21 809.9769170668
22 309.3836522160
23 -309.3836522178
24 -809.9769170679
25 -1001.1865297009
26 -809.9769170667
27 -309.3836522158
28 309.3836522180
29 809.9769170680
30 1001.1865297009
31 809.9769170666
32 309.3836522156
33 -309.3836522182
34 -809.9769170681
35 -1001.1865297009
36 -809.9769170664
37 -309.3836522154
38 309.3836522184
39 809.9769170683
40 1001.1865297009
41 809.9769170663
42 309.3836522152
43 -309.3836522186
44 -809.9769170684
45 -1001.1865297009
46 -809.9769170662
47 -309.3836522150
48 309.3836522188
49 809.9769170685
50 1001.1865297009
51 809.9769170661
52 309.3836522148
53 -309.3836522189
54 -809.9769170686
55 -1001.1865297009
56 -809.9769170659
57 -309.3836522146
58 309.3836522191
59 809.9769170687
60 1001.1865297009
61 809.9769170658
62 309.3836522144
63 -309.3836522193
64 -809.9769170689
65 -1001.1865297009
66 -809.9769170657
67 -309.3836522142
68 309.3836522195
69 809.9769170690
70 1001.1865297009
71 809.9769170656
72 309.3836522140
73 -309.3836522197
74 -809.9769170691
75 -1001.1865297009
76 -809.9769170655
77 -309.3836522138
78 309.3836522199
79 809.9769170692
80 1001.1865297009
81 809.9769170653
82 309.3836522136
83 -309.3836522201
84 -809.9769170694
85 -1001.1865297009
86 -809.9769170652
87 -309.3836522134
88 309.3836522203
89 809.9769170695
90 1001.1865297009
91 809.9769170651
92 309.3836522132
93 -309.3836522205
94 -809.9769170696
95 -1001.1865297009
96 -809.9769170650
97 -309.3836522130
98 309.3836522207
99 809.9769170697
100 1001.1865297009
101 809.9769170649
102 309.3836522128
103 -309.3836522209
104 -809.9769170698
105 -1001.1865297009
106 -809.9769170647
107 -309.3836522126
108 309.3836522211
109 809.9769170700
110 1001.1865297009
111 809.9769170646
112 309.3836522124
113 -309.3836522213
114 -809.9769170701
115 -1001.1865297009
116 -809.9769170645
117 -309.3836522122
118 309.3836522215
119 809.9769170702
120 1001.1865297009
121 809.9769170644
122 309.3836522121
123 -309.3836522217
124 -809.9769170703
125 -1001.1865297009
126 -809.9769170642
127 -309.3836522119
128 309.3836522219
129 809.9769170705
130 1001.1865297009
131 809.9769170641
132 309.3836522117
133 -309.3836522221
134 -809.9769170706
135 -1001.1865297009
136 -809.9769170640
137 -309.3836522115
138 309.3836522223
139 809.9769170707
140 1001.1865297009
141 809.9769170639
142 309.3836522113
143 -309.3836522225
144 -809.9769170708
145 -1001.1865297009
146 -809.9769170638
147 -309.3836522111
148 309.3836522227
149 809.9769170709
150 1001.1865297009
151 809.9769170636
152 309.3836522109
153 -309.3836522229
154 -809.9769170711
155 -1001.1865297009
156 -809.9769170635
157 -309.3836522107
158 309.3836522231
159 809.9769170712
160 1001.1865297009
161 809.9769170634
162 309.3836522105
163 -309.3836522233
164 -809.9769170713
165 -1001.1865297009
166 -809.9769170633
167 -309.3836522103
168 309.3836522235
169 809.9769170714
170 1001.1865297009
171 809.9769170631
172 309.3836522101
173 -309.3836522237
174 -809.9769170716
175 -1001.1865297009
176 -809.9769170630
177 -309.3836522099
178 309.3836522239
179 809.9769170717
180 1001.1865297009
181 809.9769170629
182 309.3836522097
183 -309.3836522241
184 -809.9769170718
185 -1001.1865297009
186 -809.9769170628
187 -309.3836522095
188 309.3836522243
189 809.9769170719
190 1001.1865297009
191 809.9769170627
192 309.3836522093
193 -309.3836522245
194 -809.9769170720
195 -1001.1865297009
196 -809.9769170625
197 -309.3836522091
198 309.3836522247
199 809.9769170722
200 1001.1865297009
201 809.9769170624
202 309.3836522089
203 -309.3836522249
204 -809.9769170723
205 -1001.1865297009
206 -809.9769170623
207 -309.3836522087
208 309.3836522251
209 809.9769170724
210 1001.1865297009
211 809.9769170622
212 309.3836522085
213 -309.3836522253
214 -809.9769170725
215 -1001.1865297009
216 -809.9769170620
217 -309.3836522083
218 309.3836522254
219 809.9769170727
220 1001.1865297009
221 809.9769170619
222 309.3836522081
223 -309.3836522256
224 -809.9769170728
225 -1001.1865297009
226 -809.9769170618
227 -309.3836522079
228 309.3836522259
229 809.9769170729
230 1001.1865297009
231 809.9769170617
232 309.3836522077
233 -309.3836522260
234 -809.9769170730
235 -1001.1865297009
236 -809.9769170616
237 -309.3836522075
238 309.3836522262
239 809.9769170731
240 1001.1865297009
241 809.9769170614
242 309.3836522073
243 -309.3836522264
244 -809.9769170733
245 -1001.1865297009
246 -809.9769170613
247 -309.3836522071
248 309.3836522266
249 809.9769170734
250 1001.1865297009
251 809.9769170612
252 309.3836522069
253 -309.3836522268
254 -809.9769170735
255 -1001.1865297009
