0 0.1780389391
1 0.1440365274
2 0.0550170579
3 -0.0550170579
4 -0.1440365274
5 -0.1780389391
6 -0.1440365274
7 -0.0550170579
8 0.0550170579
9 0.1440365274
10 0.1780389391
11 0.1440365274
12 0.0550170579
13 -0.0550170579
14 -0.1440365274
15 -0.1780389391
16 -0.1440365274
17 -0.0550170579
18 0.0550170579
19 0.1440365274
20 0.1780389391
21 0.1440365274
22 0.0550170579
23 -0.0550170579
24 -0.1440365274
25 -0.1780389391
26 -0.1440365274
27 -0.0550170579
28 0.0550170579
29 0.1440365274
30 0.1780389391
31 0.1440365274
32 0.0550170579
33 -0.0550170579
34 -0.1440365274
35 -0.1780389391
36 -0.1440365274
37 -0.0550170579
38 0.0550170579
39 0.1440365274
40 0.1780389391
41 0.1440365274
42 0.0550170579
43 -0.0550170579
44 -0.1440365274
45 -0.1780389391
46 -0.1440365274
47 -0.0550170579
48 0.0550170579
49 0.1440365274
50 0.1780389391
51 0.1440365274
52 0.0550170579
53 -0.0550170579
54 -0.1440365274
55 -0.1780389391
56 -0.1440365274
57 -0.0550170579
58 0.0550170579
59 0.1440365274
60 0.1780389391
61 0.1440365274
62 0.0550170579
63 -0.0550170579
64 -0.1440365274
65 -0.1780389391
66 -0.1440365274
67 -0.0550170579
68 0.0550170579
69 0.1440365274
70 0.1780389391
71 0.1440365274
72 0.0550170579
73 -0.0550170579
74 -0.1440365274
75 -0.1780389391
76 -0.1440365274
77 -0.0550170579
78 0.0550170579
79 0.1440365274
80 0.1780389391
81 0.1440365274
82 0.0550170579
83 -0.0550170579
84 -0.1440365274
85 -0.1780389391
86 -0.1440365274
87 -0.0550170579
88 0.0550170579
89 0.1440365274
90 0.1780389391
91 0.1440365274
92 0.0550170579
93 -0.0550170579
94 -0.1440365274
95 -0.1780389391
96 -0.1440365274
97 -0.0550170579
98 0.0550170579
99 0.1440365274
100 0.1780389391
101 0.1440365274
102 0.0550170579
103 -0.0550170579
104 -0.1440365274
105 -0.1780389391
106 -0.1440365274
107 -0.0550170579
108 0.0550170579
109 0.1440365274
110 0.1780389391
111 0.1440365274
112 0.0550170579
113 -0.0550170579
114 -0.1440365274
115 -0.1780389391
116 -0.1440365274
117 -0.0550170579
118 0.0550170579
119 0.1440365274
120 0.1780389391
121 0.1440365274
122 0.0550170579
123 -0.0550170579
124 -0.1440365274
125 -0.1780389391
126 -0.1440365274
127 -0.0550170579
128 0.0550170579
129 0.1440365274
130 0.1780389391
131 0.1440365274
132 0.0550170579
133 -0.0550170579
134 -0.1440365274
135 -0.1780389391
136 -0.1440365274
137 -0.0550170579
138 0.0550170579
139 0.1440365274
140 0.1780389391
141 0.1440365274
142 0.0550170579
143 -0.0550170579
144 -0.1440365274
145 -0.1780389391
146 -0.1440365274
147 -0.0550170579
148 0.0550170579
149 0.1440365274
150 0.1780389391
151 0.1440365274
152 0.0550170579
153 -0.0550170579
154 -0.1440365274
155 -0.1780389391
156 -0.1440365274
157 -0.0550170579
158 0.0550170579
159 0.1440365274
160 0.1780389391
161 0.1440365274
162 0.0550170579
163 -0.0550170579
164 -0.1440365274
165 -0.1780389391
166 -0.1440365274
167 -0.0550170579
168 0.0550170579
169 0.1440365274
170 0.1780389391
171 0.1440365274
172 0.0550170579
173 -0.0550170579
174 -0.1440365274
175 -0.1780389391
176 -0.1440365274
177 -0.0550170579
178 0.0550170579
179 0.1440365274
180 0.1780389391
181 0.1440365274
182 0.0550170579
183 -0.0550170579
184 -0.1440365274
185 -0.1780389391
186 -0.1440365274
187 -0.0550170579
188 0.0550170579
189 0.1440365274
190 0.1780389391
191 0.1440365274
192 0.0550170579
193 -0.0550170579
194 -0.1440365274
195 -0.1780389391
196 -0.1440365274
197 -0.0550170579
198 0.0550170579
199 0.1440365274
200 0.1780389391
201 0.1440365274
202 0.0550170579
203 -0.0550170579
204 -0.1440365274
205 -0.1780389391
206 -0.1440365274
207 -0.0550170579
208 0.0550170579
209 0.1440365274
210 0.1780389391
211 0.1440365274
212 0.0550170579
213 -0.0550170579
214 -0.1440365274
215 -0.1780389391
216 -0.1440365274
217 -0.0550170579
218 0.0550170579
219 0.1440365274
220 0.1780389391
221 0.1440365274
222 0.0550170579
223 -0.0550170579
224 -0.1440365274
225 -0.1780389391
226 -0.1440365274
227 -0.0550170579
228 0.0550170579
229 0.1440365274
230 0.1780389391
231 0.1440365274
232 0.0550170579
233 -0.0550170579
234 -0.1440365274
235 -0.1780389391
236 -0.1440365274
237 -0.0550170579
238 0.0550170579
239 0.1440365274
240 0.1780389391
241 0.1440365274
242 0.0550170579
243 -0.0550170579
244 -0.1440365274
245 -0.1780389391
246 -0.1440365274
247 -0.0550170579
248 0.0550170579
249 0.1440365274
250 0.1780389391
251 0.1440365274
252 0.0550170579
253 -0.0550170579
254 -0.1440365274
255 -0.1780389391
