0 0.4472135955
1 0.3618033989
2 0.1381966011
3 -0.1381966011
4 -0.3618033989
5 -0.4472135955
6 -0.3618033989
7 -0.1381966011
8 0.1381966011
9 0.3618033989
10 0.4472135955
11 0.3618033989
12 0.1381966011
13 -0.1381966011
14 -0.3618033989
15 -0.4472135955
16 -0.3618033989
17 -0.1381966011
18 0.1381966011
19 0.3618033989
20 0.4472135955
21 0.3618033989
22 0.1381966011
23 -0.1381966011
24 -0.3618033989
25 -0.4472135955
26 -0.3618033989
27 -0.1381966011
28 0.1381966011
29 0.3618033989
30 0.4472135955
31 0.3618033989
32 0.1381966011
33 -0.1381966011
34 -0.3618033989
35 -0.4472135955
36 -0.3618033989
37 -0.1381966011
38 0.1381966011
39 0.3618033989
40 0.4472135955
41 0.3618033989
42 0.1381966011
43 -0.1381966011
44 -0.3618033989
45 -0.4472135955
46 -0.3618033989
47 -0.1381966011
48 0.1381966011
49 0.3618033989
50 0.4472135955
51 0.3618033989
52 0.1381966011
53 -0.1381966011
54 -0.3618033989
55 -0.4472135955
56 -0.3618033989
57 -0.1381966011
58 0.1381966011
59 0.3618033989
60 0.4472135955
61 0.3618033989
62 0.1381966011
63 -0.1381966011
64 -0.3618033989
65 -0.4472135955
66 -0.3618033989
67 -0.1381966011
68 0.1381966011
69 0.3618033989
70 0.4472135955
71 0.3618033989
72 0.1381966011
73 -0.1381966011
74 -0.3618033989
75 -0.4472135955
76 -0.3618033989
77 -0.1381966011
78 0.1381966011
79 0.3618033989
80 0.4472135955
81 0.3618033989
82 0.1381966011
83 -0.1381966011
84 -0.3618033989
85 -0.4472135955
86 -0.3618033989
87 -0.1381966011
88 0.1381966011
89 0.3618033989
90 0.4472135955
91 0.3618033989
92 0.1381966011
93 -0.1381966011
94 -0.3618033989
95 -0.4472135955
96 -0.3618033989
97 -0.1381966011
98 0.1381966011
99 0.3618033989
100 0.4472135955
101 0.3618033989
102 0.1381966011
103 -0.1381966011
104 -0.3618033989
105 -0.4472135955
106 -0.3618033989
107 -0.1381966011
108 0.1381966011
109 0.3618033989
110 0.4472135955
111 0.3618033989
112 0.1381966011
113 -0.1381966011
114 -0.3618033989
115 -0.4472135955
116 -0.3618033989
117 -0.1381966011
118 0.1381966011
119 0.3618033989
120 0.4472135955
121 0.3618033989
122 0.1381966011
123 -0.1381966011
124 -0.3618033989
125 -0.4472135955
126 -0.3618033989
127 -0.1381966011
128 0.1381966011
129 0.3618033989
130 0.4472135955
131 0.3618033989
132 0.1381966011
133 -0.1381966011
134 -0.3618033989
135 -0.4472135955
136 -0.3618033989
137 -0.1381966011
138 0.1381966011
139 0.3618033989
140 0.4472135955
141 0.3618033989
142 0.1381966011
143 -0.1381966011
144 -0.3618033989
145 -0.4472135955
146 -0.3618033989
147 -0.1381966011
148 0.1381966011
149 0.3618033989
150 0.4472135955
151 0.3618033989
152 0.1381966011
153 -0.1381966011
154 -0.3618033989
155 -0.4472135955
156 -0.3618033989
157 -0.1381966011
158 0.1381966011
159 0.3618033989
160 0.4472135955
161 0.3618033989
162 0.1381966011
163 -0.1381966011
164 -0.3618033989
165 -0.4472135955
166 -0.3618033989
167 -0.1381966011
168 0.1381966011
169 0.3618033989
170 0.4472135955
171 0.3618033989
172 0.1381966011
173 -0.1381966011
174 -0.3618033989
175 -0.4472135955
176 -0.3618033989
177 -0.1381966011
178 0.1381966011
179 0.3618033989
180 0.4472135955
181 0.3618033989
182 0.1381966011
183 -0.1381966011
184 -0.3618033989
185 -0.4472135955
186 -0.3618033989
187 -0.1381966011
188 0.1381966011
189 0.3618033989
190 0.4472135955
191 0.3618033989
192 0.1381966011
193 -0.1381966011
194 -0.3618033989
195 -0.4472135955
196 -0.3618033989
197 -0.1381966011
198 0.1381966011
199 0.3618033989
200 0.4472135955
201 0.3618033989
202 0.1381966011
203 -0.1381966011
204 -0.3618033989
205 -0.4472135955
206 -0.3618033989
207 -0.1381966011
208 0.1381966011
209 0.3618033989
210 0.4472135955
211 0.3618033989
212 0.1381966011
213 -0.1381966011
214 -0.3618033989
215 -0.4472135955
216 -0.3618033989
217 -0.1381966011
218 0.1381966011
219 0.3618033989
220 0.4472135955
221 0.3618033989
222 0.1381966011
223 -0.1381966011
224 -0.3618033989
225 -0.4472135955
226 -0.3618033989
227 -0.1381966011
228 0.1381966011
229 0.3618033989
230 0.4472135955
231 0.3618033989
232 0.1381966011
233 -0.1381966011
234 -0.3618033989
235 -0.4472135955
236 -0.3618033989
237 -0.1381966011
238 0.1381966011
239 0.3618033989
240 0.4472135955
241 0.3618033989
242 0.1381966011
243 -0.1381966011
244 -0.3618033989
245 -0.4472135955
246 -0.3618033989
247 -0.1381966011
248 0.1381966011
249 0.3618033989
250 0.4472135955
251 0.3618033989
252 0.1381966011
253 -0.1381966011
254 -0.3618033989
255 -0.4472135955
