0 56.3008559875
1 45.5483492917
2 17.3979212980
3 -17.3979212980
4 -45.5483492917
5 -56.3008559875
6 -45.5483492917
7 -17.3979212980
8 17.3979212980
9 45.5483492917
10 56.3008559875
11 45.5483492917
12 17.3979212980
13 -17.3979212980
14 -45.5483492917
15 -56.3008559875
16 -45.5483492917
17 -17.3979212979
18 17.3979212980
19 45.5483492917
20 56.3008559875
21 45.5483492917
22 17.3979212979
23 -17.3979212980
24 -45.5483492918
25 -56.3008559875
26 -45.5483492917
27 -17.3979212979
28 17.3979212980
29 45.5483492918
30 56.3008559875
31 45.5483492917
32 17.3979212979
33 -17.3979212981
34 -45.5483492918
35 -56.3008559875
36 -45.5483492917
37 -17.3979212979
38 17.3979212981
39 45.5483492918
40 56.3008559875
41 45.5483492917
42 17.3979212979
43 -17.3979212981
44 -45.5483492918
45 -56.3008559875
46 -45.5483492917
47 -17.3979212979
48 17.3979212981
49 45.5483492918
50 56.3008559875
51 45.5483492917
52 17.3979212979
53 -17.3979212981
54 -45.5483492918
55 -56.3008559875
56 -45.5483492916
57 -17.3979212979
58 17.3979212981
59 45.5483492918
60 56.3008559875
61 45.5483492916
62 17.3979212978
63 -17.3979212981
64 -45.5483492918
65 -56.3008559875
66 -45.5483492916
67 -17.3979212978
68 17.3979212981
69 45.5483492918
70 56.3008559875
71 45.5483492916
72 17.3979212978
73 -17.3979212981
74 -45.5483492918
75 -56.3008559875
76 -45.5483492916
77 -17.3979212978
78 17.3979212982
79 45.5483492918
80 56.3008559875
81 45.5483492916
82 17.3979212978
83 -17.3979212982
84 -45.5483492918
85 -56.3008559875
86 -45.5483492916
87 -17.3979212978
88 17.3979212982
89 45.5483492918
90 56.3008559875
91 45.5483492916
92 17.3979212978
93 -17.3979212982
94 -45.5483492919
95 -56.3008559875
96 -45.5483492916
97 -17.3979212978
98 17.3979212982
99 45.5483492919
100 56.3008559875
101 45.5483492916
102 17.3979212978
103 -17.3979212982
104 -45.5483492919
105 -56.3008559875
106 -45.5483492916
107 -17.3979212977
108 17.3979212982
109 45.5483492919
110 56.3008559875
111 45.5483492916
112 17.3979212977
113 -17.3979212982
114 -45.5483492919
115 -56.3008559875
116 -45.5483492916
117 -17.3979212977
118 17.3979212982
119 45.5483492919
120 56.3008559875
121 45.5483492916
122 17.3979212977
123 -17.3979212983
124 -45.5483492919
125 -56.3008559875
126 -45.5483492915
127 -17.3979212977
128 17.3979212983
129 45.5483492919
130 56.3008559875
131 45.5483492915
132 17.3979212977
133 -17.3979212983
134 -45.5483492919
135 -56.3008559875
136 -45.5483492915
137 -17.3979212977
138 17.3979212983
139 45.5483492919
140 56.3008559875
141 45.5483492915
142 17.3979212977
143 -17.3979212983
144 -45.5483492919
145 -56.3008559875
146 -45.5483492915
147 -17.3979212977
148 17.3979212983
149 45.5483492919
150 56.3008559875
151 45.5483492915
152 17.3979212976
153 -17.3979212983
154 -45.5483492919
155 -56.3008559875
156 -45.5483492915
157 -17.3979212976
158 17.3979212983
159 45.5483492919
160 56.3008559875
161 45.5483492915
162 17.3979212976
163 -17.3979212983
164 -45.5483492919
165 -56.3008559875
166 -45.5483492915
167 -17.3979212976
168 17.3979212984
169 45.5483492920
170 56.3008559875
171 45.5483492915
172 17.3979212976
173 -17.3979212984
174 -45.5483492920
175 -56.3008559875
176 -45.5483492915
177 -17.3979212976
178 17.3979212984
179 45.5483492920
180 56.3008559875
181 45.5483492915
182 17.3979212976
183 -17.3979212984
184 -45.5483492920
185 -56.3008559875
186 -45.5483492915
187 -17.3979212976
188 17.3979212984
189 45.5483492920
190 56.3008559875
191 45.5483492915
192 17.3979212976
193 -17.3979212984
194 -45.5483492920
195 -56.3008559875
196 -45.5483492915
197 -17.3979212975
198 17.3979212984
199 45.5483492920
200 56.3008559875
201 45.5483492914
202 17.3979212975
203 -17.3979212984
204 -45.5483492920
205 -56.3008559875
206 -45.5483492914
207 -17.3979212975
208 17.3979212984
209 45.5483492920
210 56.3008559875
211 45.5483492914
212 17.3979212975
213 -17.3979212985
214 -45.5483492920
215 -56.3008559875
216 -45.5483492914
217 -17.3979212975
218 17.3979212985
219 45.5483492920
220 56.3008559875
221 45.5483492914
222 17.3979212975
223 -17.3979212985
224 -45.5483492920
225 -56.3008559875
226 -45.5483492914
227 -17.3979212975
228 17.3979212985
229 45.5483492920
230 56.3008559875
231 45.5483492914
232 17.3979212975
233 -17.3979212985
234 -45.5483492920
235 -56.3008559875
236 -45.5483492914
237 -17.3979212975
238 17.3979212985
239 45.5483492920
240 56.3008559875
241 45.5483492914
242 17.3979212975
243 -17.3979212985
244 -45.5483492921
245 -56.3008559875
246 -45.5483492914
247 -17.3979212974
248 17.3979212985
249 45.5483492921
250 56.3008559875
251 45.5483492914
252 17.3979212974
253 -17.3979212985
254 -45.5483492921
255 -56.3008559875
