0 0.0447213595
1 0.0361803399
2 0.0138196601
3 -0.0138196601
4 -0.0361803399
5 -0.0447213595
6 -0.0361803399
7 -0.0138196601
8 0.0138196601
9 0.0361803399
10 0.0447213595
11 0.0361803399
12 0.0138196601
13 -0.0138196601
14 -0.0361803399
15 -0.0447213595
16 -0.0361803399
17 -0.0138196601
18 0.0138196601
19 0.0361803399
20 0.0447213595
21 0.0361803399
22 0.0138196601
23 -0.0138196601
24 -0.0361803399
25 -0.0447213595
26 -0.0361803399
27 -0.0138196601
28 0.0138196601
29 0.0361803399
30 0.0447213595
31 0.0361803399
32 0.0138196601
33 -0.0138196601
34 -0.0361803399
35 -0.0447213595
36 -0.0361803399
37 -0.0138196601
38 0.0138196601
39 0.0361803399
40 0.0447213595
41 0.0361803399
42 0.0138196601
43 -0.0138196601
44 -0.0361803399
45 -0.0447213595
46 -0.0361803399
47 -0.0138196601
48 0.0138196601
49 0.0361803399
50 0.0447213595
51 0.0361803399
52 0.0138196601
53 -0.0138196601
54 -0.0361803399
55 -0.0447213595
56 -0.0361803399
57 -0.0138196601
58 0.0138196601
59 0.0361803399
60 0.0447213595
61 0.0361803399
62 0.0138196601
63 -0.0138196601
64 -0.0361803399
65 -0.0447213595
66 -0.0361803399
67 -0.0138196601
68 0.0138196601
69 0.0361803399
70 0.0447213595
71 0.0361803399
72 0.0138196601
73 -0.0138196601
74 -0.0361803399
75 -0.0447213595
76 -0.0361803399
77 -0.0138196601
78 0.0138196601
79 0.0361803399
80 0.0447213595
81 0.0361803399
82 0.0138196601
83 -0.0138196601
84 -0.0361803399
85 -0.0447213595
86 -0.0361803399
87 -0.0138196601
88 0.0138196601
89 0.0361803399
90 0.0447213595
91 0.0361803399
92 0.0138196601
93 -0.0138196601
94 -0.0361803399
95 -0.0447213595
96 -0.0361803399
97 -0.0138196601
98 0.0138196601
99 0.0361803399
100 0.0447213595
101 0.0361803399
102 0.0138196601
103 -0.0138196601
104 -0.0361803399
105 -0.0447213595
106 -0.0361803399
107 -0.0138196601
108 0.0138196601
109 0.0361803399
110 0.0447213595
111 0.0361803399
112 0.0138196601
113 -0.0138196601
114 -0.0361803399
115 -0.0447213595
116 -0.0361803399
117 -0.0138196601
118 0.0138196601
119 0.0361803399
120 0.0447213595
121 0.0361803399
122 0.0138196601
123 -0.0138196601
124 -0.0361803399
125 -0.0447213595
126 -0.0361803399
127 -0.0138196601
128 0.0138196601
129 0.0361803399
130 0.0447213595
131 0.0361803399
132 0.0138196601
133 -0.0138196601
134 -0.0361803399
135 -0.0447213595
136 -0.0361803399
137 -0.0138196601
138 0.0138196601
139 0.0361803399
140 0.0447213595
141 0.0361803399
142 0.0138196601
143 -0.0138196601
144 -0.0361803399
145 -0.0447213595
146 -0.0361803399
147 -0.0138196601
148 0.0138196601
149 0.0361803399
150 0.0447213595
151 0.0361803399
152 0.0138196601
153 -0.0138196601
154 -0.0361803399
155 -0.0447213595
156 -0.0361803399
157 -0.0138196601
158 0.0138196601
159 0.0361803399
160 0.0447213595
161 0.0361803399
162 0.0138196601
163 -0.0138196601
164 -0.0361803399
165 -0.0447213595
166 -0.0361803399
167 -0.0138196601
168 0.0138196601
169 0.0361803399
170 0.0447213595
171 0.0361803399
172 0.0138196601
173 -0.0138196601
174 -0.0361803399
175 -0.0447213595
176 -0.0361803399
177 -0.0138196601
178 0.0138196601
179 0.0361803399
180 0.0447213595
181 0.0361803399
182 0.0138196601
183 -0.0138196601
184 -0.0361803399
185 -0.0447213595
186 -0.0361803399
187 -0.0138196601
188 0.0138196601
189 0.0361803399
190 0.0447213595
191 0.0361803399
192 0.0138196601
193 -0.0138196601
194 -0.0361803399
195 -0.0447213595
196 -0.0361803399
197 -0.0138196601
198 0.0138196601
199 0.0361803399
200 0.0447213595
201 0.0361803399
202 0.0138196601
203 -0.0138196601
204 -0.0361803399
205 -0.0447213595
206 -0.0361803399
207 -0.0138196601
208 0.0138196601
209 0.0361803399
210 0.0447213595
211 0.0361803399
212 0.0138196601
213 -0.0138196601
214 -0.0361803399
215 -0.0447213595
216 -0.0361803399
217 -0.0138196601
218 0.0138196601
219 0.0361803399
220 0.0447213595
221 0.0361803399
222 0.0138196601
223 -0.0138196601
224 -0.0361803399
225 -0.0447213595
226 -0.0361803399
227 -0.0138196601
228 0.0138196601
229 0.0361803399
230 0.0447213595
231 0.0361803399
232 0.0138196601
233 -0.0138196601
234 -0.0361803399
235 -0.0447213595
236 -0.0361803399
237 -0.0138196601
238 0.0138196601
239 0.0361803399
240 0.0447213595
241 0.0361803399
242 0.0138196601
243 -0.0138196601
244 -0.0361803399
245 -0.0447213595
246 -0.0361803399
247 -0.0138196601
248 0.0138196601
249 0.0361803399
250 0.0447213595
251 0.0361803399
252 0.0138196601
253 -0.0138196601
254 -0.0361803399
255 -0.0447213595
