0 199.7629752967
1 161.6116418619
2 61.7301542136
3 -61.7301542136
4 -161.6116418619
5 -199.7629752967
6 -161.6116418619
7 -61.7301542135
8 61.7301542136
9 161.6116418620
10 199.7629752967
11 161.6116418619
12 61.7301542135
13 -61.7301542137
14 -161.6116418620
15 -199.7629752967
16 -161.6116418618
17 -61.7301542134
18 61.7301542137
19 161.6116418620
20 199.7629752967
21 161.6116418618
22 61.7301542134
23 -61.7301542138
24 -161.6116418620
25 -199.7629752967
26 -161.6116418618
27 -61.7301542134
28 61.7301542138
29 161.6116418620
30 199.7629752967
31 161.6116418618
32 61.7301542133
33 -61.7301542138
34 -161.6116418621
35 -199.7629752967
36 -161.6116418617
37 -61.7301542133
38 61.7301542139
39 161.6116418621
40 199.7629752967
41 161.6116418617
42 61.7301542132
43 -61.7301542139
44 -161.6116418621
45 -199.7629752967
46 -161.6116418617
47 -61.7301542132
48 61.7301542140
49 161.6116418621
50 199.7629752967
51 161.6116418617
52 61.7301542132
53 -61.7301542140
54 -161.6116418622
55 -199.7629752967
56 -161.6116418616
57 -61.7301542131
58 61.7301542140
59 161.6116418622
60 199.7629752967
61 161.6116418616
62 61.7301542131
63 -61.7301542141
64 -161.6116418622
65 -199.7629752967
66 -161.6116418616
67 -61.7301542130
68 61.7301542141
69 161.6116418622
70 199.7629752967
71 161.6116418616
72 61.7301542130
73 -61.7301542141
74 -161.6116418623
75 -199.7629752967
76 -161.6116418615
77 -61.7301542130
78 61.7301542142
79 161.6116418623
80 199.7629752967
81 161.6116418615
82 61.7301542129
83 -61.7301542142
84 -161.6116418623
85 -199.7629752967
86 -161.6116418615
87 -61.7301542129
88 61.7301542143
89 161.6116418623
90 199.7629752967
91 161.6116418615
92 61.7301542129
93 -61.7301542143
94 -161.6116418624
95 -199.7629752967
96 -161.6116418614
97 -61.7301542128
98 61.7301542143
99 161.6116418624
100 199.7629752967
101 161.6116418614
102 61.7301542128
103 -61.7301542144
104 -161.6116418624
105 -199.7629752967
106 -161.6116418614
107 -61.7301542127
108 61.7301542144
109 161.6116418624
110 199.7629752967
111 161.6116418614
112 61.7301542127
113 -61.7301542145
114 -161.6116418625
115 -199.7629752967
116 -161.6116418613
117 -61.7301542127
118 61.7301542145
119 161.6116418625
120 199.7629752967
121 161.6116418613
122 61.7301542126
123 -61.7301542145
124 -161.6116418625
125 -199.7629752967
126 -161.6116418613
127 -61.7301542126
128 61.7301542146
129 161.6116418625
130 199.7629752967
131 161.6116418613
132 61.7301542125
133 -61.7301542146
134 -161.6116418626
135 -199.7629752967
136 -161.6116418612
137 -61.7301542125
138 61.7301542147
139 161.6116418626
140 199.7629752967
141 161.6116418612
142 61.7301542125
143 -61.7301542147
144 -161.6116418626
145 -199.7629752967
146 -161.6116418612
147 -61.7301542124
148 61.7301542147
149 161.6116418626
150 199.7629752967
151 161.6116418612
152 61.7301542124
153 -61.7301542148
154 -161.6116418627
155 -199.7629752967
156 -161.6116418611
157 -61.7301542123
158 61.7301542148
159 161.6116418627
160 199.7629752967
161 161.6116418611
162 61.7301542123
163 -61.7301542149
164 -161.6116418627
165 -199.7629752967
166 -161.6116418611
167 -61.7301542123
168 61.7301542149
169 161.6116418627
170 199.7629752967
171 161.6116418611
172 61.7301542122
173 -61.7301542149
174 -161.6116418628
175 -199.7629752967
176 -161.6116418611
177 -61.7301542122
178 61.7301542150
179 161.6116418628
180 199.7629752967
181 161.6116418610
182 61.7301542121
183 -61.7301542150
184 -161.6116418628
185 -199.7629752967
186 -161.6116418610
187 -61.7301542121
188 61.7301542151
189 161.6116418628
190 199.7629752967
191 161.6116418610
192 61.7301542121
193 -61.7301542151
194 -161.6116418629
195 -199.7629752967
196 -161.6116418610
197 -61.7301542120
198 61.7301542151
199 161.6116418629
200 199.7629752967
201 161.6116418609
202 61.7301542120
203 -61.7301542152
204 -161.6116418629
205 -199.7629752967
206 -161.6116418609
207 -61.7301542119
208 61.7301542152
209 161.6116418629
210 199.7629752967
211 161.6116418609
212 61.7301542119
213 -61.7301542152
214 -161.6116418629
215 -199.7629752967
216 -161.6116418609
217 -61.7301542119
218 61.7301542153
219 161.6116418630
220 199.7629752967
221 161.6116418608
222 61.7301542118
223 -61.7301542153
224 -161.6116418630
225 -199.7629752967
226 -161.6116418608
227 -61.7301542118
228 61.7301542154
229 161.6116418630
230 199.7629752967
231 161.6116418608
232 61.7301542117
233 -61.7301542154
234 -161.6116418630
235 -199.7629752967
236 -161.6116418608
237 -61.7301542117
238 61.7301542154
239 161.6116418631
240 199.7629752967
241 161.6116418607
242 61.7301542117
243 -61.7301542155
244 -161.6116418631
245 -199.7629752967
246 -161.6116418607
247 -61.7301542116
248 61.7301542155
249 161.6116418631
250 199.7629752967
251 161.6116418607
252 61.7301542116
253 -61.7301542156
254 -161.6116418631
255 -199.7629752967
