0 501.7819071657
1 405.9500903669
2 155.0591367840
3 -155.0591367841
4 -405.9500903670
5 -501.7819071657
6 -405.9500903668
7 -155.0591367839
8 155.0591367842
9 405.9500903670
10 501.7819071657
11 405.9500903668
12 155.0591367838
13 -155.0591367843
14 -405.9500903671
15 -501.7819071657
16 -405.9500903667
17 -155.0591367837
18 155.0591367844
19 405.9500903671
20 501.7819071657
21 405.9500903667
22 155.0591367836
23 -155.0591367845
24 -405.9500903672
25 -501.7819071657
26 -405.9500903666
27 -155.0591367835
28 155.0591367846
29 405.9500903673
30 501.7819071657
31 405.9500903665
32 155.0591367834
33 -155.0591367847
34 -405.9500903673
35 -501.7819071657
36 -405.9500903665
37 -155.0591367833
38 155.0591367848
39 405.9500903674
40 501.7819071657
41 405.9500903664
42 155.0591367832
43 -155.0591367849
44 -405.9500903674
45 -501.7819071657
46 -405.9500903664
47 -155.0591367831
48 155.0591367850
49 405.9500903675
50 501.7819071657
51 405.9500903663
52 155.0591367830
53 -155.0591367851
54 -405.9500903676
55 -501.7819071657
56 -405.9500903662
57 -155.0591367829
58 155.0591367852
59 405.9500903676
60 501.7819071657
61 405.9500903662
62 155.0591367828
63 -155.0591367853
64 -405.9500903677
65 -501.7819071657
66 -405.9500903661
67 -155.0591367827
68 155.0591367854
69 405.9500903678
70 501.7819071657
71 405.9500903660
72 155.0591367826
73 -155.0591367855
74 -405.9500903678
75 -501.7819071657
76 -405.9500903660
77 -155.0591367825
78 155.0591367856
79 405.9500903679
80 501.7819071657
81 405.9500903659
82 155.0591367824
83 -155.0591367857
84 -405.9500903679
85 -501.7819071657
86 -405.9500903659
87 -155.0591367823
88 155.0591367858
89 405.9500903680
90 501.7819071657
91 405.9500903658
92 155.0591367823
93 -155.0591367859
94 -405.9500903681
95 -501.7819071657
96 -405.9500903657
97 -155.0591367822
98 155.0591367860
99 405.9500903681
100 501.7819071657
101 405.9500903657
102 155.0591367821
103 -155.0591367861
104 -405.9500903682
105 -501.7819071657
106 -405.9500903656
107 -155.0591367820
108 155.0591367862
109 405.9500903682
110 501.7819071657
111 405.9500903656
112 155.0591367819
113 -155.0591367863
114 -405.9500903683
115 -501.7819071657
116 -405.9500903655
117 -155.0591367818
118 155.0591367864
119 405.9500903684
120 501.7819071657
121 405.9500903654
122 155.0591367817
123 -155.0591367865
124 -405.9500903684
125 -501.7819071657
126 -405.9500903654
127 -155.0591367816
128 155.0591367866
129 405.9500903685
130 501.7819071657
131 405.9500903653
132 155.0591367815
133 -155.0591367867
134 -405.9500903685
135 -501.7819071657
136 -405.9500903653
137 -155.0591367814
138 155.0591367868
139 405.9500903686
140 501.7819071657
141 405.9500903652
142 155.0591367813
143 -155.0591367869
144 -405.9500903687
145 -501.7819071657
146 -405.9500903651
147 -155.0591367812
148 155.0591367870
149 405.9500903687
150 501.7819071657
151 405.9500903651
152 155.0591367811
153 -155.0591367871
154 -405.9500903688
155 -501.7819071657
156 -405.9500903650
157 -155.0591367810
158 155.0591367872
159 405.9500903689
160 501.7819071657
161 405.9500903649
162 155.0591367809
163 -155.0591367873
164 -405.9500903689
165 -501.7819071657
166 -405.9500903649
167 -155.0591367808
168 155.0591367874
169 405.9500903690
170 501.7819071657
171 405.9500903648
172 155.0591367807
173 -155.0591367875
174 -405.9500903690
175 -501.7819071657
176 -405.9500903648
177 -155.0591367806
178 155.0591367876
179 405.9500903691
180 501.7819071657
181 405.9500903647
182 155.0591367805
183 -155.0591367877
184 -405.9500903692
185 -501.7819071657
186 -405.9500903646
187 -155.0591367804
188 155.0591367878
189 405.9500903692
190 501.7819071657
191 405.9500903646
192 155.0591367803
193 -155.0591367879
194 -405.9500903693
195 -501.7819071657
196 -405.9500903645
197 -155.0591367802
198 155.0591367880
199 405.9500903693
200 501.7819071657
201 405.9500903645
202 155.0591367801
203 -155.0591367881
204 -405.9500903694
205 -501.7819071657
206 -405.9500903644
207 -155.0591367800
208 155.0591367882
209 405.9500903695
210 501.7819071657
211 405.9500903643
212 155.0591367799
213 -155.0591367883
214 -405.9500903695
215 -501.7819071657
216 -405.9500903643
217 -155.0591367798
218 155.0591367884
219 405.9500903696
220 501.7819071657
221 405.9500903642
222 155.0591367797
223 -155.0591367885
224 -405.9500903696
225 -501.7819071657
226 -405.9500903642
227 -155.0591367796
228 155.0591367886
229 405.9500903697
230 501.7819071657
231 405.9500903641
232 155.0591367795
233 -155.0591367887
234 -405.9500903698
235 -501.7819071657
236 -405.9500903640
237 -155.0591367794
238 155.0591367888
239 405.9500903698
240 501.7819071657
241 405.9500903640
242 155.0591367793
243 -155.0591367889
244 -405.9500903699
245 -501.7819071657
246 -405.9500903639
247 -155.0591367792
248 155.0591367890
249 405.9500903700
250 501.7819071657
251 405.9500903639
252 155.0591367791
253 -155.0591367891
254 -405.9500903700
255 -501.7819071657
