0 0.6317059941
1 0.5110608847
2 0.1952078876
3 -0.1952078876
4 -0.5110608847
5 -0.6317059941
6 -0.5110608847
7 -0.1952078876
8 0.1952078876
9 0.5110608847
10 0.6317059941
11 0.5110608847
12 0.1952078876
13 -0.1952078876
14 -0.5110608847
15 -0.6317059941
16 -0.5110608847
17 -0.1952078876
18 0.1952078876
19 0.5110608847
20 0.6317059941
21 0.5110608847
22 0.1952078876
23 -0.1952078876
24 -0.5110608847
25 -0.6317059941
26 -0.5110608847
27 -0.1952078876
28 0.1952078876
29 0.5110608847
30 0.6317059941
31 0.5110608847
32 0.1952078876
33 -0.1952078876
34 -0.5110608847
35 -0.6317059941
36 -0.5110608847
37 -0.1952078876
38 0.1952078876
39 0.5110608847
40 0.6317059941
41 0.5110608847
42 0.1952078876
43 -0.1952078876
44 -0.5110608847
45 -0.6317059941
46 -0.5110608847
47 -0.1952078876
48 0.1952078876
49 0.5110608847
50 0.6317059941
51 0.5110608847
52 0.1952078876
53 -0.1952078876
54 -0.5110608847
55 -0.6317059941
56 -0.5110608847
57 -0.1952078876
58 0.1952078876
59 0.5110608847
60 0.6317059941
61 0.5110608847
62 0.1952078876
63 -0.1952078876
64 -0.5110608847
65 -0.6317059941
66 -0.5110608847
67 -0.1952078876
68 0.1952078876
69 0.5110608847
70 0.6317059941
71 0.5110608847
72 0.1952078876
73 -0.1952078876
74 -0.5110608847
75 -0.6317059941
76 -0.5110608847
77 -0.1952078876
78 0.1952078876
79 0.5110608847
80 0.6317059941
81 0.5110608847
82 0.1952078876
83 -0.1952078876
84 -0.5110608847
85 -0.6317059941
86 -0.5110608847
87 -0.1952078876
88 0.1952078876
89 0.5110608847
90 0.6317059941
91 0.5110608847
92 0.1952078876
93 -0.1952078876
94 -0.5110608847
95 -0.6317059941
96 -0.5110608847
97 -0.1952078876
98 0.1952078876
99 0.5110608847
100 0.6317059941
101 0.5110608847
102 0.1952078876
103 -0.1952078876
104 -0.5110608847
105 -0.6317059941
106 -0.5110608847
107 -0.1952078876
108 0.1952078876
109 0.5110608847
110 0.6317059941
111 0.5110608847
112 0.1952078876
113 -0.1952078876
114 -0.5110608847
115 -0.6317059941
116 -0.5110608847
117 -0.1952078876
118 0.1952078876
119 0.5110608847
120 0.6317059941
121 0.5110608847
122 0.1952078876
123 -0.1952078876
124 -0.5110608847
125 -0.6317059941
126 -0.5110608847
127 -0.1952078876
128 0.1952078876
129 0.5110608847
130 0.6317059941
131 0.5110608847
132 0.1952078876
133 -0.1952078876
134 -0.5110608847
135 -0.6317059941
136 -0.5110608847
137 -0.1952078876
138 0.1952078876
139 0.5110608847
140 0.6317059941
141 0.5110608847
142 0.1952078876
143 -0.1952078876
144 -0.5110608847
145 -0.6317059941
146 -0.5110608847
147 -0.1952078876
148 0.1952078876
149 0.5110608847
150 0.6317059941
151 0.5110608847
152 0.1952078876
153 -0.1952078876
154 -0.5110608847
155 -0.6317059941
156 -0.5110608847
157 -0.1952078876
158 0.1952078876
159 0.5110608847
160 0.6317059941
161 0.5110608847
162 0.1952078876
163 -0.1952078876
164 -0.5110608847
165 -0.6317059941
166 -0.5110608847
167 -0.1952078876
168 0.1952078876
169 0.5110608847
170 0.6317059941
171 0.5110608847
172 0.1952078876
173 -0.1952078876
174 -0.5110608847
175 -0.6317059941
176 -0.5110608847
177 -0.1952078876
178 0.1952078876
179 0.5110608847
180 0.6317059941
181 0.5110608847
182 0.1952078876
183 -0.1952078876
184 -0.5110608847
185 -0.6317059941
186 -0.5110608847
187 -0.1952078876
188 0.1952078876
189 0.5110608847
190 0.6317059941
191 0.5110608847
192 0.1952078876
193 -0.1952078876
194 -0.5110608847
195 -0.6317059941
196 -0.5110608847
197 -0.1952078876
198 0.1952078876
199 0.5110608847
200 0.6317059941
201 0.5110608847
202 0.1952078876
203 -0.1952078876
204 -0.5110608847
205 -0.6317059941
206 -0.5110608847
207 -0.1952078876
208 0.1952078876
209 0.5110608847
210 0.6317059941
211 0.5110608847
212 0.1952078876
213 -0.1952078876
214 -0.5110608847
215 -0.6317059941
216 -0.5110608847
217 -0.1952078876
218 0.1952078876
219 0.5110608847
220 0.6317059941
221 0.5110608847
222 0.1952078876
223 -0.1952078876
224 -0.5110608847
225 -0.6317059941
226 -0.5110608847
227 -0.1952078876
228 0.1952078876
229 0.5110608847
230 0.6317059941
231 0.5110608847
232 0.1952078876
233 -0.1952078876
234 -0.5110608847
235 -0.6317059941
236 -0.5110608847
237 -0.1952078876
238 0.1952078876
239 0.5110608847
240 0.6317059941
241 0.5110608847
242 0.1952078876
243 -0.1952078876
244 -0.5110608847
245 -0.6317059941
246 -0.5110608847
247 -0.1952078876
248 0.1952078876
249 0.5110608847
250 0.6317059941
251 0.5110608847
252 0.1952078876
253 -0.1952078876
254 -0.5110608847
255 -0.6317059941
