0 15.8677371531
1 12.8372690191
2 4.9034004426
3 -4.9034004426
4 -12.8372690191
5 -15.8677371531
6 -12.8372690191
7 -4.9034004426
8 4.9034004426
9 12.8372690191
10 15.8677371531
11 12.8372690191
12 4.9034004426
13 -4.9034004426
14 -12.8372690191
15 -15.8677371531
16 -12.8372690191
17 -4.9034004426
18 4.9034004426
19 12.8372690191
20 15.8677371531
21 12.8372690191
22 4.9034004426
23 -4.9034004426
24 -12.8372690191
25 -15.8677371531
26 -12.8372690191
27 -4.9034004426
28 4.9034004426
29 12.8372690191
30 15.8677371531
31 12.8372690191
32 4.9034004426
33 -4.9034004426
34 -12.8372690191
35 -15.8677371531
36 -12.8372690191
37 -4.9034004425
38 4.9034004426
39 12.8372690191
40 15.8677371531
41 12.8372690191
42 4.9034004425
43 -4.9034004426
44 -12.8372690191
45 -15.8677371531
46 -12.8372690191
47 -4.9034004425
48 4.9034004426
49 12.8372690191
50 15.8677371531
51 12.8372690191
52 4.9034004425
53 -4.9034004426
54 -12.8372690191
55 -15.8677371531
56 -12.8372690191
57 -4.9034004425
58 4.9034004426
59 12.8372690191
60 15.8677371531
61 12.8372690191
62 4.9034004425
63 -4.9034004426
64 -12.8372690191
65 -15.8677371531
66 -12.8372690191
67 -4.9034004425
68 4.9034004426
69 12.8372690191
70 15.8677371531
71 12.8372690191
72 4.9034004425
73 -4.9034004426
74 -12.8372690191
75 -15.8677371531
76 -12.8372690191
77 -4.9034004425
78 4.9034004426
79 12.8372690191
80 15.8677371531
81 12.8372690191
82 4.9034004425
83 -4.9034004426
84 -12.8372690191
85 -15.8677371531
86 -12.8372690191
87 -4.9034004425
88 4.9034004426
89 12.8372690191
90 15.8677371531
91 12.8372690191
92 4.9034004425
93 -4.9034004426
94 -12.8372690191
95 -15.8677371531
96 -12.8372690191
97 -4.9034004425
98 4.9034004426
99 12.8372690191
100 15.8677371531
101 12.8372690191
102 4.9034004425
103 -4.9034004426
104 -12.8372690191
105 -15.8677371531
106 -12.8372690191
107 -4.9034004425
108 4.9034004426
109 12.8372690191
110 15.8677371531
111 12.8372690191
112 4.9034004425
113 -4.9034004426
114 -12.8372690192
115 -15.8677371531
116 -12.8372690191
117 -4.9034004425
118 4.9034004426
119 12.8372690192
120 15.8677371531
121 12.8372690191
122 4.9034004425
123 -4.9034004426
124 -12.8372690192
125 -15.8677371531
126 -12.8372690191
127 -4.9034004425
128 4.9034004427
129 12.8372690192
130 15.8677371531
131 12.8372690191
132 4.9034004425
133 -4.9034004427
134 -12.8372690192
135 -15.8677371531
136 -12.8372690191
137 -4.9034004425
138 4.9034004427
139 12.8372690192
140 15.8677371531
141 12.8372690191
142 4.9034004425
143 -4.9034004427
144 -12.8372690192
145 -15.8677371531
146 -12.8372690190
147 -4.9034004425
148 4.9034004427
149 12.8372690192
150 15.8677371531
151 12.8372690190
152 4.9034004425
153 -4.9034004427
154 -12.8372690192
155 -15.8677371531
156 -12.8372690190
157 -4.9034004425
158 4.9034004427
159 12.8372690192
160 15.8677371531
161 12.8372690190
162 4.9034004425
163 -4.9034004427
164 -12.8372690192
165 -15.8677371531
166 -12.8372690190
167 -4.9034004425
168 4.9034004427
169 12.8372690192
170 15.8677371531
171 12.8372690190
172 4.9034004425
173 -4.9034004427
174 -12.8372690192
175 -15.8677371531
176 -12.8372690190
177 -4.9034004425
178 4.9034004427
179 12.8372690192
180 15.8677371531
181 12.8372690190
182 4.9034004425
183 -4.9034004427
184 -12.8372690192
185 -15.8677371531
186 -12.8372690190
187 -4.9034004425
188 4.9034004427
189 12.8372690192
190 15.8677371531
191 12.8372690190
192 4.9034004425
193 -4.9034004427
194 -12.8372690192
195 -15.8677371531
196 -12.8372690190
197 -4.9034004424
198 4.9034004427
199 12.8372690192
200 15.8677371531
201 12.8372690190
202 4.9034004424
203 -4.9034004427
204 -12.8372690192
205 -15.8677371531
206 -12.8372690190
207 -4.9034004424
208 4.9034004427
209 12.8372690192
210 15.8677371531
211 12.8372690190
212 4.9034004424
213 -4.9034004427
214 -12.8372690192
215 -15.8677371531
216 -12.8372690190
217 -4.9034004424
218 4.9034004427
219 12.8372690192
220 15.8677371531
221 12.8372690190
222 4.9034004424
223 -4.9034004427
224 -12.8372690192
225 -15.8677371531
226 -12.8372690190
227 -4.9034004424
228 4.9034004427
229 12.8372690192
230 15.8677371531
231 12.8372690190
232 4.9034004424
233 -4.9034004427
234 -12.8372690192
235 -15.8677371531
236 -12.8372690190
237 -4.9034004424
238 4.9034004427
239 12.8372690192
240 15.8677371531
241 12.8372690190
242 4.9034004424
243 -4.9034004427
244 -12.8372690192
245 -15.8677371531
246 -12.8372690190
247 -4.9034004424
248 4.9034004427
249 12.8372690192
250 15.8677371531
251 12.8372690190
252 4.9034004424
253 -4.9034004427
254 -12.8372690192
255 -15.8677371531
