0 17.8038939138
1 14.4036527423
2 5.5017057854
3 -5.5017057854
4 -14.4036527423
5 -17.8038939138
6 -14.4036527423
7 -5.5017057854
8 5.5017057854
9 14.4036527423
10 17.8038939138
11 14.4036527423
12 5.5017057854
13 -5.5017057854
14 -14.4036527423
15 -17.8038939138
16 -14.4036527423
17 -5.5017057854
18 5.5017057854
19 14.4036527423
20 17.8038939138
21 14.4036527423
22 5.5017057854
23 -5.5017057854
24 -14.4036527423
25 -17.8038939138
26 -14.4036527423
27 -5.5017057854
28 5.5017057854
29 14.4036527423
30 17.8038939138
31 14.4036527423
32 5.5017057854
33 -5.5017057854
34 -14.4036527423
35 -17.8038939138
36 -14.4036527423
37 -5.5017057854
38 5.5017057854
39 14.4036527423
40 17.8038939138
41 14.4036527423
42 5.5017057854
43 -5.5017057854
44 -14.4036527423
45 -17.8038939138
46 -14.4036527423
47 -5.5017057854
48 5.5017057854
49 14.4036527423
50 17.8038939138
51 14.4036527423
52 5.5017057854
53 -5.5017057854
54 -14.4036527423
55 -17.8038939138
56 -14.4036527423
57 -5.5017057854
58 5.5017057854
59 14.4036527423
60 17.8038939138
61 14.4036527422
62 5.5017057854
63 -5.5017057854
64 -14.4036527423
65 -17.8038939138
66 -14.4036527422
67 -5.5017057854
68 5.5017057854
69 14.4036527423
70 17.8038939138
71 14.4036527422
72 5.5017057853
73 -5.5017057854
74 -14.4036527423
75 -17.8038939138
76 -14.4036527422
77 -5.5017057853
78 5.5017057855
79 14.4036527423
80 17.8038939138
81 14.4036527422
82 5.5017057853
83 -5.5017057855
84 -14.4036527423
85 -17.8038939138
86 -14.4036527422
87 -5.5017057853
88 5.5017057855
89 14.4036527423
90 17.8038939138
91 14.4036527422
92 5.5017057853
93 -5.5017057855
94 -14.4036527423
95 -17.8038939138
96 -14.4036527422
97 -5.5017057853
98 5.5017057855
99 14.4036527423
100 17.8038939138
101 14.4036527422
102 5.5017057853
103 -5.5017057855
104 -14.4036527423
105 -17.8038939138
106 -14.4036527422
107 -5.5017057853
108 5.5017057855
109 14.4036527423
110 17.8038939138
111 14.4036527422
112 5.5017057853
113 -5.5017057855
114 -14.4036527423
115 -17.8038939138
116 -14.4036527422
117 -5.5017057853
118 5.5017057855
119 14.4036527423
120 17.8038939138
121 14.4036527422
122 5.5017057853
123 -5.5017057855
124 -14.4036527423
125 -17.8038939138
126 -14.4036527422
127 -5.5017057853
128 5.5017057855
129 14.4036527423
130 17.8038939138
131 14.4036527422
132 5.5017057853
133 -5.5017057855
134 -14.4036527423
135 -17.8038939138
136 -14.4036527422
137 -5.5017057853
138 5.5017057855
139 14.4036527423
140 17.8038939138
141 14.4036527422
142 5.5017057853
143 -5.5017057855
144 -14.4036527423
145 -17.8038939138
146 -14.4036527422
147 -5.5017057853
148 5.5017057855
149 14.4036527423
150 17.8038939138
151 14.4036527422
152 5.5017057853
153 -5.5017057855
154 -14.4036527423
155 -17.8038939138
156 -14.4036527422
157 -5.5017057853
158 5.5017057855
159 14.4036527423
160 17.8038939138
161 14.4036527422
162 5.5017057853
163 -5.5017057855
164 -14.4036527423
165 -17.8038939138
166 -14.4036527422
167 -5.5017057853
168 5.5017057855
169 14.4036527423
170 17.8038939138
171 14.4036527422
172 5.5017057853
173 -5.5017057855
174 -14.4036527424
175 -17.8038939138
176 -14.4036527422
177 -5.5017057853
178 5.5017057855
179 14.4036527424
180 17.8038939138
181 14.4036527422
182 5.5017057853
183 -5.5017057855
184 -14.4036527424
185 -17.8038939138
186 -14.4036527422
187 -5.5017057853
188 5.5017057855
189 14.4036527424
190 17.8038939138
191 14.4036527422
192 5.5017057853
193 -5.5017057855
194 -14.4036527424
195 -17.8038939138
196 -14.4036527422
197 -5.5017057853
198 5.5017057855
199 14.4036527424
200 17.8038939138
201 14.4036527422
202 5.5017057853
203 -5.5017057855
204 -14.4036527424
205 -17.8038939138
206 -14.4036527422
207 -5.5017057853
208 5.5017057855
209 14.4036527424
210 17.8038939138
211 14.4036527422
212 5.5017057853
213 -5.5017057855
214 -14.4036527424
215 -17.8038939138
216 -14.4036527422
217 -5.5017057852
218 5.5017057856
219 14.4036527424
220 17.8038939138
221 14.4036527422
222 5.5017057852
223 -5.5017057856
224 -14.4036527424
225 -17.8038939138
226 -14.4036527422
227 -5.5017057852
228 5.5017057856
229 14.4036527424
230 17.8038939138
231 14.4036527422
232 5.5017057852
233 -5.5017057856
234 -14.4036527424
235 -17.8038939138
236 -14.4036527422
237 -5.5017057852
238 5.5017057856
239 14.4036527424
240 17.8038939138
241 14.4036527422
242 5.5017057852
243 -5.5017057856
244 -14.4036527424
245 -17.8038939138
246 -14.4036527422
247 -5.5017057852
248 5.5017057856
249 14.4036527424
250 17.8038939138
251 14.4036527422
252 5.5017057852
253 -5.5017057856
254 -14.4036527424
255 -17.8038939138
