0 126.0419164186
1 101.9700523863
2 38.9490941769
3 -38.9490941770
4 -101.9700523863
5 -126.0419164186
6 -101.9700523863
7 -38.9490941769
8 38.9490941770
9 101.9700523863
10 126.0419164186
11 101.9700523862
12 38.9490941769
13 -38.9490941770
14 -101.9700523863
15 -126.0419164186
16 -101.9700523862
17 -38.9490941769
18 38.9490941770
19 101.9700523863
20 126.0419164186
21 101.9700523862
22 38.9490941768
23 -38.9490941771
24 -101.9700523863
25 -126.0419164186
26 -101.9700523862
27 -38.9490941768
28 38.9490941771
29 101.9700523864
30 126.0419164186
31 101.9700523862
32 38.9490941768
33 -38.9490941771
34 -101.9700523864
35 -126.0419164186
36 -101.9700523862
37 -38.9490941768
38 38.9490941771
39 101.9700523864
40 126.0419164186
41 101.9700523861
42 38.9490941767
43 -38.9490941772
44 -101.9700523864
45 -126.0419164186
46 -101.9700523861
47 -38.9490941767
48 38.9490941772
49 101.9700523864
50 126.0419164186
51 101.9700523861
52 38.9490941767
53 -38.9490941772
54 -101.9700523864
55 -126.0419164186
56 -101.9700523861
57 -38.9490941767
58 38.9490941772
59 101.9700523865
60 126.0419164186
61 101.9700523861
62 38.9490941766
63 -38.9490941773
64 -101.9700523865
65 -126.0419164186
66 -101.9700523861
67 -38.9490941766
68 38.9490941773
69 101.9700523865
70 126.0419164186
71 101.9700523861
72 38.9490941766
73 -38.9490941773
74 -101.9700523865
75 -126.0419164186
76 -101.9700523860
77 -38.9490941766
78 38.9490941773
79 101.9700523865
80 126.0419164186
81 101.9700523860
82 38.9490941765
83 -38.9490941774
84 -101.9700523865
85 -126.0419164186
86 -101.9700523860
87 -38.9490941765
88 38.9490941774
89 101.9700523865
90 126.0419164186
91 101.9700523860
92 38.9490941765
93 -38.9490941774
94 -101.9700523866
95 -126.0419164186
96 -101.9700523860
97 -38.9490941765
98 38.9490941774
99 101.9700523866
100 126.0419164186
101 101.9700523860
102 38.9490941764
103 -38.9490941775
104 -101.9700523866
105 -126.0419164186
106 -101.9700523859
107 -38.9490941764
108 38.9490941775
109 101.9700523866
110 126.0419164186
111 101.9700523859
112 38.9490941764
113 -38.9490941775
114 -101.9700523866
115 -126.0419164186
116 -101.9700523859
117 -38.9490941764
118 38.9490941775
119 101.9700523866
120 126.0419164186
121 101.9700523859
122 38.9490941763
123 -38.9490941776
124 -101.9700523867
125 -126.0419164186
126 -101.9700523859
127 -38.9490941763
128 38.9490941776
129 101.9700523867
130 126.0419164186
131 101.9700523859
132 38.9490941763
133 -38.9490941776
134 -101.9700523867
135 -126.0419164186
136 -101.9700523859
137 -38.9490941763
138 38.9490941776
139 101.9700523867
140 126.0419164186
141 101.9700523858
142 38.9490941762
143 -38.9490941777
144 -101.9700523867
145 -126.0419164186
146 -101.9700523858
147 -38.9490941762
148 38.9490941777
149 101.9700523867
150 126.0419164186
151 101.9700523858
152 38.9490941762
153 -38.9490941777
154 -101.9700523867
155 -126.0419164186
156 -101.9700523858
157 -38.9490941762
158 38.9490941777
159 101.9700523868
160 126.0419164186
161 101.9700523858
162 38.9490941761
163 -38.9490941778
164 -101.9700523868
165 -126.0419164186
166 -101.9700523858
167 -38.9490941761
168 38.9490941778
169 101.9700523868
170 126.0419164186
171 101.9700523857
172 38.9490941761
173 -38.9490941778
174 -101.9700523868
175 -126.0419164186
176 -101.9700523857
177 -38.9490941761
178 38.9490941778
179 101.9700523868
180 126.0419164186
181 101.9700523857
182 38.9490941760
183 -38.9490941779
184 -101.9700523868
185 -126.0419164186
186 -101.9700523857
187 -38.9490941760
188 38.9490941779
189 101.9700523869
190 126.0419164186
191 101.9700523857
192 38.9490941760
193 -38.9490941779
194 -101.9700523869
195 -126.0419164186
196 -101.9700523857
197 -38.9490941760
198 38.9490941779
199 101.9700523869
200 126.0419164186
201 101.9700523857
202 38.9490941759
203 -38.9490941780
204 -101.9700523869
205 -126.0419164186
206 -101.9700523856
207 -38.9490941759
208 38.9490941780
209 101.9700523869
210 126.0419164186
211 101.9700523856
212 38.9490941759
213 -38.9490941780
214 -101.9700523869
215 -126.0419164186
216 -101.9700523856
217 -38.9490941759
218 38.9490941780
219 101.9700523869
220 126.0419164186
221 101.9700523856
222 38.9490941758
223 -38.9490941781
224 -101.9700523870
225 -126.0419164186
226 -101.9700523856
227 -38.9490941758
228 38.9490941781
229 101.9700523870
230 126.0419164186
231 101.9700523856
232 38.9490941758
233 -38.9490941781
234 -101.9700523870
235 -126.0419164186
236 -101.9700523856
237 -38.9490941758
238 38.9490941781
239 101.9700523870
240 126.0419164186
241 101.9700523855
242 38.9490941757
243 -38.9490941782
244 -101.9700523870
245 -126.0419164186
246 -101.9700523855
247 -38.9490941757
248 38.9490941782
249 101.9700523870
250 126.0419164186
251 101.9700523855
252 38.9490941757
253 -38.9490941782
254 -101.9700523871
255 -126.0419164186
