0 0.3985795365
1 0.3224576187
2 0.1231678504
3 -0.1231678504
4 -0.3224576187
5 -0.3985795365
6 -0.3224576187
7 -0.1231678504
8 0.1231678504
9 0.3224576187
10 0.3985795365
11 0.3224576187
12 0.1231678504
13 -0.1231678504
14 -0.3224576187
15 -0.3985795365
16 -0.3224576187
17 -0.1231678504
18 0.1231678504
19 0.3224576187
20 0.3985795365
21 0.3224576187
22 0.1231678504
23 -0.1231678504
24 -0.3224576187
25 -0.3985795365
26 -0.3224576187
27 -0.1231678504
28 0.1231678504
29 0.3224576187
30 0.3985795365
31 0.3224576187
32 0.1231678504
33 -0.1231678504
34 -0.3224576187
35 -0.3985795365
36 -0.3224576187
37 -0.1231678504
38 0.1231678504
39 0.3224576187
40 0.3985795365
41 0.3224576187
42 0.1231678504
43 -0.1231678504
44 -0.3224576187
45 -0.3985795365
46 -0.3224576187
47 -0.1231678504
48 0.1231678504
49 0.3224576187
50 0.3985795365
51 0.3224576187
52 0.1231678504
53 -0.1231678504
54 -0.3224576187
55 -0.3985795365
56 -0.3224576187
57 -0.1231678504
58 0.1231678504
59 0.3224576187
60 0.3985795365
61 0.3224576187
62 0.1231678504
63 -0.1231678504
64 -0.3224576187
65 -0.3985795365
66 -0.3224576187
67 -0.1231678504
68 0.1231678504
69 0.3224576187
70 0.3985795365
71 0.3224576187
72 0.1231678504
73 -0.1231678504
74 -0.3224576187
75 -0.3985795365
76 -0.3224576187
77 -0.1231678504
78 0.1231678504
79 0.3224576187
80 0.3985795365
81 0.3224576187
82 0.1231678504
83 -0.1231678504
84 -0.3224576187
85 -0.3985795365
86 -0.3224576187
87 -0.1231678504
88 0.1231678504
89 0.3224576187
90 0.3985795365
91 0.3224576187
92 0.1231678504
93 -0.1231678504
94 -0.3224576187
95 -0.3985795365
96 -0.3224576187
97 -0.1231678504
98 0.1231678504
99 0.3224576187
100 0.3985795365
101 0.3224576187
102 0.1231678504
103 -0.1231678504
104 -0.3224576187
105 -0.3985795365
106 -0.3224576187
107 -0.1231678504
108 0.1231678504
109 0.3224576187
110 0.3985795365
111 0.3224576187
112 0.1231678504
113 -0.1231678504
114 -0.3224576187
115 -0.3985795365
116 -0.3224576187
117 -0.1231678504
118 0.1231678504
119 0.3224576187
120 0.3985795365
121 0.3224576187
122 0.1231678504
123 -0.1231678504
124 -0.3224576187
125 -0.3985795365
126 -0.3224576187
127 -0.1231678504
128 0.1231678504
129 0.3224576187
130 0.3985795365
131 0.3224576187
132 0.1231678504
133 -0.1231678504
134 -0.3224576187
135 -0.3985795365
136 -0.3224576187
137 -0.1231678504
138 0.1231678504
139 0.3224576187
140 0.3985795365
141 0.3224576187
142 0.1231678504
143 -0.1231678504
144 -0.3224576187
145 -0.3985795365
146 -0.3224576187
147 -0.1231678504
148 0.1231678504
149 0.3224576187
150 0.3985795365
151 0.3224576187
152 0.1231678504
153 -0.1231678504
154 -0.3224576187
155 -0.3985795365
156 -0.3224576187
157 -0.1231678504
158 0.1231678504
159 0.3224576187
160 0.3985795365
161 0.3224576187
162 0.1231678504
163 -0.1231678504
164 -0.3224576187
165 -0.3985795365
166 -0.3224576187
167 -0.1231678504
168 0.1231678504
169 0.3224576187
170 0.3985795365
171 0.3224576187
172 0.1231678504
173 -0.1231678504
174 -0.3224576187
175 -0.3985795365
176 -0.3224576187
177 -0.1231678504
178 0.1231678504
179 0.3224576187
180 0.3985795365
181 0.3224576187
182 0.1231678504
183 -0.1231678504
184 -0.3224576187
185 -0.3985795365
186 -0.3224576187
187 -0.1231678504
188 0.1231678504
189 0.3224576187
190 0.3985795365
191 0.3224576187
192 0.1231678504
193 -0.1231678504
194 -0.3224576187
195 -0.3985795365
196 -0.3224576187
197 -0.1231678504
198 0.1231678504
199 0.3224576187
200 0.3985795365
201 0.3224576187
202 0.1231678504
203 -0.1231678504
204 -0.3224576187
205 -0.3985795365
206 -0.3224576187
207 -0.1231678504
208 0.1231678504
209 0.3224576187
210 0.3985795365
211 0.3224576187
212 0.1231678504
213 -0.1231678504
214 -0.3224576187
215 -0.3985795365
216 -0.3224576187
217 -0.1231678504
218 0.1231678504
219 0.3224576187
220 0.3985795365
221 0.3224576187
222 0.1231678504
223 -0.1231678504
224 -0.3224576187
225 -0.3985795365
226 -0.3224576187
227 -0.1231678504
228 0.1231678504
229 0.3224576187
230 0.3985795365
231 0.3224576187
232 0.1231678504
233 -0.1231678504
234 -0.3224576187
235 -0.3985795365
236 -0.3224576187
237 -0.1231678504
238 0.1231678504
239 0.3224576187
240 0.3985795365
241 0.3224576187
242 0.1231678504
243 -0.1231678504
244 -0.3224576187
245 -0.3985795365
246 -0.3224576187
247 -0.1231678504
248 0.1231678504
249 0.3224576187
250 0.3985795365
251 0.3224576187
252 0.1231678504
253 -0.1231678504
254 -0.3224576187
255 -0.3985795365
