0 282.1727026321
1 228.2825117781
2 87.1961604620
3 -87.1961604621
4 -228.2825117781
5 -282.1727026321
6 -228.2825117780
7 -87.1961604619
8 87.1961604621
9 228.2825117781
10 282.1727026321
11 228.2825117780
12 87.1961604619
13 -87.1961604622
14 -228.2825117782
15 -282.1727026321
16 -228.2825117780
17 -87.1961604618
18 87.1961604622
19 228.2825117782
20 282.1727026321
21 228.2825117779
22 87.1961604618
23 -87.1961604623
24 -228.2825117782
25 -282.1727026321
26 -228.2825117779
27 -87.1961604617
28 87.1961604623
29 228.2825117783
30 282.1727026321
31 228.2825117779
32 87.1961604617
33 -87.1961604624
34 -228.2825117783
35 -282.1727026321
36 -228.2825117778
37 -87.1961604616
38 87.1961604624
39 228.2825117783
40 282.1727026321
41 228.2825117778
42 87.1961604616
43 -87.1961604625
44 -228.2825117784
45 -282.1727026321
46 -228.2825117778
47 -87.1961604615
48 87.1961604626
49 228.2825117784
50 282.1727026321
51 228.2825117777
52 87.1961604614
53 -87.1961604626
54 -228.2825117784
55 -282.1727026321
56 -228.2825117777
57 -87.1961604614
58 87.1961604627
59 228.2825117785
60 282.1727026321
61 228.2825117777
62 87.1961604613
63 -87.1961604627
64 -228.2825117785
65 -282.1727026321
66 -228.2825117776
67 -87.1961604613
68 87.1961604628
69 228.2825117785
70 282.1727026321
71 228.2825117776
72 87.1961604612
73 -87.1961604628
74 -228.2825117786
75 -282.1727026321
76 -228.2825117775
77 -87.1961604612
78 87.1961604629
79 228.2825117786
80 282.1727026321
81 228.2825117775
82 87.1961604611
83 -87.1961604629
84 -228.2825117786
85 -282.1727026321
86 -228.2825117775
87 -87.1961604611
88 87.1961604630
89 228.2825117787
90 282.1727026321
91 228.2825117774
92 87.1961604610
93 -87.1961604631
94 -228.2825117787
95 -282.1727026321
96 -228.2825117774
97 -87.1961604609
98 87.1961604631
99 228.2825117788
100 282.1727026321
101 228.2825117774
102 87.1961604609
103 -87.1961604632
104 -228.2825117788
105 -282.1727026321
106 -228.2825117773
107 -87.1961604608
108 87.1961604632
109 228.2825117788
110 282.1727026321
111 228.2825117773
112 87.1961604608
113 -87.1961604633
114 -228.2825117789
115 -282.1727026321
116 -228.2825117773
117 -87.1961604607
118 87.1961604633
119 228.2825117789
120 282.1727026321
121 228.2825117772
122 87.1961604607
123 -87.1961604634
124 -228.2825117789
125 -282.1727026321
126 -228.2825117772
127 -87.1961604606
128 87.1961604634
129 228.2825117790
130 282.1727026321
131 228.2825117772
132 87.1961604606
133 -87.1961604635
134 -228.2825117790
135 -282.1727026321
136 -228.2825117771
137 -87.1961604605
138 87.1961604636
139 228.2825117790
140 282.1727026321
141 228.2825117771
142 87.1961604604
143 -87.1961604636
144 -228.2825117791
145 -282.1727026321
146 -228.2825117771
147 -87.1961604604
148 87.1961604637
149 228.2825117791
150 282.1727026321
151 228.2825117770
152 87.1961604603
153 -87.1961604637
154 -228.2825117791
155 -282.1727026321
156 -228.2825117770
157 -87.1961604603
158 87.1961604638
159 228.2825117792
160 282.1727026321
161 228.2825117770
162 87.1961604602
163 -87.1961604638
164 -228.2825117792
165 -282.1727026321
166 -228.2825117769
167 -87.1961604602
168 87.1961604639
169 228.2825117792
170 282.1727026321
171 228.2825117769
172 87.1961604601
173 -87.1961604639
174 -228.2825117793
175 -282.1727026321
176 -228.2825117769
177 -87.1961604601
178 87.1961604640
179 228.2825117793
180 282.1727026321
181 228.2825117768
182 87.1961604600
183 -87.1961604641
184 -228.2825117793
185 -282.1727026321
186 -228.2825117768
187 -87.1961604599
188 87.1961604641
189 228.2825117794
190 282.1727026321
191 228.2825117768
192 87.1961604599
193 -87.1961604642
194 -228.2825117794
195 -282.1727026321
196 -228.2825117767
197 -87.1961604598
198 87.1961604642
199 228.2825117794
200 282.1727026321
201 228.2825117767
202 87.1961604598
203 -87.1961604643
204 -228.2825117795
205 -282.1727026321
206 -228.2825117767
207 -87.1961604597
208 87.1961604643
209 228.2825117795
210 282.1727026321
211 228.2825117766
212 87.1961604597
213 -87.1961604644
214 -228.2825117795
215 -282.1727026321
216 -228.2825117766
217 -87.1961604596
218 87.1961604644
219 228.2825117796
220 282.1727026321
221 228.2825117766
222 87.1961604596
223 -87.1961604645
224 -228.2825117796
225 -282.1727026321
226 -228.2825117765
227 -87.1961604595
228 87.1961604646
229 228.2825117796
230 282.1727026321
231 228.2825117765
232 87.1961604594
233 -87.1961604646
234 -228.2825117797
235 -282.1727026321
236 -228.2825117765
237 -87.1961604594
238 87.1961604647
239 228.2825117797
240 282.1727026321
241 228.2825117764
242 87.1961604593
243 -87.1961604647
244 -228.2825117797
245 -282.1727026321
246 -228.2825117764
247 -87.1961604593
248 87.1961604648
249 228.2825117798
250 282.1727026321
251 228.2825117764
252 87.1961604592
253 -87.1961604648
254 -228.2825117798
255 -282.1727026321
