0 0.0079527073
1 0.0064338753
2 0.0024575217
3 -0.0024575217
4 -0.0064338753
5 -0.0079527073
6 -0.0064338753
7 -0.0024575217
8 0.0024575217
9 0.0064338753
10 0.0079527073
11 0.0064338753
12 0.0024575217
13 -0.0024575217
14 -0.0064338753
15 -0.0079527073
16 -0.0064338753
17 -0.0024575217
18 0.0024575217
19 0.0064338753
20 0.0079527073
21 0.0064338753
22 0.0024575217
23 -0.0024575217
24 -0.0064338753
25 -0.0079527073
26 -0.0064338753
27 -0.0024575217
28 0.0024575217
29 0.0064338753
30 0.0079527073
31 0.0064338753
32 0.0024575217
33 -0.0024575217
34 -0.0064338753
35 -0.0079527073
36 -0.0064338753
37 -0.0024575217
38 0.0024575217
39 0.0064338753
40 0.0079527073
41 0.0064338753
42 0.0024575217
43 -0.0024575217
44 -0.0064338753
45 -0.0079527073
46 -0.0064338753
47 -0.0024575217
48 0.0024575217
49 0.0064338753
50 0.0079527073
51 0.0064338753
52 0.0024575217
53 -0.0024575217
54 -0.0064338753
55 -0.0079527073
56 -0.0064338753
57 -0.0024575217
58 0.0024575217
59 0.0064338753
60 0.0079527073
61 0.0064338753
62 0.0024575217
63 -0.0024575217
64 -0.0064338753
65 -0.0079527073
66 -0.0064338753
67 -0.0024575217
68 0.0024575217
69 0.0064338753
70 0.0079527073
71 0.0064338753
72 0.0024575217
73 -0.0024575217
74 -0.0064338753
75 -0.0079527073
76 -0.0064338753
77 -0.0024575217
78 0.0024575217
79 0.0064338753
80 0.0079527073
81 0.0064338753
82 0.0024575217
83 -0.0024575217
84 -0.0064338753
85 -0.0079527073
86 -0.0064338753
87 -0.0024575217
88 0.0024575217
89 0.0064338753
90 0.0079527073
91 0.0064338753
92 0.0024575217
93 -0.0024575217
94 -0.0064338753
95 -0.0079527073
96 -0.0064338753
97 -0.0024575217
98 0.0024575217
99 0.0064338753
100 0.0079527073
101 0.0064338753
102 0.0024575217
103 -0.0024575217
104 -0.0064338753
105 -0.0079527073
106 -0.0064338753
107 -0.0024575217
108 0.0024575217
109 0.0064338753
110 0.0079527073
111 0.0064338753
112 0.0024575217
113 -0.0024575217
114 -0.0064338753
115 -0.0079527073
116 -0.0064338753
117 -0.0024575217
118 0.0024575217
119 0.0064338753
120 0.0079527073
121 0.0064338753
122 0.0024575217
123 -0.0024575217
124 -0.0064338753
125 -0.0079527073
126 -0.0064338753
127 -0.0024575217
128 0.0024575217
129 0.0064338753
130 0.0079527073
131 0.0064338753
132 0.0024575217
133 -0.0024575217
134 -0.0064338753
135 -0.0079527073
136 -0.0064338753
137 -0.0024575217
138 0.0024575217
139 0.0064338753
140 0.0079527073
141 0.0064338753
142 0.0024575217
143 -0.0024575217
144 -0.0064338753
145 -0.0079527073
146 -0.0064338753
147 -0.0024575217
148 0.0024575217
149 0.0064338753
150 0.0079527073
151 0.0064338753
152 0.0024575217
153 -0.0024575217
154 -0.0064338753
155 -0.0079527073
156 -0.0064338753
157 -0.0024575217
158 0.0024575217
159 0.0064338753
160 0.0079527073
161 0.0064338753
162 0.0024575217
163 -0.0024575217
164 -0.0064338753
165 -0.0079527073
166 -0.0064338753
167 -0.0024575217
168 0.0024575217
169 0.0064338753
170 0.0079527073
171 0.0064338753
172 0.0024575217
173 -0.0024575217
174 -0.0064338753
175 -0.0079527073
176 -0.0064338753
177 -0.0024575217
178 0.0024575217
179 0.0064338753
180 0.0079527073
181 0.0064338753
182 0.0024575217
183 -0.0024575217
184 -0.0064338753
185 -0.0079527073
186 -0.0064338753
187 -0.0024575217
188 0.0024575217
189 0.0064338753
190 0.0079527073
191 0.0064338753
192 0.0024575217
193 -0.0024575217
194 -0.0064338753
195 -0.0079527073
196 -0.0064338753
197 -0.0024575217
198 0.0024575217
199 0.0064338753
200 0.0079527073
201 0.0064338753
202 0.0024575217
203 -0.0024575217
204 -0.0064338753
205 -0.0079527073
206 -0.0064338753
207 -0.0024575217
208 0.0024575217
209 0.0064338753
210 0.0079527073
211 0.0064338753
212 0.0024575217
213 -0.0024575217
214 -0.0064338753
215 -0.0079527073
216 -0.0064338753
217 -0.0024575217
218 0.0024575217
219 0.0064338753
220 0.0079527073
221 0.0064338753
222 0.0024575217
223 -0.0024575217
224 -0.0064338753
225 -0.0079527073
226 -0.0064338753
227 -0.0024575217
228 0.0024575217
229 0.0064338753
230 0.0079527073
231 0.0064338753
232 0.0024575217
233 -0.0024575217
234 -0.0064338753
235 -0.0079527073
236 -0.0064338753
237 -0.0024575217
238 0.0024575217
239 0.0064338753
240 0.0079527073
241 0.0064338753
242 0.0024575217
243 -0.0024575217
244 -0.0064338753
245 -0.0079527073
246 -0.0064338753
247 -0.0024575217
248 0.0024575217
249 0.0064338753
250 0.0079527073
251 0.0064338753
252 0.0024575217
253 -0.0024575217
254 -0.0064338753
255 -0.0079527073
