0 795.2707287671
1 643.3875347015
2 245.7521703179
3 -245.7521703181
4 -643.3875347016
5 -795.2707287671
6 -643.3875347014
7 -245.7521703177
8 245.7521703182
9 643.3875347017
10 795.2707287671
11 643.3875347013
12 245.7521703176
13 -245.7521703184
14 -643.3875347018
15 -795.2707287671
16 -643.3875347012
17 -245.7521703174
18 245.7521703185
19 643.3875347019
20 795.2707287671
21 643.3875347011
22 245.7521703173
23 -245.7521703187
24 -643.3875347020
25 -795.2707287671
26 -643.3875347010
27 -245.7521703171
28 245.7521703188
29 643.3875347021
30 795.2707287671
31 643.3875347009
32 245.7521703170
33 -245.7521703190
34 -643.3875347022
35 -795.2707287671
36 -643.3875347008
37 -245.7521703168
38 245.7521703192
39 643.3875347022
40 795.2707287671
41 643.3875347007
42 245.7521703167
43 -245.7521703193
44 -643.3875347023
45 -795.2707287671
46 -643.3875347006
47 -245.7521703165
48 245.7521703195
49 643.3875347024
50 795.2707287671
51 643.3875347005
52 245.7521703163
53 -245.7521703196
54 -643.3875347025
55 -795.2707287671
56 -643.3875347004
57 -245.7521703162
58 245.7521703198
59 643.3875347026
60 795.2707287671
61 643.3875347003
62 245.7521703160
63 -245.7521703199
64 -643.3875347027
65 -795.2707287671
66 -643.3875347002
67 -245.7521703159
68 245.7521703201
69 643.3875347028
70 795.2707287671
71 643.3875347001
72 245.7521703157
73 -245.7521703203
74 -643.3875347029
75 -795.2707287671
76 -643.3875347000
77 -245.7521703156
78 245.7521703204
79 643.3875347030
80 795.2707287671
81 643.3875346999
82 245.7521703154
83 -245.7521703206
84 -643.3875347031
85 -795.2707287671
86 -643.3875346998
87 -245.7521703152
88 245.7521703207
89 643.3875347032
90 795.2707287671
91 643.3875346997
92 245.7521703151
93 -245.7521703209
94 -643.3875347033
95 -795.2707287671
96 -643.3875346996
97 -245.7521703149
98 245.7521703210
99 643.3875347034
100 795.2707287671
101 643.3875346995
102 245.7521703148
103 -245.7521703212
104 -643.3875347035
105 -795.2707287671
106 -643.3875346994
107 -245.7521703146
108 245.7521703214
109 643.3875347036
110 795.2707287671
111 643.3875346993
112 245.7521703145
113 -245.7521703215
114 -643.3875347037
115 -795.2707287671
116 -643.3875346992
117 -245.7521703143
118 245.7521703217
119 643.3875347038
120 795.2707287671
121 643.3875346992
122 245.7521703141
123 -245.7521703218
124 -643.3875347039
125 -795.2707287671
126 -643.3875346991
127 -245.7521703140
128 245.7521703220
129 643.3875347040
130 795.2707287671
131 643.3875346990
132 245.7521703138
133 -245.7521703221
134 -643.3875347041
135 -795.2707287671
136 -643.3875346989
137 -245.7521703137
138 245.7521703223
139 643.3875347042
140 795.2707287671
141 643.3875346988
142 245.7521703135
143 -245.7521703224
144 -643.3875347043
145 -795.2707287671
146 -643.3875346987
147 -245.7521703134
148 245.7521703226
149 643.3875347044
150 795.2707287671
151 643.3875346986
152 245.7521703132
153 -245.7521703228
154 -643.3875347045
155 -795.2707287671
156 -643.3875346985
157 -245.7521703131
158 245.7521703229
159 643.3875347046
160 795.2707287671
161 643.3875346984
162 245.7521703129
163 -245.7521703231
164 -643.3875347047
165 -795.2707287671
166 -643.3875346983
167 -245.7521703127
168 245.7521703232
169 643.3875347048
170 795.2707287671
171 643.3875346982
172 245.7521703126
173 -245.7521703234
174 -643.3875347049
175 -795.2707287671
176 -643.3875346981
177 -245.7521703124
178 245.7521703235
179 643.3875347050
180 795.2707287671
181 643.3875346980
182 245.7521703123
183 -245.7521703237
184 -643.3875347051
185 -795.2707287671
186 -643.3875346979
187 -245.7521703121
188 245.7521703239
189 643.3875347052
190 795.2707287671
191 643.3875346978
192 245.7521703120
193 -245.7521703240
194 -643.3875347052
195 -795.2707287671
196 -643.3875346977
197 -245.7521703118
198 245.7521703242
199 643.3875347053
200 795.2707287671
201 643.3875346976
202 245.7521703116
203 -245.7521703243
204 -643.3875347054
205 -795.2707287671
206 -643.3875346975
207 -245.7521703115
208 245.7521703245
209 643.3875347055
210 795.2707287671
211 643.3875346974
212 245.7521703113
213 -245.7521703246
214 -643.3875347056
215 -795.2707287671
216 -643.3875346973
217 -245.7521703112
218 245.7521703248
219 643.3875347057
220 795.2707287671
221 643.3875346972
222 245.7521703110
223 -245.7521703249
224 -643.3875347058
225 -795.2707287671
226 -643.3875346971
227 -245.7521703109
228 245.7521703251
229 643.3875347059
230 795.2707287671
231 643.3875346970
232 245.7521703107
233 -245.7521703253
234 -643.3875347060
235 -795.2707287671
236 -643.3875346969
237 -245.7521703105
238 245.7521703254
239 643.3875347061
240 795.2707287671
241 643.3875346968
242 245.7521703104
243 -245.7521703256
244 -643.3875347062
245 -795.2707287671
246 -643.3875346967
247 -245.7521703102
248 245.7521703257
249 643.3875347063
250 795.2707287671
251 643.3875346966
252 245.7521703101
253 -245.7521703259
254 -643.3875347064
255 -795.2707287671
