0 1.9976297530
1 1.6161164186
2 0.6173015421
3 -0.6173015421
4 -1.6161164186
5 -1.9976297530
6 -1.6161164186
7 -0.6173015421
8 0.6173015421
9 1.6161164186
10 1.9976297530
11 1.6161164186
12 0.6173015421
13 -0.6173015421
14 -1.6161164186
15 -1.9976297530
16 -1.6161164186
17 -0.6173015421
18 0.6173015421
19 1.6161164186
20 1.9976297530
21 1.6161164186
22 0.6173015421
23 -0.6173015421
24 -1.6161164186
25 -1.9976297530
26 -1.6161164186
27 -0.6173015421
28 0.6173015421
29 1.6161164186
30 1.9976297530
31 1.6161164186
32 0.6173015421
33 -0.6173015421
34 -1.6161164186
35 -1.9976297530
36 -1.6161164186
37 -0.6173015421
38 0.6173015421
39 1.6161164186
40 1.9976297530
41 1.6161164186
42 0.6173015421
43 -0.6173015421
44 -1.6161164186
45 -1.9976297530
46 -1.6161164186
47 -0.6173015421
48 0.6173015421
49 1.6161164186
50 1.9976297530
51 1.6161164186
52 0.6173015421
53 -0.6173015421
54 -1.6161164186
55 -1.9976297530
56 -1.6161164186
57 -0.6173015421
58 0.6173015421
59 1.6161164186
60 1.9976297530
61 1.6161164186
62 0.6173015421
63 -0.6173015421
64 -1.6161164186
65 -1.9976297530
66 -1.6161164186
67 -0.6173015421
68 0.6173015421
69 1.6161164186
70 1.9976297530
71 1.6161164186
72 0.6173015421
73 -0.6173015421
74 -1.6161164186
75 -1.9976297530
76 -1.6161164186
77 -0.6173015421
78 0.6173015421
79 1.6161164186
80 1.9976297530
81 1.6161164186
82 0.6173015421
83 -0.6173015421
84 -1.6161164186
85 -1.9976297530
86 -1.6161164186
87 -0.6173015421
88 0.6173015421
89 1.6161164186
90 1.9976297530
91 1.6161164186
92 0.6173015421
93 -0.6173015421
94 -1.6161164186
95 -1.9976297530
96 -1.6161164186
97 -0.6173015421
98 0.6173015421
99 1.6161164186
100 1.9976297530
101 1.6161164186
102 0.6173015421
103 -0.6173015421
104 -1.6161164186
105 -1.9976297530
106 -1.6161164186
107 -0.6173015421
108 0.6173015421
109 1.6161164186
110 1.9976297530
111 1.6161164186
112 0.6173015421
113 -0.6173015421
114 -1.6161164186
115 -1.9976297530
116 -1.6161164186
117 -0.6173015421
118 0.6173015421
119 1.6161164186
120 1.9976297530
121 1.6161164186
122 0.6173015421
123 -0.6173015421
124 -1.6161164186
125 -1.9976297530
126 -1.6161164186
127 -0.6173015421
128 0.6173015421
129 1.6161164186
130 1.9976297530
131 1.6161164186
132 0.6173015421
133 -0.6173015421
134 -1.6161164186
135 -1.9976297530
136 -1.6161164186
137 -0.6173015421
138 0.6173015421
139 1.6161164186
140 1.9976297530
141 1.6161164186
142 0.6173015421
143 -0.6173015421
144 -1.6161164186
145 -1.9976297530
146 -1.6161164186
147 -0.6173015421
148 0.6173015421
149 1.6161164186
150 1.9976297530
151 1.6161164186
152 0.6173015421
153 -0.6173015421
154 -1.6161164186
155 -1.9976297530
156 -1.6161164186
157 -0.6173015421
158 0.6173015421
159 1.6161164186
160 1.9976297530
161 1.6161164186
162 0.6173015421
163 -0.6173015421
164 -1.6161164186
165 -1.9976297530
166 -1.6161164186
167 -0.6173015421
168 0.6173015421
169 1.6161164186
170 1.9976297530
171 1.6161164186
172 0.6173015421
173 -0.6173015421
174 -1.6161164186
175 -1.9976297530
176 -1.6161164186
177 -0.6173015421
178 0.6173015421
179 1.6161164186
180 1.9976297530
181 1.6161164186
182 0.6173015421
183 -0.6173015422
184 -1.6161164186
185 -1.9976297530
186 -1.6161164186
187 -0.6173015421
188 0.6173015422
189 1.6161164186
190 1.9976297530
191 1.6161164186
192 0.6173015421
193 -0.6173015422
194 -1.6161164186
195 -1.9976297530
196 -1.6161164186
197 -0.6173015421
198 0.6173015422
199 1.6161164186
200 1.9976297530
201 1.6161164186
202 0.6173015421
203 -0.6173015422
204 -1.6161164186
205 -1.9976297530
206 -1.6161164186
207 -0.6173015421
208 0.6173015422
209 1.6161164186
210 1.9976297530
211 1.6161164186
212 0.6173015421
213 -0.6173015422
214 -1.6161164186
215 -1.9976297530
216 -1.6161164186
217 -0.6173015421
218 0.6173015422
219 1.6161164186
220 1.9976297530
221 1.6161164186
222 0.6173015421
223 -0.6173015422
224 -1.6161164186
225 -1.9976297530
226 -1.6161164186
227 -0.6173015421
228 0.6173015422
229 1.6161164186
230 1.9976297530
231 1.6161164186
232 0.6173015421
233 -0.6173015422
234 -1.6161164186
235 -1.9976297530
236 -1.6161164186
237 -0.6173015421
238 0.6173015422
239 1.6161164186
240 1.9976297530
241 1.6161164186
242 0.6173015421
243 -0.6173015422
244 -1.6161164186
245 -1.9976297530
246 -1.6161164186
247 -0.6173015421
248 0.6173015422
249 1.6161164186
250 1.9976297530
251 1.6161164186
252 0.6173015421
253 -0.6173015422
254 -1.6161164186
255 -1.9976297530
