0 3.5523438586
1 2.8739065515
2 1.0977346222
3 -1.0977346222
4 -2.8739065515
5 -3.5523438586
6 -2.8739065515
7 -1.0977346222
8 1.0977346222
9 2.8739065515
10 3.5523438586
11 2.8739065515
12 1.0977346222
13 -1.0977346222
14 -2.8739065515
15 -3.5523438586
16 -2.8739065515
17 -1.0977346222
18 1.0977346222
19 2.8739065515
20 3.5523438586
21 2.8739065515
22 1.0977346222
23 -1.0977346222
24 -2.8739065515
25 -3.5523438586
26 -2.8739065515
27 -1.0977346222
28 1.0977346222
29 2.8739065515
30 3.5523438586
31 2.8739065515
32 1.0977346222
33 -1.0977346222
34 -2.8739065515
35 -3.5523438586
36 -2.8739065515
37 -1.0977346222
38 1.0977346222
39 2.8739065515
40 3.5523438586
41 2.8739065515
42 1.0977346222
43 -1.0977346222
44 -2.8739065515
45 -3.5523438586
46 -2.8739065515
47 -1.0977346222
48 1.0977346222
49 2.8739065515
50 3.5523438586
51 2.8739065515
52 1.0977346222
53 -1.0977346222
54 -2.8739065515
55 -3.5523438586
56 -2.8739065515
57 -1.0977346222
58 1.0977346222
59 2.8739065515
60 3.5523438586
61 2.8739065515
62 1.0977346222
63 -1.0977346222
64 -2.8739065515
65 -3.5523438586
66 -2.8739065515
67 -1.0977346222
68 1.0977346222
69 2.8739065515
70 3.5523438586
71 2.8739065515
72 1.0977346222
73 -1.0977346222
74 -2.8739065515
75 -3.5523438586
76 -2.8739065514
77 -1.0977346222
78 1.0977346222
79 2.8739065515
80 3.5523438586
81 2.8739065514
82 1.0977346222
83 -1.0977346222
84 -2.8739065515
85 -3.5523438586
86 -2.8739065514
87 -1.0977346222
88 1.0977346222
89 2.8739065515
90 3.5523438586
91 2.8739065514
92 1.0977346222
93 -1.0977346222
94 -2.8739065515
95 -3.5523438586
96 -2.8739065514
97 -1.0977346222
98 1.0977346222
99 2.8739065515
100 3.5523438586
101 2.8739065514
102 1.0977346222
103 -1.0977346222
104 -2.8739065515
105 -3.5523438586
106 -2.8739065514
107 -1.0977346222
108 1.0977346222
109 2.8739065515
110 3.5523438586
111 2.8739065514
112 1.0977346221
113 -1.0977346222
114 -2.8739065515
115 -3.5523438586
116 -2.8739065514
117 -1.0977346221
118 1.0977346222
119 2.8739065515
120 3.5523438586
121 2.8739065514
122 1.0977346221
123 -1.0977346222
124 -2.8739065515
125 -3.5523438586
126 -2.8739065514
127 -1.0977346221
128 1.0977346222
129 2.8739065515
130 3.5523438586
131 2.8739065514
132 1.0977346221
133 -1.0977346222
134 -2.8739065515
135 -3.5523438586
136 -2.8739065514
137 -1.0977346221
138 1.0977346222
139 2.8739065515
140 3.5523438586
141 2.8739065514
142 1.0977346221
143 -1.0977346222
144 -2.8739065515
145 -3.5523438586
146 -2.8739065514
147 -1.0977346221
148 1.0977346222
149 2.8739065515
150 3.5523438586
151 2.8739065514
152 1.0977346221
153 -1.0977346222
154 -2.8739065515
155 -3.5523438586
156 -2.8739065514
157 -1.0977346221
158 1.0977346222
159 2.8739065515
160 3.5523438586
161 2.8739065514
162 1.0977346221
163 -1.0977346222
164 -2.8739065515
165 -3.5523438586
166 -2.8739065514
167 -1.0977346221
168 1.0977346222
169 2.8739065515
170 3.5523438586
171 2.8739065514
172 1.0977346221
173 -1.0977346222
174 -2.8739065515
175 -3.5523438586
176 -2.8739065514
177 -1.0977346221
178 1.0977346222
179 2.8739065515
180 3.5523438586
181 2.8739065514
182 1.0977346221
183 -1.0977346222
184 -2.8739065515
185 -3.5523438586
186 -2.8739065514
187 -1.0977346221
188 1.0977346222
189 2.8739065515
190 3.5523438586
191 2.8739065514
192 1.0977346221
193 -1.0977346222
194 -2.8739065515
195 -3.5523438586
196 -2.8739065514
197 -1.0977346221
198 1.0977346222
199 2.8739065515
200 3.5523438586
201 2.8739065514
202 1.0977346221
203 -1.0977346222
204 -2.8739065515
205 -3.5523438586
206 -2.8739065514
207 -1.0977346221
208 1.0977346222
209 2.8739065515
210 3.5523438586
211 2.8739065514
212 1.0977346221
213 -1.0977346222
214 -2.8739065515
215 -3.5523438586
216 -2.8739065514
217 -1.0977346221
218 1.0977346222
219 2.8739065515
220 3.5523438586
221 2.8739065514
222 1.0977346221
223 -1.0977346222
224 -2.8739065515
225 -3.5523438586
226 -2.8739065514
227 -1.0977346221
228 1.0977346222
229 2.8739065515
230 3.5523438586
231 2.8739065514
232 1.0977346221
233 -1.0977346222
234 -2.8739065515
235 -3.5523438586
236 -2.8739065514
237 -1.0977346221
238 1.0977346222
239 2.8739065515
240 3.5523438586
241 2.8739065514
242 1.0977346221
243 -1.0977346222
244 -2.8739065515
245 -3.5523438586
246 -2.8739065514
247 -1.0977346221
248 1.0977346222
249 2.8739065515
250 3.5523438586
251 2.8739065514
252 1.0977346221
253 -1.0977346222
254 -2.8739065515
255 -3.5523438586
