0 0.0112334976
1 0.0090880905
2 0.0034713417
3 -0.0034713417
4 -0.0090880905
5 -0.0112334976
6 -0.0090880905
7 -0.0034713417
8 0.0034713417
9 0.0090880905
10 0.0112334976
11 0.0090880905
12 0.0034713417
13 -0.0034713417
14 -0.0090880905
15 -0.0112334976
16 -0.0090880905
17 -0.0034713417
18 0.0034713417
19 0.0090880905
20 0.0112334976
21 0.0090880905
22 0.0034713417
23 -0.0034713417
24 -0.0090880905
25 -0.0112334976
26 -0.0090880905
27 -0.0034713417
28 0.0034713417
29 0.0090880905
30 0.0112334976
31 0.0090880905
32 0.0034713417
33 -0.0034713417
34 -0.0090880905
35 -0.0112334976
36 -0.0090880905
37 -0.0034713417
38 0.0034713417
39 0.0090880905
40 0.0112334976
41 0.0090880905
42 0.0034713417
43 -0.0034713417
44 -0.0090880905
45 -0.0112334976
46 -0.0090880905
47 -0.0034713417
48 0.0034713417
49 0.0090880905
50 0.0112334976
51 0.0090880905
52 0.0034713417
53 -0.0034713417
54 -0.0090880905
55 -0.0112334976
56 -0.0090880905
57 -0.0034713417
58 0.0034713417
59 0.0090880905
60 0.0112334976
61 0.0090880905
62 0.0034713417
63 -0.0034713417
64 -0.0090880905
65 -0.0112334976
66 -0.0090880905
67 -0.0034713417
68 0.0034713417
69 0.0090880905
70 0.0112334976
71 0.0090880905
72 0.0034713417
73 -0.0034713417
74 -0.0090880905
75 -0.0112334976
76 -0.0090880905
77 -0.0034713417
78 0.0034713417
79 0.0090880905
80 0.0112334976
81 0.0090880905
82 0.0034713417
83 -0.0034713417
84 -0.0090880905
85 -0.0112334976
86 -0.0090880905
87 -0.0034713417
88 0.0034713417
89 0.0090880905
90 0.0112334976
91 0.0090880905
92 0.0034713417
93 -0.0034713417
94 -0.0090880905
95 -0.0112334976
96 -0.0090880905
97 -0.0034713417
98 0.0034713417
99 0.0090880905
100 0.0112334976
101 0.0090880905
102 0.0034713417
103 -0.0034713417
104 -0.0090880905
105 -0.0112334976
106 -0.0090880905
107 -0.0034713417
108 0.0034713417
109 0.0090880905
110 0.0112334976
111 0.0090880905
112 0.0034713417
113 -0.0034713417
114 -0.0090880905
115 -0.0112334976
116 -0.0090880905
117 -0.0034713417
118 0.0034713417
119 0.0090880905
120 0.0112334976
121 0.0090880905
122 0.0034713417
123 -0.0034713417
124 -0.0090880905
125 -0.0112334976
126 -0.0090880905
127 -0.0034713417
128 0.0034713417
129 0.0090880905
130 0.0112334976
131 0.0090880905
132 0.0034713417
133 -0.0034713417
134 -0.0090880905
135 -0.0112334976
136 -0.0090880905
137 -0.0034713417
138 0.0034713417
139 0.0090880905
140 0.0112334976
141 0.0090880905
142 0.0034713417
143 -0.0034713417
144 -0.0090880905
145 -0.0112334976
146 -0.0090880905
147 -0.0034713417
148 0.0034713417
149 0.0090880905
150 0.0112334976
151 0.0090880905
152 0.0034713417
153 -0.0034713417
154 -0.0090880905
155 -0.0112334976
156 -0.0090880905
157 -0.0034713417
158 0.0034713417
159 0.0090880905
160 0.0112334976
161 0.0090880905
162 0.0034713417
163 -0.0034713417
164 -0.0090880905
165 -0.0112334976
166 -0.0090880905
167 -0.0034713417
168 0.0034713417
169 0.0090880905
170 0.0112334976
171 0.0090880905
172 0.0034713417
173 -0.0034713417
174 -0.0090880905
175 -0.0112334976
176 -0.0090880905
177 -0.0034713417
178 0.0034713417
179 0.0090880905
180 0.0112334976
181 0.0090880905
182 0.0034713417
183 -0.0034713417
184 -0.0090880905
185 -0.0112334976
186 -0.0090880905
187 -0.0034713417
188 0.0034713417
189 0.0090880905
190 0.0112334976
191 0.0090880905
192 0.0034713417
193 -0.0034713417
194 -0.0090880905
195 -0.0112334976
196 -0.0090880905
197 -0.0034713417
198 0.0034713417
199 0.0090880905
200 0.0112334976
201 0.0090880905
202 0.0034713417
203 -0.0034713417
204 -0.0090880905
205 -0.0112334976
206 -0.0090880905
207 -0.0034713417
208 0.0034713417
209 0.0090880905
210 0.0112334976
211 0.0090880905
212 0.0034713417
213 -0.0034713417
214 -0.0090880905
215 -0.0112334976
216 -0.0090880905
217 -0.0034713417
218 0.0034713417
219 0.0090880905
220 0.0112334976
221 0.0090880905
222 0.0034713417
223 -0.0034713417
224 -0.0090880905
225 -0.0112334976
226 -0.0090880905
227 -0.0034713417
228 0.0034713417
229 0.0090880905
230 0.0112334976
231 0.0090880905
232 0.0034713417
233 -0.0034713417
234 -0.0090880905
235 -0.0112334976
236 -0.0090880905
237 -0.0034713417
238 0.0034713417
239 0.0090880905
240 0.0112334976
241 0.0090880905
242 0.0034713417
243 -0.0034713417
244 -0.0090880905
245 -0.0112334976
246 -0.0090880905
247 -0.0034713417
248 0.0034713417
249 0.0090880905
250 0.0112334976
251 0.0090880905
252 0.0034713417
253 -0.0034713417
254 -0.0090880905
255 -0.0112334976
