0 316.6029796535
1 256.1371910094
2 97.8357011826
3 -97.8357011827
4 -256.1371910094
5 -316.6029796535
6 -256.1371910094
7 -97.8357011826
8 97.8357011828
9 256.1371910095
10 316.6029796535
11 256.1371910093
12 97.8357011825
13 -97.8357011828
14 -256.1371910095
15 -316.6029796535
16 -256.1371910093
17 -97.8357011825
18 97.8357011829
19 256.1371910095
20 316.6029796535
21 256.1371910092
22 97.8357011824
23 -97.8357011830
24 -256.1371910096
25 -316.6029796535
26 -256.1371910092
27 -97.8357011823
28 97.8357011830
29 256.1371910096
30 316.6029796535
31 256.1371910092
32 97.8357011823
33 -97.8357011831
34 -256.1371910097
35 -316.6029796535
36 -256.1371910091
37 -97.8357011822
38 97.8357011831
39 256.1371910097
40 316.6029796535
41 256.1371910091
42 97.8357011821
43 -97.8357011832
44 -256.1371910097
45 -316.6029796535
46 -256.1371910090
47 -97.8357011821
48 97.8357011833
49 256.1371910098
50 316.6029796535
51 256.1371910090
52 97.8357011820
53 -97.8357011833
54 -256.1371910098
55 -316.6029796535
56 -256.1371910090
57 -97.8357011820
58 97.8357011834
59 256.1371910099
60 316.6029796535
61 256.1371910089
62 97.8357011819
63 -97.8357011835
64 -256.1371910099
65 -316.6029796535
66 -256.1371910089
67 -97.8357011818
68 97.8357011835
69 256.1371910099
70 316.6029796535
71 256.1371910089
72 97.8357011818
73 -97.8357011836
74 -256.1371910100
75 -316.6029796535
76 -256.1371910088
77 -97.8357011817
78 97.8357011836
79 256.1371910100
80 316.6029796535
81 256.1371910088
82 97.8357011816
83 -97.8357011837
84 -256.1371910100
85 -316.6029796535
86 -256.1371910087
87 -97.8357011816
88 97.8357011838
89 256.1371910101
90 316.6029796535
91 256.1371910087
92 97.8357011815
93 -97.8357011838
94 -256.1371910101
95 -316.6029796535
96 -256.1371910087
97 -97.8357011815
98 97.8357011839
99 256.1371910102
100 316.6029796535
101 256.1371910086
102 97.8357011814
103 -97.8357011839
104 -256.1371910102
105 -316.6029796535
106 -256.1371910086
107 -97.8357011813
108 97.8357011840
109 256.1371910102
110 316.6029796535
111 256.1371910085
112 97.8357011813
113 -97.8357011841
114 -256.1371910103
115 -316.6029796535
116 -256.1371910085
117 -97.8357011812
118 97.8357011841
119 256.1371910103
120 316.6029796535
121 256.1371910085
122 97.8357011811
123 -97.8357011842
124 -256.1371910104
125 -316.6029796535
126 -256.1371910084
127 -97.8357011811
128 97.8357011843
129 256.1371910104
130 316.6029796535
131 256.1371910084
132 97.8357011810
133 -97.8357011843
134 -256.1371910104
135 -316.6029796535
136 -256.1371910084
137 -97.8357011810
138 97.8357011844
139 256.1371910105
140 316.6029796535
141 256.1371910083
142 97.8357011809
143 -97.8357011844
144 -256.1371910105
145 -316.6029796535
146 -256.1371910083
147 -97.8357011808
148 97.8357011845
149 256.1371910105
150 316.6029796535
151 256.1371910082
152 97.8357011808
153 -97.8357011846
154 -256.1371910106
155 -316.6029796535
156 -256.1371910082
157 -97.8357011807
158 97.8357011846
159 256.1371910106
160 316.6029796535
161 256.1371910082
162 97.8357011806
163 -97.8357011847
164 -256.1371910107
165 -316.6029796535
166 -256.1371910081
167 -97.8357011806
168 97.8357011848
169 256.1371910107
170 316.6029796535
171 256.1371910081
172 97.8357011805
173 -97.8357011848
174 -256.1371910107
175 -316.6029796535
176 -256.1371910080
177 -97.8357011805
178 97.8357011849
179 256.1371910108
180 316.6029796535
181 256.1371910080
182 97.8357011804
183 -97.8357011849
184 -256.1371910108
185 -316.6029796535
186 -256.1371910080
187 -97.8357011803
188 97.8357011850
189 256.1371910109
190 316.6029796535
191 256.1371910079
192 97.8357011803
193 -97.8357011851
194 -256.1371910109
195 -316.6029796535
196 -256.1371910079
197 -97.8357011802
198 97.8357011851
199 256.1371910109
200 316.6029796535
201 256.1371910079
202 97.8357011802
203 -97.8357011852
204 -256.1371910110
205 -316.6029796535
206 -256.1371910078
207 -97.8357011801
208 97.8357011853
209 256.1371910110
210 316.6029796535
211 256.1371910078
212 97.8357011800
213 -97.8357011853
214 -256.1371910110
215 -316.6029796535
216 -256.1371910077
217 -97.8357011800
218 97.8357011854
219 256.1371910111
220 316.6029796535
221 256.1371910077
222 97.8357011799
223 -97.8357011854
224 -256.1371910111
225 -316.6029796535
226 -256.1371910077
227 -97.8357011798
228 97.8357011855
229 256.1371910112
230 316.6029796535
231 256.1371910076
232 97.8357011798
233 -97.8357011856
234 -256.1371910112
235 -316.6029796535
236 -256.1371910076
237 -97.8357011797
238 97.8357011856
239 256.1371910112
240 316.6029796535
241 256.1371910075
242 97.8357011797
243 -97.8357011857
244 -256.1371910113
245 -316.6029796535
246 -256.1371910075
247 -97.8357011796
248 97.8357011858
249 256.1371910113
250 316.6029796535
251 256.1371910075
252 97.8357011795
253 -97.8357011858
254 -256.1371910114
255 -316.6029796535
