0 1260.4191641865
1 1019.7005238627
2 389.4909417694
3 -389.4909417696
4 -1019.7005238629
5 -1260.4191641865
6 -1019.7005238626
7 -389.4909417691
8 389.4909417699
9 1019.7005238630
10 1260.4191641865
11 1019.7005238624
12 389.4909417689
13 -389.4909417701
14 -1019.7005238632
15 -1260.4191641865
16 -1019.7005238622
17 -389.4909417686
18 389.4909417704
19 1019.7005238633
20 1260.4191641865
21 1019.7005238621
22 389.4909417684
23 -389.4909417706
24 -1019.7005238635
25 -1260.4191641865
26 -1019.7005238619
27 -389.4909417682
28 389.4909417709
29 1019.7005238636
30 1260.4191641865
31 1019.7005238618
32 389.4909417679
33 -389.4909417711
34 -1019.7005238638
35 -1260.4191641865
36 -1019.7005238616
37 -389.4909417677
38 389.4909417714
39 1019.7005238639
40 1260.4191641865
41 1019.7005238615
42 389.4909417674
43 -389.4909417716
44 -1019.7005238641
45 -1260.4191641865
46 -1019.7005238613
47 -389.4909417672
48 389.4909417719
49 1019.7005238642
50 1260.4191641865
51 1019.7005238612
52 389.4909417669
53 -389.4909417721
54 -1019.7005238644
55 -1260.4191641865
56 -1019.7005238610
57 -389.4909417667
58 389.4909417724
59 1019.7005238645
60 1260.4191641865
61 1019.7005238609
62 389.4909417664
63 -389.4909417726
64 -1019.7005238647
65 -1260.4191641865
66 -1019.7005238607
67 -389.4909417662
68 389.4909417729
69 1019.7005238649
70 1260.4191641865
71 1019.7005238606
72 389.4909417659
73 -389.4909417731
74 -1019.7005238650
75 -1260.4191641865
76 -1019.7005238604
77 -389.4909417657
78 389.4909417734
79 1019.7005238652
80 1260.4191641865
81 1019.7005238603
82 389.4909417654
83 -389.4909417736
84 -1019.7005238653
85 -1260.4191641865
86 -1019.7005238601
87 -389.4909417652
88 389.4909417739
89 1019.7005238655
90 1260.4191641865
91 1019.7005238599
92 389.4909417649
93 -389.4909417741
94 -1019.7005238656
95 -1260.4191641865
96 -1019.7005238598
97 -389.4909417647
98 389.4909417744
99 1019.7005238658
100 1260.4191641865
101 1019.7005238596
102 389.4909417644
103 -389.4909417746
104 -1019.7005238659
105 -1260.4191641865
106 -1019.7005238595
107 -389.4909417642
108 389.4909417749
109 1019.7005238661
110 1260.4191641865
111 1019.7005238593
112 389.4909417639
113 -389.4909417751
114 -1019.7005238662
115 -1260.4191641865
116 -1019.7005238592
117 -389.4909417637
118 389.4909417753
119 1019.7005238664
120 1260.4191641865
121 1019.7005238590
122 389.4909417634
123 -389.4909417756
124 -1019.7005238665
125 -1260.4191641865
126 -1019.7005238589
127 -389.4909417632
128 389.4909417758
129 1019.7005238667
130 1260.4191641865
131 1019.7005238587
132 389.4909417629
133 -389.4909417761
134 -1019.7005238668
135 -1260.4191641865
136 -1019.7005238586
137 -389.4909417627
138 389.4909417763
139 1019.7005238670
140 1260.4191641865
141 1019.7005238584
142 389.4909417625
143 -389.4909417766
144 -1019.7005238672
145 -1260.4191641865
146 -1019.7005238583
147 -389.4909417622
148 389.4909417768
149 1019.7005238673
150 1260.4191641865
151 1019.7005238581
152 389.4909417619
153 -389.4909417771
154 -1019.7005238675
155 -1260.4191641865
156 -1019.7005238579
157 -389.4909417617
158 389.4909417773
159 1019.7005238676
160 1260.4191641865
161 1019.7005238578
162 389.4909417614
163 -389.4909417776
164 -1019.7005238678
165 -1260.4191641865
166 -1019.7005238576
167 -389.4909417612
168 389.4909417778
169 1019.7005238679
170 1260.4191641865
171 1019.7005238575
172 389.4909417610
173 -389.4909417781
174 -1019.7005238681
175 -1260.4191641865
176 -1019.7005238573
177 -389.4909417607
178 389.4909417783
179 1019.7005238682
180 1260.4191641865
181 1019.7005238572
182 389.4909417605
183 -389.4909417786
184 -1019.7005238684
185 -1260.4191641865
186 -1019.7005238570
187 -389.4909417602
188 389.4909417788
189 1019.7005238685
190 1260.4191641865
191 1019.7005238569
192 389.4909417600
193 -389.4909417791
194 -1019.7005238687
195 -1260.4191641865
196 -1019.7005238567
197 -389.4909417597
198 389.4909417793
199 1019.7005238688
200 1260.4191641865
201 1019.7005238566
202 389.4909417595
203 -389.4909417796
204 -1019.7005238690
205 -1260.4191641865
206 -1019.7005238564
207 -389.4909417592
208 389.4909417798
209 1019.7005238691
210 1260.4191641865
211 1019.7005238563
212 389.4909417590
213 -389.4909417801
214 -1019.7005238693
215 -1260.4191641865
216 -1019.7005238561
217 -389.4909417587
218 389.4909417803
219 1019.7005238695
220 1260.4191641865
221 1019.7005238560
222 389.4909417585
223 -389.4909417806
224 -1019.7005238696
225 -1260.4191641865
226 -1019.7005238558
227 -389.4909417582
228 389.4909417808
229 1019.7005238698
230 1260.4191641865
231 1019.7005238556
232 389.4909417580
233 -389.4909417810
234 -1019.7005238699
235 -1260.4191641865
236 -1019.7005238555
237 -389.4909417577
238 389.4909417813
239 1019.7005238701
240 1260.4191641865
241 1019.7005238553
242 389.4909417575
243 -389.4909417816
244 -1019.7005238702
245 -1260.4191641865
246 -1019.7005238552
247 -389.4909417572
248 389.4909417818
249 1019.7005238704
250 1260.4191641865
251 1019.7005238550
252 389.4909417570
253 -389.4909417820
254 -1019.7005238705
255 -1260.4191641865
