0 0.1001186530
1 0.0809976917
2 0.0309383652
3 -0.0309383652
4 -0.0809976917
5 -0.1001186530
6 -0.0809976917
7 -0.0309383652
8 0.0309383652
9 0.0809976917
10 0.1001186530
11 0.0809976917
12 0.0309383652
13 -0.0309383652
14 -0.0809976917
15 -0.1001186530
16 -0.0809976917
17 -0.0309383652
18 0.0309383652
19 0.0809976917
20 0.1001186530
21 0.0809976917
22 0.0309383652
23 -0.0309383652
24 -0.0809976917
25 -0.1001186530
26 -0.0809976917
27 -0.0309383652
28 0.0309383652
29 0.0809976917
30 0.1001186530
31 0.0809976917
32 0.0309383652
33 -0.0309383652
34 -0.0809976917
35 -0.1001186530
36 -0.0809976917
37 -0.0309383652
38 0.0309383652
39 0.0809976917
40 0.1001186530
41 0.0809976917
42 0.0309383652
43 -0.0309383652
44 -0.0809976917
45 -0.1001186530
46 -0.0809976917
47 -0.0309383652
48 0.0309383652
49 0.0809976917
50 0.1001186530
51 0.0809976917
52 0.0309383652
53 -0.0309383652
54 -0.0809976917
55 -0.1001186530
56 -0.0809976917
57 -0.0309383652
58 0.0309383652
59 0.0809976917
60 0.1001186530
61 0.0809976917
62 0.0309383652
63 -0.0309383652
64 -0.0809976917
65 -0.1001186530
66 -0.0809976917
67 -0.0309383652
68 0.0309383652
69 0.0809976917
70 0.1001186530
71 0.0809976917
72 0.0309383652
73 -0.0309383652
74 -0.0809976917
75 -0.1001186530
76 -0.0809976917
77 -0.0309383652
78 0.0309383652
79 0.0809976917
80 0.1001186530
81 0.0809976917
82 0.0309383652
83 -0.0309383652
84 -0.0809976917
85 -0.1001186530
86 -0.0809976917
87 -0.0309383652
88 0.0309383652
89 0.0809976917
90 0.1001186530
91 0.0809976917
92 0.0309383652
93 -0.0309383652
94 -0.0809976917
95 -0.1001186530
96 -0.0809976917
97 -0.0309383652
98 0.0309383652
99 0.0809976917
100 0.1001186530
101 0.0809976917
102 0.0309383652
103 -0.0309383652
104 -0.0809976917
105 -0.1001186530
106 -0.0809976917
107 -0.0309383652
108 0.0309383652
109 0.0809976917
110 0.1001186530
111 0.0809976917
112 0.0309383652
113 -0.0309383652
114 -0.0809976917
115 -0.1001186530
116 -0.0809976917
117 -0.0309383652
118 0.0309383652
119 0.0809976917
120 0.1001186530
121 0.0809976917
122 0.0309383652
123 -0.0309383652
124 -0.0809976917
125 -0.1001186530
126 -0.0809976917
127 -0.0309383652
128 0.0309383652
129 0.0809976917
130 0.1001186530
131 0.0809976917
132 0.0309383652
133 -0.0309383652
134 -0.0809976917
135 -0.1001186530
136 -0.0809976917
137 -0.0309383652
138 0.0309383652
139 0.0809976917
140 0.1001186530
141 0.0809976917
142 0.0309383652
143 -0.0309383652
144 -0.0809976917
145 -0.1001186530
146 -0.0809976917
147 -0.0309383652
148 0.0309383652
149 0.0809976917
150 0.1001186530
151 0.0809976917
152 0.0309383652
153 -0.0309383652
154 -0.0809976917
155 -0.1001186530
156 -0.0809976917
157 -0.0309383652
158 0.0309383652
159 0.0809976917
160 0.1001186530
161 0.0809976917
162 0.0309383652
163 -0.0309383652
164 -0.0809976917
165 -0.1001186530
166 -0.0809976917
167 -0.0309383652
168 0.0309383652
169 0.0809976917
170 0.1001186530
171 0.0809976917
172 0.0309383652
173 -0.0309383652
174 -0.0809976917
175 -0.1001186530
176 -0.0809976917
177 -0.0309383652
178 0.0309383652
179 0.0809976917
180 0.1001186530
181 0.0809976917
182 0.0309383652
183 -0.0309383652
184 -0.0809976917
185 -0.1001186530
186 -0.0809976917
187 -0.0309383652
188 0.0309383652
189 0.0809976917
190 0.1001186530
191 0.0809976917
192 0.0309383652
193 -0.0309383652
194 -0.0809976917
195 -0.1001186530
196 -0.0809976917
197 -0.0309383652
198 0.0309383652
199 0.0809976917
200 0.1001186530
201 0.0809976917
202 0.0309383652
203 -0.0309383652
204 -0.0809976917
205 -0.1001186530
206 -0.0809976917
207 -0.0309383652
208 0.0309383652
209 0.0809976917
210 0.1001186530
211 0.0809976917
212 0.0309383652
213 -0.0309383652
214 -0.0809976917
215 -0.1001186530
216 -0.0809976917
217 -0.0309383652
218 0.0309383652
219 0.0809976917
220 0.1001186530
221 0.0809976917
222 0.0309383652
223 -0.0309383652
224 -0.0809976917
225 -0.1001186530
226 -0.0809976917
227 -0.0309383652
228 0.0309383652
229 0.0809976917
230 0.1001186530
231 0.0809976917
232 0.0309383652
233 -0.0309383652
234 -0.0809976917
235 -0.1001186530
236 -0.0809976917
237 -0.0309383652
238 0.0309383652
239 0.0809976917
240 0.1001186530
241 0.0809976917
242 0.0309383652
243 -0.0309383652
244 -0.0809976917
245 -0.1001186530
246 -0.0809976917
247 -0.0309383652
248 0.0309383652
249 0.0809976917
250 0.1001186530
251 0.0809976917
252 0.0309383652
253 -0.0309383652
254 -0.0809976917
255 -0.1001186530
