#int double real img int16 real16 img16 error
0 0.0000037608 0.0019392760 0.0000000000 0.0000004508 0.0006714072 0.0000000000 0.0000016075
1 0.0000037626 0.0019397165 0.0000121708 0.0000037423 0.0019226661 -0.0002136296 0.0000000513
2 0.0000037682 0.0019410392 0.0000243591 0.0000032505 0.0018005921 -0.0000915555 0.0000000332
3 0.0000037776 0.0019432480 0.0000365826 0.0000037423 0.0019226661 -0.0002136296 0.0000000630
4 0.0000037907 0.0019463495 0.0000488590 0.0000036976 0.0019226661 -0.0000305185 0.0000000069
5 0.0000038076 0.0019503526 0.0000612066 0.0000038149 0.0019531846 0.0000000000 0.0000000038
6 0.0000038285 0.0019552693 0.0000736436 0.0000036966 0.0019226661 0.0000000000 0.0000000065
7 0.0000038534 0.0019611143 0.0000861889 0.0000036966 0.0019226661 0.0000000000 0.0000000089
8 0.0000038824 0.0019679052 0.0000988619 0.0000037004 0.0019226661 0.0000610370 0.0000000035
9 0.0000039157 0.0019756627 0.0001116827 0.0000038159 0.0019531846 0.0000305185 0.0000000071
10 0.0000039534 0.0019844106 0.0001246722 0.0000038187 0.0019531846 0.0000610370 0.0000000050
11 0.0000039957 0.0019941762 0.0001378519 0.0000039388 0.0019837031 0.0000610370 0.0000000060
12 0.0000040429 0.0020049905 0.0001512447 0.0000039388 0.0019837031 0.0000610370 0.0000000086
13 0.0000040950 0.0020168882 0.0001648743 0.0000039435 0.0019837031 0.0000915555 0.0000000065
14 0.0000041525 0.0020299084 0.0001787660 0.0000040720 0.0020142216 0.0001220740 0.0000000035
15 0.0000042156 0.0020440945 0.0001929464 0.0000040804 0.0020142216 0.0001525925 0.0000000025
16 0.0000042846 0.0020594950 0.0002074439 0.0000042145 0.0020447401 0.0001831111 0.0000000008
17 0.0000043599 0.0020761634 0.0002222886 0.0000043402 0.0020752586 0.0001831111 0.0000000015
18 0.0000044419 0.0020941594 0.0002375130 0.0000043402 0.0020752586 0.0001831111 0.0000000033
19 0.0000045312 0.0021135490 0.0002531517 0.0000044939 0.0021057772 0.0002441481 0.0000000001
20 0.0000046282 0.0021344050 0.0002692421 0.0000044939 0.0021057772 0.0002441481 0.0000000014
21 0.0000047335 0.0021568084 0.0002858247 0.0000046234 0.0021362957 0.0002441481 0.0000000022
22 0.0000048479 0.0021808486 0.0003029434 0.0000046234 0.0021362957 0.0002441481 0.0000000054
23 0.0000049720 0.0022066249 0.0003206458 0.0000049214 0.0021973327 0.0003051851 0.0000000003
24 0.0000051068 0.0022342472 0.0003389839 0.0000050565 0.0022278512 0.0003051851 0.0000000012
25 0.0000052531 0.0022638377 0.0003580149 0.0000052129 0.0022583697 0.0003357036 0.0000000005
26 0.0000054122 0.0022955323 0.0003778012 0.0000053517 0.0022888882 0.0003357036 0.0000000018
27 0.0000055852 0.0023294823 0.0003984118 0.0000055138 0.0023194067 0.0003662221 0.0000000011
28 0.0000057736 0.0023658567 0.0004199231 0.0000056796 0.0023499252 0.0003967406 0.0000000008
29 0.0000059790 0.0024048445 0.0004424195 0.0000058491 0.0023804437 0.0004272591 0.0000000008
30 0.0000062033 0.0024466577 0.0004659952 0.0000059953 0.0024109622 0.0004272591 0.0000000028
31 0.0000064486 0.0024915345 0.0004907555 0.0000063203 0.0024719993 0.0004577776 0.0000000015
32 0.0000067174 0.0025397436 0.0005168183 0.0000065010 0.0025025178 0.0004882962 0.0000000022
33 0.0000070126 0.0025915892 0.0005443165 0.0000068102 0.0025635548 0.0004882962 0.0000000039
34 0.0000073376 0.0026474162 0.0005734002 0.0000071902 0.0026245918 0.0005493332 0.0000000011
35 0.0000076963 0.0027076178 0.0006042399 0.0000075488 0.0026856288 0.0005798517 0.0000000011
36 0.0000080934 0.0027726439 0.0006370301 0.0000079167 0.0027466659 0.0006103702 0.0000000014
37 0.0000085343 0.0028430111 0.0006719936 0.0000084662 0.0028382214 0.0006408887 0.0000000010
38 0.0000090256 0.0029193163 0.0007093869 0.0000090763 0.0029297769 0.0007019257 0.0000000002
39 0.0000095753 0.0030022514 0.0007495073 0.0000094814 0.0029908139 0.0007324442 0.0000000004
40 0.0000101927 0.0030926244 0.0007927009 0.0000100831 0.0030823695 0.0007629627 0.0000000010
41 0.0000108895 0.0031913831 0.0008393736 0.0000107528 0.0031739250 0.0008239998 0.0000000005
42 0.0000116798 0.0032996476 0.0008900041 0.0000113936 0.0032654805 0.0008545183 0.0000000024
43 0.0000125812 0.0034187508 0.0009451617 0.0000125215 0.0034180731 0.0009155553 0.0000000009
44 0.0000136157 0.0035502908 0.0010055283 0.0000132712 0.0035096286 0.0009765923 0.0000000025
45 0.0000148109 0.0036962008 0.0010719284 0.0000144885 0.0036622211 0.0010376293 0.0000000023
46 0.0000162025 0.0038588414 0.0011453680 0.0000157599 0.0038148137 0.0010986663 0.0000000041
47 0.0000178364 0.0040411247 0.0012270878 0.0000176450 0.0040284433 0.0011902219 0.0000000015
48 0.0000197731 0.0042466860 0.0013186358 0.0000193801 0.0042115543 0.0012817774 0.0000000026
49 0.0000220935 0.0044801227 0.0014219691 0.0000217393 0.0044557024 0.0013733329 0.0000000030
50 0.0000249075 0.0047473342 0.0015395986 0.0000247048 0.0047303690 0.0015259255 0.0000000005
51 0.0000283683 0.0050560183 0.0016747999 0.0000280727 0.0050355541 0.0016479995 0.0000000011
52 0.0000326935 0.0054164123 0.0018319289 0.0000324213 0.0054017762 0.0018005921 0.0000000012
53 0.0000382020 0.0058424345 0.0020169063 0.0000375579 0.0057985168 0.0019837031 0.0000000030
54 0.0000453756 0.0063535005 0.0022379914 0.0000451235 0.0063478500 0.0021973327 0.0000000017
55 0.0000549714 0.0069775351 0.0025070620 0.0000545276 0.0069582202 0.0024719993 0.0000000016
56 0.0000682348 0.0077562069 0.0028418414 0.0000679721 0.0077517014 0.0028077029 0.0000000012
57 0.0000873353 0.0087545682 0.0032699975 0.0000866481 0.0087282937 0.0032349620 0.0000000019
58 0.0001163337 0.0100801348 0.0038372582 0.0001159800 0.0100711081 0.0038148137 0.0000000006
59 0.0001635795 0.0119242899 0.0046250198 0.0001626188 0.0119022187 0.0045777764 0.0000000027
60 0.0002485942 0.0146638667 0.0057935506 0.0002478596 0.0146488845 0.0057679983 0.0000000009
61 0.0004264273 0.0191575846 0.0077080642 0.0004248301 0.0191351054 0.0076601459 0.0000000028
62 0.0009076221 0.0278783001 0.0114202652 0.0009059509 0.0278633992 0.0113834040 0.0000000016
63 0.0031824437 0.0520678687 0.0217113046 0.0014442239 0.0312204352 0.0216681417 0.0004346173
64 0.2435283884 0.4542761823 0.1927732829 0.0005721687 0.0216681417 0.0101321451 0.2205075020
65 0.0051711401 -0.0660197714 -0.0285049104 0.0017891165 -0.0312509537 -0.0285042879 0.0012088707
66 0.0011058995 -0.0304476820 -0.0133730373 0.0011052959 -0.0304269539 -0.0133976257 0.0000000010
67 0.0004631525 -0.0196496009 -0.0087775695 0.0004623302 -0.0196234016 -0.0087893307 0.0000000008
68 0.0002512144 -0.0144307506 -0.0065549865 0.0002514296 -0.0144352550 -0.0065614795 0.0000000001
69 0.0001564512 -0.0113556137 -0.0052441654 0.0001564419 -0.0113528855 -0.0052491836 0.0000000000
70 0.0001062075 -0.0093289442 -0.0043792983 0.0001065237 -0.0093386639 -0.0043946654 0.0000000003
71 0.0000764802 -0.0078930090 -0.0037657106 0.0000772821 -0.0079348125 -0.0037842952 0.0000000021
72 0.0000574893 -0.0068226634 -0.0033076479 0.0000577986 -0.0068361461 -0.0033265175 0.0000000005
73 0.0000446487 -0.0059942712 -0.0029525267 0.0000447248 -0.0059816279 -0.0029908139 0.0000000016
74 0.0000355786 -0.0053342923 -0.0026690698 0.0000357361 -0.0053407392 -0.0026856288 0.0000000003
75 0.0000289454 -0.0047962435 -0.0024375071 0.0000293617 -0.0048219245 -0.0024719993 0.0000000018
76 0.0000239553 -0.0043493036 -0.0022447294 0.0000241460 -0.0043641469 -0.0022583697 0.0000000004
77 0.0000201121 -0.0039722292 -0.0020817013 0.0000201746 -0.0039674062 -0.0021057772 0.0000000006
78 0.0000170931 -0.0036499027 -0.0019419925 0.0000172268 -0.0036622211 -0.0019531846 0.0000000003
79 0.0000146812 -0.0033712730 -0.0018209022 0.0000148285 -0.0033875546 -0.0018311106 0.0000000004
80 0.0000127258 -0.0031280739 -0.0017149141 0.0000129071 -0.0031434065 -0.0017395550 0.0000000008
81 0.0000111202 -0.0029139994 -0.0016213456 0.0000111998 -0.0029297769 -0.0016174810 0.0000000003
82 0.0000097868 -0.0027241550 -0.0015381144 0.0000099667 -0.0027466659 -0.0015564440 0.0000000008
83 0.0000086685 -0.0025546835 -0.0014635793 0.0000088081 -0.0025635548 -0.0014954070 0.0000000011
84 0.0000077220 -0.0024025046 -0.0013964297 0.0000077835 -0.0024109622 -0.0014038514 0.0000000001
85 0.0000069146 -0.0022651282 -0.0013356058 0.0000070422 -0.0022888882 -0.0013428144 0.0000000006
86 0.0000062208 -0.0021405199 -0.0012802419 0.0000063380 -0.0021668142 -0.0012817774 0.0000000007
87 0.0000056207 -0.0020270009 -0.0012296234 0.0000057466 -0.0020447401 -0.0012512589 0.0000000008
88 0.0000050985 -0.0019231742 -0.0011831556 0.0000051133 -0.0019226661 -0.0011902219 0.0000000001
89 0.0000046415 -0.0018278672 -0.0011403391 0.0000047407 -0.0018616291 -0.0011291849 0.0000000013
90 0.0000042396 -0.0017400888 -0.0011007519 0.0000043011 -0.0017395550 -0.0011291849 0.0000000008
91 0.0000038844 -0.0016589956 -0.0010640349 0.0000039584 -0.0016785180 -0.0010681478 0.0000000004
92 0.0000035693 -0.0015838653 -0.0010298802 0.0000035951 -0.0015869625 -0.0010376293 0.0000000001
93 0.0000032885 -0.0015140756 -0.0009980228 0.0000033427 -0.0015259255 -0.0010071108 0.0000000002
94 0.0000030373 -0.0014490877 -0.0009682329 0.0000030996 -0.0014648885 -0.0009765923 0.0000000003
95 0.0000028119 -0.0013884326 -0.0009403106 0.0000028659 -0.0014038514 -0.0009460738 0.0000000003
96 0.0000026090 -0.0013317004 -0.0009140812 0.0000026982 -0.0013428144 -0.0009460738 0.0000000011
97 0.0000024257 -0.0012785308 -0.0008893909 0.0000024812 -0.0012817774 -0.0009155553 0.0000000007
98 0.0000022596 -0.0012286064 -0.0008661043 0.0000023489 -0.0012512589 -0.0008850368 0.0000000009
99 0.0000021088 -0.0011816462 -0.0008441014 0.0000021468 -0.0011902219 -0.0008545183 0.0000000002
100 0.0000019715 -0.0011374005 -0.0008232757 0.0000020239 -0.0011597034 -0.0008239998 0.0000000005
101 0.0000018461 -0.0010956467 -0.0008035320 0.0000018367 -0.0010986663 -0.0007934812 0.0000000001
102 0.0000017314 -0.0010561858 -0.0007847853 0.0000017706 -0.0010681478 -0.0007934812 0.0000000002
103 0.0000016263 -0.0010188394 -0.0007669594 0.0000017063 -0.0010376293 -0.0007934812 0.0000000011
104 0.0000015296 -0.0009834470 -0.0007499855 0.0000015358 -0.0009765923 -0.0007629627 0.0000000002
105 0.0000014407 -0.0009498636 -0.0007338017 0.0000015358 -0.0009765923 -0.0007629627 0.0000000016
106 0.0000013587 -0.0009179584 -0.0007183520 0.0000014315 -0.0009460738 -0.0007324442 0.0000000010
107 0.0000012829 -0.0008876128 -0.0007035855 0.0000013747 -0.0009155553 -0.0007324442 0.0000000016
108 0.0000012127 -0.0008587188 -0.0006894560 0.0000012760 -0.0008850368 -0.0007019257 0.0000000008
109 0.0000011477 -0.0008311783 -0.0006759214 0.0000011717 -0.0008239998 -0.0007019257 0.0000000007
110 0.0000010874 -0.0008049017 -0.0006629432 0.0000011298 -0.0008239998 -0.0006714072 0.0000000004
111 0.0000010312 -0.0007798070 -0.0006504863 0.0000011298 -0.0008239998 -0.0006714072 0.0000000024
112 0.0000009790 -0.0007558192 -0.0006385184 0.0000010329 -0.0007629627 -0.0006714072 0.0000000011
113 0.0000009302 -0.0007328693 -0.0006270100 0.0000009472 -0.0007324442 -0.0006408887 0.0000000002
114 0.0000008847 -0.0007108941 -0.0006159337 0.0000009472 -0.0007324442 -0.0006408887 0.0000000011
115 0.0000008422 -0.0006898351 -0.0006052645 0.0000008653 -0.0007019257 -0.0006103702 0.0000000002
116 0.0000008024 -0.0006696386 -0.0005949791 0.0000008233 -0.0006714072 -0.0006103702 0.0000000002
117 0.0000007651 -0.0006502548 -0.0005850562 0.0000007470 -0.0006408887 -0.0005798517 0.0000000001
118 0.0000007301 -0.0006316376 -0.0005754758 0.0000007870 -0.0006714072 -0.0005798517 0.0000000016
119 0.0000006973 -0.0006137444 -0.0005662196 0.0000007470 -0.0006408887 -0.0005798517 0.0000000009
120 0.0000006664 -0.0005965357 -0.0005572705 0.0000007088 -0.0006103702 -0.0005798517 0.0000000007
121 0.0000006373 -0.0005799745 -0.0005486125 0.0000006725 -0.0005798517 -0.0005798517 0.0000000010
122 0.0000006100 -0.0005640268 -0.0005402308 0.0000006035 -0.0005493332 -0.0005493332 0.0000000003
123 0.0000005842 -0.0005486606 -0.0005321116 0.0000006380 -0.0005798517 -0.0005493332 0.0000000013
124 0.0000005598 -0.0005338461 -0.0005242421 0.0000006035 -0.0005493332 -0.0005493332 0.0000000009
125 0.0000005368 -0.0005195556 -0.0005166101 0.0000005383 -0.0005188147 -0.0005188147 0.0000000000
126 0.0000005151 -0.0005057631 -0.0005092044 0.0000005383 -0.0005188147 -0.0005188147 0.0000000003
127 0.0000004945 -0.0004924444 -0.0005020144 0.0000005383 -0.0005188147 -0.0005188147 0.0000000010
128 0.0000004750 -0.0004795765 -0.0004950302 0.0001674406 -0.0000305185 0.0129398480 0.0001806976
129 0.0000004566 -0.0004671382 -0.0004882425 0.0000004787 -0.0004577776 -0.0005188147 0.0000000010
130 0.0000004391 -0.0004551094 -0.0004816426 0.0000004517 -0.0004272591 -0.0005188147 0.0000000022
131 0.0000004225 -0.0004434713 -0.0004752222 0.0000004480 -0.0004577776 -0.0004882962 0.0000000004
132 0.0000004067 -0.0004322061 -0.0004689735 0.0000004480 -0.0004577776 -0.0004882962 0.0000000010
133 0.0000003918 -0.0004212972 -0.0004628894 0.0000004210 -0.0004272591 -0.0004882962 0.0000000007
134 0.0000003775 -0.0004107289 -0.0004569629 0.0000003921 -0.0004272591 -0.0004577776 0.0000000003
135 0.0000003640 -0.0004004863 -0.0004511874 0.0000003921 -0.0004272591 -0.0004577776 0.0000000008
136 0.0000003511 -0.0003905554 -0.0004455570 0.0000003670 -0.0003967406 -0.0004577776 0.0000000002
137 0.0000003388 -0.0003809230 -0.0004400656 0.0000003400 -0.0003967406 -0.0004272591 0.0000000004
138 0.0000003270 -0.0003715766 -0.0004347080 0.0000003437 -0.0003662221 -0.0004577776 0.0000000006
139 0.0000003159 -0.0003625045 -0.0004294788 0.0000003670 -0.0003967406 -0.0004577776 0.0000000020
140 0.0000003052 -0.0003536954 -0.0004243731 0.0000003167 -0.0003662221 -0.0004272591 0.0000000002
141 0.0000002950 -0.0003451387 -0.0004193862 0.0000002952 -0.0003357036 -0.0004272591 0.0000000002
142 0.0000002853 -0.0003368243 -0.0004145137 0.0000003437 -0.0003662221 -0.0004577776 0.0000000027
143 0.0000002760 -0.0003287428 -0.0004097515 0.0000003167 -0.0003662221 -0.0004272591 0.0000000017
144 0.0000002671 -0.0003208852 -0.0004050953 0.0000002952 -0.0003357036 -0.0004272591 0.0000000007
145 0.0000002586 -0.0003132427 -0.0004005415 0.0000002701 -0.0003357036 -0.0003967406 0.0000000005
146 0.0000002504 -0.0003058072 -0.0003960864 0.0000002505 -0.0003051851 -0.0003967406 0.0000000000
147 0.0000002426 -0.0002985710 -0.0003917266 0.0000002505 -0.0003051851 -0.0003967406 0.0000000001
148 0.0000002351 -0.0002915267 -0.0003874587 0.0000002505 -0.0003051851 -0.0003967406 0.0000000003
149 0.0000002279 -0.0002846672 -0.0003832797 0.0000002505 -0.0003051851 -0.0003967406 0.0000000006
150 0.0000002211 -0.0002779858 -0.0003791864 0.0000002505 -0.0003051851 -0.0003967406 0.0000000010
151 0.0000002145 -0.0002714761 -0.0003751762 0.0000002505 -0.0003051851 -0.0003967406 0.0000000016
152 0.0000002081 -0.0002651321 -0.0003712461 0.0000002328 -0.0002746666 -0.0003967406 0.0000000007
153 0.0000002020 -0.0002589478 -0.0003673936 0.0000002328 -0.0002746666 -0.0003967406 0.0000000011
154 0.0000001962 -0.0002529178 -0.0003636163 0.0000002170 -0.0002441481 -0.0003967406 0.0000000012
155 0.0000001906 -0.0002470368 -0.0003599116 0.0000002328 -0.0002746666 -0.0003967406 0.0000000021
156 0.0000001852 -0.0002412996 -0.0003562774 0.0000001937 -0.0002441481 -0.0003662221 0.0000000001
157 0.0000001800 -0.0002357015 -0.0003527115 0.0000001937 -0.0002441481 -0.0003662221 0.0000000003
158 0.0000001750 -0.0002302377 -0.0003492116 0.0000001937 -0.0002441481 -0.0003662221 0.0000000005
159 0.0000001701 -0.0002249039 -0.0003457759 0.0000002170 -0.0002441481 -0.0003967406 0.0000000030
160 0.0000001655 -0.0002196957 -0.0003424024 0.0000001798 -0.0002136296 -0.0003662221 0.0000000006
161 0.0000001610 -0.0002146092 -0.0003390892 0.0000001798 -0.0002136296 -0.0003662221 0.0000000007
162 0.0000001567 -0.0002096404 -0.0003358346 0.0000001583 -0.0002136296 -0.0003357036 0.0000000000
163 0.0000001526 -0.0002047855 -0.0003326369 0.0000001798 -0.0002136296 -0.0003662221 0.0000000012
164 0.0000001486 -0.0002000410 -0.0003294944 0.0000001583 -0.0002136296 -0.0003357036 0.0000000002
165 0.0000001447 -0.0001954035 -0.0003264055 0.0000001583 -0.0002136296 -0.0003357036 0.0000000004
166 0.0000001410 -0.0001908696 -0.0003233688 0.0000001583 -0.0002136296 -0.0003357036 0.0000000007
167 0.0000001374 -0.0001864361 -0.0003203827 0.0000001388 -0.0002136296 -0.0003051851 0.0000000010
168 0.0000001339 -0.0001821001 -0.0003174459 0.0000001583 -0.0002136296 -0.0003357036 0.0000000013
169 0.0000001306 -0.0001778585 -0.0003145570 0.0000001462 -0.0001831111 -0.0003357036 0.0000000005
170 0.0000001273 -0.0001737086 -0.0003117148 0.0000001267 -0.0001831111 -0.0003051851 0.0000000001
171 0.0000001242 -0.0001696476 -0.0003089179 0.0000001267 -0.0001831111 -0.0003051851 0.0000000002
172 0.0000001212 -0.0001656729 -0.0003061651 0.0000001267 -0.0001831111 -0.0003051851 0.0000000003
173 0.0000001183 -0.0001617821 -0.0003034554 0.0000001462 -0.0001831111 -0.0003357036 0.0000000015
174 0.0000001154 -0.0001579727 -0.0003007875 0.0000001462 -0.0001831111 -0.0003357036 0.0000000019
175 0.0000001127 -0.0001542424 -0.0002981604 0.0000001267 -0.0001831111 -0.0003051851 0.0000000009
176 0.0000001100 -0.0001505890 -0.0002955730 0.0000001267 -0.0001831111 -0.0003051851 0.0000000012
177 0.0000001075 -0.0001470102 -0.0002930244 0.0000001267 -0.0001831111 -0.0003051851 0.0000000015
178 0.0000001050 -0.0001435040 -0.0002905136 0.0000001164 -0.0001525925 -0.0003051851 0.0000000003
179 0.0000001026 -0.0001400685 -0.0002880395 0.0000001164 -0.0001525925 -0.0003051851 0.0000000005
180 0.0000001003 -0.0001367016 -0.0002856014 0.0000001164 -0.0001525925 -0.0003051851 0.0000000006
181 0.0000000980 -0.0001334015 -0.0002831983 0.0000000987 -0.0001525925 -0.0002746666 0.0000000004
182 0.0000000958 -0.0001301664 -0.0002808294 0.0000001164 -0.0001525925 -0.0003051851 0.0000000011
183 0.0000000937 -0.0001269946 -0.0002784938 0.0000000987 -0.0001525925 -0.0002746666 0.0000000007
184 0.0000000916 -0.0001238843 -0.0002761908 0.0000001080 -0.0001220740 -0.0003051851 0.0000000008
185 0.0000000896 -0.0001208340 -0.0002739196 0.0000000903 -0.0001220740 -0.0002746666 0.0000000000
186 0.0000000877 -0.0001178420 -0.0002716794 0.0000000903 -0.0001220740 -0.0002746666 0.0000000000
187 0.0000000858 -0.0001149070 -0.0002694695 0.0000000903 -0.0001220740 -0.0002746666 0.0000000001
188 0.0000000840 -0.0001120273 -0.0002672893 0.0000000903 -0.0001220740 -0.0002746666 0.0000000002
189 0.0000000822 -0.0001092016 -0.0002651380 0.0000000903 -0.0001220740 -0.0002746666 0.0000000003
190 0.0000000805 -0.0001064286 -0.0002630150 0.0000000903 -0.0001220740 -0.0002746666 0.0000000004
191 0.0000000788 -0.0001037068 -0.0002609196 0.0000000680 -0.0000915555 -0.0002441481 0.0000000004
192 0.0000000772 -0.0001010350 -0.0002588513 0.0009845053 -0.0312509537 -0.0028077029 0.0009768141
193 0.0000000756 -0.0000984120 -0.0002568094 0.0000001080 -0.0001220740 -0.0003051851 0.0000000029
194 0.0000000741 -0.0000958365 -0.0002547934 0.0000000903 -0.0001220740 -0.0002746666 0.0000000011
195 0.0000000726 -0.0000933075 -0.0002528027 0.0000001080 -0.0001220740 -0.0003051851 0.0000000036
196 0.0000000712 -0.0000908237 -0.0002508367 0.0000000838 -0.0000915555 -0.0002746666 0.0000000006
197 0.0000000698 -0.0000883841 -0.0002488949 0.0000000838 -0.0000915555 -0.0002746666 0.0000000007
198 0.0000000684 -0.0000859876 -0.0002469768 0.0000000838 -0.0000915555 -0.0002746666 0.0000000008
199 0.0000000671 -0.0000836332 -0.0002450820 0.0000000838 -0.0000915555 -0.0002746666 0.0000000009
200 0.0000000658 -0.0000813199 -0.0002432098 0.0000000680 -0.0000915555 -0.0002441481 0.0000000001
201 0.0000000645 -0.0000790467 -0.0002413599 0.0000000838 -0.0000915555 -0.0002746666 0.0000000013
202 0.0000000633 -0.0000768127 -0.0002395317 0.0000000680 -0.0000915555 -0.0002441481 0.0000000002
203 0.0000000621 -0.0000746170 -0.0002377249 0.0000000633 -0.0000610370 -0.0002441481 0.0000000002
204 0.0000000609 -0.0000724587 -0.0002359389 0.0000000838 -0.0000915555 -0.0002746666 0.0000000019
205 0.0000000598 -0.0000703369 -0.0002341735 0.0000000680 -0.0000915555 -0.0002441481 0.0000000005
206 0.0000000587 -0.0000682509 -0.0002324281 0.0000000838 -0.0000915555 -0.0002746666 0.0000000023
207 0.0000000576 -0.0000661998 -0.0002307024 0.0000000838 -0.0000915555 -0.0002746666 0.0000000026
208 0.0000000566 -0.0000641828 -0.0002289959 0.0000000680 -0.0000915555 -0.0002441481 0.0000000010
209 0.0000000555 -0.0000621992 -0.0002273083 0.0000000680 -0.0000915555 -0.0002441481 0.0000000011
210 0.0000000545 -0.0000602482 -0.0002256393 0.0000000633 -0.0000610370 -0.0002441481 0.0000000003
211 0.0000000536 -0.0000583291 -0.0002239884 0.0000000680 -0.0000915555 -0.0002441481 0.0000000015
212 0.0000000526 -0.0000564412 -0.0002223554 0.0000000633 -0.0000610370 -0.0002441481 0.0000000005
213 0.0000000517 -0.0000545839 -0.0002207398 0.0000000633 -0.0000610370 -0.0002441481 0.0000000006
214 0.0000000508 -0.0000527564 -0.0002191414 0.0000000633 -0.0000610370 -0.0002441481 0.0000000007
215 0.0000000499 -0.0000509582 -0.0002175597 0.0000000633 -0.0000610370 -0.0002441481 0.0000000008
216 0.0000000491 -0.0000491886 -0.0002159946 0.0000000633 -0.0000610370 -0.0002441481 0.0000000009
217 0.0000000482 -0.0000474470 -0.0002144457 0.0000000494 -0.0000610370 -0.0002136296 0.0000000002
218 0.0000000474 -0.0000457329 -0.0002129127 0.0000000633 -0.0000610370 -0.0002441481 0.0000000012
219 0.0000000466 -0.0000440455 -0.0002113953 0.0000000633 -0.0000610370 -0.0002441481 0.0000000014
220 0.0000000459 -0.0000423845 -0.0002098932 0.0000000633 -0.0000610370 -0.0002441481 0.0000000015
221 0.0000000451 -0.0000407492 -0.0002084062 0.0000000494 -0.0000610370 -0.0002136296 0.0000000004
222 0.0000000444 -0.0000391391 -0.0002069339 0.0000000494 -0.0000610370 -0.0002136296 0.0000000005
223 0.0000000436 -0.0000375537 -0.0002054761 0.0000000494 -0.0000610370 -0.0002136296 0.0000000006
224 0.0000000429 -0.0000359925 -0.0002040326 0.0000000466 -0.0000305185 -0.0002136296 0.0000000001
225 0.0000000422 -0.0000344550 -0.0002026031 0.0000000494 -0.0000610370 -0.0002136296 0.0000000008
226 0.0000000416 -0.0000329408 -0.0002011873 0.0000000633 -0.0000610370 -0.0002441481 0.0000000026
227 0.0000000409 -0.0000314493 -0.0001997850 0.0000000466 -0.0000305185 -0.0002136296 0.0000000002
228 0.0000000403 -0.0000299801 -0.0001983960 0.0000000633 -0.0000610370 -0.0002441481 0.0000000031
229 0.0000000396 -0.0000285328 -0.0001970201 0.0000000466 -0.0000305185 -0.0002136296 0.0000000003
230 0.0000000390 -0.0000271069 -0.0001956569 0.0000000494 -0.0000610370 -0.0002136296 0.0000000015
231 0.0000000384 -0.0000257021 -0.0001943064 0.0000000345 -0.0000305185 -0.0001831111 0.0000000001
232 0.0000000378 -0.0000243179 -0.0001929682 0.0000000466 -0.0000305185 -0.0002136296 0.0000000005
233 0.0000000373 -0.0000229539 -0.0001916423 0.0000000466 -0.0000305185 -0.0002136296 0.0000000005
234 0.0000000367 -0.0000216098 -0.0001903283 0.0000000466 -0.0000305185 -0.0002136296 0.0000000006
235 0.0000000361 -0.0000202851 -0.0001890261 0.0000000466 -0.0000305185 -0.0002136296 0.0000000007
236 0.0000000356 -0.0000189794 -0.0001877354 0.0000000466 -0.0000305185 -0.0002136296 0.0000000008
237 0.0000000351 -0.0000176925 -0.0001864561 0.0000000345 -0.0000305185 -0.0001831111 0.0000000002
238 0.0000000346 -0.0000164240 -0.0001851881 0.0000000456 0.0000000000 -0.0002136296 0.0000000011
239 0.0000000341 -0.0000151735 -0.0001839310 0.0000000466 -0.0000305185 -0.0002136296 0.0000000011
240 0.0000000336 -0.0000139407 -0.0001826848 0.0000000494 -0.0000610370 -0.0002136296 0.0000000032
241 0.0000000331 -0.0000127253 -0.0001814493 0.0000000345 -0.0000305185 -0.0001831111 0.0000000003
242 0.0000000326 -0.0000115269 -0.0001802242 0.0000000345 -0.0000305185 -0.0001831111 0.0000000004
243 0.0000000322 -0.0000103453 -0.0001790095 0.0000000345 -0.0000305185 -0.0001831111 0.0000000004
244 0.0000000317 -0.0000091801 -0.0001778049 0.0000000466 -0.0000305185 -0.0002136296 0.0000000017
245 0.0000000313 -0.0000080310 -0.0001766103 0.0000000345 -0.0000305185 -0.0001831111 0.0000000005
246 0.0000000308 -0.0000068978 -0.0001754256 0.0000000345 -0.0000305185 -0.0001831111 0.0000000006
247 0.0000000304 -0.0000057802 -0.0001742505 0.0000000345 -0.0000305185 -0.0001831111 0.0000000007
248 0.0000000300 -0.0000046778 -0.0001730850 0.0000000466 -0.0000305185 -0.0002136296 0.0000000023
249 0.0000000296 -0.0000035904 -0.0001719289 0.0000000456 0.0000000000 -0.0002136296 0.0000000018
250 0.0000000292 -0.0000025178 -0.0001707820 0.0000000345 -0.0000305185 -0.0001831111 0.0000000009
251 0.0000000288 -0.0000014597 -0.0001696442 0.0000000345 -0.0000305185 -0.0001831111 0.0000000010
252 0.0000000284 -0.0000004159 -0.0001685154 0.0000000345 -0.0000305185 -0.0001831111 0.0000000011
253 0.0000000280 0.0000006140 -0.0001673954 0.0000000335 0.0000000000 -0.0001831111 0.0000000002
254 0.0000000277 0.0000016302 -0.0001662841 0.0000000335 0.0000000000 -0.0001831111 0.0000000003
255 0.0000000273 0.0000026328 -0.0001651814 0.0000000345 -0.0000305185 -0.0001831111 0.0000000014
256 0.0000000269 0.0000036221 -0.0001640871 0.0000000009 -0.0000305185 0.0000000000 0.0000000281
257 0.0000000266 0.0000045984 -0.0001630011 0.0000000233 0.0000000000 -0.0001525925 0.0000000001
258 0.0000000263 0.0000055618 -0.0001619232 0.0000000335 0.0000000000 -0.0001831111 0.0000000005
259 0.0000000259 0.0000065126 -0.0001608535 0.0000000345 -0.0000305185 -0.0001831111 0.0000000019
260 0.0000000256 0.0000074510 -0.0001597917 0.0000000335 0.0000000000 -0.0001831111 0.0000000006
261 0.0000000253 0.0000083772 -0.0001587377 0.0000000233 0.0000000000 -0.0001525925 0.0000000001
262 0.0000000250 0.0000092914 -0.0001576914 0.0000000335 0.0000000000 -0.0001831111 0.0000000007
263 0.0000000246 0.0000101938 -0.0001566528 0.0000000335 0.0000000000 -0.0001831111 0.0000000008
264 0.0000000243 0.0000110846 -0.0001556216 0.0000000335 0.0000000000 -0.0001831111 0.0000000009
265 0.0000000240 0.0000119639 -0.0001545978 0.0000000335 0.0000000000 -0.0001831111 0.0000000010
266 0.0000000238 0.0000128321 -0.0001535813 0.0000000233 0.0000000000 -0.0001525925 0.0000000002
267 0.0000000235 0.0000136891 -0.0001525719 0.0000000233 0.0000000000 -0.0001525925 0.0000000002
268 0.0000000232 0.0000145353 -0.0001515697 0.0000000335 0.0000000000 -0.0001831111 0.0000000012
269 0.0000000229 0.0000153708 -0.0001505744 0.0000000233 0.0000000000 -0.0001525925 0.0000000002
270 0.0000000226 0.0000161958 -0.0001495860 0.0000000233 0.0000000000 -0.0001525925 0.0000000003
271 0.0000000224 0.0000170104 -0.0001486043 0.0000000242 0.0000305185 -0.0001525925 0.0000000002
272 0.0000000221 0.0000178148 -0.0001476294 0.0000000233 0.0000000000 -0.0001525925 0.0000000003
273 0.0000000219 0.0000186092 -0.0001466610 0.0000000233 0.0000000000 -0.0001525925 0.0000000004
274 0.0000000216 0.0000193936 -0.0001456992 0.0000000233 0.0000000000 -0.0001525925 0.0000000004
275 0.0000000214 0.0000201684 -0.0001447437 0.0000000335 0.0000000000 -0.0001831111 0.0000000019
276 0.0000000211 0.0000209336 -0.0001437946 0.0000000149 0.0000000000 -0.0001220740 0.0000000009
277 0.0000000209 0.0000216893 -0.0001428517 0.0000000149 0.0000000000 -0.0001220740 0.0000000009
278 0.0000000206 0.0000224358 -0.0001419149 0.0000000233 0.0000000000 -0.0001525925 0.0000000006
279 0.0000000204 0.0000231731 -0.0001409843 0.0000000233 0.0000000000 -0.0001525925 0.0000000007
280 0.0000000202 0.0000239014 -0.0001400596 0.0000000233 0.0000000000 -0.0001525925 0.0000000007
281 0.0000000200 0.0000246209 -0.0001391408 0.0000000335 0.0000000000 -0.0001831111 0.0000000025
282 0.0000000197 0.0000253316 -0.0001382278 0.0000000242 0.0000305185 -0.0001525925 0.0000000002
283 0.0000000195 0.0000260337 -0.0001373206 0.0000000233 0.0000000000 -0.0001525925 0.0000000009
284 0.0000000193 0.0000267273 -0.0001364190 0.0000000233 0.0000000000 -0.0001525925 0.0000000010
285 0.0000000191 0.0000274126 -0.0001355231 0.0000000242 0.0000305185 -0.0001525925 0.0000000003
286 0.0000000189 0.0000280896 -0.0001346326 0.0000000242 0.0000305185 -0.0001525925 0.0000000003
287 0.0000000187 0.0000287586 -0.0001337477 0.0000000233 0.0000000000 -0.0001525925 0.0000000012
288 0.0000000185 0.0000294195 -0.0001328680 0.0000000242 0.0000305185 -0.0001525925 0.0000000004
289 0.0000000183 0.0000300726 -0.0001319937 0.0000000233 0.0000000000 -0.0001525925 0.0000000013
290 0.0000000181 0.0000307179 -0.0001311247 0.0000000242 0.0000305185 -0.0001525925 0.0000000005
291 0.0000000180 0.0000313556 -0.0001302608 0.0000000242 0.0000305185 -0.0001525925 0.0000000005
292 0.0000000178 0.0000319858 -0.0001294020 0.0000000242 0.0000305185 -0.0001525925 0.0000000005
293 0.0000000176 0.0000326085 -0.0001285482 0.0000000233 0.0000000000 -0.0001525925 0.0000000016
294 0.0000000174 0.0000332239 -0.0001276994 0.0000000149 0.0000000000 -0.0001220740 0.0000000011
295 0.0000000172 0.0000338321 -0.0001268555 0.0000000233 0.0000000000 -0.0001525925 0.0000000018
296 0.0000000171 0.0000344331 -0.0001260165 0.0000000158 0.0000305185 -0.0001220740 0.0000000000
297 0.0000000169 0.0000350272 -0.0001251822 0.0000000149 0.0000000000 -0.0001220740 0.0000000012
298 0.0000000167 0.0000356143 -0.0001243527 0.0000000233 0.0000000000 -0.0001525925 0.0000000021
299 0.0000000166 0.0000361946 -0.0001235278 0.0000000149 0.0000000000 -0.0001220740 0.0000000013
300 0.0000000164 0.0000367682 -0.0001227075 0.0000000149 0.0000000000 -0.0001220740 0.0000000014
301 0.0000000163 0.0000373352 -0.0001218917 0.0000000158 0.0000305185 -0.0001220740 0.0000000000
302 0.0000000161 0.0000378956 -0.0001210805 0.0000000158 0.0000305185 -0.0001220740 0.0000000001
303 0.0000000159 0.0000384495 -0.0001202737 0.0000000158 0.0000305185 -0.0001220740 0.0000000001
304 0.0000000158 0.0000389971 -0.0001194712 0.0000000158 0.0000305185 -0.0001220740 0.0000000001
305 0.0000000156 0.0000395384 -0.0001186731 0.0000000149 0.0000000000 -0.0001220740 0.0000000016
306 0.0000000155 0.0000400735 -0.0001178792 0.0000000158 0.0000305185 -0.0001220740 0.0000000001
307 0.0000000154 0.0000406025 -0.0001170896 0.0000000158 0.0000305185 -0.0001220740 0.0000000001
308 0.0000000152 0.0000411255 -0.0001163041 0.0000000158 0.0000305185 -0.0001220740 0.0000000001
309 0.0000000151 0.0000416425 -0.0001155227 0.0000000158 0.0000305185 -0.0001220740 0.0000000002
310 0.0000000149 0.0000421536 -0.0001147454 0.0000000084 0.0000000000 -0.0000915555 0.0000000023
311 0.0000000148 0.0000426590 -0.0001139721 0.0000000149 0.0000000000 -0.0001220740 0.0000000019
312 0.0000000147 0.0000431586 -0.0001132027 0.0000000158 0.0000305185 -0.0001220740 0.0000000002
313 0.0000000145 0.0000436526 -0.0001124373 0.0000000158 0.0000305185 -0.0001220740 0.0000000003
314 0.0000000144 0.0000441410 -0.0001116757 0.0000000149 0.0000000000 -0.0001220740 0.0000000021
315 0.0000000143 0.0000446239 -0.0001109179 0.0000000158 0.0000305185 -0.0001220740 0.0000000003
316 0.0000000142 0.0000451014 -0.0001101640 0.0000000158 0.0000305185 -0.0001220740 0.0000000004
317 0.0000000140 0.0000455735 -0.0001094137 0.0000000233 0.0000000000 -0.0001525925 0.0000000039
318 0.0000000139 0.0000460403 -0.0001086671 0.0000000149 0.0000000000 -0.0001220740 0.0000000023
319 0.0000000138 0.0000465019 -0.0001079242 0.0000000242 0.0000305185 -0.0001525925 0.0000000023
320 0.0000000137 0.0000469584 -0.0001071848 0.0015084416 -0.0231025117 0.0312204352 0.0015173177
321 0.0000000136 0.0000474097 -0.0001064490 0.0000000084 0.0000000000 -0.0000915555 0.0000000025
322 0.0000000135 0.0000478560 -0.0001057167 0.0000000158 0.0000305185 -0.0001220740 0.0000000006
323 0.0000000134 0.0000482974 -0.0001049879 0.0000000093 0.0000305185 -0.0000915555 0.0000000005
324 0.0000000132 0.0000487339 -0.0001042624 0.0000000158 0.0000305185 -0.0001220740 0.0000000006
325 0.0000000131 0.0000491655 -0.0001035404 0.0000000158 0.0000305185 -0.0001220740 0.0000000007
326 0.0000000130 0.0000495923 -0.0001028217 0.0000000149 0.0000000000 -0.0001220740 0.0000000028
327 0.0000000129 0.0000500144 -0.0001021063 0.0000000158 0.0000305185 -0.0001220740 0.0000000008
328 0.0000000128 0.0000504318 -0.0001013942 0.0000000158 0.0000305185 -0.0001220740 0.0000000008
329 0.0000000127 0.0000508446 -0.0001006853 0.0000000093 0.0000305185 -0.0000915555 0.0000000005
330 0.0000000126 0.0000512529 -0.0000999796 0.0000000158 0.0000305185 -0.0001220740 0.0000000009
331 0.0000000125 0.0000516566 -0.0000992770 0.0000000158 0.0000305185 -0.0001220740 0.0000000010
332 0.0000000124 0.0000520559 -0.0000985776 0.0000000093 0.0000305185 -0.0000915555 0.0000000005
333 0.0000000123 0.0000524508 -0.0000978812 0.0000000093 0.0000305185 -0.0000915555 0.0000000005
334 0.0000000122 0.0000528414 -0.0000971878 0.0000000093 0.0000305185 -0.0000915555 0.0000000005
335 0.0000000121 0.0000532277 -0.0000964975 0.0000000158 0.0000305185 -0.0001220740 0.0000000012
336 0.0000000121 0.0000536097 -0.0000958101 0.0000000093 0.0000305185 -0.0000915555 0.0000000006
337 0.0000000120 0.0000539875 -0.0000951257 0.0000000158 0.0000305185 -0.0001220740 0.0000000013
338 0.0000000119 0.0000543612 -0.0000944442 0.0000000121 0.0000610370 -0.0000915555 0.0000000001
339 0.0000000118 0.0000547308 -0.0000937655 0.0000000093 0.0000305185 -0.0000915555 0.0000000006
340 0.0000000117 0.0000550963 -0.0000930897 0.0000000093 0.0000305185 -0.0000915555 0.0000000006
341 0.0000000116 0.0000554579 -0.0000924166 0.0000000093 0.0000305185 -0.0000915555 0.0000000006
342 0.0000000115 0.0000558154 -0.0000917463 0.0000000158 0.0000305185 -0.0001220740 0.0000000016
343 0.0000000115 0.0000561691 -0.0000910788 0.0000000093 0.0000305185 -0.0000915555 0.0000000007
344 0.0000000114 0.0000565189 -0.0000904140 0.0000000093 0.0000305185 -0.0000915555 0.0000000007
345 0.0000000113 0.0000568649 -0.0000897518 0.0000000158 0.0000305185 -0.0001220740 0.0000000017
346 0.0000000112 0.0000572071 -0.0000890923 0.0000000084 0.0000000000 -0.0000915555 0.0000000033
347 0.0000000111 0.0000575455 -0.0000884353 0.0000000093 0.0000305185 -0.0000915555 0.0000000007
348 0.0000000111 0.0000578802 -0.0000877810 0.0000000158 0.0000305185 -0.0001220740 0.0000000019
349 0.0000000110 0.0000582113 -0.0000871292 0.0000000158 0.0000305185 -0.0001220740 0.0000000020
350 0.0000000109 0.0000585388 -0.0000864799 0.0000000093 0.0000305185 -0.0000915555 0.0000000008
351 0.0000000108 0.0000588627 -0.0000858332 0.0000000121 0.0000610370 -0.0000915555 0.0000000000
352 0.0000000108 0.0000591830 -0.0000851888 0.0000000121 0.0000610370 -0.0000915555 0.0000000000
353 0.0000000107 0.0000594998 -0.0000845470 0.0000000158 0.0000305185 -0.0001220740 0.0000000022
354 0.0000000106 0.0000598132 -0.0000839075 0.0000000121 0.0000610370 -0.0000915555 0.0000000001
355 0.0000000105 0.0000601231 -0.0000832704 0.0000000121 0.0000610370 -0.0000915555 0.0000000001
356 0.0000000105 0.0000604297 -0.0000826356 0.0000000093 0.0000305185 -0.0000915555 0.0000000010
357 0.0000000104 0.0000607329 -0.0000820032 0.0000000093 0.0000305185 -0.0000915555 0.0000000010
358 0.0000000103 0.0000610327 -0.0000813731 0.0000000121 0.0000610370 -0.0000915555 0.0000000001
359 0.0000000103 0.0000613293 -0.0000807452 0.0000000093 0.0000305185 -0.0000915555 0.0000000011
360 0.0000000102 0.0000616226 -0.0000801196 0.0000000093 0.0000305185 -0.0000915555 0.0000000011
361 0.0000000102 0.0000619127 -0.0000794962 0.0000000093 0.0000305185 -0.0000915555 0.0000000011
362 0.0000000101 0.0000621997 -0.0000788750 0.0000000093 0.0000305185 -0.0000915555 0.0000000012
363 0.0000000100 0.0000624834 -0.0000782560 0.0000000093 0.0000305185 -0.0000915555 0.0000000012
364 0.0000000100 0.0000627641 -0.0000776391 0.0000000121 0.0000610370 -0.0000915555 0.0000000002
365 0.0000000099 0.0000630416 -0.0000770243 0.0000000093 0.0000305185 -0.0000915555 0.0000000013
366 0.0000000098 0.0000633161 -0.0000764116 0.0000000093 0.0000305185 -0.0000915555 0.0000000013
367 0.0000000098 0.0000635876 -0.0000758010 0.0000000121 0.0000610370 -0.0000915555 0.0000000003
368 0.0000000097 0.0000638560 -0.0000751924 0.0000000121 0.0000610370 -0.0000915555 0.0000000003
369 0.0000000097 0.0000641215 -0.0000745858 0.0000000093 0.0000305185 -0.0000915555 0.0000000014
370 0.0000000096 0.0000643841 -0.0000739813 0.0000000093 0.0000305185 -0.0000915555 0.0000000015
371 0.0000000096 0.0000646437 -0.0000733787 0.0000000093 0.0000305185 -0.0000915555 0.0000000015
372 0.0000000095 0.0000649004 -0.0000727781 0.0000000121 0.0000610370 -0.0000915555 0.0000000004
373 0.0000000095 0.0000651543 -0.0000721794 0.0000000093 0.0000305185 -0.0000915555 0.0000000016
374 0.0000000094 0.0000654054 -0.0000715826 0.0000000093 0.0000305185 -0.0000915555 0.0000000016
375 0.0000000093 0.0000656537 -0.0000709877 0.0000000121 0.0000610370 -0.0000915555 0.0000000004
376 0.0000000093 0.0000658992 -0.0000703946 0.0000000093 0.0000305185 -0.0000915555 0.0000000017
377 0.0000000092 0.0000661419 -0.0000698034 0.0000000093 0.0000305185 -0.0000915555 0.0000000017
378 0.0000000092 0.0000663819 -0.0000692141 0.0000000093 0.0000305185 -0.0000915555 0.0000000018
379 0.0000000091 0.0000666192 -0.0000686265 0.0000000075 0.0000610370 -0.0000610370 0.0000000001
380 0.0000000091 0.0000668539 -0.0000680407 0.0000000093 0.0000305185 -0.0000915555 0.0000000019
381 0.0000000091 0.0000670859 -0.0000674566 0.0000000093 0.0000305185 -0.0000915555 0.0000000019
382 0.0000000090 0.0000673153 -0.0000668743 0.0000000075 0.0000610370 -0.0000610370 0.0000000001
383 0.0000000090 0.0000675420 -0.0000662937 0.0000000075 0.0000610370 -0.0000610370 0.0000000001
384 0.0000000089 0.0000677662 -0.0000657148 0.0001674406 -0.0000305185 0.0129398480 0.0001691543
385 0.0000000089 0.0000679879 -0.0000651375 0.0000000075 0.0000610370 -0.0000610370 0.0000000001
386 0.0000000088 0.0000682070 -0.0000645620 0.0000000121 0.0000610370 -0.0000915555 0.0000000008
387 0.0000000088 0.0000684236 -0.0000639880 0.0000000121 0.0000610370 -0.0000915555 0.0000000008
388 0.0000000087 0.0000686377 -0.0000634157 0.0000000093 0.0000305185 -0.0000915555 0.0000000022
389 0.0000000087 0.0000688494 -0.0000628450 0.0000000075 0.0000610370 -0.0000610370 0.0000000001
390 0.0000000086 0.0000690586 -0.0000622758 0.0000000075 0.0000610370 -0.0000610370 0.0000000001
391 0.0000000086 0.0000692653 -0.0000617082 0.0000000121 0.0000610370 -0.0000915555 0.0000000010
392 0.0000000086 0.0000694697 -0.0000611422 0.0000000075 0.0000610370 -0.0000610370 0.0000000001
393 0.0000000085 0.0000696717 -0.0000605776 0.0000000075 0.0000610370 -0.0000610370 0.0000000001
394 0.0000000085 0.0000698714 -0.0000600146 0.0000000047 0.0000305185 -0.0000610370 0.0000000015
395 0.0000000084 0.0000700687 -0.0000594531 0.0000000075 0.0000610370 -0.0000610370 0.0000000001
396 0.0000000084 0.0000702636 -0.0000588930 0.0000000075 0.0000610370 -0.0000610370 0.0000000001
397 0.0000000084 0.0000704563 -0.0000583344 0.0000000121 0.0000610370 -0.0000915555 0.0000000012
398 0.0000000083 0.0000706467 -0.0000577772 0.0000000047 0.0000305185 -0.0000610370 0.0000000016
399 0.0000000083 0.0000708348 -0.0000572214 0.0000000075 0.0000610370 -0.0000610370 0.0000000001
400 0.0000000083 0.0000710207 -0.0000566670 0.0000000075 0.0000610370 -0.0000610370 0.0000000001
401 0.0000000082 0.0000712043 -0.0000561140 0.0000000075 0.0000610370 -0.0000610370 0.0000000001
402 0.0000000082 0.0000713858 -0.0000555623 0.0000000075 0.0000610370 -0.0000610370 0.0000000001
403 0.0000000081 0.0000715650 -0.0000550120 0.0000000047 0.0000305185 -0.0000610370 0.0000000017
404 0.0000000081 0.0000717421 -0.0000544631 0.0000000075 0.0000610370 -0.0000610370 0.0000000002
405 0.0000000081 0.0000719170 -0.0000539154 0.0000000075 0.0000610370 -0.0000610370 0.0000000002
406 0.0000000080 0.0000720897 -0.0000533690 0.0000000075 0.0000610370 -0.0000610370 0.0000000002
407 0.0000000080 0.0000722604 -0.0000528240 0.0000000075 0.0000610370 -0.0000610370 0.0000000002
408 0.0000000080 0.0000724289 -0.0000522801 0.0000000075 0.0000610370 -0.0000610370 0.0000000002
409 0.0000000079 0.0000725953 -0.0000517376 0.0000000075 0.0000610370 -0.0000610370 0.0000000002
410 0.0000000079 0.0000727597 -0.0000511962 0.0000000075 0.0000610370 -0.0000610370 0.0000000002
411 0.0000000079 0.0000729220 -0.0000506561 0.0000000075 0.0000610370 -0.0000610370 0.0000000002
412 0.0000000079 0.0000730822 -0.0000501172 0.0000000075 0.0000610370 -0.0000610370 0.0000000003
413 0.0000000078 0.0000732404 -0.0000495794 0.0000000075 0.0000610370 -0.0000610370 0.0000000003
414 0.0000000078 0.0000733966 -0.0000490428 0.0000000075 0.0000610370 -0.0000610370 0.0000000003
415 0.0000000078 0.0000735508 -0.0000485074 0.0000000121 0.0000610370 -0.0000915555 0.0000000020
416 0.0000000077 0.0000737030 -0.0000479731 0.0000000075 0.0000610370 -0.0000610370 0.0000000003
417 0.0000000077 0.0000738532 -0.0000474400 0.0000000075 0.0000610370 -0.0000610370 0.0000000003
418 0.0000000077 0.0000740014 -0.0000469079 0.0000000075 0.0000610370 -0.0000610370 0.0000000004
419 0.0000000076 0.0000741477 -0.0000463770 0.0000000075 0.0000610370 -0.0000610370 0.0000000004
420 0.0000000076 0.0000742921 -0.0000458471 0.0000000075 0.0000610370 -0.0000610370 0.0000000004
421 0.0000000076 0.0000744346 -0.0000453183 0.0000000075 0.0000610370 -0.0000610370 0.0000000004
422 0.0000000076 0.0000745751 -0.0000447905 0.0000000075 0.0000610370 -0.0000610370 0.0000000004
423 0.0000000075 0.0000747137 -0.0000442638 0.0000000075 0.0000610370 -0.0000610370 0.0000000005
424 0.0000000075 0.0000748505 -0.0000437380 0.0000000075 0.0000610370 -0.0000610370 0.0000000005
425 0.0000000075 0.0000749854 -0.0000432133 0.0000000047 0.0000610370 -0.0000305185 0.0000000004
426 0.0000000075 0.0000751184 -0.0000426896 0.0000000075 0.0000610370 -0.0000610370 0.0000000005
427 0.0000000074 0.0000752496 -0.0000421669 0.0000000047 0.0000610370 -0.0000305185 0.0000000003
428 0.0000000074 0.0000753789 -0.0000416451 0.0000000075 0.0000610370 -0.0000610370 0.0000000006
429 0.0000000074 0.0000755065 -0.0000411243 0.0000000075 0.0000610370 -0.0000610370 0.0000000006
430 0.0000000074 0.0000756322 -0.0000406044 0.0000000075 0.0000610370 -0.0000610370 0.0000000006
431 0.0000000073 0.0000757561 -0.0000400854 0.0000000075 0.0000610370 -0.0000610370 0.0000000007
432 0.0000000073 0.0000758782 -0.0000395674 0.0000000075 0.0000610370 -0.0000610370 0.0000000007
433 0.0000000073 0.0000759985 -0.0000390502 0.0000000075 0.0000610370 -0.0000610370 0.0000000007
434 0.0000000073 0.0000761171 -0.0000385340 0.0000000075 0.0000610370 -0.0000610370 0.0000000007
435 0.0000000073 0.0000762339 -0.0000380186 0.0000000075 0.0000610370 -0.0000610370 0.0000000008
436 0.0000000072 0.0000763490 -0.0000375040 0.0000000075 0.0000610370 -0.0000610370 0.0000000008
437 0.0000000072 0.0000764623 -0.0000369903 0.0000000047 0.0000305185 -0.0000610370 0.0000000027
438 0.0000000072 0.0000765739 -0.0000364774 0.0000000075 0.0000610370 -0.0000610370 0.0000000008
439 0.0000000072 0.0000766837 -0.0000359654 0.0000000093 0.0000915555 -0.0000305185 0.0000000003
440 0.0000000072 0.0000767919 -0.0000354541 0.0000000047 0.0000610370 -0.0000305185 0.0000000003
441 0.0000000071 0.0000768984 -0.0000349437 0.0000000047 0.0000610370 -0.0000305185 0.0000000003
442 0.0000000071 0.0000770031 -0.0000344340 0.0000000075 0.0000610370 -0.0000610370 0.0000000010
443 0.0000000071 0.0000771062 -0.0000339251 0.0000000075 0.0000610370 -0.0000610370 0.0000000010
444 0.0000000071 0.0000772076 -0.0000334169 0.0000000047 0.0000610370 -0.0000305185 0.0000000003
445 0.0000000071 0.0000773074 -0.0000329095 0.0000000019 0.0000305185 -0.0000305185 0.0000000022
446 0.0000000070 0.0000774055 -0.0000324028 0.0000000075 0.0000610370 -0.0000610370 0.0000000011
447 0.0000000070 0.0000775019 -0.0000318968 0.0000000019 0.0000305185 -0.0000305185 0.0000000022
448 0.0000000070 0.0000775967 -0.0000313916 0.0001958849 -0.0091860714 0.0105594043 0.0001979805
449 0.0000000070 0.0000776899 -0.0000308870 0.0000000121 0.0000915555 -0.0000610370 0.0000000011
450 0.0000000070 0.0000777815 -0.0000303831 0.0000000047 0.0000610370 -0.0000305185 0.0000000003
451 0.0000000070 0.0000778714 -0.0000298799 0.0000000075 0.0000610370 -0.0000610370 0.0000000013
452 0.0000000069 0.0000779597 -0.0000293773 0.0000000075 0.0000610370 -0.0000610370 0.0000000013
453 0.0000000069 0.0000780465 -0.0000288754 0.0000000075 0.0000610370 -0.0000610370 0.0000000013
454 0.0000000069 0.0000781316 -0.0000283741 0.0000000047 0.0000610370 -0.0000305185 0.0000000003
455 0.0000000069 0.0000782152 -0.0000278735 0.0000000047 0.0000610370 -0.0000305185 0.0000000003
456 0.0000000069 0.0000782971 -0.0000273734 0.0000000047 0.0000610370 -0.0000305185 0.0000000003
457 0.0000000069 0.0000783775 -0.0000268739 0.0000000047 0.0000610370 -0.0000305185 0.0000000003
458 0.0000000069 0.0000784564 -0.0000263751 0.0000000075 0.0000610370 -0.0000610370 0.0000000015
459 0.0000000068 0.0000785336 -0.0000258768 0.0000000047 0.0000610370 -0.0000305185 0.0000000003
460 0.0000000068 0.0000786094 -0.0000253790 0.0000000075 0.0000610370 -0.0000610370 0.0000000016
461 0.0000000068 0.0000786835 -0.0000248818 0.0000000047 0.0000610370 -0.0000305185 0.0000000003
462 0.0000000068 0.0000787562 -0.0000243852 0.0000000047 0.0000610370 -0.0000305185 0.0000000004
463 0.0000000068 0.0000788273 -0.0000238891 0.0000000047 0.0000610370 -0.0000305185 0.0000000004
464 0.0000000068 0.0000788968 -0.0000233935 0.0000000047 0.0000610370 -0.0000305185 0.0000000004
465 0.0000000068 0.0000789649 -0.0000228984 0.0000000047 0.0000610370 -0.0000305185 0.0000000004
466 0.0000000067 0.0000790314 -0.0000224038 0.0000000047 0.0000610370 -0.0000305185 0.0000000004
467 0.0000000067 0.0000790965 -0.0000219097 0.0000000075 0.0000610370 -0.0000610370 0.0000000019
468 0.0000000067 0.0000791600 -0.0000214160 0.0000000047 0.0000610370 -0.0000305185 0.0000000004
469 0.0000000067 0.0000792220 -0.0000209228 0.0000000047 0.0000610370 -0.0000305185 0.0000000004
470 0.0000000067 0.0000792825 -0.0000204301 0.0000000047 0.0000610370 -0.0000305185 0.0000000004
471 0.0000000067 0.0000793415 -0.0000199378 0.0000000047 0.0000610370 -0.0000305185 0.0000000004
472 0.0000000067 0.0000793991 -0.0000194459 0.0000000047 0.0000610370 -0.0000305185 0.0000000005
473 0.0000000067 0.0000794552 -0.0000189545 0.0000000019 0.0000305185 -0.0000305185 0.0000000025
474 0.0000000067 0.0000795097 -0.0000184634 0.0000000047 0.0000610370 -0.0000305185 0.0000000005
475 0.0000000067 0.0000795629 -0.0000179728 0.0000000075 0.0000610370 -0.0000610370 0.0000000022
476 0.0000000066 0.0000796145 -0.0000174825 0.0000000047 0.0000610370 -0.0000305185 0.0000000005
477 0.0000000066 0.0000796647 -0.0000169926 0.0000000047 0.0000610370 -0.0000305185 0.0000000005
478 0.0000000066 0.0000797134 -0.0000165031 0.0000000047 0.0000610370 -0.0000305185 0.0000000005
479 0.0000000066 0.0000797607 -0.0000160139 0.0000000047 0.0000610370 -0.0000305185 0.0000000006
480 0.0000000066 0.0000798065 -0.0000155251 0.0000000047 0.0000610370 -0.0000305185 0.0000000006
481 0.0000000066 0.0000798509 -0.0000150366 0.0000000019 0.0000305185 -0.0000305185 0.0000000027
482 0.0000000066 0.0000798938 -0.0000145484 0.0000000047 0.0000610370 -0.0000305185 0.0000000006
483 0.0000000066 0.0000799353 -0.0000140605 0.0000000047 0.0000610370 -0.0000305185 0.0000000006
484 0.0000000066 0.0000799754 -0.0000135730 0.0000000047 0.0000610370 -0.0000305185 0.0000000006
485 0.0000000066 0.0000800140 -0.0000130857 0.0000000093 0.0000915555 -0.0000305185 0.0000000004
486 0.0000000066 0.0000800512 -0.0000125987 0.0000000047 0.0000610370 -0.0000305185 0.0000000007
487 0.0000000066 0.0000800869 -0.0000121119 0.0000000047 0.0000610370 -0.0000305185 0.0000000007
488 0.0000000066 0.0000801212 -0.0000116254 0.0000000047 0.0000610370 -0.0000305185 0.0000000007
489 0.0000000065 0.0000801542 -0.0000111392 0.0000000047 0.0000610370 -0.0000305185 0.0000000007
490 0.0000000065 0.0000801856 -0.0000106532 0.0000000019 0.0000305185 -0.0000305185 0.0000000029
491 0.0000000065 0.0000802157 -0.0000101674 0.0000000047 0.0000610370 -0.0000305185 0.0000000008
492 0.0000000065 0.0000802444 -0.0000096819 0.0000000047 0.0000610370 -0.0000305185 0.0000000008
493 0.0000000065 0.0000802716 -0.0000091965 0.0000000047 0.0000610370 -0.0000305185 0.0000000008
494 0.0000000065 0.0000802975 -0.0000087113 0.0000000037 0.0000610370 0.0000000000 0.0000000004
495 0.0000000065 0.0000803219 -0.0000082264 0.0000000047 0.0000610370 -0.0000305185 0.0000000009
496 0.0000000065 0.0000803449 -0.0000077416 0.0000000047 0.0000610370 -0.0000305185 0.0000000009
497 0.0000000065 0.0000803665 -0.0000072569 0.0000000047 0.0000610370 -0.0000305185 0.0000000009
498 0.0000000065 0.0000803867 -0.0000067724 0.0000000037 0.0000610370 0.0000000000 0.0000000004
499 0.0000000065 0.0000804055 -0.0000062881 0.0000000047 0.0000610370 -0.0000305185 0.0000000010
500 0.0000000065 0.0000804230 -0.0000058039 0.0000000047 0.0000610370 -0.0000305185 0.0000000010
501 0.0000000065 0.0000804390 -0.0000053198 0.0000000047 0.0000610370 -0.0000305185 0.0000000010
502 0.0000000065 0.0000804536 -0.0000048358 0.0000000037 0.0000610370 0.0000000000 0.0000000004
503 0.0000000065 0.0000804668 -0.0000043520 0.0000000047 0.0000610370 -0.0000305185 0.0000000011
504 0.0000000065 0.0000804786 -0.0000038682 0.0000000047 0.0000610370 -0.0000305185 0.0000000011
505 0.0000000065 0.0000804891 -0.0000033845 0.0000000009 0.0000305185 0.0000000000 0.0000000025
506 0.0000000065 0.0000804981 -0.0000029008 0.0000000037 0.0000610370 0.0000000000 0.0000000004
507 0.0000000065 0.0000805058 -0.0000024173 0.0000000047 0.0000610370 -0.0000305185 0.0000000012
508 0.0000000065 0.0000805120 -0.0000019338 0.0000000047 0.0000610370 -0.0000305185 0.0000000012
509 0.0000000065 0.0000805169 -0.0000014503 0.0000000047 0.0000610370 -0.0000305185 0.0000000012
510 0.0000000065 0.0000805204 -0.0000009668 0.0000000037 0.0000610370 0.0000000000 0.0000000004
511 0.0000000065 0.0000805224 -0.0000004834 0.0000000009 0.0000305185 0.0000000000 0.0000000025
512 0.0000000065 0.0000805231 0.0000000000 0.0000004927 0.0007019257 0.0000000000 0.0000003861
513 0.0000000065 0.0000805224 0.0000004834 0.0000000047 0.0000610370 -0.0000305185 0.0000000013
514 0.0000000065 0.0000805204 0.0000009668 0.0000000047 0.0000610370 -0.0000305185 0.0000000014
515 0.0000000065 0.0000805169 0.0000014503 0.0000000037 0.0000610370 0.0000000000 0.0000000004
516 0.0000000065 0.0000805120 0.0000019338 0.0000000047 0.0000610370 -0.0000305185 0.0000000014
517 0.0000000065 0.0000805058 0.0000024173 0.0000000009 0.0000305185 0.0000000000 0.0000000025
518 0.0000000065 0.0000804981 0.0000029008 0.0000000047 0.0000610370 -0.0000305185 0.0000000015
519 0.0000000065 0.0000804891 0.0000033845 0.0000000047 0.0000610370 -0.0000305185 0.0000000015
520 0.0000000065 0.0000804786 0.0000038682 0.0000000037 0.0000610370 0.0000000000 0.0000000004
521 0.0000000065 0.0000804668 0.0000043520 0.0000000084 0.0000915555 0.0000000000 0.0000000001
522 0.0000000065 0.0000804536 0.0000048358 0.0000000037 0.0000610370 0.0000000000 0.0000000004
523 0.0000000065 0.0000804390 0.0000053198 0.0000000037 0.0000610370 0.0000000000 0.0000000004
524 0.0000000065 0.0000804230 0.0000058039 0.0000000037 0.0000610370 0.0000000000 0.0000000004
525 0.0000000065 0.0000804055 0.0000062881 0.0000000037 0.0000610370 0.0000000000 0.0000000004
526 0.0000000065 0.0000803867 0.0000067724 0.0000000047 0.0000610370 -0.0000305185 0.0000000018
527 0.0000000065 0.0000803665 0.0000072569 0.0000000047 0.0000610370 -0.0000305185 0.0000000018
528 0.0000000065 0.0000803449 0.0000077416 0.0000000037 0.0000610370 0.0000000000 0.0000000004
529 0.0000000065 0.0000803219 0.0000082264 0.0000000037 0.0000610370 0.0000000000 0.0000000004
530 0.0000000065 0.0000802975 0.0000087113 0.0000000047 0.0000610370 -0.0000305185 0.0000000019
531 0.0000000065 0.0000802716 0.0000091965 0.0000000047 0.0000610370 -0.0000305185 0.0000000019
532 0.0000000065 0.0000802444 0.0000096819 0.0000000037 0.0000610370 0.0000000000 0.0000000005
533 0.0000000065 0.0000802157 0.0000101674 0.0000000037 0.0000610370 0.0000000000 0.0000000005
534 0.0000000065 0.0000801856 0.0000106532 0.0000000037 0.0000610370 0.0000000000 0.0000000005
535 0.0000000065 0.0000801542 0.0000111392 0.0000000037 0.0000610370 0.0000000000 0.0000000005
536 0.0000000066 0.0000801212 0.0000116254 0.0000000037 0.0000610370 0.0000000000 0.0000000005
537 0.0000000066 0.0000800869 0.0000121119 0.0000000037 0.0000610370 0.0000000000 0.0000000005
538 0.0000000066 0.0000800512 0.0000125987 0.0000000037 0.0000610370 0.0000000000 0.0000000005
539 0.0000000066 0.0000800140 0.0000130857 0.0000000037 0.0000610370 0.0000000000 0.0000000005
540 0.0000000066 0.0000799754 0.0000135730 0.0000000037 0.0000610370 0.0000000000 0.0000000005
541 0.0000000066 0.0000799353 0.0000140605 0.0000000037 0.0000610370 0.0000000000 0.0000000006
542 0.0000000066 0.0000798938 0.0000145484 0.0000000037 0.0000610370 0.0000000000 0.0000000006
543 0.0000000066 0.0000798509 0.0000150366 0.0000000037 0.0000610370 0.0000000000 0.0000000006
544 0.0000000066 0.0000798065 0.0000155251 0.0000000037 0.0000610370 0.0000000000 0.0000000006
545 0.0000000066 0.0000797607 0.0000160139 0.0000000037 0.0000610370 0.0000000000 0.0000000006
546 0.0000000066 0.0000797134 0.0000165031 0.0000000009 0.0000305185 0.0000000000 0.0000000027
547 0.0000000066 0.0000796647 0.0000169926 0.0000000037 0.0000610370 0.0000000000 0.0000000006
548 0.0000000066 0.0000796145 0.0000174825 0.0000000037 0.0000610370 0.0000000000 0.0000000007
549 0.0000000067 0.0000795629 0.0000179728 0.0000000037 0.0000610370 0.0000000000 0.0000000007
550 0.0000000067 0.0000795097 0.0000184634 0.0000000037 0.0000610370 0.0000000000 0.0000000007
551 0.0000000067 0.0000794552 0.0000189545 0.0000000009 0.0000305185 0.0000000000 0.0000000028
552 0.0000000067 0.0000793991 0.0000194459 0.0000000037 0.0000610370 0.0000000000 0.0000000007
553 0.0000000067 0.0000793415 0.0000199378 0.0000000009 0.0000305185 0.0000000000 0.0000000028
554 0.0000000067 0.0000792825 0.0000204301 0.0000000047 0.0000610370 0.0000305185 0.0000000004
555 0.0000000067 0.0000792220 0.0000209228 0.0000000047 0.0000610370 0.0000305185 0.0000000004
556 0.0000000067 0.0000791600 0.0000214160 0.0000000037 0.0000610370 0.0000000000 0.0000000008
557 0.0000000067 0.0000790965 0.0000219097 0.0000000037 0.0000610370 0.0000000000 0.0000000008
558 0.0000000067 0.0000790314 0.0000224038 0.0000000037 0.0000610370 0.0000000000 0.0000000008
559 0.0000000068 0.0000789649 0.0000228984 0.0000000047 0.0000610370 0.0000305185 0.0000000004
560 0.0000000068 0.0000788968 0.0000233935 0.0000000037 0.0000610370 0.0000000000 0.0000000009
561 0.0000000068 0.0000788273 0.0000238891 0.0000000037 0.0000610370 0.0000000000 0.0000000009
562 0.0000000068 0.0000787562 0.0000243852 0.0000000037 0.0000610370 0.0000000000 0.0000000009
563 0.0000000068 0.0000786835 0.0000248818 0.0000000037 0.0000610370 0.0000000000 0.0000000009
564 0.0000000068 0.0000786094 0.0000253790 0.0000000037 0.0000610370 0.0000000000 0.0000000010
565 0.0000000068 0.0000785336 0.0000258768 0.0000000037 0.0000610370 0.0000000000 0.0000000010
566 0.0000000069 0.0000784564 0.0000263751 0.0000000037 0.0000610370 0.0000000000 0.0000000010
567 0.0000000069 0.0000783775 0.0000268739 0.0000000037 0.0000610370 0.0000000000 0.0000000010
568 0.0000000069 0.0000782971 0.0000273734 0.0000000037 0.0000610370 0.0000000000 0.0000000010
569 0.0000000069 0.0000782152 0.0000278735 0.0000000093 0.0000915555 0.0000305185 0.0000000002
570 0.0000000069 0.0000781316 0.0000283741 0.0000000037 0.0000610370 0.0000000000 0.0000000011
571 0.0000000069 0.0000780465 0.0000288754 0.0000000047 0.0000610370 0.0000305185 0.0000000003
572 0.0000000069 0.0000779597 0.0000293773 0.0000000047 0.0000610370 0.0000305185 0.0000000003
573 0.0000000070 0.0000778714 0.0000298799 0.0000000047 0.0000610370 0.0000305185 0.0000000003
574 0.0000000070 0.0000777815 0.0000303831 0.0000000037 0.0000610370 0.0000000000 0.0000000012
575 0.0000000070 0.0000776899 0.0000308870 0.0000000093 0.0000915555 0.0000305185 0.0000000002
576 0.0000000070 0.0000775967 0.0000313916 0.0005722935 0.0224921415 0.0081484420 0.0005682983
577 0.0000000070 0.0000775019 0.0000318968 0.0000000000 0.0000000000 0.0000000000 0.0000000070
578 0.0000000070 0.0000774055 0.0000324028 0.0000000037 0.0000610370 0.0000000000 0.0000000013
579 0.0000000071 0.0000773074 0.0000329095 0.0000000047 0.0000610370 0.0000305185 0.0000000003
580 0.0000000071 0.0000772076 0.0000334169 0.0000000037 0.0000610370 0.0000000000 0.0000000014
581 0.0000000071 0.0000771062 0.0000339251 0.0000000047 0.0000610370 0.0000305185 0.0000000003
582 0.0000000071 0.0000770031 0.0000344340 0.0000000047 0.0000610370 0.0000305185 0.0000000003
583 0.0000000071 0.0000768984 0.0000349437 0.0000000037 0.0000610370 0.0000000000 0.0000000015
584 0.0000000072 0.0000767919 0.0000354541 0.0000000037 0.0000610370 0.0000000000 0.0000000015
585 0.0000000072 0.0000766837 0.0000359654 0.0000000084 0.0000915555 0.0000000000 0.0000000015
586 0.0000000072 0.0000765739 0.0000364774 0.0000000047 0.0000610370 0.0000305185 0.0000000003
587 0.0000000072 0.0000764623 0.0000369903 0.0000000037 0.0000610370 0.0000000000 0.0000000016
588 0.0000000072 0.0000763490 0.0000375040 0.0000000047 0.0000610370 0.0000305185 0.0000000003
589 0.0000000073 0.0000762339 0.0000380186 0.0000000037 0.0000610370 0.0000000000 0.0000000017
590 0.0000000073 0.0000761171 0.0000385340 0.0000000047 0.0000610370 0.0000305185 0.0000000003
591 0.0000000073 0.0000759985 0.0000390502 0.0000000047 0.0000610370 0.0000305185 0.0000000003
592 0.0000000073 0.0000758782 0.0000395674 0.0000000047 0.0000610370 0.0000305185 0.0000000003
593 0.0000000073 0.0000757561 0.0000400854 0.0000000047 0.0000610370 0.0000305185 0.0000000003
594 0.0000000074 0.0000756322 0.0000406044 0.0000000047 0.0000610370 0.0000305185 0.0000000003
595 0.0000000074 0.0000755065 0.0000411243 0.0000000037 0.0000610370 0.0000000000 0.0000000019
596 0.0000000074 0.0000753789 0.0000416451 0.0000000047 0.0000610370 0.0000305185 0.0000000003
597 0.0000000074 0.0000752496 0.0000421669 0.0000000047 0.0000610370 0.0000305185 0.0000000003
598 0.0000000075 0.0000751184 0.0000426896 0.0000000019 0.0000305185 0.0000305185 0.0000000021
599 0.0000000075 0.0000749854 0.0000432133 0.0000000047 0.0000610370 0.0000305185 0.0000000004
600 0.0000000075 0.0000748505 0.0000437380 0.0000000047 0.0000610370 0.0000305185 0.0000000004
601 0.0000000075 0.0000747137 0.0000442638 0.0000000047 0.0000610370 0.0000305185 0.0000000004
602 0.0000000076 0.0000745751 0.0000447905 0.0000000047 0.0000610370 0.0000305185 0.0000000004
603 0.0000000076 0.0000744346 0.0000453183 0.0000000047 0.0000610370 0.0000305185 0.0000000004
604 0.0000000076 0.0000742921 0.0000458471 0.0000000047 0.0000610370 0.0000305185 0.0000000004
605 0.0000000076 0.0000741477 0.0000463770 0.0000000047 0.0000610370 0.0000305185 0.0000000004
606 0.0000000077 0.0000740014 0.0000469079 0.0000000047 0.0000610370 0.0000305185 0.0000000004
607 0.0000000077 0.0000738532 0.0000474400 0.0000000047 0.0000610370 0.0000305185 0.0000000005
608 0.0000000077 0.0000737030 0.0000479731 0.0000000047 0.0000610370 0.0000305185 0.0000000005
609 0.0000000078 0.0000735508 0.0000485074 0.0000000075 0.0000610370 0.0000610370 0.0000000003
610 0.0000000078 0.0000733966 0.0000490428 0.0000000047 0.0000610370 0.0000305185 0.0000000005
611 0.0000000078 0.0000732404 0.0000495794 0.0000000047 0.0000610370 0.0000305185 0.0000000005
612 0.0000000079 0.0000730822 0.0000501172 0.0000000047 0.0000610370 0.0000305185 0.0000000005
613 0.0000000079 0.0000729220 0.0000506561 0.0000000047 0.0000610370 0.0000305185 0.0000000005
614 0.0000000079 0.0000727597 0.0000511962 0.0000000075 0.0000610370 0.0000610370 0.0000000002
615 0.0000000079 0.0000725953 0.0000517376 0.0000000047 0.0000610370 0.0000305185 0.0000000006
616 0.0000000080 0.0000724289 0.0000522801 0.0000000047 0.0000610370 0.0000305185 0.0000000006
617 0.0000000080 0.0000722604 0.0000528240 0.0000000019 0.0000305185 0.0000305185 0.0000000022
618 0.0000000080 0.0000720897 0.0000533690 0.0000000047 0.0000610370 0.0000305185 0.0000000006
619 0.0000000081 0.0000719170 0.0000539154 0.0000000047 0.0000610370 0.0000305185 0.0000000007
620 0.0000000081 0.0000717421 0.0000544631 0.0000000047 0.0000610370 0.0000305185 0.0000000007
621 0.0000000081 0.0000715650 0.0000550120 0.0000000047 0.0000610370 0.0000305185 0.0000000007
622 0.0000000082 0.0000713858 0.0000555623 0.0000000047 0.0000610370 0.0000305185 0.0000000007
623 0.0000000082 0.0000712043 0.0000561140 0.0000000047 0.0000610370 0.0000305185 0.0000000008
624 0.0000000083 0.0000710207 0.0000566670 0.0000000047 0.0000610370 0.0000305185 0.0000000008
625 0.0000000083 0.0000708348 0.0000572214 0.0000000047 0.0000610370 0.0000305185 0.0000000008
626 0.0000000083 0.0000706467 0.0000577772 0.0000000075 0.0000610370 0.0000610370 0.0000000001
627 0.0000000084 0.0000704563 0.0000583344 0.0000000047 0.0000305185 0.0000610370 0.0000000016
628 0.0000000084 0.0000702636 0.0000588930 0.0000000075 0.0000610370 0.0000610370 0.0000000001
629 0.0000000084 0.0000700687 0.0000594531 0.0000000075 0.0000610370 0.0000610370 0.0000000001
630 0.0000000085 0.0000698714 0.0000600146 0.0000000047 0.0000610370 0.0000305185 0.0000000009
631 0.0000000085 0.0000696717 0.0000605776 0.0000000047 0.0000610370 0.0000305185 0.0000000010
632 0.0000000086 0.0000694697 0.0000611422 0.0000000047 0.0000610370 0.0000305185 0.0000000010
633 0.0000000086 0.0000692653 0.0000617082 0.0000000075 0.0000610370 0.0000610370 0.0000000001
634 0.0000000086 0.0000690586 0.0000622758 0.0000000075 0.0000610370 0.0000610370 0.0000000001
635 0.0000000087 0.0000688494 0.0000628450 0.0000000075 0.0000610370 0.0000610370 0.0000000001
636 0.0000000087 0.0000686377 0.0000634157 0.0000000047 0.0000305185 0.0000610370 0.0000000015
637 0.0000000088 0.0000684236 0.0000639880 0.0000000047 0.0000305185 0.0000610370 0.0000000014
638 0.0000000088 0.0000682070 0.0000645620 0.0000000075 0.0000610370 0.0000610370 0.0000000001
639 0.0000000089 0.0000679879 0.0000651375 0.0000000075 0.0000610370 0.0000610370 0.0000000001
640 0.0000000089 0.0000677662 0.0000657148 0.0009766230 -0.0000305185 -0.0312509537 0.0009807434
641 0.0000000090 0.0000675420 0.0000662937 0.0000000075 0.0000610370 0.0000610370 0.0000000001
642 0.0000000090 0.0000673153 0.0000668743 0.0000000075 0.0000610370 0.0000610370 0.0000000001
643 0.0000000091 0.0000670859 0.0000674566 0.0000000075 0.0000610370 0.0000610370 0.0000000001
644 0.0000000091 0.0000668539 0.0000680407 0.0000000047 0.0000305185 0.0000610370 0.0000000014
645 0.0000000091 0.0000666192 0.0000686265 0.0000000047 0.0000610370 0.0000305185 0.0000000015
646 0.0000000092 0.0000663819 0.0000692141 0.0000000047 0.0000305185 0.0000610370 0.0000000014
647 0.0000000092 0.0000661419 0.0000698034 0.0000000047 0.0000305185 0.0000610370 0.0000000013
648 0.0000000093 0.0000658992 0.0000703946 0.0000000047 0.0000305185 0.0000610370 0.0000000013
649 0.0000000093 0.0000656537 0.0000709877 0.0000000047 0.0000610370 0.0000305185 0.0000000017
650 0.0000000094 0.0000654054 0.0000715826 0.0000000047 0.0000305185 0.0000610370 0.0000000013
651 0.0000000095 0.0000651543 0.0000721794 0.0000000047 0.0000305185 0.0000610370 0.0000000013
652 0.0000000095 0.0000649004 0.0000727781 0.0000000075 0.0000610370 0.0000610370 0.0000000002
653 0.0000000096 0.0000646437 0.0000733787 0.0000000047 0.0000305185 0.0000610370 0.0000000013
654 0.0000000096 0.0000643841 0.0000739813 0.0000000047 0.0000305185 0.0000610370 0.0000000013
655 0.0000000097 0.0000641215 0.0000745858 0.0000000047 0.0000305185 0.0000610370 0.0000000013
656 0.0000000097 0.0000638560 0.0000751924 0.0000000075 0.0000610370 0.0000610370 0.0000000002
657 0.0000000098 0.0000635876 0.0000758010 0.0000000075 0.0000610370 0.0000610370 0.0000000002
658 0.0000000098 0.0000633161 0.0000764116 0.0000000047 0.0000305185 0.0000610370 0.0000000013
659 0.0000000099 0.0000630416 0.0000770243 0.0000000047 0.0000305185 0.0000610370 0.0000000013
660 0.0000000100 0.0000627641 0.0000776391 0.0000000047 0.0000305185 0.0000610370 0.0000000013
661 0.0000000100 0.0000624834 0.0000782560 0.0000000047 0.0000305185 0.0000610370 0.0000000013
662 0.0000000101 0.0000621997 0.0000788750 0.0000000047 0.0000305185 0.0000610370 0.0000000013
663 0.0000000102 0.0000619127 0.0000794962 0.0000000047 0.0000305185 0.0000610370 0.0000000013
664 0.0000000102 0.0000616226 0.0000801196 0.0000000047 0.0000305185 0.0000610370 0.0000000013
665 0.0000000103 0.0000613293 0.0000807452 0.0000000047 0.0000305185 0.0000610370 0.0000000013
666 0.0000000103 0.0000610327 0.0000813731 0.0000000047 0.0000305185 0.0000610370 0.0000000013
667 0.0000000104 0.0000607329 0.0000820032 0.0000000047 0.0000305185 0.0000610370 0.0000000014
668 0.0000000105 0.0000604297 0.0000826356 0.0000000047 0.0000305185 0.0000610370 0.0000000014
669 0.0000000105 0.0000601231 0.0000832704 0.0000000075 0.0000610370 0.0000610370 0.0000000005
670 0.0000000106 0.0000598132 0.0000839075 0.0000000093 0.0000305185 0.0000915555 0.0000000009
671 0.0000000107 0.0000594998 0.0000845470 0.0000000121 0.0000610370 0.0000915555 0.0000000001
672 0.0000000108 0.0000591830 0.0000851888 0.0000000075 0.0000610370 0.0000610370 0.0000000006
673 0.0000000108 0.0000588627 0.0000858332 0.0000000093 0.0000305185 0.0000915555 0.0000000008
674 0.0000000109 0.0000585388 0.0000864799 0.0000000047 0.0000305185 0.0000610370 0.0000000014
675 0.0000000110 0.0000582113 0.0000871292 0.0000000047 0.0000305185 0.0000610370 0.0000000014
676 0.0000000111 0.0000578802 0.0000877810 0.0000000121 0.0000610370 0.0000915555 0.0000000000
677 0.0000000111 0.0000575455 0.0000884353 0.0000000075 0.0000610370 0.0000610370 0.0000000008
678 0.0000000112 0.0000572071 0.0000890923 0.0000000093 0.0000305185 0.0000915555 0.0000000007
679 0.0000000113 0.0000568649 0.0000897518 0.0000000047 0.0000305185 0.0000610370 0.0000000015
680 0.0000000114 0.0000565189 0.0000904140 0.0000000047 0.0000305185 0.0000610370 0.0000000015
681 0.0000000115 0.0000561691 0.0000910788 0.0000000047 0.0000305185 0.0000610370 0.0000000016
682 0.0000000115 0.0000558154 0.0000917463 0.0000000093 0.0000305185 0.0000915555 0.0000000006
683 0.0000000116 0.0000554579 0.0000924166 0.0000000047 0.0000305185 0.0000610370 0.0000000016
684 0.0000000117 0.0000550963 0.0000930897 0.0000000093 0.0000305185 0.0000915555 0.0000000006
685 0.0000000118 0.0000547308 0.0000937655 0.0000000093 0.0000305185 0.0000915555 0.0000000006
686 0.0000000119 0.0000543612 0.0000944442 0.0000000121 0.0000610370 0.0000915555 0.0000000001
687 0.0000000120 0.0000539875 0.0000951257 0.0000000037 0.0000000000 0.0000610370 0.0000000041
688 0.0000000121 0.0000536097 0.0000958101 0.0000000047 0.0000305185 0.0000610370 0.0000000017
689 0.0000000121 0.0000532277 0.0000964975 0.0000000093 0.0000305185 0.0000915555 0.0000000005
690 0.0000000122 0.0000528414 0.0000971878 0.0000000121 0.0000610370 0.0000915555 0.0000000001
691 0.0000000123 0.0000524508 0.0000978812 0.0000000093 0.0000305185 0.0000915555 0.0000000005
692 0.0000000124 0.0000520559 0.0000985776 0.0000000047 0.0000305185 0.0000610370 0.0000000019
693 0.0000000125 0.0000516566 0.0000992770 0.0000000075 0.0000610370 0.0000610370 0.0000000016
694 0.0000000126 0.0000512529 0.0000999796 0.0000000093 0.0000305185 0.0000915555 0.0000000005
695 0.0000000127 0.0000508446 0.0001006853 0.0000000093 0.0000305185 0.0000915555 0.0000000005
696 0.0000000128 0.0000504318 0.0001013942 0.0000000093 0.0000305185 0.0000915555 0.0000000005
697 0.0000000129 0.0000500144 0.0001021063 0.0000000093 0.0000305185 0.0000915555 0.0000000005
698 0.0000000130 0.0000495923 0.0001028217 0.0000000093 0.0000305185 0.0000915555 0.0000000005
699 0.0000000131 0.0000491655 0.0001035404 0.0000000093 0.0000305185 0.0000915555 0.0000000005
700 0.0000000132 0.0000487339 0.0001042624 0.0000000093 0.0000305185 0.0000915555 0.0000000005
701 0.0000000134 0.0000482974 0.0001049879 0.0000000047 0.0000305185 0.0000610370 0.0000000022
702 0.0000000135 0.0000478560 0.0001057167 0.0000000084 0.0000000000 0.0000915555 0.0000000025
703 0.0000000136 0.0000474097 0.0001064490 0.0000000047 0.0000305185 0.0000610370 0.0000000023
704 0.0000000137 0.0000469584 0.0001071848 0.0009822886 -0.0023804437 -0.0312509537 0.0009892251
705 0.0000000138 0.0000465019 0.0001079242 0.0000000186 0.0000610370 0.0001220740 0.0000000004
706 0.0000000139 0.0000460403 0.0001086671 0.0000000093 0.0000305185 0.0000915555 0.0000000005
707 0.0000000140 0.0000455735 0.0001094137 0.0000000158 0.0000305185 0.0001220740 0.0000000004
708 0.0000000142 0.0000451014 0.0001101640 0.0000000093 0.0000305185 0.0000915555 0.0000000006
709 0.0000000143 0.0000446239 0.0001109179 0.0000000093 0.0000305185 0.0000915555 0.0000000006
710 0.0000000144 0.0000441410 0.0001116757 0.0000000093 0.0000305185 0.0000915555 0.0000000006
711 0.0000000145 0.0000436526 0.0001124373 0.0000000093 0.0000305185 0.0000915555 0.0000000006
712 0.0000000147 0.0000431586 0.0001132027 0.0000000093 0.0000305185 0.0000915555 0.0000000006
713 0.0000000148 0.0000426590 0.0001139721 0.0000000093 0.0000305185 0.0000915555 0.0000000006
714 0.0000000149 0.0000421536 0.0001147454 0.0000000093 0.0000305185 0.0000915555 0.0000000007
715 0.0000000151 0.0000416425 0.0001155227 0.0000000093 0.0000305185 0.0000915555 0.0000000007
716 0.0000000152 0.0000411255 0.0001163041 0.0000000158 0.0000305185 0.0001220740 0.0000000001
717 0.0000000154 0.0000406025 0.0001170896 0.0000000093 0.0000305185 0.0000915555 0.0000000008
718 0.0000000155 0.0000400735 0.0001178792 0.0000000158 0.0000305185 0.0001220740 0.0000000001
719 0.0000000156 0.0000395384 0.0001186731 0.0000000158 0.0000305185 0.0001220740 0.0000000001
720 0.0000000158 0.0000389971 0.0001194712 0.0000000093 0.0000305185 0.0000915555 0.0000000009
721 0.0000000159 0.0000384495 0.0001202737 0.0000000149 0.0000000000 0.0001220740 0.0000000015
722 0.0000000161 0.0000378956 0.0001210805 0.0000000093 0.0000305185 0.0000915555 0.0000000009
723 0.0000000163 0.0000373352 0.0001218917 0.0000000158 0.0000305185 0.0001220740 0.0000000000
724 0.0000000164 0.0000367682 0.0001227075 0.0000000093 0.0000305185 0.0000915555 0.0000000010
725 0.0000000166 0.0000361946 0.0001235278 0.0000000149 0.0000000000 0.0001220740 0.0000000013
726 0.0000000167 0.0000356143 0.0001243527 0.0000000149 0.0000000000 0.0001220740 0.0000000013
727 0.0000000169 0.0000350272 0.0001251822 0.0000000093 0.0000305185 0.0000915555 0.0000000012
728 0.0000000171 0.0000344331 0.0001260165 0.0000000158 0.0000305185 0.0001220740 0.0000000000
729 0.0000000172 0.0000338321 0.0001268555 0.0000000149 0.0000000000 0.0001220740 0.0000000012
730 0.0000000174 0.0000332239 0.0001276994 0.0000000158 0.0000305185 0.0001220740 0.0000000000
731 0.0000000176 0.0000326085 0.0001285482 0.0000000158 0.0000305185 0.0001220740 0.0000000000
732 0.0000000178 0.0000319858 0.0001294020 0.0000000158 0.0000305185 0.0001220740 0.0000000001
733 0.0000000180 0.0000313556 0.0001302608 0.0000000149 0.0000000000 0.0001220740 0.0000000011
734 0.0000000181 0.0000307179 0.0001311247 0.0000000158 0.0000305185 0.0001220740 0.0000000001
735 0.0000000183 0.0000300726 0.0001319937 0.0000000158 0.0000305185 0.0001220740 0.0000000001
736 0.0000000185 0.0000294195 0.0001328680 0.0000000158 0.0000305185 0.0001220740 0.0000000001
737 0.0000000187 0.0000287586 0.0001337477 0.0000000149 0.0000000000 0.0001220740 0.0000000010
738 0.0000000189 0.0000280896 0.0001346326 0.0000000158 0.0000305185 0.0001220740 0.0000000002
739 0.0000000191 0.0000274126 0.0001355231 0.0000000149 0.0000000000 0.0001220740 0.0000000009
740 0.0000000193 0.0000267273 0.0001364190 0.0000000149 0.0000000000 0.0001220740 0.0000000009
741 0.0000000195 0.0000260337 0.0001373206 0.0000000149 0.0000000000 0.0001220740 0.0000000009
742 0.0000000197 0.0000253316 0.0001382278 0.0000000158 0.0000305185 0.0001220740 0.0000000003
743 0.0000000200 0.0000246209 0.0001391408 0.0000000158 0.0000305185 0.0001220740 0.0000000003
744 0.0000000202 0.0000239014 0.0001400596 0.0000000149 0.0000000000 0.0001220740 0.0000000009
745 0.0000000204 0.0000231731 0.0001409843 0.0000000149 0.0000000000 0.0001220740 0.0000000009
746 0.0000000206 0.0000224358 0.0001419149 0.0000000149 0.0000000000 0.0001220740 0.0000000009
747 0.0000000209 0.0000216893 0.0001428517 0.0000000158 0.0000305185 0.0001220740 0.0000000005
748 0.0000000211 0.0000209336 0.0001437946 0.0000000149 0.0000000000 0.0001220740 0.0000000009
749 0.0000000214 0.0000201684 0.0001447437 0.0000000149 0.0000000000 0.0001220740 0.0000000009
750 0.0000000216 0.0000193936 0.0001456992 0.0000000149 0.0000000000 0.0001220740 0.0000000009
751 0.0000000219 0.0000186092 0.0001466610 0.0000000149 0.0000000000 0.0001220740 0.0000000010
752 0.0000000221 0.0000178148 0.0001476294 0.0000000149 0.0000000000 0.0001220740 0.0000000010
753 0.0000000224 0.0000170104 0.0001486043 0.0000000149 0.0000000000 0.0001220740 0.0000000010
754 0.0000000226 0.0000161958 0.0001495860 0.0000000233 0.0000000000 0.0001525925 0.0000000003
755 0.0000000229 0.0000153708 0.0001505744 0.0000000233 0.0000000000 0.0001525925 0.0000000002
756 0.0000000232 0.0000145353 0.0001515697 0.0000000233 0.0000000000 0.0001525925 0.0000000002
757 0.0000000235 0.0000136891 0.0001525719 0.0000000233 0.0000000000 0.0001525925 0.0000000002
758 0.0000000238 0.0000128321 0.0001535813 0.0000000149 0.0000000000 0.0001220740 0.0000000012
759 0.0000000240 0.0000119639 0.0001545978 0.0000000242 -0.0000305185 0.0001525925 0.0000000018
760 0.0000000243 0.0000110846 0.0001556216 0.0000000242 -0.0000305185 0.0001525925 0.0000000017
761 0.0000000246 0.0000101938 0.0001566528 0.0000000242 -0.0000305185 0.0001525925 0.0000000017
762 0.0000000250 0.0000092914 0.0001576914 0.0000000149 0.0000000000 0.0001220740 0.0000000014
763 0.0000000253 0.0000083772 0.0001587377 0.0000000149 0.0000000000 0.0001220740 0.0000000014
764 0.0000000256 0.0000074510 0.0001597917 0.0000000233 0.0000000000 0.0001525925 0.0000000001
765 0.0000000259 0.0000065126 0.0001608535 0.0000000149 0.0000000000 0.0001220740 0.0000000015
766 0.0000000263 0.0000055618 0.0001619232 0.0000000233 0.0000000000 0.0001525925 0.0000000001
767 0.0000000266 0.0000045984 0.0001630011 0.0000000149 0.0000000000 0.0001220740 0.0000000017
768 0.0000000269 0.0000036221 0.0001640871 0.0000000019 -0.0000305185 -0.0000305185 0.0000000390
769 0.0000000273 0.0000026328 0.0001651814 0.0000000233 0.0000000000 0.0001525925 0.0000000002
770 0.0000000277 0.0000016302 0.0001662841 0.0000000242 -0.0000305185 0.0001525925 0.0000000012
771 0.0000000280 0.0000006140 0.0001673954 0.0000000233 0.0000000000 0.0001525925 0.0000000002
772 0.0000000284 -0.0000004159 0.0001685154 0.0000000233 0.0000000000 0.0001525925 0.0000000003
773 0.0000000288 -0.0000014597 0.0001696442 0.0000000242 -0.0000305185 0.0001525925 0.0000000011
774 0.0000000292 -0.0000025178 0.0001707820 0.0000000242 -0.0000305185 0.0001525925 0.0000000011
775 0.0000000296 -0.0000035904 0.0001719289 0.0000000233 0.0000000000 0.0001525925 0.0000000004
776 0.0000000300 -0.0000046778 0.0001730850 0.0000000242 -0.0000305185 0.0001525925 0.0000000011
777 0.0000000304 -0.0000057802 0.0001742505 0.0000000233 0.0000000000 0.0001525925 0.0000000005
778 0.0000000308 -0.0000068978 0.0001754256 0.0000000242 -0.0000305185 0.0001525925 0.0000000011
779 0.0000000313 -0.0000080310 0.0001766103 0.0000000242 -0.0000305185 0.0001525925 0.0000000011
780 0.0000000317 -0.0000091801 0.0001778049 0.0000000345 -0.0000305185 0.0001831111 0.0000000005
781 0.0000000322 -0.0000103453 0.0001790095 0.0000000242 -0.0000305185 0.0001525925 0.0000000011
782 0.0000000326 -0.0000115269 0.0001802242 0.0000000233 0.0000000000 0.0001525925 0.0000000009
783 0.0000000331 -0.0000127253 0.0001814493 0.0000000373 -0.0000610370 0.0001831111 0.0000000023
784 0.0000000336 -0.0000139407 0.0001826848 0.0000000270 -0.0000610370 0.0001525925 0.0000000031
785 0.0000000341 -0.0000151735 0.0001839310 0.0000000345 -0.0000305185 0.0001831111 0.0000000002
786 0.0000000346 -0.0000164240 0.0001851881 0.0000000345 -0.0000305185 0.0001831111 0.0000000002
787 0.0000000351 -0.0000176925 0.0001864561 0.0000000345 -0.0000305185 0.0001831111 0.0000000002
788 0.0000000356 -0.0000189794 0.0001877354 0.0000000270 -0.0000610370 0.0001525925 0.0000000030
789 0.0000000361 -0.0000202851 0.0001890261 0.0000000345 -0.0000305185 0.0001831111 0.0000000001
790 0.0000000367 -0.0000216098 0.0001903283 0.0000000242 -0.0000305185 0.0001525925 0.0000000015
791 0.0000000373 -0.0000229539 0.0001916423 0.0000000345 -0.0000305185 0.0001831111 0.0000000001
792 0.0000000378 -0.0000243179 0.0001929682 0.0000000345 -0.0000305185 0.0001831111 0.0000000001
793 0.0000000384 -0.0000257021 0.0001943064 0.0000000345 -0.0000305185 0.0001831111 0.0000000001
794 0.0000000390 -0.0000271069 0.0001956569 0.0000000373 -0.0000610370 0.0001831111 0.0000000013
795 0.0000000396 -0.0000285328 0.0001970201 0.0000000345 -0.0000305185 0.0001831111 0.0000000002
796 0.0000000403 -0.0000299801 0.0001983960 0.0000000373 -0.0000610370 0.0001831111 0.0000000012
797 0.0000000409 -0.0000314493 0.0001997850 0.0000000345 -0.0000305185 0.0001831111 0.0000000003
798 0.0000000416 -0.0000329408 0.0002011873 0.0000000466 -0.0000305185 0.0002136296 0.0000000002
799 0.0000000422 -0.0000344550 0.0002026031 0.0000000373 -0.0000610370 0.0001831111 0.0000000011
800 0.0000000429 -0.0000359925 0.0002040326 0.0000000345 -0.0000305185 0.0001831111 0.0000000005
801 0.0000000436 -0.0000375537 0.0002054761 0.0000000373 -0.0000610370 0.0001831111 0.0000000011
802 0.0000000444 -0.0000391391 0.0002069339 0.0000000373 -0.0000610370 0.0001831111 0.0000000010
803 0.0000000451 -0.0000407492 0.0002084062 0.0000000373 -0.0000610370 0.0001831111 0.0000000011
804 0.0000000459 -0.0000423845 0.0002098932 0.0000000494 -0.0000610370 0.0002136296 0.0000000004
805 0.0000000466 -0.0000440455 0.0002113953 0.0000000373 -0.0000610370 0.0001831111 0.0000000011
806 0.0000000474 -0.0000457329 0.0002129127 0.0000000494 -0.0000610370 0.0002136296 0.0000000002
807 0.0000000482 -0.0000474470 0.0002144457 0.0000000373 -0.0000610370 0.0001831111 0.0000000012
808 0.0000000491 -0.0000491886 0.0002159946 0.0000000494 -0.0000610370 0.0002136296 0.0000000001
809 0.0000000499 -0.0000509582 0.0002175597 0.0000000494 -0.0000610370 0.0002136296 0.0000000001
810 0.0000000508 -0.0000527564 0.0002191414 0.0000000494 -0.0000610370 0.0002136296 0.0000000001
811 0.0000000517 -0.0000545839 0.0002207398 0.0000000494 -0.0000610370 0.0002136296 0.0000000001
812 0.0000000526 -0.0000564412 0.0002223554 0.0000000494 -0.0000610370 0.0002136296 0.0000000001
813 0.0000000536 -0.0000583291 0.0002239884 0.0000000540 -0.0000915555 0.0002136296 0.0000000012
814 0.0000000545 -0.0000602482 0.0002256393 0.0000000633 -0.0000610370 0.0002441481 0.0000000003
815 0.0000000555 -0.0000621992 0.0002273083 0.0000000540 -0.0000915555 0.0002136296 0.0000000010
816 0.0000000566 -0.0000641828 0.0002289959 0.0000000540 -0.0000915555 0.0002136296 0.0000000010
817 0.0000000576 -0.0000661998 0.0002307024 0.0000000540 -0.0000915555 0.0002136296 0.0000000009
818 0.0000000587 -0.0000682509 0.0002324281 0.0000000540 -0.0000915555 0.0002136296 0.0000000009
819 0.0000000598 -0.0000703369 0.0002341735 0.0000000540 -0.0000915555 0.0002136296 0.0000000009
820 0.0000000609 -0.0000724587 0.0002359389 0.0000000680 -0.0000915555 0.0002441481 0.0000000004
821 0.0000000621 -0.0000746170 0.0002377249 0.0000000540 -0.0000915555 0.0002136296 0.0000000009
822 0.0000000633 -0.0000768127 0.0002395317 0.0000000540 -0.0000915555 0.0002136296 0.0000000009
823 0.0000000645 -0.0000790467 0.0002413599 0.0000000680 -0.0000915555 0.0002441481 0.0000000002
824 0.0000000658 -0.0000813199 0.0002432098 0.0000000540 -0.0000915555 0.0002136296 0.0000000010
825 0.0000000671 -0.0000836332 0.0002450820 0.0000000745 -0.0001220740 0.0002441481 0.0000000015
826 0.0000000684 -0.0000859876 0.0002469768 0.0000000540 -0.0000915555 0.0002136296 0.0000000011
827 0.0000000698 -0.0000883841 0.0002488949 0.0000000680 -0.0000915555 0.0002441481 0.0000000000
828 0.0000000712 -0.0000908237 0.0002508367 0.0000000680 -0.0000915555 0.0002441481 0.0000000000
829 0.0000000726 -0.0000933075 0.0002528027 0.0000000838 -0.0000915555 0.0002746666 0.0000000005
830 0.0000000741 -0.0000958365 0.0002547934 0.0000000745 -0.0001220740 0.0002441481 0.0000000008
831 0.0000000756 -0.0000984120 0.0002568094 0.0000001080 -0.0001220740 0.0003051851 0.0000000029
832 0.0000000772 -0.0001010350 0.0002588513 0.0014207196 -0.0211188086 0.0312204352 0.0014003665
833 0.0000000788 -0.0001037068 0.0002609196 0.0000000419 -0.0000915555 0.0001831111 0.0000000062
834 0.0000000805 -0.0001064286 0.0002630150 0.0000000745 -0.0001220740 0.0002441481 0.0000000006
835 0.0000000822 -0.0001092016 0.0002651380 0.0000000745 -0.0001220740 0.0002441481 0.0000000006
836 0.0000000840 -0.0001120273 0.0002672893 0.0000000745 -0.0001220740 0.0002441481 0.0000000006
837 0.0000000858 -0.0001149070 0.0002694695 0.0000000745 -0.0001220740 0.0002441481 0.0000000007
838 0.0000000877 -0.0001178420 0.0002716794 0.0000000745 -0.0001220740 0.0002441481 0.0000000008
839 0.0000000896 -0.0001208340 0.0002739196 0.0000000903 -0.0001220740 0.0002746666 0.0000000000
840 0.0000000916 -0.0001238843 0.0002761908 0.0000000903 -0.0001220740 0.0002746666 0.0000000000
841 0.0000000937 -0.0001269946 0.0002784938 0.0000000987 -0.0001525925 0.0002746666 0.0000000007
842 0.0000000958 -0.0001301664 0.0002808294 0.0000000987 -0.0001525925 0.0002746666 0.0000000005
843 0.0000000980 -0.0001334015 0.0002831983 0.0000000987 -0.0001525925 0.0002746666 0.0000000004
844 0.0000001003 -0.0001367016 0.0002856014 0.0000000987 -0.0001525925 0.0002746666 0.0000000004
845 0.0000001026 -0.0001400685 0.0002880395 0.0000000829 -0.0001525925 0.0002441481 0.0000000021
846 0.0000001050 -0.0001435040 0.0002905136 0.0000001090 -0.0001831111 0.0002746666 0.0000000018
847 0.0000001075 -0.0001470102 0.0002930244 0.0000000829 -0.0001525925 0.0002441481 0.0000000024
848 0.0000001100 -0.0001505890 0.0002955730 0.0000000987 -0.0001525925 0.0002746666 0.0000000004
849 0.0000001127 -0.0001542424 0.0002981604 0.0000001090 -0.0001831111 0.0002746666 0.0000000014
850 0.0000001154 -0.0001579727 0.0003007875 0.0000001090 -0.0001831111 0.0002746666 0.0000000013
851 0.0000001183 -0.0001617821 0.0003034554 0.0000001090 -0.0001831111 0.0002746666 0.0000000013
852 0.0000001212 -0.0001656729 0.0003061651 0.0000001090 -0.0001831111 0.0002746666 0.0000000013
853 0.0000001242 -0.0001696476 0.0003089179 0.0000001267 -0.0001831111 0.0003051851 0.0000000002
854 0.0000001273 -0.0001737086 0.0003117148 0.0000001267 -0.0001831111 0.0003051851 0.0000000001
855 0.0000001306 -0.0001778585 0.0003145570 0.0000001090 -0.0001831111 0.0002746666 0.0000000016
856 0.0000001339 -0.0001821001 0.0003174459 0.0000001388 -0.0002136296 0.0003051851 0.0000000011
857 0.0000001374 -0.0001864361 0.0003203827 0.0000001388 -0.0002136296 0.0003051851 0.0000000010
858 0.0000001410 -0.0001908696 0.0003233688 0.0000001388 -0.0002136296 0.0003051851 0.0000000008
859 0.0000001447 -0.0001954035 0.0003264055 0.0000001388 -0.0002136296 0.0003051851 0.0000000008
860 0.0000001486 -0.0002000410 0.0003294944 0.0000001388 -0.0002136296 0.0003051851 0.0000000008
861 0.0000001526 -0.0002047855 0.0003326369 0.0000001583 -0.0002136296 0.0003357036 0.0000000001
862 0.0000001567 -0.0002096404 0.0003358346 0.0000001388 -0.0002136296 0.0003051851 0.0000000010
863 0.0000001610 -0.0002146092 0.0003390892 0.0000001723 -0.0002441481 0.0003357036 0.0000000009
864 0.0000001655 -0.0002196957 0.0003424024 0.0000001723 -0.0002441481 0.0003357036 0.0000000006
865 0.0000001701 -0.0002249039 0.0003457759 0.0000001723 -0.0002441481 0.0003357036 0.0000000005
866 0.0000001750 -0.0002302377 0.0003492116 0.0000001881 -0.0002746666 0.0003357036 0.0000000022
867 0.0000001800 -0.0002357015 0.0003527115 0.0000001881 -0.0002746666 0.0003357036 0.0000000018
868 0.0000001852 -0.0002412996 0.0003562774 0.0000001723 -0.0002441481 0.0003357036 0.0000000004
869 0.0000001906 -0.0002470368 0.0003599116 0.0000001723 -0.0002441481 0.0003357036 0.0000000006
870 0.0000001962 -0.0002529178 0.0003636163 0.0000001881 -0.0002746666 0.0003357036 0.0000000013
871 0.0000002020 -0.0002589478 0.0003673936 0.0000002096 -0.0002746666 0.0003662221 0.0000000002
872 0.0000002081 -0.0002651321 0.0003712461 0.0000001881 -0.0002746666 0.0003357036 0.0000000014
873 0.0000002145 -0.0002714761 0.0003751762 0.0000002505 -0.0003051851 0.0003967406 0.0000000016
874 0.0000002211 -0.0002779858 0.0003791864 0.0000002273 -0.0003051851 0.0003662221 0.0000000009
875 0.0000002279 -0.0002846672 0.0003832797 0.0000002273 -0.0003051851 0.0003662221 0.0000000007
876 0.0000002351 -0.0002915267 0.0003874587 0.0000002273 -0.0003051851 0.0003662221 0.0000000006
877 0.0000002426 -0.0002985710 0.0003917266 0.0000002468 -0.0003357036 0.0003662221 0.0000000020
878 0.0000002504 -0.0003058072 0.0003960864 0.0000002273 -0.0003051851 0.0003662221 0.0000000009
879 0.0000002586 -0.0003132427 0.0004005415 0.0000002701 -0.0003357036 0.0003967406 0.0000000005
880 0.0000002671 -0.0003208852 0.0004050953 0.0000002701 -0.0003357036 0.0003967406 0.0000000003
881 0.0000002760 -0.0003287428 0.0004097515 0.0000002701 -0.0003357036 0.0003967406 0.0000000002
882 0.0000002853 -0.0003368243 0.0004145137 0.0000002915 -0.0003662221 0.0003967406 0.0000000012
883 0.0000002950 -0.0003451387 0.0004193862 0.0000002915 -0.0003662221 0.0003967406 0.0000000010
884 0.0000003052 -0.0003536954 0.0004243731 0.0000002915 -0.0003662221 0.0003967406 0.0000000009
885 0.0000003159 -0.0003625045 0.0004294788 0.0000003167 -0.0003662221 0.0004272591 0.0000000000
886 0.0000003270 -0.0003715766 0.0004347080 0.0000003400 -0.0003967406 0.0004272591 0.0000000007
887 0.0000003388 -0.0003809230 0.0004400656 0.0000003400 -0.0003967406 0.0004272591 0.0000000004
888 0.0000003511 -0.0003905554 0.0004455570 0.0000003400 -0.0003967406 0.0004272591 0.0000000004
889 0.0000003640 -0.0004004863 0.0004511874 0.0000003651 -0.0004272591 0.0004272591 0.0000000013
890 0.0000003775 -0.0004107289 0.0004569629 0.0000003921 -0.0004577776 0.0004272591 0.0000000031
891 0.0000003918 -0.0004212972 0.0004628894 0.0000003921 -0.0004272591 0.0004577776 0.0000000001
892 0.0000004067 -0.0004322061 0.0004689735 0.0000004191 -0.0004577776 0.0004577776 0.0000000008
893 0.0000004225 -0.0004434713 0.0004752222 0.0000004191 -0.0004577776 0.0004577776 0.0000000005
894 0.0000004391 -0.0004551094 0.0004816426 0.0000004480 -0.0004577776 0.0004882962 0.0000000001
895 0.0000004566 -0.0004671382 0.0004882425 0.0000004769 -0.0004882962 0.0004882962 0.0000000004
896 0.0000004750 -0.0004795765 0.0004950302 0.0009766230 -0.0000305185 -0.0312509537 0.0010080091
897 0.0000004945 -0.0004924444 0.0005020144 0.0000005076 -0.0005188147 0.0004882962 0.0000000009
898 0.0000005151 -0.0005057631 0.0005092044 0.0000005076 -0.0005188147 0.0004882962 0.0000000006
899 0.0000005368 -0.0005195556 0.0005166101 0.0000005076 -0.0005188147 0.0004882962 0.0000000008
900 0.0000005598 -0.0005338461 0.0005242421 0.0000005709 -0.0005493332 0.0005188147 0.0000000003
901 0.0000005842 -0.0005486606 0.0005321116 0.0000005709 -0.0005493332 0.0005188147 0.0000000002
902 0.0000006100 -0.0005640268 0.0005402308 0.0000006380 -0.0005798517 0.0005493332 0.0000000003
903 0.0000006373 -0.0005799745 0.0005486125 0.0000006054 -0.0005798517 0.0005188147 0.0000000009
904 0.0000006664 -0.0005965357 0.0005572705 0.0000006743 -0.0006103702 0.0005493332 0.0000000003
905 0.0000006973 -0.0006137444 0.0005662196 0.0000007125 -0.0006408887 0.0005493332 0.0000000010
906 0.0000007301 -0.0006316376 0.0005754758 0.0000007125 -0.0006408887 0.0005493332 0.0000000008
907 0.0000007651 -0.0006502548 0.0005850562 0.0000007870 -0.0006714072 0.0005798517 0.0000000005
908 0.0000008024 -0.0006696386 0.0005949791 0.0000007870 -0.0006714072 0.0005798517 0.0000000002
909 0.0000008422 -0.0006898351 0.0006052645 0.0000008289 -0.0007019257 0.0005798517 0.0000000008
910 0.0000008847 -0.0007108941 0.0006159337 0.0000008727 -0.0007324442 0.0005798517 0.0000000018
911 0.0000009302 -0.0007328693 0.0006270100 0.0000009090 -0.0007324442 0.0006103702 0.0000000003
912 0.0000009790 -0.0007558192 0.0006385184 0.0000009547 -0.0007629627 0.0006103702 0.0000000008
913 0.0000010312 -0.0007798070 0.0006504863 0.0000010022 -0.0007934812 0.0006103702 0.0000000018
914 0.0000010874 -0.0008049017 0.0006629432 0.0000010897 -0.0008239998 0.0006408887 0.0000000009
915 0.0000011477 -0.0008311783 0.0006759214 0.0000011810 -0.0008545183 0.0006714072 0.0000000006
916 0.0000012127 -0.0008587188 0.0006894560 0.0000012341 -0.0008850368 0.0006714072 0.0000000010
917 0.0000012829 -0.0008876128 0.0007035855 0.0000013309 -0.0009155553 0.0007019257 0.0000000008
918 0.0000013587 -0.0009179584 0.0007183520 0.0000013878 -0.0009460738 0.0007019257 0.0000000011
919 0.0000014407 -0.0009498636 0.0007338017 0.0000014464 -0.0009765923 0.0007019257 0.0000000017
920 0.0000015296 -0.0009834470 0.0007499855 0.0000014902 -0.0009765923 0.0007324442 0.0000000004
921 0.0000016263 -0.0010188394 0.0007669594 0.0000016131 -0.0010376293 0.0007324442 0.0000000015
922 0.0000017314 -0.0010561858 0.0007847853 0.0000017231 -0.0010681478 0.0007629627 0.0000000006
923 0.0000018461 -0.0010956467 0.0008035320 0.0000017892 -0.0010986663 0.0007629627 0.0000000017
924 0.0000019715 -0.0011374005 0.0008232757 0.0000020239 -0.0011597034 0.0008239998 0.0000000005
925 0.0000021088 -0.0011816462 0.0008441014 0.0000020956 -0.0011902219 0.0008239998 0.0000000005
926 0.0000022596 -0.0012286064 0.0008661043 0.0000022959 -0.0012512589 0.0008545183 0.0000000006
927 0.0000024257 -0.0012785308 0.0008893909 0.0000025054 -0.0013122959 0.0008850368 0.0000000012
928 0.0000026090 -0.0013317004 0.0009140812 0.0000026414 -0.0013428144 0.0009155553 0.0000000001
929 0.0000028119 -0.0013884326 0.0009403106 0.0000028090 -0.0014038514 0.0009155553 0.0000000009
930 0.0000030373 -0.0014490877 0.0009682329 0.0000030410 -0.0014648885 0.0009460738 0.0000000007
931 0.0000032885 -0.0015140756 0.0009980228 0.0000032822 -0.0015259255 0.0009765923 0.0000000006
932 0.0000035693 -0.0015838653 0.0010298802 0.0000035327 -0.0015869625 0.0010071108 0.0000000005
933 0.0000038844 -0.0016589956 0.0010640349 0.0000038941 -0.0016785180 0.0010376293 0.0000000011
934 0.0000042396 -0.0017400888 0.0011007519 0.0000043402 -0.0017700735 0.0010986663 0.0000000009
935 0.0000046415 -0.0018278672 0.0011403391 0.0000047407 -0.0018616291 0.0011291849 0.0000000013
936 0.0000050985 -0.0019231742 0.0011831556 0.0000051598 -0.0019531846 0.0011597034 0.0000000015
937 0.0000056207 -0.0020270009 0.0012296234 0.0000056712 -0.0020447401 0.0012207404 0.0000000004
938 0.0000062208 -0.0021405199 0.0012802419 0.0000062607 -0.0021668142 0.0012512589 0.0000000015
939 0.0000069146 -0.0022651282 0.0013356058 0.0000069611 -0.0022888882 0.0013122959 0.0000000011
940 0.0000077220 -0.0024025046 0.0013964297 0.0000076988 -0.0024109622 0.0013733329 0.0000000006
941 0.0000086685 -0.0025546835 0.0014635793 0.0000087177 -0.0025635548 0.0014648885 0.0000000001
942 0.0000097868 -0.0027241550 0.0015381144 0.0000098726 -0.0027466659 0.0015259255 0.0000000007
943 0.0000111202 -0.0029139994 0.0016213456 0.0000111998 -0.0029297769 0.0016174810 0.0000000003
944 0.0000127258 -0.0031280739 0.0017149141 0.0000126984 -0.0031434065 0.0016785180 0.0000000016
945 0.0000146812 -0.0033712730 0.0018209022 0.0000145118 -0.0033570360 0.0018005921 0.0000000006
946 0.0000170931 -0.0036499027 0.0019419925 0.0000171085 -0.0036622211 0.0019226661 0.0000000005
947 0.0000201121 -0.0039722292 0.0020817013 0.0000202901 -0.0039979247 0.0020752586 0.0000000007
948 0.0000239553 -0.0043493036 0.0022447294 0.0000240091 -0.0043641469 0.0022278512 0.0000000005
949 0.0000289454 -0.0047962435 0.0024375071 0.0000290637 -0.0048219245 0.0024109622 0.0000000014
950 0.0000355786 -0.0053342923 0.0026690698 0.0000355731 -0.0053407392 0.0026551103 0.0000000002
951 0.0000446487 -0.0059942712 0.0029525267 0.0000449093 -0.0060121464 0.0029602954 0.0000000004
952 0.0000574893 -0.0068226634 0.0033076479 0.0000575965 -0.0068361461 0.0032959990 0.0000000003
953 0.0000764802 -0.0078930090 0.0037657106 0.0000770521 -0.0079348125 0.0037537767 0.0000000019
954 0.0001062075 -0.0093289442 0.0043792983 0.0001068274 -0.0093691824 0.0043641469 0.0000000018
955 0.0001564512 -0.0113556137 0.0052441654 0.0001561225 -0.0113528855 0.0052186651 0.0000000007
956 0.0002512144 -0.0144307506 0.0065549865 0.0002510300 -0.0144352550 0.0065309610 0.0000000006
957 0.0004631525 -0.0196496009 0.0087775695 0.0004629934 -0.0196539201 0.0087588122 0.0000000004
958 0.0011058995 -0.0304476820 0.0133730373 0.0011063372 -0.0304574725 0.0133671072 0.0000000001
959 0.0051711401 -0.0660197714 0.0285049104 0.0017873776 -0.0312509537 0.0284737693 0.0012088717
960 0.2435283884 0.4542761823 -0.1927732829 0.0010604463 0.0091555528 -0.0312509537 0.2242218376
961 0.0031824437 0.0520678687 -0.0217113046 0.0014455474 0.0312204352 -0.0216986602 0.0004346156
962 0.0009076221 0.0278783001 -0.0114202652 0.0009066466 0.0278633992 -0.0114139225 0.0000000003
963 0.0004264273 0.0191575846 -0.0077080642 0.0004257689 0.0191351054 -0.0077211829 0.0000000007
964 0.0002485942 0.0146638667 -0.0057935506 0.0002482126 0.0146488845 -0.0057985168 0.0000000002
965 0.0001635795 0.0119242899 -0.0046250198 0.0001631814 0.0119022187 -0.0046388134 0.0000000007
966 0.0001163337 0.0100801348 -0.0038372582 0.0001162138 0.0100711081 -0.0038453322 0.0000000001
967 0.0000873353 0.0087545682 -0.0032699975 0.0000868465 0.0087282937 -0.0032654805 0.0000000007
968 0.0000682348 0.0077562069 -0.0028418414 0.0000676722 0.0077211829 -0.0028382214 0.0000000012
969 0.0000549714 0.0069775351 -0.0025070620 0.0000546794 0.0069582202 -0.0025025178 0.0000000004
970 0.0000453756 0.0063535005 -0.0022379914 0.0000453954 0.0063478500 -0.0022583697 0.0000000004
971 0.0000382020 0.0058424345 -0.0020169063 0.0000376799 0.0057985168 -0.0020142216 0.0000000019
972 0.0000326935 0.0054164123 -0.0018319289 0.0000326448 0.0054017762 -0.0018616291 0.0000000011
973 0.0000283683 0.0050560183 -0.0016747999 0.0000281742 0.0050355541 -0.0016785180 0.0000000004
974 0.0000249075 0.0047473342 -0.0015395986 0.0000247989 0.0047303690 -0.0015564440 0.0000000006
975 0.0000220935 0.0044801227 -0.0014219691 0.0000219107 0.0044557024 -0.0014343699 0.0000000008
976 0.0000197731 0.0042466860 -0.0013186358 0.0000194593 0.0042115543 -0.0013122959 0.0000000013
977 0.0000178364 0.0040411247 -0.0012270878 0.0000175491 0.0039979247 -0.0012512589 0.0000000025
978 0.0000162025 0.0038588414 -0.0011453680 0.0000158977 0.0038148137 -0.0011597034 0.0000000021
979 0.0000148109 0.0036962008 -0.0010719284 0.0000148434 0.0036927396 -0.0010986663 0.0000000007
980 0.0000136157 0.0035502908 -0.0010055283 0.0000135469 0.0035401471 -0.0010071108 0.0000000001
981 0.0000125812 0.0034187508 -0.0009451617 0.0000124293 0.0033875546 -0.0009765923 0.0000000020
982 0.0000116798 0.0032996476 -0.0008900041 0.0000114467 0.0032654805 -0.0008850368 0.0000000012
983 0.0000108895 0.0031913831 -0.0008393736 0.0000108040 0.0031739250 -0.0008545183 0.0000000005
984 0.0000101927 0.0030926244 -0.0007927009 0.0000101306 0.0030823695 -0.0007934812 0.0000000001
985 0.0000095753 0.0030022514 -0.0007495073 0.0000095271 0.0029908139 -0.0007629627 0.0000000003
986 0.0000090256 0.0029193163 -0.0007093869 0.0000091201 0.0029297769 -0.0007324442 0.0000000006
987 0.0000085343 0.0028430111 -0.0006719936 0.0000083759 0.0028077029 -0.0007019257 0.0000000021
988 0.0000080934 0.0027726439 -0.0006370301 0.0000079549 0.0027466659 -0.0006408887 0.0000000007
989 0.0000076963 0.0027076178 -0.0006042399 0.0000075852 0.0026856288 -0.0006103702 0.0000000005
990 0.0000073376 0.0026474162 -0.0005734002 0.0000072247 0.0026245918 -0.0005798517 0.0000000006
991 0.0000070126 0.0025915892 -0.0005443165 0.0000068736 0.0025635548 -0.0005493332 0.0000000008
992 0.0000067174 0.0025397436 -0.0005168183 0.0000065318 0.0025025178 -0.0005188147 0.0000000014
993 0.0000064486 0.0024915345 -0.0004907555 0.0000062300 0.0024414808 -0.0005188147 0.0000000033
994 0.0000062033 0.0024466577 -0.0004659952 0.0000061993 0.0024414808 -0.0004882962 0.0000000005
995 0.0000059790 0.0024048445 -0.0004424195 0.0000058761 0.0023804437 -0.0004577776 0.0000000008
996 0.0000057736 0.0023658567 -0.0004199231 0.0000057047 0.0023499252 -0.0004272591 0.0000000003
997 0.0000055852 0.0023294823 -0.0003984118 0.0000055622 0.0023194067 -0.0004272591 0.0000000009
998 0.0000054122 0.0022955323 -0.0003778012 0.0000053964 0.0022888882 -0.0003967406 0.0000000004
999 0.0000052531 0.0022638377 -0.0003580149 0.0000050974 0.0022278512 -0.0003662221 0.0000000014
1000 0.0000051068 0.0022342472 -0.0003389839 0.0000050974 0.0022278512 -0.0003662221 0.0000000008
1001 0.0000049720 0.0022066249 -0.0003206458 0.0000049410 0.0021973327 -0.0003357036 0.0000000003
1002 0.0000048479 0.0021808486 -0.0003029434 0.0000047882 0.0021668142 -0.0003051851 0.0000000002
1003 0.0000047335 0.0021568084 -0.0002858247 0.0000046392 0.0021362957 -0.0002746666 0.0000000005
1004 0.0000046282 0.0021344050 -0.0002692421 0.0000045097 0.0021057772 -0.0002746666 0.0000000008
1005 0.0000045312 0.0021135490 -0.0002531517 0.0000043821 0.0020752586 -0.0002746666 0.0000000019
1006 0.0000044419 0.0020941594 -0.0002375130 0.0000043663 0.0020752586 -0.0002441481 0.0000000004
1007 0.0000043599 0.0020761634 -0.0002222886 0.0000043663 0.0020752586 -0.0002441481 0.0000000005
1008 0.0000042846 0.0020594950 -0.0002074439 0.0000042266 0.0020447401 -0.0002136296 0.0000000003
1009 0.0000042156 0.0020440945 -0.0001929464 0.0000041027 0.0020142216 -0.0002136296 0.0000000013
1010 0.0000041525 0.0020299084 -0.0001787660 0.0000039686 0.0019837031 -0.0001831111 0.0000000022
1011 0.0000040950 0.0020168882 -0.0001648743 0.0000039686 0.0019837031 -0.0001831111 0.0000000014
1012 0.0000040429 0.0020049905 -0.0001512447 0.0000039584 0.0019837031 -0.0001525925 0.0000000005
1013 0.0000039957 0.0019941762 -0.0001378519 0.0000039584 0.0019837031 -0.0001525925 0.0000000003
1014 0.0000039534 0.0019844106 -0.0001246722 0.0000038382 0.0019531846 -0.0001525925 0.0000000018
1015 0.0000039157 0.0019756627 -0.0001116827 0.0000038298 0.0019531846 -0.0001220740 0.0000000006
1016 0.0000038824 0.0019679052 -0.0000988619 0.0000038298 0.0019531846 -0.0001220740 0.0000000008
1017 0.0000038534 0.0019611143 -0.0000861889 0.0000037050 0.0019226661 -0.0000915555 0.0000000015
1018 0.0000038285 0.0019552693 -0.0000736436 0.0000037050 0.0019226661 -0.0000915555 0.0000000014
1019 0.0000038076 0.0019503526 -0.0000612066 0.0000037004 0.0019226661 -0.0000610370 0.0000000008
1020 0.0000037907 0.0019463495 -0.0000488590 0.0000037004 0.0019226661 -0.0000610370 0.0000000007
1021 0.0000037776 0.0019432480 -0.0000365826 0.0000037004 0.0019226661 -0.0000610370 0.0000000010
1022 0.0000037682 0.0019410392 -0.0000243591 0.0000037004 0.0019226661 -0.0000610370 0.0000000017
1023 0.0000037626 0.0019397165 -0.0000121708 0.0000036976 0.0019226661 -0.0000305185 0.0000000006
