#int double real img int16 real16 img16 error
0 0.0018848607 0.0434149822 0.0000000000 0.0000000009 -0.0000305185 0.0000000000 0.0018875115
1 0.0018857913 0.0434248433 0.0002724695 0.0009747193 0.0312204352 -0.0000610370 0.0001490588
2 0.0018885871 0.0434544552 0.0005453319 0.0009747165 0.0312204352 -0.0000305185 0.0001500028
3 0.0018932604 0.0435039046 0.0008189818 0.0009747193 0.0312204352 -0.0000610370 0.0001516581
4 0.0018998321 0.0435733366 0.0010938178 0.0009928505 -0.0312509537 -0.0040284433 0.0056249120
5 0.0019083313 0.0436629558 0.0013702445 0.0009747165 0.0312204352 -0.0000305185 0.0001567785
6 0.0019187961 0.0437730279 0.0016486740 0.0009748087 0.0312204352 0.0003051851 0.0001593725
7 0.0019312739 0.0439038814 0.0019295285 0.0009748497 0.0312204352 0.0003662221 0.0001633137
8 0.0019458217 0.0440559107 0.0022132427 0.0010749171 0.0100100711 0.0312204352 0.0020005364
9 0.0019625069 0.0442295783 0.0025002653 0.0009806764 0.0312204352 0.0024414808 0.0001692413
10 0.0019814079 0.0444254190 0.0027910624 0.0009820930 0.0312204352 0.0027161473 0.0001743772
11 0.0020026148 0.0446440440 0.0030861199 0.0009836605 0.0312204352 0.0029908139 0.0001802024
12 0.0020262307 0.0448861455 0.0033859462 0.0010574258 -0.0090945158 0.0312204352 0.0036886706
13 0.0020523726 0.0451525029 0.0036910757 0.0009879048 0.0312204352 0.0036317026 0.0001941060
14 0.0020811727 0.0454439886 0.0040020719 0.0009902147 0.0312204352 0.0039368877 0.0002023137
15 0.0021127802 0.0457615764 0.0043195319 0.0003693702 0.0076296274 0.0176396985 0.0016314724
16 0.0021473630 0.0461063492 0.0046440898 0.0018083672 -0.0312509537 -0.0288399915 0.0071053360
17 0.0021851096 0.0464795094 0.0049764221 0.0019532442 -0.0312509537 -0.0312509537 0.0073544477
18 0.0022262317 0.0468823901 0.0053172530 0.0010025908 0.0312204352 0.0052797021 0.0002452982
19 0.0022709671 0.0473164674 0.0056673596 0.0010065920 0.0312204352 0.0056459243 0.0002590827
20 0.0023195827 0.0477833760 0.0060275797 0.0019532442 -0.0312509537 -0.0312509537 0.0076361143
21 0.0023723789 0.0482849252 0.0063988184 0.0010153992 0.0312204352 0.0063783685 0.0002911972
22 0.0024296932 0.0488231188 0.0067820575 0.0010202051 0.0312204352 0.0067445906 0.0003098559
23 0.0024919064 0.0494001772 0.0071783646 0.0010257142 0.0312204352 0.0071413312 0.0003305044
24 0.0025594482 0.0500185634 0.0075889052 0.0013502710 -0.0193792535 0.0312204352 0.0053745062
25 0.0026328045 0.0506810124 0.0080149551 0.0010381621 0.0312204352 0.0079653310 0.0003787165
26 0.0027125266 0.0513905658 0.0084579154 0.0010456643 0.0312204352 0.0084231086 0.0004068354
27 0.0027992408 0.0521506122 0.0089193301 0.0010535857 0.0312204352 0.0088808863 0.0004380738
28 0.0028936613 0.0529649340 0.0094009064 0.0013670135 -0.0198065126 0.0312204352 0.0057717753
29 0.0029966045 0.0538377625 0.0099045380 0.0010718855 0.0312204352 0.0098574786 0.0005115457
30 0.0031090074 0.0547738424 0.0104323329 0.0010830173 0.0312204352 0.0104068117 0.0005547636
31 0.0032319484 0.0557785088 0.0109866465 0.0016275595 0.0255134739 -0.0312509537 0.0026999872
32 0.0033666746 0.0568577778 0.0115701203 0.0016163429 -0.0253303629 0.0312204352 0.0071410253
33 0.0035146331 0.0580184549 0.0121857280 0.0016783457 -0.0264900662 -0.0312509537 0.0090284355
34 0.0036775116 0.0592682657 0.0128368315 0.0011390109 0.0312204352 0.0128177740 0.0007866812
35 0.0038572874 0.0606160122 0.0135272473 0.0011566736 0.0312204352 0.0134891812 0.0008641014
36 0.0040562894 0.0620717643 0.0142613283 0.0019513377 -0.0312509537 0.0312204352 0.0089967410
37 0.0042772761 0.0636470915 0.0150440623 0.0012001690 0.0312204352 0.0150151067 0.0010514889
38 0.0045235341 0.0653553502 0.0158811946 0.0012265606 0.0312204352 0.0158696249 0.0011651926
39 0.0047990056 0.0672120378 0.0167793784 0.0012554343 0.0312204352 0.0167546617 0.0012953961
40 0.0051084513 0.0692352358 0.0177463637 0.0013853570 -0.0202642903 0.0312204352 0.0081917158
41 0.0054576654 0.0714461679 0.0187912342 0.0013269866 0.0312204352 0.0187688833 0.0016181101
42 0.0058537575 0.0738699090 0.0199247099 0.0013706487 0.0312204352 0.0198980682 0.0018189783
43 0.0063055305 0.0765362960 0.0211595337 0.0014220096 0.0312204352 0.0211493271 0.0020535273
44 0.0068239908 0.0794811100 0.0225109745 0.0009747165 -0.0000305185 0.0312204352 0.0063979538
45 0.0074230496 0.0827476294 0.0239974881 0.0015501181 0.0312204352 0.0239875484 0.0026550518
46 0.0081204984 0.0863886971 0.0256415962 0.0016303331 0.0312204352 0.0256050295 0.0030435385
47 0.0089393925 0.0904695118 0.0274710737 0.0019513377 -0.0312509537 0.0312204352 0.0148299294
48 0.0099100466 0.0950714579 0.0295205776 0.0014778700 -0.0224311045 0.0312204352 0.0138097417
49 0.0110729779 0.1002974540 0.0318339220 0.0015461830 -0.0312509537 0.0238654744 0.0173684797
50 0.0124833439 0.1062795739 0.0344673187 0.0019494311 0.0312204352 0.0312204352 0.0056444166
51 0.0142178176 0.1131901497 0.0374941005 0.0019494311 0.0312204352 0.0312204352 0.0067583930
52 0.0163855578 0.1212583682 0.0410117785 0.0019513377 -0.0312509537 0.0312204352 0.0233549637
53 0.0191463305 0.1307958160 0.0451529074 0.0019494311 0.0312204352 0.0312204352 0.0101093702
54 0.0227416581 0.1422371579 0.0501023857 0.0019494311 0.0312204352 0.0312204352 0.0126812408
55 0.0275509422 0.1562075541 0.0561261280 0.0019494311 0.0312204352 0.0312204352 0.0162420734
56 0.0341984146 0.1736398436 0.0636209033 0.0009747165 -0.0000305185 0.0312204352 0.0312111850
57 0.0437713609 0.1959903678 0.0732061245 0.0019494311 0.0312204352 0.0312204352 0.0289119288
58 0.0583049491 0.2256661084 0.0859055098 0.0019494311 0.0312204352 0.0312204352 0.0407995772
59 0.0819839558 0.2669515979 0.1035412969 0.0019494311 0.0312204352 0.0312204352 0.0607994881
60 0.1245922470 0.3282830833 0.1297014424 0.0009747165 -0.0000305185 0.0312204352 0.1174883299
61 0.2137199204 0.4288848968 0.1725620636 0.0019494311 0.0312204352 0.0312204352 0.1781144799
62 0.4548885954 0.6241173964 0.2556678919 0.0019494311 0.0312204352 0.0312204352 0.4019034674
63 1.5950001535 1.1656543833 0.4860555650 0.0009747165 0.0312204352 -0.0000305185 1.5232200631
64 122.0533193000 10.1699769210 4.3156562335 0.0005674355 -0.0091250343 0.0220038453 122.0495674481
65 2.5917094159 -1.4779985771 -0.6381454551 0.0019532442 -0.0312509537 -0.0312509537 2.4613996217
66 0.5542626958 -0.6816386940 -0.2993850139 0.0019532442 -0.0312509537 -0.0312509537 0.4949000870
67 0.2321261407 -0.4398997688 -0.1965053030 0.0019532442 -0.0312509537 -0.0312509537 0.1943028541
68 0.1259054559 -0.3230642644 -0.1467478687 0.0019532442 -0.0312509537 -0.0312509537 0.0984945457
69 0.0784113610 -0.2542205244 -0.1174022401 0.0019532442 -0.0312509537 -0.0312509537 0.0571374736
70 0.0532298197 -0.2088490460 -0.0980402760 0.0019532442 -0.0312509537 -0.0312509537 0.0360018960
71 0.0383308836 -0.1767024607 -0.0843037602 0.0019532442 -0.0312509537 -0.0312509537 0.0239707412
72 0.0288128884 -0.1527404077 -0.0740490122 0.0011472359 0.0130619221 -0.0312509537 0.0293220864
73 0.0223773591 -0.1341950166 -0.0660988400 0.0019532442 -0.0312509537 -0.0312509537 0.0118118553
74 0.0178315440 -0.1194199288 -0.0597530298 0.0019532442 -0.0312509537 -0.0312509537 0.0085861365
75 0.0145070613 -0.1073745178 -0.0545689857 0.0019532442 -0.0312509537 -0.0312509537 0.0063385276
76 0.0120060664 -0.0973687790 -0.0502532315 0.0011832402 0.0143742180 -0.0312509537 0.0128475839
77 0.0100799202 -0.0889271343 -0.0466034868 0.0019532442 -0.0312509537 -0.0312509537 0.0035622421
78 0.0085668559 -0.0817111439 -0.0434757966 0.0019532442 -0.0312509537 -0.0312509537 0.0026956776
79 0.0073580131 -0.0754734006 -0.0407649223 0.0019532442 -0.0312509537 -0.0312509537 0.0020461404
80 0.0063779969 -0.0700288517 -0.0383921452 0.0019532442 -0.0312509537 -0.0312509537 0.0015547220
81 0.0055732794 -0.0652363210 -0.0362974074 0.0010250389 -0.0312509537 0.0069582202 0.0030260545
82 0.0049050272 -0.0609862327 -0.0344340915 0.0019532442 -0.0312509537 -0.0312509537 0.0008943192
83 0.0043445276 -0.0571922398 -0.0327654592 0.0019532442 -0.0312509537 -0.0312509537 0.0006752440
84 0.0038701900 -0.0537853784 -0.0312621661 0.0018784358 -0.0312509537 -0.0300302133 0.0005093180
85 0.0034655337 -0.0507099045 -0.0299004901 0.0018711189 -0.0312509537 -0.0299081393 0.0003786508
86 0.0031178079 -0.0479202708 -0.0286610466 0.0017978389 -0.0312509537 -0.0286568804 0.0002778662
87 0.0028170264 -0.0453788983 -0.0275278398 0.0017343961 -0.0312509537 -0.0275276955 0.0001995988
88 0.0025552810 -0.0430545067 -0.0264875534 0.0018876239 0.0301828059 -0.0312509537 0.0053863939
89 0.0023262463 -0.0409208484 -0.0255290119 0.0016291177 -0.0312509537 -0.0255439924 0.0000935071
90 0.0021248153 -0.0389557360 -0.0246427665 0.0015846862 -0.0312509537 -0.0246589557 0.0000593639
91 0.0019468302 -0.0371402861 -0.0238207745 0.0015432733 -0.0312509537 -0.0238044374 0.0000346845
92 0.0017888789 -0.0354583275 -0.0230561464 0.0010071350 -0.0312509537 -0.0055238502 0.0003250834
93 0.0016481414 -0.0338959306 -0.0223429468 0.0014756776 -0.0312509537 -0.0223395489 0.0000069959
94 0.0015222710 -0.0324410324 -0.0216760342 0.0014461305 -0.0312509537 -0.0216681417 0.0000014163
95 0.0014093030 -0.0310831346 -0.0210509330 0.0019532442 -0.0312509537 -0.0312509537 0.0001040686
96 0.0013075826 -0.0298130574 -0.0204637284 0.0019513377 0.0312204352 -0.0312509537 0.0038414515
97 0.0012157084 -0.0286227394 -0.0199109818 0.0010445197 -0.0312509537 0.0082399976 0.0007993851
98 0.0011324879 -0.0275050722 -0.0193896599 0.0011345133 -0.0275276955 -0.0194097720 0.0000000009
99 0.0010569012 -0.0264537640 -0.0188970771 0.0010581299 -0.0264595477 -0.0189214759 0.0000000006
100 0.0009880720 -0.0254632252 -0.0184308468 0.0009861231 0.0030823695 -0.0312509537 0.0009792061
101 0.0009252444 -0.0245284741 -0.0179888408 0.0009277703 -0.0245674001 -0.0180059206 0.0000000018
102 0.0008677639 -0.0236450555 -0.0175691553 0.0008684191 -0.0236518448 -0.0175786615 0.0000000001
103 0.0008150610 -0.0228089737 -0.0171700823 0.0008177232 -0.0228583636 -0.0171819208 0.0000000026
104 0.0007666391 -0.0220166348 -0.0167900844 0.0019513377 0.0312204352 -0.0312509537 0.0030433024
105 0.0007220634 -0.0212647972 -0.0164277747 0.0007220547 -0.0212714011 -0.0164189581 0.0000000001
106 0.0006809517 -0.0205505297 -0.0160818983 0.0006827570 -0.0205694754 -0.0161137730 0.0000000014
107 0.0006429676 -0.0198711753 -0.0157513171 0.0006448806 -0.0198980682 -0.0157780694 0.0000000014
108 0.0006078136 -0.0192243197 -0.0154349967 0.0002047815 0.0133365886 -0.0051881466 0.0011652107
109 0.0005752262 -0.0186077648 -0.0151319942 0.0005757005 -0.0186162908 -0.0151371807 0.0000000001
110 0.0005449712 -0.0180195045 -0.0148414492 0.0005462075 -0.0180364391 -0.0148625141 0.0000000007
111 0.0005168400 -0.0174577044 -0.0145625741 0.0014233014 -0.0211798456 0.0312204352 0.0021099383
112 0.0004906465 -0.0169206840 -0.0142946471 0.0019304888 0.0308847316 -0.0312509537 0.0025728741
113 0.0004662239 -0.0164069009 -0.0140370052 0.0009766230 -0.0312509537 -0.0000305185 0.0004165276
114 0.0004434228 -0.0159149368 -0.0137890383 0.0004440705 -0.0159306619 -0.0137943663 0.0000000003
115 0.0004221087 -0.0154434853 -0.0135501841 0.0004220751 -0.0154423658 -0.0135502182 0.0000000000
116 0.0004021607 -0.0149913413 -0.0133199237 0.0019513377 0.0312204352 -0.0312509537 0.0024570501
117 0.0003834694 -0.0145573912 -0.0130977770 0.0003850174 -0.0145878475 -0.0131229591 0.0000000016
118 0.0003659361 -0.0141406046 -0.0128832994 0.0003663097 -0.0141300699 -0.0129093295 0.0000000008
119 0.0003494713 -0.0137400264 -0.0126760788 0.0003506243 -0.0137638478 -0.0126956999 0.0000000010
120 0.0003339938 -0.0133547703 -0.0124757321 0.0011832402 0.0143742180 -0.0312509537 0.0011214057
121 0.0003194297 -0.0129840128 -0.0122819034 0.0003202874 -0.0130008850 -0.0122989593 0.0000000006
122 0.0003057120 -0.0126269876 -0.0120942608 0.0003056899 -0.0126346629 -0.0120853298 0.0000000001
123 0.0002927792 -0.0122829806 -0.0119124952 0.0002828655 -0.0140079958 -0.0093081454 0.0000097583
124 0.0002805753 -0.0119513260 -0.0117363179 0.0012075604 0.0312204352 -0.0152592547 0.0018762120
125 0.0002690493 -0.0116314017 -0.0115654589 0.0014098290 -0.0312509537 -0.0208136235 0.0004704554
126 0.0002581542 -0.0113226264 -0.0113996658 0.0013922260 -0.0312509537 -0.0203863643 0.0004778990
127 0.0002478470 -0.0110244559 -0.0112387019 0.0013052463 -0.0312509537 -0.0181279946 0.0004565736
128 0.0002380882 -0.0107363803 -0.0110823454 0.0002512638 -0.0091555528 0.0129398480 0.0005795648
129 0.0002288415 -0.0104579215 -0.0109303879 0.0019532442 -0.0312509537 -0.0312509537 0.0008452756
130 0.0002200734 -0.0101886306 -0.0107826337 0.0019532442 -0.0312509537 -0.0312509537 0.0008625736
131 0.0002117531 -0.0099280857 -0.0106388988 0.0019532442 -0.0312509537 -0.0312509537 0.0008795215
132 0.0002038521 -0.0096758902 -0.0104990096 0.0014434891 -0.0312509537 -0.0216071047 0.0005888731
133 0.0001963441 -0.0094316704 -0.0103628028 0.0010792825 -0.0101321451 -0.0312509537 0.0004368055
134 0.0001892048 -0.0091950745 -0.0102301242 0.0001894696 -0.0092165899 -0.0102237007 0.0000000005
135 0.0001824118 -0.0089657707 -0.0101008284 0.0001831651 -0.0089724418 -0.0101321451 0.0000000010
136 0.0001759440 -0.0087434457 -0.0099747779 0.0002505494 -0.0115970336 -0.0107730338 0.0000087802
137 0.0001697822 -0.0085278036 -0.0098518426 0.0001701900 -0.0085451827 -0.0098574786 0.0000000003
138 0.0001639084 -0.0083185648 -0.0097318995 0.0001641929 -0.0083315531 -0.0097354045 0.0000000002
139 0.0001583058 -0.0081154647 -0.0096148321 0.0001583168 -0.0081179235 -0.0096133305 0.0000000000
140 0.0001529588 -0.0079182530 -0.0095005298 0.0009531523 -0.0236823634 0.0198065126 0.0011074099
141 0.0001478530 -0.0077266922 -0.0093888879 0.0001490179 -0.0077517014 -0.0094302194 0.0000000023
142 0.0001429748 -0.0075405576 -0.0092798069 0.0000128875 -0.0015564440 -0.0032349620 0.0000723498
143 0.0001383117 -0.0073596356 -0.0091731924 0.0005760265 0.0222479934 0.0090029603 0.0012069842
144 0.0001338518 -0.0071837238 -0.0090689544 0.0001387727 -0.0000305185 0.0117801447 0.0004858533
145 0.0001295842 -0.0070126297 -0.0089670077 0.0002768525 -0.0111392560 0.0123599963 0.0004718701
146 0.0001254985 -0.0068461704 -0.0088672708 0.0001260212 -0.0068666646 -0.0088808863 0.0000000006
147 0.0001215852 -0.0066841720 -0.0087696664 0.0001223311 -0.0067140721 -0.0087893307 0.0000000013
148 0.0001178352 -0.0065264690 -0.0086741207 0.0000665303 -0.0081179235 -0.0007934812 0.0000646372
149 0.0001142400 -0.0063729037 -0.0085805633 0.0001147506 -0.0063783685 -0.0086062197 0.0000000007
150 0.0001107917 -0.0062233260 -0.0084889270 0.0001112598 -0.0062257759 -0.0085146641 0.0000000007
151 0.0001074828 -0.0060775927 -0.0083991479 0.0001078323 -0.0060731834 -0.0084231086 0.0000000006
152 0.0001043064 -0.0059355674 -0.0083111646 0.0007108362 0.0043336283 -0.0263069552 0.0004293049
153 0.0001012559 -0.0057971196 -0.0082249187 0.0001015204 -0.0057985168 -0.0082399976 0.0000000002
154 0.0000983250 -0.0056621251 -0.0081403543 0.0000986191 -0.0056764428 -0.0081484420 0.0000000003
155 0.0000955080 -0.0055304650 -0.0080574178 0.0000957644 -0.0055543687 -0.0080568865 0.0000000006
156 0.0000927994 -0.0054020257 -0.0079760580 0.0006659922 0.0148319956 0.0211188086 0.0012559269
157 0.0000901939 -0.0052766987 -0.0078962258 0.0000903531 -0.0052797021 -0.0079042940 0.0000000001
158 0.0000876868 -0.0051543801 -0.0078178743 0.0000876400 -0.0051576281 -0.0078127384 0.0000000000
159 0.0000852734 -0.0050349704 -0.0077409585 0.0012207776 -0.0312509537 -0.0156254769 0.0007494434
160 0.0000829493 -0.0049183745 -0.0076654350 0.0009786795 0.0014343699 -0.0312509537 0.0005966341
161 0.0000807105 -0.0048045012 -0.0075912625 0.0010416110 -0.0081789605 0.0312204352 0.0015177349
162 0.0000785531 -0.0046932631 -0.0075184011 0.0000791989 -0.0047303690 -0.0075380718 0.0000000018
163 0.0000764734 -0.0045845765 -0.0074468127 0.0000771424 -0.0046082949 -0.0074770348 0.0000000015
164 0.0000744679 -0.0044783609 -0.0073764606 0.0013940608 -0.0204779199 0.0312204352 0.0017457062
165 0.0000725334 -0.0043745393 -0.0073073093 0.0000729605 -0.0043946654 -0.0073244423 0.0000000007
166 0.0000706667 -0.0042730376 -0.0072393251 0.0000710121 -0.0042725913 -0.0072634053 0.0000000006
167 0.0000688649 -0.0041737848 -0.0071724753 0.0000689165 -0.0041810358 -0.0071718497 0.0000000001
168 0.0000671252 -0.0040767126 -0.0071067285 0.0009766221 0.0000000000 -0.0312509537 0.0005995632
169 0.0000654449 -0.0039817555 -0.0070420545 0.0000656827 -0.0039979247 -0.0070497757 0.0000000003
170 0.0000638216 -0.0038888502 -0.0069784240 0.0000641022 -0.0039063692 -0.0069887387 0.0000000004
171 0.0000622527 -0.0037979362 -0.0069158092 0.0000625459 -0.0038148137 -0.0069277017 0.0000000004
172 0.0000607362 -0.0037089551 -0.0068541830 0.0011241563 0.0121463668 -0.0312509537 0.0008465937
173 0.0000592697 -0.0036218507 -0.0067935192 0.0000595058 -0.0036317026 -0.0068056276 0.0000000002
174 0.0000578513 -0.0035365690 -0.0067337928 0.0000582392 -0.0035706656 -0.0067445906 0.0000000013
175 0.0000564790 -0.0034530579 -0.0066749796 0.0012858745 0.0312204352 -0.0176396985 0.0013224762
176 0.0000551509 -0.0033712672 -0.0066170560 0.0009793380 -0.0312509537 -0.0016479995 0.0008019684
177 0.0000538653 -0.0032911486 -0.0065599996 0.0008719742 -0.0102847377 -0.0276802881 0.0004949769
178 0.0000526204 -0.0032126555 -0.0065037885 0.0000195934 -0.0032349620 -0.0030213324 0.0000121280
179 0.0000514148 -0.0031357429 -0.0064484017 0.0000100636 -0.0031434065 -0.0004272591 0.0000362542
180 0.0000502468 -0.0030603676 -0.0063938187 0.0013533614 -0.0312509537 0.0194097720 0.0014605344
181 0.0000491150 -0.0029864877 -0.0063400199 0.0000087643 -0.0029602954 -0.0000305185 0.0000398105
182 0.0000480180 -0.0029140629 -0.0062869863 0.0000005830 -0.0007629627 -0.0000305185 0.0000437706
183 0.0000469544 -0.0028430541 -0.0062346993 0.0000012760 0.0011291849 -0.0000305185 0.0000542705
184 0.0000459231 -0.0027734239 -0.0061831413 0.0009766230 -0.0312509537 -0.0000305185 0.0008488245
185 0.0000449228 -0.0027051358 -0.0061322950 0.0000012760 0.0011291849 -0.0000305185 0.0000519337
186 0.0000439523 -0.0026381547 -0.0060821436 0.0000013458 0.0011597034 -0.0000305185 0.0000510459
187 0.0000430106 -0.0025724467 -0.0060326711 0.0000005374 0.0007324442 -0.0000305185 0.0000469481
188 0.0000420966 -0.0025079790 -0.0059838617 0.0009793380 -0.0312509537 -0.0016479995 0.0008449583
189 0.0000412092 -0.0024447198 -0.0059357003 0.0000000345 -0.0001831111 -0.0000305185 0.0000399860
190 0.0000403475 -0.0023826386 -0.0058881722 0.0000102694 -0.0032044435 -0.0000305185 0.0000349875
191 0.0000395107 -0.0023217055 -0.0058412632 0.0009766230 -0.0312509537 -0.0000305185 0.0008706662
192 0.0000386977 -0.0022618919 -0.0057949594 0.0003898847 -0.0197454756 -0.0000305185 0.0003389045
193 0.0000379078 -0.0022031700 -0.0057492474 0.0009898114 -0.0312509537 0.0036317026 0.0009317760
194 0.0000371401 -0.0021455129 -0.0057041142 0.0009766230 -0.0312509537 -0.0000305185 0.0008793164
195 0.0000363940 -0.0020888944 -0.0056595472 0.0009805572 -0.0312509537 -0.0019837031 0.0008639375
196 0.0000356685 -0.0020332893 -0.0056155342 0.0009391676 -0.0213934751 0.0219428083 0.0011342790
197 0.0000349630 -0.0019786732 -0.0055720632 0.0009772517 -0.0312509537 -0.0007934812 0.0008797013
198 0.0000342769 -0.0019250223 -0.0055291228 0.0000418608 -0.0064699240 -0.0000305185 0.0000508908
199 0.0000336095 -0.0018723137 -0.0054867016 0.0000426544 -0.0065309610 -0.0000305185 0.0000514729
200 0.0000329600 -0.0018205251 -0.0054447889 0.0003188941 -0.0015259255 0.0177922910 0.0005400487
201 0.0000323281 -0.0017696349 -0.0054033740 0.0000209570 -0.0045777764 -0.0000305185 0.0000367532
202 0.0000317129 -0.0017196221 -0.0053624467 0.0000078841 -0.0028077029 -0.0000305185 0.0000296134
203 0.0000311141 -0.0016704663 -0.0053219969 0.0000026172 -0.0016174810 -0.0000305185 0.0000280026
204 0.0000305310 -0.0016221480 -0.0052820149 0.0005504499 -0.0162663656 0.0169072542 0.0007068168
205 0.0000299632 -0.0015746478 -0.0052424912 0.0000025194 -0.0015869625 -0.0000305185 0.0000271648
206 0.0000294102 -0.0015279473 -0.0052034167 0.0000096910 -0.0031128880 -0.0000305185 0.0000292709
207 0.0000288714 -0.0014820284 -0.0051647824 0.0001264236 0.0110782189 0.0019226661 0.0002079917
208 0.0000283464 -0.0014368735 -0.0051265796 0.0010019789 -0.0312509537 0.0050355541 0.0009921483
209 0.0000278348 -0.0013924657 -0.0050887997 0.0000272298 -0.0021362957 0.0047608875 0.0000975696
210 0.0000273362 -0.0013487883 -0.0050514346 0.0000275511 -0.0013733329 -0.0050660726 0.0000000008
211 0.0000268502 -0.0013058254 -0.0050144762 0.0000270789 -0.0013122959 -0.0050355541 0.0000000005
212 0.0000263762 -0.0012635614 -0.0049779167 0.0014715953 -0.0312509537 0.0222479934 0.0016404939
213 0.0000259141 -0.0012219809 -0.0049417484 0.0000260088 -0.0012512589 -0.0049439985 0.0000000009
214 0.0000254634 -0.0011810694 -0.0049059639 0.0000255589 -0.0011902219 -0.0049134800 0.0000000001
215 0.0000250238 -0.0011408124 -0.0048705559 0.0000251882 -0.0011597034 -0.0048829615 0.0000000005
216 0.0000245949 -0.0011011960 -0.0048355175 0.0002858562 -0.0000305185 0.0169072542 0.0004738945
217 0.0000241764 -0.0010622067 -0.0048008416 0.0000243919 -0.0010681478 -0.0048219245 0.0000000005
218 0.0000237680 -0.0010238311 -0.0047665217 0.0000240342 -0.0010376293 -0.0047914060 0.0000000008
219 0.0000233693 -0.0009860565 -0.0047325511 0.0000236803 -0.0010071108 -0.0047608875 0.0000000012
220 0.0000229802 -0.0009488704 -0.0046989236 0.0004118802 0.0202948088 -0.0000305185 0.0004730879
221 0.0000226003 -0.0009122606 -0.0046656327 0.0000229836 -0.0009460738 -0.0046998505 0.0000000023
222 0.0000222294 -0.0008762152 -0.0046326726 0.0000223019 -0.0008850368 -0.0046388134 0.0000000001
223 0.0000218672 -0.0008407227 -0.0046000372 0.0009766230 -0.0312509537 -0.0000305185 0.0009456627
224 0.0000215133 -0.0008057719 -0.0045677207 0.0002858562 -0.0000305185 0.0169072542 0.0004617756
225 0.0000211677 -0.0007713518 -0.0045357176 0.0003231160 0.0179754021 -0.0000305185 0.0003717376
226 0.0000208301 -0.0007374518 -0.0045040222 0.0000209830 -0.0007629627 -0.0045167394 0.0000000008
227 0.0000205001 -0.0007040615 -0.0044726293 0.0000208936 -0.0007019257 -0.0045167394 0.0000000020
228 0.0000201777 -0.0006711707 -0.0044415335 0.0001240840 -0.0111392560 -0.0000305185 0.0001290379
229 0.0000198626 -0.0006387697 -0.0044107297 0.0000200330 -0.0006714072 -0.0044251839 0.0000000013
230 0.0000195545 -0.0006068488 -0.0043802129 0.0000199548 -0.0006103702 -0.0044251839 0.0000000020
231 0.0000192534 -0.0005753986 -0.0043499783 0.0000194183 -0.0006103702 -0.0043641469 0.0000000014
232 0.0000189590 -0.0005444100 -0.0043200209 0.0002766439 -0.0000305185 0.0166325877 0.0004392759
233 0.0000186711 -0.0005138741 -0.0042903361 0.0000187859 -0.0005188147 -0.0043031098 0.0000000002
234 0.0000183895 -0.0004837822 -0.0042609194 0.0000184935 -0.0004882962 -0.0042725913 0.0000000002
235 0.0000181141 -0.0004541258 -0.0042317662 0.0000182047 -0.0004577776 -0.0042420728 0.0000000001
236 0.0000178447 -0.0004248967 -0.0042028722 0.0003026052 -0.0104373302 0.0139164403 0.0004285583
237 0.0000175811 -0.0003960868 -0.0041742331 0.0000176385 -0.0003967406 -0.0041810358 0.0000000000
238 0.0000173232 -0.0003676882 -0.0041458447 0.0000173609 -0.0003662221 -0.0041505173 0.0000000000
239 0.0000170709 -0.0003396932 -0.0041177029 0.0002519316 0.0086062197 -0.0133365886 0.0001650172
240 0.0000168239 -0.0003120944 -0.0040898037 0.0002858562 -0.0000305185 0.0169072542 0.0004409557
241 0.0000165822 -0.0002848845 -0.0040621433 0.0000007311 -0.0000305185 0.0008545183 0.0000242383
242 0.0000163455 -0.0002580562 -0.0040347177 0.0000165506 -0.0002746666 -0.0040589618 0.0000000009
243 0.0000161139 -0.0002316027 -0.0040075231 0.0000162880 -0.0002441481 -0.0040284433 0.0000000006
244 0.0000158871 -0.0002055170 -0.0039805560 0.0007267181 -0.0209967345 0.0169072542 0.0008685753
245 0.0000156650 -0.0001797926 -0.0039538128 0.0000157738 -0.0001831111 -0.0039674062 0.0000000002
246 0.0000154475 -0.0001544230 -0.0039272898 0.0000155326 -0.0001831111 -0.0039368877 0.0000000009
247 0.0000152344 -0.0001294018 -0.0039009837 0.0000152830 -0.0001525925 -0.0039063692 0.0000000006
248 0.0000150257 -0.0001047228 -0.0038748911 0.0002858562 -0.0000305185 0.0169072542 0.0004319031
249 0.0000148213 -0.0000803800 -0.0038490086 0.0000147354 0.0033570360 -0.0018616291 0.0000157655
250 0.0000146211 -0.0000563673 -0.0038233330 0.0000284574 0.0052797021 -0.0007629627 0.0000378395
251 0.0000144248 -0.0000326792 -0.0037978612 0.0002303609 0.0151676992 -0.0005493332 0.0002416044
252 0.0000142325 -0.0000093098 -0.0037725900 0.0002858562 -0.0000305185 0.0169072542 0.0004276564
253 0.0000140441 0.0000137463 -0.0037475164 0.0012179183 0.0312204352 0.0155949583 0.0013479888
254 0.0000138594 0.0000364946 -0.0037226374 0.0012794480 0.0312204352 0.0174565874 0.0014209977
255 0.0000136783 0.0000589403 -0.0036979501 0.0012363401 0.0312204352 0.0161748100 0.0013659654
256 0.0000135008 0.0000810886 -0.0036734516 0.0000000000 0.0000000000 0.0000000000 0.0000135008
257 0.0000133268 0.0001029446 -0.0036491390 0.0000136447 0.0000915555 -0.0036927396 0.0000000020
258 0.0000131562 0.0001245131 -0.0036250097 0.0000136401 0.0000610370 -0.0036927396 0.0000000086
259 0.0000129889 0.0001457991 -0.0036010608 0.0000136447 0.0000915555 -0.0036927396 0.0000000113
260 0.0000128248 0.0001668072 -0.0035772899 0.0019532442 -0.0312509537 -0.0312509537 0.0017529074
261 0.0000126639 0.0001875422 -0.0035536941 0.0000136447 0.0000915555 -0.0036927396 0.0000000285
262 0.0000125061 0.0002080084 -0.0035302711 0.0000136959 -0.0002441481 -0.0036927396 0.0000002308
263 0.0000123513 0.0002282105 -0.0035070183 0.0000137295 -0.0003051851 -0.0036927396 0.0000003190
264 0.0000121994 0.0002481525 -0.0034839331 0.0000786280 -0.0009155553 0.0088198492 0.0001527373
265 0.0000120504 0.0002678390 -0.0034610134 0.0000119524 0.0002441481 -0.0034485916 0.0000000007
266 0.0000119041 0.0002872739 -0.0034382565 0.0000119682 0.0002746666 -0.0034485916 0.0000000003
267 0.0000117607 0.0003064614 -0.0034156603 0.0000117587 0.0002746666 -0.0034180731 0.0000000010
268 0.0000116198 0.0003254054 -0.0033932224 0.0004625463 0.0195318461 0.0090029603 0.0005225527
269 0.0000114817 0.0003441099 -0.0033709407 0.0000115882 0.0003357036 -0.0033875546 0.0000000003
270 0.0000113460 0.0003625786 -0.0033488128 0.0000961044 0.0003662221 -0.0097964415 0.0000415719
271 0.0000112129 0.0003808153 -0.0033268367 0.0001234879 0.0024719993 -0.0108340709 0.0000607316
272 0.0000110822 0.0003988237 -0.0033050103 0.0019532442 -0.0312509537 -0.0312509537 0.0017826842
273 0.0000109538 0.0004166073 -0.0032833314 0.0009771586 -0.0312509537 -0.0007324442 0.0010093414
274 0.0000108278 0.0004341697 -0.0032617979 0.0000108459 0.0004272591 -0.0032654805 0.0000000001
275 0.0000107041 0.0004515142 -0.0032404080 0.0000106475 0.0004272591 -0.0032349620 0.0000000006
276 0.0000105826 0.0004686444 -0.0032191596 0.0016880805 -0.0312509537 -0.0266731773 0.0015562238
277 0.0000104633 0.0004855634 -0.0031980508 0.0000104780 0.0004577776 -0.0032044435 0.0000000008
278 0.0000103461 0.0005022746 -0.0031770797 0.0000103122 0.0004882962 -0.0031739250 0.0000000002
279 0.0000102310 0.0005187811 -0.0031562444 0.0000103122 0.0004882962 -0.0031739250 0.0000000012
280 0.0000101179 0.0005350859 -0.0031355431 0.0003440041 -0.0177617725 0.0053407392 0.0004066224
281 0.0000100069 0.0005511922 -0.0031149739 0.0000099592 0.0005188147 -0.0031128880 0.0000000011
282 0.0000098978 0.0005671030 -0.0030945352 0.0000099918 0.0005493332 -0.0031128880 0.0000000007
283 0.0000097905 0.0005828211 -0.0030742250 0.0000098372 0.0005798517 -0.0030823695 0.0000000001
284 0.0000096852 0.0005983495 -0.0030540418 0.0010400686 -0.0312509537 0.0079653310 0.0011358047
285 0.0000095817 0.0006136909 -0.0030339839 0.0000096500 0.0005798517 -0.0030518509 0.0000000015
286 0.0000094799 0.0006288482 -0.0030140495 0.0000096863 0.0006103702 -0.0030518509 0.0000000018
287 0.0000093800 0.0006438240 -0.0029942371 0.0001094827 -0.0028382214 -0.0100711081 0.0000622067
288 0.0000092817 0.0006586210 -0.0029745451 0.0010289377 -0.0221259194 -0.0232245857 0.0009291994
289 0.0000091851 0.0006732417 -0.0029549718 0.0003005748 -0.0086672567 0.0150151067 0.0004101686
290 0.0000090902 0.0006876889 -0.0029355157 0.0000092141 0.0006714072 -0.0029602954 0.0000000009
291 0.0000089968 0.0007019648 -0.0029161754 0.0000090763 0.0007019257 -0.0029297769 0.0000000002
292 0.0000089051 0.0007160721 -0.0028969492 0.0009802023 -0.0018921476 -0.0312509537 0.0008107524
293 0.0000088149 0.0007300131 -0.0028778357 0.0000089422 0.0007324442 -0.0028992584 0.0000000005
294 0.0000087262 0.0007437902 -0.0028588335 0.0000087224 0.0007019257 -0.0028687399 0.0000000019
295 0.0000086389 0.0007574057 -0.0028399412 0.0000085920 0.0007324442 -0.0028382214 0.0000000006
296 0.0000085532 0.0007708619 -0.0028211572 0.0009254950 -0.0225531785 -0.0204168828 0.0008536204
297 0.0000084688 0.0007841611 -0.0028024803 0.0000084653 0.0007629627 -0.0028077029 0.0000000005
298 0.0000083858 0.0007973053 -0.0027839091 0.0000085128 0.0007934812 -0.0028077029 0.0000000006
299 0.0000083043 0.0008102968 -0.0027654422 0.0000083424 0.0007934812 -0.0027771844 0.0000000004
300 0.0000082240 0.0008231378 -0.0027470784 0.0007507533 -0.0220038453 0.0163274026 0.0008849070
301 0.0000081450 0.0008358302 -0.0027288162 0.0000080564 0.0008239998 -0.0027161473 0.0000000003
302 0.0000080674 0.0008483761 -0.0027106545 0.0000080564 0.0008239998 -0.0027161473 0.0000000006
303 0.0000079910 0.0008607775 -0.0026925919 0.0000143218 -0.0037842952 -0.0000305185 0.0000286633
304 0.0000079158 0.0008730363 -0.0026746273 0.0010544118 -0.0312509537 0.0088198492 0.0011640737
305 0.0000078419 0.0008851546 -0.0026567594 0.0002504377 0.0012207404 0.0157780694 0.0003399555
306 0.0000077691 0.0008971341 -0.0026389870 0.0000070496 0.0000000000 -0.0026551103 0.0000008051
307 0.0000076975 0.0009089768 -0.0026213090 0.0000068885 0.0000000000 -0.0026245918 0.0000008262
308 0.0000076270 0.0009206845 -0.0026037241 0.0002218918 0.0032959990 0.0145268105 0.0002990973
309 0.0000075577 0.0009322590 -0.0025862312 0.0000001574 0.0000000000 0.0003967406 0.0000097672
310 0.0000074895 0.0009437020 -0.0025688291 0.0000018860 0.0000000000 0.0013733329 0.0000164312
311 0.0000074223 0.0009550152 -0.0025515168 0.0000019708 0.0000000000 0.0014038514 0.0000165570
312 0.0000073562 0.0009662004 -0.0025342932 0.0012789823 -0.0226447340 0.0276802881 0.0014703971
313 0.0000072911 0.0009772592 -0.0025171572 0.0000021459 0.0000000000 0.0014648885 0.0000168117
314 0.0000072271 0.0009881933 -0.0025001076 0.0000022362 0.0000000000 0.0014954070 0.0000169407
315 0.0000071640 0.0009990043 -0.0024831435 0.0000023284 0.0000000000 0.0015259255 0.0000170706
316 0.0000071019 0.0010096937 -0.0024662638 0.0014861183 -0.0226142155 0.0312204352 0.0016928828
317 0.0000070408 0.0010202632 -0.0024494675 0.0002576903 0.0000000000 0.0160527360 0.0003433725
318 0.0000069807 0.0010307142 -0.0024327536 0.0009747156 0.0000000000 0.0312204352 0.0011335995
319 0.0000069214 0.0010410483 -0.0024161211 0.0010153992 0.0063783685 0.0312204352 0.0011599049
320 0.0000068631 0.0010512668 -0.0023995690 0.0005687794 -0.0220343638 -0.0091250343 0.0005781782
321 0.0000068057 0.0010613714 -0.0023830963 0.0019532442 -0.0312509537 -0.0312509537 0.0018774395
322 0.0000067491 0.0010713634 -0.0023667021 0.0019532442 -0.0312509537 -0.0312509537 0.0018790322
323 0.0000066934 0.0010812441 -0.0023503855 0.0019532442 -0.0312509537 -0.0312509537 0.0018806139
324 0.0000066385 0.0010910151 -0.0023341455 0.0012635103 -0.0169377728 -0.0312509537 0.0011612190
325 0.0000065845 0.0011006776 -0.0023179812 0.0019532442 -0.0312509537 -0.0312509537 0.0018837449
326 0.0000065313 0.0011102329 -0.0023018917 0.0019532442 -0.0312509537 -0.0312509537 0.0018852946
327 0.0000064789 0.0011196824 -0.0022858761 0.0019532442 -0.0312509537 -0.0312509537 0.0018868338
328 0.0000064273 0.0011290274 -0.0022699336 0.0019532442 -0.0312509537 -0.0312509537 0.0018883627
329 0.0000063765 0.0011382692 -0.0022540633 0.0019532442 -0.0312509537 -0.0312509537 0.0018898814
330 0.0000063264 0.0011474088 -0.0022382643 0.0009805572 -0.0312509537 0.0019837031 0.0010674789
331 0.0000062770 0.0011564477 -0.0022225358 0.0009772042 -0.0312509537 -0.0007629627 0.0010523700
332 0.0000062284 0.0011653870 -0.0022068769 0.0019532442 -0.0312509537 -0.0312509537 0.0018943775
333 0.0000061805 0.0011742278 -0.0021912869 0.0009814504 -0.0312509537 -0.0021973327 0.0010513924
334 0.0000061334 0.0011829714 -0.0021757649 0.0000004117 0.0005798517 -0.0002746666 0.0000039779
335 0.0000060869 0.0011916189 -0.0021603102 0.0009863122 -0.0312509537 -0.0031128880 0.0010534279
336 0.0000060411 0.0012001714 -0.0021449219 0.0019532442 -0.0312509537 -0.0312509537 0.0019002366
337 0.0000059960 0.0012086300 -0.0021295992 0.0012856314 -0.0175786615 -0.0312509537 0.0012010156
338 0.0000059515 0.0012169958 -0.0021143415 0.0000059804 0.0011902219 -0.0021362957 0.0000000012
339 0.0000059077 0.0012252699 -0.0020991479 0.0000058509 0.0011902219 -0.0021057772 0.0000000013
340 0.0000058645 0.0012334533 -0.0020840177 0.0016639475 0.0277718436 -0.0298776208 0.0014767705
341 0.0000058220 0.0012415470 -0.0020689502 0.0000057969 0.0012207404 -0.0020752586 0.0000000005
342 0.0000057801 0.0012495522 -0.0020539446 0.0000058723 0.0012512589 -0.0020752586 0.0000000005
343 0.0000057388 0.0012574697 -0.0020390002 0.0000057466 0.0012512589 -0.0020447401 0.0000000001
344 0.0000056980 0.0012653006 -0.0020241163 0.0017787112 0.0283211768 -0.0312509537 0.0015862285
345 0.0000056579 0.0012730458 -0.0020092922 0.0000056227 0.0012512589 -0.0020142216 0.0000000005
346 0.0000056183 0.0012807064 -0.0019945272 0.0000057000 0.0012817774 -0.0020142216 0.0000000004
347 0.0000055794 0.0012882831 -0.0019798206 0.0000056227 0.0012512589 -0.0020142216 0.0000000026
348 0.0000055409 0.0012957770 -0.0019651717 0.0009938489 -0.0312509537 -0.0041505173 0.0010640654
349 0.0000055031 0.0013031890 -0.0019505800 0.0000056572 0.0013122959 -0.0019837031 0.0000000012
350 0.0000054657 0.0013105200 -0.0019360446 0.0000055371 0.0013122959 -0.0019531846 0.0000000003
351 0.0000054289 0.0013177707 -0.0019215650 0.0011577577 -0.0312509537 0.0134586627 0.0012972732
352 0.0000053927 0.0013249422 -0.0019071406 0.0008707615 0.0288705100 0.0061037019 0.0008229319
353 0.0000053569 0.0013320352 -0.0018927706 0.0001902855 -0.0000305185 0.0137943663 0.0002479428
354 0.0000053216 0.0013390507 -0.0018784544 0.0000053023 0.0013122959 -0.0018921476 0.0000000009
355 0.0000052869 0.0013459893 -0.0018641915 0.0000052688 0.0013428144 -0.0018616291 0.0000000000
356 0.0000052526 0.0013528520 -0.0018499813 0.0019532442 -0.0312509537 -0.0312509537 0.0019274253
357 0.0000052189 0.0013596396 -0.0018358230 0.0000051561 0.0013428144 -0.0018311106 0.0000000003
358 0.0000051856 0.0013663527 -0.0018217162 0.0000051561 0.0013428144 -0.0018311106 0.0000000006
359 0.0000051527 0.0013729923 -0.0018076601 0.0000052390 0.0013733329 -0.0018311106 0.0000000006
360 0.0000051204 0.0013795590 -0.0017936543 0.0007844199 0.0249336222 0.0127567370 0.0007665078
361 0.0000050885 0.0013860536 -0.0017796982 0.0000051282 0.0013733329 -0.0018005921 0.0000000006
362 0.0000050570 0.0013924769 -0.0017657911 0.0000050192 0.0013733329 -0.0017700735 0.0000000004
363 0.0000050260 0.0013988295 -0.0017519326 0.0000050192 0.0013733329 -0.0017700735 0.0000000010
364 0.0000049954 0.0014051123 -0.0017381220 0.0004001672 -0.0176091800 -0.0094912564 0.0004216544
365 0.0000049653 0.0014113258 -0.0017243588 0.0000049121 0.0013733329 -0.0017395550 0.0000000017
366 0.0000049355 0.0014174709 -0.0017106424 0.0000048068 0.0013733329 -0.0017090365 0.0000000020
367 0.0000049062 0.0014235481 -0.0016969724 0.0002477190 0.0155339213 0.0025330363 0.0002169956
368 0.0000048773 0.0014295581 -0.0016833482 0.0001168937 0.0043031098 -0.0099185156 0.0000760753
369 0.0000048488 0.0014355017 -0.0016697692 0.0010604463 -0.0091555528 -0.0312509537 0.0009872169
370 0.0000048207 0.0014413794 -0.0016562349 0.0000047733 0.0014343699 -0.0016479995 0.0000000001
371 0.0000047930 0.0014471920 -0.0016427448 0.0000047733 0.0014343699 -0.0016479995 0.0000000002
372 0.0000047656 0.0014529400 -0.0016292984 0.0004721581 -0.0217291787 -0.0000305185 0.0005399667
373 0.0000047387 0.0014586240 -0.0016158952 0.0000047733 0.0014343699 -0.0016479995 0.0000000016
374 0.0000047121 0.0014642447 -0.0016025347 0.0000047621 0.0014648885 -0.0016174810 0.0000000002
375 0.0000046859 0.0014698027 -0.0015892164 0.0000046737 0.0014343699 -0.0016174810 0.0000000021
376 0.0000046601 0.0014752986 -0.0015759398 0.0004659319 -0.0188604389 -0.0104983673 0.0004931519
377 0.0000046346 0.0014807329 -0.0015627044 0.0000046643 0.0014648885 -0.0015869625 0.0000000008
378 0.0000046095 0.0014861062 -0.0015495097 0.0000045684 0.0014648885 -0.0015564440 0.0000000005
379 0.0000045847 0.0014914192 -0.0015363553 0.0000120083 -0.0011597034 -0.0032654805 0.0000100183
380 0.0000045603 0.0014966723 -0.0015232406 0.0016448021 -0.0258491775 -0.0312509537 0.0016315324
381 0.0000045362 0.0015018661 -0.0015101653 0.0000204615 -0.0026551103 -0.0036622211 0.0000219118
382 0.0000045124 0.0015070011 -0.0014971288 0.0000561752 -0.0066225166 0.0035096286 0.0000911567
383 0.0000044890 0.0015120779 -0.0014841307 0.0006060234 -0.0046693319 -0.0241706595 0.0005528884
384 0.0000044659 0.0015170971 -0.0014711706 0.0011440618 -0.0312509537 0.0129398480 0.0012814226
385 0.0000044432 0.0015220590 -0.0014582479 0.0010894159 -0.0312509537 -0.0106204413 0.0011580162
386 0.0000044207 0.0015269643 -0.0014453623 0.0010900651 -0.0312509537 -0.0106509598 0.0011591349
387 0.0000043985 0.0015318134 -0.0014325133 0.0005434636 -0.0207525864 -0.0106204413 0.0005810125
388 0.0000043767 0.0015366069 -0.0014197005 0.0008304365 0.0090945158 -0.0273445845 0.0007292216
389 0.0000043552 0.0015413451 -0.0014069234 0.0009799751 0.0018311106 -0.0312509537 0.0008907501
390 0.0000043339 0.0015460287 -0.0013941817 0.0000042992 0.0015259255 -0.0014038514 0.0000000005
391 0.0000043130 0.0015506580 -0.0013814749 0.0000042992 0.0015259255 -0.0014038514 0.0000000011
392 0.0000042924 0.0015552335 -0.0013688025 0.0003611191 0.0008850368 -0.0189825129 0.0003106920
393 0.0000042720 0.0015597558 -0.0013561642 0.0000043086 0.0015564440 -0.0013733329 0.0000000003
394 0.0000042520 0.0015642251 -0.0013435595 0.0000043086 0.0015564440 -0.0013733329 0.0000000009
395 0.0000042322 0.0015686420 -0.0013309881 0.0000042257 0.0015564440 -0.0013428144 0.0000000003
396 0.0000042127 0.0015730070 -0.0013184496 0.0009800878 -0.0018616291 -0.0312509537 0.0009077515
397 0.0000041934 0.0015773204 -0.0013059434 0.0000041446 0.0015564440 -0.0013122959 0.0000000005
398 0.0000041745 0.0015815826 -0.0012934694 0.0000052623 -0.0014954070 0.0017395550 0.0000186671
399 0.0000041558 0.0015857941 -0.0012810270 0.0000175146 0.0001831111 -0.0041810358 0.0000103776
400 0.0000041373 0.0015899553 -0.0012686158 0.0010631966 -0.0290536210 0.0148014771 0.0011972767
401 0.0000041192 0.0015940667 -0.0012562355 0.0010267527 0.0070802942 -0.0312509537 0.0009297818
402 0.0000041013 0.0015981285 -0.0012438857 0.0000040841 0.0015869625 -0.0012512589 0.0000000002
403 0.0000040836 0.0016021411 -0.0012315661 0.0000040841 0.0015869625 -0.0012512589 0.0000000006
404 0.0000040662 0.0016061051 -0.0012192762 0.0000597573 -0.0020752586 -0.0074465163 0.0000523310
405 0.0000040491 0.0016100207 -0.0012070156 0.0000040087 0.0015869625 -0.0012207404 0.0000000007
406 0.0000040321 0.0016138883 -0.0011947841 0.0000040087 0.0015869625 -0.0012207404 0.0000000014
407 0.0000040155 0.0016177083 -0.0011825812 0.0000039351 0.0015869625 -0.0011902219 0.0000000010
408 0.0000039991 0.0016214811 -0.0011704065 0.0002288902 -0.0008239998 -0.0151066622 0.0002001996
409 0.0000039829 0.0016252070 -0.0011582598 0.0000039612 0.0016174810 -0.0011597034 0.0000000001
410 0.0000039669 0.0016288863 -0.0011461407 0.0000039612 0.0016174810 -0.0011597034 0.0000000003
411 0.0000039512 0.0016325195 -0.0011340487 0.0000038634 0.0015869625 -0.0011597034 0.0000000027
412 0.0000039357 0.0016361068 -0.0011219836 0.0003741584 0.0167851802 -0.0096133305 0.0003015974
413 0.0000039204 0.0016396485 -0.0011099450 0.0000038913 0.0016174810 -0.0011291849 0.0000000009
414 0.0000039054 0.0016431451 -0.0010979325 0.0000038233 0.0016174810 -0.0010986663 0.0000000007
415 0.0000038906 0.0016465968 -0.0010859459 0.0009321031 -0.0059816279 -0.0299386578 0.0008906688
416 0.0000038760 0.0016500039 -0.0010739848 0.0009978585 0.0046082949 -0.0312509537 0.0009194009
417 0.0000038616 0.0016533669 -0.0010620487 0.0000074399 -0.0017700735 -0.0020752586 0.0000127465
418 0.0000038474 0.0016566859 -0.0010501375 0.0000038568 0.0016479995 -0.0010681478 0.0000000004
419 0.0000038334 0.0016599612 -0.0010382508 0.0000038568 0.0016479995 -0.0010681478 0.0000000010
420 0.0000038197 0.0016631933 -0.0010263882 0.0019532442 -0.0312509537 -0.0312509537 0.0019968654
421 0.0000038061 0.0016663823 -0.0010145494 0.0000036929 0.0016174810 -0.0010376293 0.0000000029
422 0.0000037928 0.0016695286 -0.0010027341 0.0000037302 0.0016479995 -0.0010071108 0.0000000005
423 0.0000037797 0.0016726324 -0.0009909420 0.0000037302 0.0016479995 -0.0010071108 0.0000000009
424 0.0000037667 0.0016756941 -0.0009791727 0.0010113151 0.0058900723 -0.0312509537 0.0009341417
425 0.0000037540 0.0016787138 -0.0009674260 0.0000037302 0.0016479995 -0.0010071108 0.0000000025
426 0.0000037415 0.0016816920 -0.0009557014 0.0000036696 0.0016479995 -0.0009765923 0.0000000016
427 0.0000037291 0.0016846287 -0.0009439988 0.0000037125 0.0016785180 -0.0009460738 0.0000000000
428 0.0000037170 0.0016875244 -0.0009323177 0.0000131930 0.0028687399 -0.0022278512 0.0000030737
429 0.0000037050 0.0016903793 -0.0009206580 0.0000036557 0.0016785180 -0.0009155553 0.0000000002
430 0.0000036932 0.0016931935 -0.0009090192 0.0000037125 0.0016785180 -0.0009460738 0.0000000016
431 0.0000036816 0.0016959674 -0.0008974011 0.0001753098 0.0077822199 -0.0107119968 0.0001333688
432 0.0000036702 0.0016987013 -0.0008858033 0.0007388940 -0.0104678488 0.0250862148 0.0008225707
433 0.0000036590 0.0017013952 -0.0008742257 0.0019532442 -0.0312509537 -0.0312509537 0.0020086029
434 0.0000036480 0.0017040496 -0.0008626678 0.0000036007 0.0016785180 -0.0008850368 0.0000000012
435 0.0000036371 0.0017066646 -0.0008511293 0.0000036007 0.0016785180 -0.0008850368 0.0000000019
436 0.0000036264 0.0017092404 -0.0008396101 0.0000319836 -0.0046388134 -0.0032349620 0.0000460355
437 0.0000036159 0.0017117773 -0.0008281097 0.0000033455 0.0016479995 -0.0007934812 0.0000000053
438 0.0000036056 0.0017142755 -0.0008166279 0.0000020416 -0.0004882962 0.0013428144 0.0000095145
439 0.0000035955 0.0017167352 -0.0008051644 0.0000334291 -0.0010986663 0.0056764428 0.0000499377
440 0.0000035855 0.0017191567 -0.0007937190 0.0008524916 -0.0060426649 0.0285653249 0.0009221993
441 0.0000035757 0.0017215401 -0.0007822913 0.0004357515 0.0000000000 0.0208746605 0.0004719873
442 0.0000035660 0.0017238856 -0.0007708810 0.0009747156 0.0000000000 0.0312204352 0.0010264161
443 0.0000035566 0.0017261934 -0.0007594879 0.0009747156 0.0000000000 0.0312204352 0.0010256952
444 0.0000035473 0.0017284638 -0.0007481117 0.0010822601 0.0114139225 0.0308542131 0.0010925150
445 0.0000035381 0.0017306970 -0.0007367520 0.0009747156 0.0000000000 0.0312204352 0.0010242571
446 0.0000035291 0.0017328931 -0.0007254088 0.0009747156 0.0000000000 0.0312204352 0.0010235399
447 0.0000035203 0.0017350523 -0.0007140815 0.0018118916 -0.0312509537 0.0289010285 0.0019651313
448 0.0000035117 0.0017371747 -0.0007027701 0.0001383182 -0.0096133305 0.0067751091 0.0001847526
449 0.0000035032 0.0017392607 -0.0006914741 0.0015892099 -0.0247505112 -0.0312509537 0.0016355898
450 0.0000034948 0.0017413103 -0.0006801934 0.0005963231 -0.0212714011 -0.0119937742 0.0006575820
451 0.0000034866 0.0017433238 -0.0006689277 0.0002171651 -0.0122989593 0.0081179235 0.0002743945
452 0.0000034786 0.0017453012 -0.0006576766 0.0019532442 -0.0312509537 -0.0312509537 0.0020247014
453 0.0000034707 0.0017472429 -0.0006464400 0.0007697385 -0.0277413251 -0.0003967406 0.0008696380
454 0.0000034630 0.0017491488 -0.0006352175 0.0000039798 0.0017395550 0.0009765923 0.0000025980
455 0.0000034555 0.0017510193 -0.0006240090 0.0000068559 0.0017090365 0.0019837031 0.0000068019
456 0.0000034480 0.0017528544 -0.0006128141 0.0014594492 -0.0219733268 -0.0312509537 0.0015016273
457 0.0000034408 0.0017546543 -0.0006016325 0.0000043076 0.0016785180 0.0012207404 0.0000033268
458 0.0000034337 0.0017564191 -0.0005904641 0.0000027243 0.0016479995 -0.0000915555 0.0000002607
459 0.0000034267 0.0017581491 -0.0005793085 0.0000034461 0.0016479995 -0.0008545183 0.0000000879
460 0.0000034199 0.0017598443 -0.0005681656 0.0008780486 -0.0098269601 -0.0279549547 0.0008842903
461 0.0000034132 0.0017615049 -0.0005570349 0.0000034694 0.0017700735 -0.0005798517 0.0000000006
462 0.0000034067 0.0017631310 -0.0005459164 0.0000071400 0.0025940733 -0.0006408887 0.0000006995
463 0.0000034003 0.0017647228 -0.0005348097 0.0001782753 0.0102847377 -0.0085146641 0.0001362687
464 0.0000033940 0.0017662804 -0.0005237145 0.0019532442 -0.0312509537 -0.0312509537 0.0020343010
465 0.0000033879 0.0017678039 -0.0005126307 0.0011948033 -0.0312509537 0.0147709586 0.0013238265
466 0.0000033820 0.0017692934 -0.0005015579 0.0000034023 0.0017700735 -0.0005188147 0.0000000003
467 0.0000033761 0.0017707491 -0.0004904960 0.0000033716 0.0017700735 -0.0004882962 0.0000000000
468 0.0000033705 0.0017721711 -0.0004794446 0.0013019716 -0.0278939177 -0.0228888821 0.0013822597
469 0.0000033649 0.0017735595 -0.0004684036 0.0000032645 0.0017395550 -0.0004882962 0.0000000016
470 0.0000033595 0.0017749144 -0.0004573727 0.0000033427 0.0017700735 -0.0004577776 0.0000000000
471 0.0000033542 0.0017762360 -0.0004463515 0.0000033427 0.0017700735 -0.0004577776 0.0000000002
472 0.0000033491 0.0017775243 -0.0004353400 0.0011594044 -0.0135196997 -0.0312509537 0.0011836071
473 0.0000033441 0.0017787794 -0.0004243378 0.0000033427 0.0017700735 -0.0004577776 0.0000000012
474 0.0000033393 0.0017800015 -0.0004133446 0.0000033157 0.0017700735 -0.0004272591 0.0000000003
475 0.0000033345 0.0017811907 -0.0004023604 0.0000032086 0.0017395550 -0.0004272591 0.0000000024
476 0.0000033299 0.0017823470 -0.0003913847 0.0002716694 -0.0063783685 -0.0151982177 0.0002858396
477 0.0000033255 0.0017834705 -0.0003804174 0.0000032906 0.0017700735 -0.0003967406 0.0000000004
478 0.0000033212 0.0017845613 -0.0003694583 0.0000031835 0.0017395550 -0.0003967406 0.0000000028
479 0.0000033170 0.0017856196 -0.0003585070 0.0010486028 -0.0312509537 0.0084841456 0.0011696077
480 0.0000033129 0.0017866454 -0.0003475634 0.0011000262 -0.0111087374 -0.0312509537 0.0011213104
481 0.0000033090 0.0017876388 -0.0003366271 0.0000327184 -0.0035096286 -0.0045167394 0.0000455344
482 0.0000033052 0.0017885998 -0.0003256981 0.0000032459 0.0017700735 -0.0003357036 0.0000000004
483 0.0000033015 0.0017895286 -0.0003147760 0.0000032459 0.0017700735 -0.0003357036 0.0000000008
484 0.0000032980 0.0017904252 -0.0003038605 0.0010486028 -0.0312509537 -0.0084841456 0.0011586498
485 0.0000032945 0.0017912897 -0.0002929516 0.0000032263 0.0017700735 -0.0003051851 0.0000000006
486 0.0000032913 0.0017921221 -0.0002820488 0.0000033353 0.0018005921 -0.0003051851 0.0000000006
487 0.0000032881 0.0017929226 -0.0002711520 0.0000032086 0.0017700735 -0.0002746666 0.0000000005
488 0.0000032851 0.0017936912 -0.0002602610 0.0010233550 -0.0068361461 -0.0312509537 0.0010348971
489 0.0000032822 0.0017944280 -0.0002493755 0.0000032086 0.0017700735 -0.0002746666 0.0000000012
490 0.0000032794 0.0017951329 -0.0002384953 0.0000031928 0.0017700735 -0.0002441481 0.0000000007
491 0.0000032767 0.0017958062 -0.0002276202 0.0000031788 0.0017700735 -0.0002136296 0.0000000009
492 0.0000032742 0.0017964477 -0.0002167499 0.0012749951 -0.0172734764 -0.0312509537 0.0013267838
493 0.0000032718 0.0017970577 -0.0002058841 0.0000031788 0.0017700735 -0.0002136296 0.0000000008
494 0.0000032695 0.0017976361 -0.0001950227 0.0000032757 0.0018005921 -0.0001831111 0.0000000002
495 0.0000032674 0.0017981829 -0.0001841654 0.0001846041 0.0038453322 -0.0130314035 0.0001692423
496 0.0000032654 0.0017986983 -0.0001733121 0.0010621311 -0.0092471084 -0.0312509537 0.0010878297
497 0.0000032635 0.0017991822 -0.0001624624 0.0010267527 0.0070802942 -0.0312509537 0.0009943844
498 0.0000032617 0.0017996347 -0.0001516161 0.0000032654 0.0018005921 -0.0001525925 0.0000000000
499 0.0000032600 0.0018000559 -0.0001407730 0.0000031564 0.0017700735 -0.0001525925 0.0000000010
500 0.0000032585 0.0018004457 -0.0001299329 0.0007330487 0.0139164403 -0.0232245857 0.0006801603
501 0.0000032571 0.0018008042 -0.0001190955 0.0000031481 0.0017700735 -0.0001220740 0.0000000010
502 0.0000032558 0.0018011315 -0.0001082607 0.0000031415 0.0017700735 -0.0000915555 0.0000000012
503 0.0000032546 0.0018014275 -0.0000974281 0.0000032570 0.0018005921 -0.0001220740 0.0000000006
504 0.0000032536 0.0018016923 -0.0000865976 0.0009768317 -0.0004577776 -0.0312509537 0.0009763223
505 0.0000032527 0.0018019258 -0.0000757689 0.0000190318 0.0032044435 -0.0029602954 0.0000102875
506 0.0000032519 0.0018021282 -0.0000649418 0.0000343241 0.0031434065 -0.0049439985 0.0000256042
507 0.0000032512 0.0018022995 -0.0000541161 0.0000179365 -0.0031434065 -0.0028382214 0.0000322112
508 0.0000032507 0.0018024396 -0.0000432915 0.0018729453 -0.0312509537 -0.0299386578 0.0019862597
509 0.0000032502 0.0018025485 -0.0000324678 0.0000665862 -0.0056154057 0.0059205908 0.0000904650
510 0.0000032499 0.0018026263 -0.0000216448 0.0001339184 -0.0090334788 0.0072328867 0.0001700494
511 0.0000032497 0.0018026730 -0.0000108223 0.0007787263 -0.0183111057 -0.0210577715 0.0008475382
512 0.0000032497 0.0018026886 0.0000000000 0.0000000009 -0.0000305185 0.0000000000 0.0000033606
513 0.0000032497 0.0018026730 0.0000108223 0.0000031332 0.0017700735 0.0000000000 0.0000000012
514 0.0000032499 0.0018026263 0.0000216448 0.0000032421 0.0018005921 0.0000000000 0.0000000005
515 0.0000032502 0.0018025485 0.0000324678 0.0000031341 0.0017700735 0.0000305185 0.0000000011
516 0.0000032507 0.0018024396 0.0000432915 0.0009766221 -0.0312509537 0.0000000000 0.0010925287
517 0.0000032512 0.0018022995 0.0000541161 0.0000032421 0.0018005921 0.0000000000 0.0000000029
518 0.0000032519 0.0018021282 0.0000649418 0.0000032459 0.0017700735 -0.0003357036 0.0000001615
519 0.0000032527 0.0018019258 0.0000757689 0.0000032906 0.0017700735 -0.0003967406 0.0000002243
520 0.0000032536 0.0018016923 0.0000865976 0.0000582112 -0.0076296274 0.0000000000 0.0000889573
521 0.0000032546 0.0018014275 0.0000974281 0.0000031415 0.0017700735 0.0000915555 0.0000000010
522 0.0000032558 0.0018011315 0.0001082607 0.0000031369 0.0017700735 0.0000610370 0.0000000032
523 0.0000032571 0.0018008042 0.0001190955 0.0000031415 0.0017700735 0.0000915555 0.0000000017
524 0.0000032585 0.0018004457 0.0001299329 0.0007377456 -0.0271614734 0.0000000000 0.0008388096
525 0.0000032600 0.0018000559 0.0001407730 0.0000031481 0.0017700735 0.0001220740 0.0000000012
526 0.0000032617 0.0017996347 0.0001516161 0.0000275688 0.0052491836 0.0001220740 0.0000119003
527 0.0000032635 0.0017991822 0.0001624624 0.0000348708 0.0058595538 -0.0007324442 0.0000172875
528 0.0000032654 0.0017986983 0.0001733121 0.0010016725 -0.0312509537 -0.0050050356 0.0011190948
529 0.0000032674 0.0017981829 0.0001841654 0.0009840294 0.0312204352 -0.0030518509 0.0008761407
530 0.0000032695 0.0017976361 0.0001950227 0.0000032757 0.0018005921 0.0001831111 0.0000000002
531 0.0000032718 0.0017970577 0.0002058841 0.0000031667 0.0017700735 0.0001831111 0.0000000012
532 0.0000032742 0.0017964477 0.0002167499 0.0009788583 -0.0312509537 -0.0014954070 0.0010950622
533 0.0000032767 0.0017958062 0.0002276202 0.0000032878 0.0018005921 0.0002136296 0.0000000002
534 0.0000032794 0.0017951329 0.0002384953 0.0000032878 0.0018005921 0.0002136296 0.0000000006
535 0.0000032822 0.0017944280 0.0002493755 0.0000031928 0.0017700735 0.0002441481 0.0000000006
536 0.0000032851 0.0017936912 0.0002602610 0.0001227269 -0.0110782189 0.0000000000 0.0001657538
537 0.0000032881 0.0017929226 0.0002711520 0.0000030857 0.0017395550 0.0002441481 0.0000000036
538 0.0000032913 0.0017921221 0.0002820488 0.0000032086 0.0017700735 0.0002746666 0.0000000005
539 0.0000032945 0.0017912897 0.0002929516 0.0000032086 0.0017700735 0.0002746666 0.0000000008
540 0.0000032980 0.0017904252 0.0003038605 0.0000998178 -0.0065919980 0.0075075533 0.0001221582
541 0.0000033015 0.0017895286 0.0003147760 0.0000032263 0.0017700735 0.0003051851 0.0000000005
542 0.0000033052 0.0017885998 0.0003256981 0.0000032263 0.0017700735 0.0003051851 0.0000000008
543 0.0000033090 0.0017876388 0.0003366271 0.0000159024 -0.0022888882 0.0032654805 0.0000251963
544 0.0000033129 0.0017866454 0.0003475634 0.0012573408 -0.0167546617 -0.0312509537 0.0013422463
545 0.0000033170 0.0017856196 0.0003585070 0.0003126995 0.0171819208 0.0041810358 0.0002516578
546 0.0000033212 0.0017845613 0.0003694583 0.0000032673 0.0017700735 0.0003662221 0.0000000002
547 0.0000033255 0.0017834705 0.0003804174 0.0000032673 0.0017700735 0.0003662221 0.0000000004
548 0.0000033299 0.0017823470 0.0003913847 0.0017360773 -0.0312509537 -0.0275582141 0.0018723790
549 0.0000033345 0.0017811907 0.0004023604 0.0000032906 0.0017700735 0.0003967406 0.0000000002
550 0.0000033393 0.0017800015 0.0004133446 0.0000032906 0.0017700735 0.0003967406 0.0000000004
551 0.0000033441 0.0017787794 0.0004243378 0.0000033157 0.0017700735 0.0004272591 0.0000000001
552 0.0000033491 0.0017775243 0.0004353400 0.0011354866 -0.0126041444 -0.0312509537 0.0012108536
553 0.0000033542 0.0017762360 0.0004463515 0.0000032356 0.0017395550 0.0004577776 0.0000000015
554 0.0000033595 0.0017749144 0.0004573727 0.0000033157 0.0017700735 0.0004272591 0.0000000009
555 0.0000033649 0.0017735595 0.0004684036 0.0000032356 0.0017395550 0.0004577776 0.0000000013
556 0.0000033705 0.0017721711 0.0004794446 0.0001944888 0.0074159978 0.0118106632 0.0001602493
557 0.0000033761 0.0017707491 0.0004904960 0.0000032356 0.0017395550 0.0004577776 0.0000000020
558 0.0000033820 0.0017692934 0.0005015579 0.0000033716 0.0017700735 0.0004882962 0.0000000002
559 0.0000033879 0.0017678039 0.0005126307 0.0001072660 0.0064699240 0.0080874050 0.0000794871
560 0.0000033940 0.0017662804 0.0005237145 0.0004708319 -0.0216986602 0.0000000000 0.0005508777
561 0.0000034003 0.0017647228 0.0005348097 0.0000508179 0.0061342204 -0.0036317026 0.0000364523
562 0.0000034067 0.0017631310 0.0005459164 0.0000033278 0.0017395550 0.0005493332 0.0000000006
563 0.0000034132 0.0017615049 0.0005570349 0.0000033278 0.0017395550 0.0005493332 0.0000000005
564 0.0000034199 0.0017598443 0.0005681656 0.0009766221 -0.0312509537 0.0000000000 0.0010900356
565 0.0000034267 0.0017581491 0.0005793085 0.0000011968 0.0009460738 0.0005493332 0.0000006604
566 0.0000034337 0.0017564191 0.0005904641 0.0000003018 0.0000000000 0.0005493332 0.0000030867
567 0.0000034408 0.0017546543 0.0006016325 0.0000003362 0.0000000000 0.0005798517 0.0000030793
568 0.0000034480 0.0017528544 0.0006128141 0.0006020586 -0.0245368816 0.0000000000 0.0006915258
569 0.0000034555 0.0017510193 0.0006240090 0.0000003726 0.0000000000 0.0006103702 0.0000030663
570 0.0000034630 0.0017491488 0.0006352175 0.0000003726 0.0000000000 0.0006103702 0.0000030601
571 0.0000034707 0.0017472429 0.0006464400 0.0000014902 0.0000000000 0.0012207404 0.0000033827
572 0.0000034786 0.0017453012 0.0006576766 0.0007883195 -0.0280770287 0.0000000000 0.0008898039
573 0.0000034866 0.0017433238 0.0006689277 0.0001588645 0.0000000000 -0.0126041444 0.0001792136
574 0.0000034948 0.0017413103 0.0006801934 0.0004069392 0.0000000000 -0.0201727348 0.0004378768
575 0.0000035032 0.0017392607 0.0006914741 0.0004504384 0.0181585131 0.0109866634 0.0003755828
576 0.0000035117 0.0017371747 0.0007027701 0.0005682234 0.0090945158 -0.0220343638 0.0005711077
577 0.0000035203 0.0017350523 0.0007140815 0.0009863122 -0.0312509537 0.0031128880 0.0010938309
578 0.0000035291 0.0017328931 0.0007254088 0.0009781878 -0.0312509537 0.0012512589 0.0010882107
579 0.0000035381 0.0017306970 0.0007367520 0.0009770729 -0.0312509537 0.0006714072 0.0010877936
580 0.0000035473 0.0017284638 0.0007481117 0.0000104259 -0.0032044435 -0.0003967406 0.0000256443
581 0.0000035566 0.0017261934 0.0007594879 0.0009828847 -0.0312509537 -0.0025025178 0.0010981329
582 0.0000035660 0.0017238856 0.0007708810 0.0009776364 -0.0312509537 -0.0010071108 0.0010905013
583 0.0000035757 0.0017215401 0.0007822913 0.0009766258 -0.0312509537 0.0000610370 0.0010877056
584 0.0000035855 0.0017191567 0.0007937190 0.0015461830 0.0238654744 -0.0312509537 0.0015173204
585 0.0000035955 0.0017167352 0.0008051644 0.0009767152 -0.0312509537 0.0003051851 0.0010871185
586 0.0000036056 0.0017142755 0.0008166279 0.0000070459 -0.0025330363 -0.0007934812 0.0000206321
587 0.0000036159 0.0017117773 0.0008281097 0.0000000671 0.0001831111 0.0001831111 0.0000027528
588 0.0000036264 0.0017092404 0.0008396101 0.0016799635 0.0265205847 -0.0312509537 0.0016454071
589 0.0000036371 0.0017066646 0.0008511293 0.0000034964 0.0016785180 0.0008239998 0.0000000015
590 0.0000036480 0.0017040496 0.0008626678 0.0000073113 0.0025330363 0.0009460738 0.0000006942
591 0.0000036590 0.0017013952 0.0008742257 0.0001841719 -0.0111392560 -0.0077517014 0.0002392889
592 0.0000036702 0.0016987013 0.0008858033 0.0009954024 -0.0312509537 -0.0043336283 0.0011129222
593 0.0000036816 0.0016959674 0.0008974011 0.0010533389 -0.0312509537 -0.0087588122 0.0011787421
594 0.0000036932 0.0016931935 0.0009090192 0.0000036007 0.0016785180 0.0008850368 0.0000000008
595 0.0000037050 0.0016903793 0.0009206580 0.0000035541 0.0016479995 0.0009155553 0.0000000018
596 0.0000037170 0.0016875244 0.0009323177 0.0011921070 -0.0312509537 0.0146794031 0.0012739257
597 0.0000037291 0.0016846287 0.0009439988 0.0000037125 0.0016785180 0.0009460738 0.0000000000
598 0.0000037415 0.0016816920 0.0009557014 0.0000037125 0.0016785180 0.0009460738 0.0000000001
599 0.0000037540 0.0016787138 0.0009674260 0.0000036696 0.0016479995 0.0009765923 0.0000000010
600 0.0000037667 0.0016756941 0.0009791727 0.0001772527 0.0028687399 0.0130008850 0.0001459449
601 0.0000037797 0.0016726324 0.0009909420 0.0000036110 0.0016479995 0.0009460738 0.0000000026
602 0.0000037928 0.0016695286 0.0010027341 0.0000038317 0.0016785180 0.0010071108 0.0000000001
603 0.0000038061 0.0016663823 0.0010145494 0.0000037302 0.0016479995 0.0010071108 0.0000000004
604 0.0000038197 0.0016631933 0.0010263882 0.0002459307 -0.0115665151 -0.0105899228 0.0003099639
605 0.0000038334 0.0016599612 0.0010382508 0.0000037926 0.0016479995 0.0010376293 0.0000000001
606 0.0000038474 0.0016566859 0.0010501375 0.0000037926 0.0016479995 0.0010376293 0.0000000002
607 0.0000038616 0.0016533669 0.0010620487 0.0004482729 -0.0078737754 0.0196539201 0.0004364241
608 0.0000038760 0.0016500039 0.0010739848 0.0001991848 0.0041505173 0.0134891812 0.0001603897
609 0.0000038906 0.0016465968 0.0010859459 0.0009799751 -0.0312509537 0.0018311106 0.0010828041
610 0.0000039054 0.0016431451 0.0010979325 0.0000038568 0.0016479995 0.0010681478 0.0000000009
611 0.0000039204 0.0016396485 0.0011099450 0.0000038233 0.0016174810 0.0010986663 0.0000000006
612 0.0000039357 0.0016361068 0.0011219836 0.0015549566 0.0240485855 -0.0312509537 0.0015503263
613 0.0000039512 0.0016325195 0.0011340487 0.0000038913 0.0016174810 0.0011291849 0.0000000002
614 0.0000039669 0.0016288863 0.0011461407 0.0000038913 0.0016174810 0.0011291849 0.0000000004
615 0.0000039829 0.0016252070 0.0011582598 0.0000037935 0.0015869625 0.0011291849 0.0000000023
616 0.0000039991 0.0016214811 0.0011704065 0.0001930237 0.0018921476 0.0137638478 0.0001586680
617 0.0000040155 0.0016177083 0.0011825812 0.0000039612 0.0016174810 0.0011597034 0.0000000005
618 0.0000040321 0.0016138883 0.0011947841 0.0000040329 0.0016174810 0.0011902219 0.0000000000
619 0.0000040491 0.0016100207 0.0012070156 0.0000039351 0.0015869625 0.0011902219 0.0000000008
620 0.0000040662 0.0016061051 0.0012192762 0.0014874996 -0.0226447340 0.0312204352 0.0014881727
621 0.0000040836 0.0016021411 0.0012315661 0.0000040087 0.0015869625 0.0012207404 0.0000000003
622 0.0000041013 0.0015981285 0.0012438857 0.0000040087 0.0015869625 0.0012207404 0.0000000007
623 0.0000041192 0.0015940667 0.0012562355 0.0002908828 0.0157170324 0.0066225166 0.0002282551
624 0.0000041373 0.0015899553 0.0012686158 0.0004967903 0.0029297769 -0.0220954009 0.0005476724
625 0.0000041558 0.0015857941 0.0012810270 0.0005585864 0.0128482925 -0.0198370312 0.0005728162
626 0.0000041745 0.0015815826 0.0012934694 0.0000040655 0.0015564440 0.0012817774 0.0000000008
627 0.0000041934 0.0015773204 0.0013059434 0.0000041446 0.0015564440 0.0013122959 0.0000000005
628 0.0000042127 0.0015730070 0.0013184496 0.0016511280 0.0259712516 -0.0312509537 0.0016560404
629 0.0000042322 0.0015686420 0.0013309881 0.0000041446 0.0015564440 0.0013122959 0.0000000005
630 0.0000042520 0.0015642251 0.0013435595 0.0000042257 0.0015564440 0.0013428144 0.0000000001
631 0.0000042720 0.0015597558 0.0013561642 0.0000042257 0.0015564440 0.0013428144 0.0000000002
632 0.0000042924 0.0015552335 0.0013688025 0.0000908020 0.0084231086 0.0044557024 0.0000566967
633 0.0000043130 0.0015506580 0.0013814749 0.0000043086 0.0015564440 0.0013733329 0.0000000001
634 0.0000043339 0.0015460287 0.0013941817 0.0000042992 0.0015259255 0.0014038514 0.0000000005
635 0.0000043552 0.0015413451 0.0014069234 0.0000120306 0.0032349620 -0.0012512589 0.0000099343
636 0.0000043767 0.0015366069 0.0014197005 0.0011658430 0.0312204352 -0.0138248848 0.0011135270
637 0.0000043985 0.0015318134 0.0014325133 0.0000688858 0.0082094790 -0.0012207404 0.0000516310
638 0.0000044207 0.0015269643 0.0014453623 0.0000717833 0.0068361461 -0.0050050356 0.0000697950
639 0.0000044432 0.0015220590 0.0014582479 0.0011627201 -0.0312509537 0.0136417737 0.0012225087
640 0.0000044659 0.0015170971 0.0014711706 0.0019532442 -0.0312509537 -0.0312509537 0.0021444826
641 0.0000044890 0.0015120779 0.0014841307 0.0001182945 -0.0076601459 -0.0077211829 0.0001688675
642 0.0000045124 0.0015070011 0.0014971288 0.0001178242 -0.0076601459 -0.0076906644 0.0001684521
643 0.0000045362 0.0015018661 0.0015101653 0.0006228954 0.0237434004 -0.0076906644 0.0005793411
644 0.0000045603 0.0014966723 0.0015232406 0.0019532442 -0.0312509537 -0.0312509537 0.0021465548
645 0.0000045847 0.0014914192 0.0015363553 0.0008921944 0.0011597034 -0.0298471023 0.0009850314
646 0.0000046095 0.0014861062 0.0015495097 0.0000044743 0.0014648885 0.0015259255 0.0000000010
647 0.0000046346 0.0014807329 0.0015627044 0.0000045684 0.0014648885 0.0015564440 0.0000000003
648 0.0000046601 0.0014752986 0.0015759398 0.0002955546 0.0133976257 -0.0107730338 0.0002946390
649 0.0000046859 0.0014698027 0.0015892164 0.0000045759 0.0014343699 0.0015869625 0.0000000013
650 0.0000047121 0.0014642447 0.0016025347 0.0000046643 0.0014648885 0.0015869625 0.0000000002
651 0.0000047387 0.0014586240 0.0016158952 0.0000046737 0.0014343699 0.0016174810 0.0000000006
652 0.0000047656 0.0014529400 0.0016292984 0.0002358262 0.0117496261 0.0098879971 0.0001742278
653 0.0000047930 0.0014471920 0.0016427448 0.0000046737 0.0014343699 0.0016174810 0.0000000008
654 0.0000048207 0.0014413794 0.0016562349 0.0000046867 -0.0016479995 -0.0014038514 0.0000189084
655 0.0000048488 0.0014355017 0.0016697692 0.0000452911 0.0052491836 0.0042115543 0.0000210048
656 0.0000048773 0.0014295581 0.0016833482 0.0015174220 -0.0232551042 -0.0312509537 0.0016940008
657 0.0000049062 0.0014235481 0.0016969724 0.0010137320 -0.0092776269 -0.0304574725 0.0011484235
658 0.0000049355 0.0014174709 0.0017106424 0.0000048068 0.0013733329 0.0017090365 0.0000000020
659 0.0000049653 0.0014113258 0.0017243588 0.0000048068 0.0013733329 0.0017090365 0.0000000017
660 0.0000049954 0.0014051123 0.0017381220 0.0019532442 -0.0312509537 -0.0312509537 0.0021546978
661 0.0000050260 0.0013988295 0.0017519326 0.0000049121 0.0013733329 0.0017395550 0.0000000008
662 0.0000050570 0.0013924769 0.0017657911 0.0000050192 0.0013733329 0.0017700735 0.0000000004
663 0.0000050885 0.0013860536 0.0017796982 0.0000050192 0.0013733329 0.0017700735 0.0000000003
664 0.0000051204 0.0013795590 0.0017936543 0.0010341013 0.0304269539 -0.0104068117 0.0009926025
665 0.0000051527 0.0013729923 0.0018076601 0.0000050192 0.0013733329 0.0017700735 0.0000000014
666 0.0000051856 0.0013663527 0.0018217162 0.0000050453 0.0013428144 0.0018005921 0.0000000010
667 0.0000052189 0.0013596396 0.0018358230 0.0000051561 0.0013428144 0.0018311106 0.0000000003
668 0.0000052526 0.0013528520 0.0018499813 0.0009968535 0.0292062136 0.0119937742 0.0008787063
669 0.0000052869 0.0013459893 0.0018641915 0.0000052688 0.0013428144 0.0018616291 0.0000000000
670 0.0000053216 0.0013390507 0.0018784544 0.0000051878 0.0013122959 0.0018616291 0.0000000010
671 0.0000053569 0.0013320352 0.0018927706 0.0013186582 0.0184942167 -0.0312509537 0.0013930469
672 0.0000053927 0.0013249422 0.0019071406 0.0019513377 0.0312204352 -0.0312509537 0.0019931997
673 0.0000054289 0.0013177707 0.0019215650 0.0002892650 -0.0036927396 0.0166020692 0.0002406224
674 0.0000054657 0.0013105200 0.0019360446 0.0000053396 0.0012817774 0.0019226661 0.0000000010
675 0.0000055031 0.0013031890 0.0019505800 0.0000055371 0.0013122959 0.0019531846 0.0000000001
676 0.0000055409 0.0012957770 0.0019651717 0.0010615676 -0.0092165899 -0.0312509537 0.0012138208
677 0.0000055794 0.0012882831 0.0019798206 0.0000055007 0.0012512589 0.0019837031 0.0000000014
678 0.0000056183 0.0012807064 0.0019945272 0.0000055780 0.0012817774 0.0019837031 0.0000000001
679 0.0000056579 0.0012730458 0.0020092922 0.0000055007 0.0012512589 0.0019837031 0.0000000011
680 0.0000056980 0.0012653006 0.0020241163 0.0019532442 -0.0312509537 -0.0312509537 0.0021645371
681 0.0000057388 0.0012574697 0.0020390002 0.0000056227 0.0012512589 0.0020142216 0.0000000007
682 0.0000057801 0.0012495522 0.0020539446 0.0000056712 0.0012207404 0.0020447401 0.0000000009
683 0.0000058220 0.0012415470 0.0020689502 0.0000056712 0.0012207404 0.0020447401 0.0000000010
684 0.0000058645 0.0012334533 0.0020840177 0.0010153992 0.0312204352 -0.0063783685 0.0009708311
685 0.0000059077 0.0012252699 0.0020991479 0.0000057233 0.0011902219 0.0020752586 0.0000000018
686 0.0000059515 0.0012169958 0.0021143415 0.0000058509 0.0011902219 0.0021057772 0.0000000008
687 0.0000059960 0.0012086300 0.0021295992 0.0014343029 0.0213934751 -0.0312509537 0.0015216893
688 0.0000060411 0.0012001714 0.0021449219 0.0016913403 -0.0312509537 -0.0267342143 0.0018870800
689 0.0000060869 0.0011916189 0.0021603102 0.0019532442 -0.0312509537 -0.0312509537 0.0021688331
690 0.0000061334 0.0011829714 0.0021757649 0.0000052316 0.0007324442 0.0021668142 0.0000002031
691 0.0000061805 0.0011742278 0.0021912869 0.0000048292 -0.0000305185 0.0021973327 0.0000014515
692 0.0000062284 0.0011653870 0.0022068769 0.0009883053 -0.0312509537 -0.0034180731 0.0010824592
693 0.0000062770 0.0011564477 0.0022225358 0.0000046960 -0.0000305185 0.0021668142 0.0000014120
694 0.0000063264 0.0011474088 0.0022382643 0.0000000019 -0.0000305185 0.0000305185 0.0000062617
695 0.0000063765 0.0011382692 0.0022540633 0.0009766230 -0.0000305185 -0.0312509537 0.0011239522
696 0.0000064273 0.0011290274 0.0022699336 0.0012412168 -0.0312509537 -0.0162663656 0.0013920576
697 0.0000064789 0.0011196824 0.0022858761 0.0009766230 -0.0000305185 -0.0312509537 0.0011260419
698 0.0000065313 0.0011102329 0.0023018917 0.0009766230 -0.0000305185 -0.0312509537 0.0011270947
699 0.0000065845 0.0011006776 0.0023179812 0.0009766230 -0.0000305185 -0.0312509537 0.0011281530
700 0.0000066385 0.0010910151 0.0023341455 0.0001955943 -0.0036927396 -0.0134891812 0.0002732620
701 0.0000066934 0.0010812441 0.0023503855 0.0009766230 -0.0000305185 -0.0312509537 0.0011302860
702 0.0000067491 0.0010713634 0.0023667021 0.0009766230 -0.0000305185 -0.0312509537 0.0011313609
703 0.0000068057 0.0010613714 0.0023830963 0.0013486374 -0.0192876980 -0.0312509537 0.0015453339
704 0.0000068631 0.0010512668 0.0023995690 0.0002935894 -0.0023804437 -0.0169682913 0.0003868906
705 0.0000069214 0.0010410483 0.0024161211 0.0015288370 -0.0312509537 -0.0234992523 0.0017143800
706 0.0000069807 0.0010307142 0.0024327536 0.0008929116 -0.0063173315 -0.0292062136 0.0010550180
707 0.0000070408 0.0010202632 0.0024494675 0.0009930973 -0.0040589618 -0.0312509537 0.0011615169
708 0.0000071019 0.0010096937 0.0024662638 0.0018620147 -0.0312509537 -0.0297555467 0.0020789944
709 0.0000071640 0.0009990043 0.0024831435 0.0011362568 -0.0126346629 -0.0312509537 0.0013238662
710 0.0000072271 0.0009881933 0.0025001076 0.0009766230 -0.0000305185 -0.0312509537 0.0011401719
711 0.0000072911 0.0009772592 0.0025171572 0.0009766230 -0.0000305185 -0.0312509537 0.0011413009
712 0.0000073562 0.0009662004 0.0025342932 0.0012921027 -0.0312509537 -0.0177617725 0.0014498753
713 0.0000074223 0.0009550152 0.0025515168 0.0009766230 -0.0000305185 -0.0312509537 0.0011435783
714 0.0000074895 0.0009437020 0.0025688291 0.0009766230 -0.0000305185 -0.0312509537 0.0011447268
715 0.0000075577 0.0009322590 0.0025862312 0.0009766230 -0.0000305185 -0.0312509537 0.0011458820
716 0.0000076270 0.0009206845 0.0026037241 0.0013653016 -0.0312509537 -0.0197149571 0.0015331378
717 0.0000076975 0.0009089768 0.0026213090 0.0000067301 -0.0000305185 0.0025940733 0.0000008834
718 0.0000077691 0.0008971341 0.0026389870 0.0000004936 -0.0000305185 0.0007019257 0.0000046127
719 0.0000078419 0.0008851546 0.0026567594 0.0000015666 -0.0000305185 -0.0012512589 0.0000161111
720 0.0000079158 0.0008730363 0.0026746273 0.0019532442 -0.0312509537 -0.0312509537 0.0021828958
721 0.0000079910 0.0008607775 0.0026925919 0.0007232469 -0.0221869564 0.0151982177 0.0006875887
722 0.0000080674 0.0008483761 0.0027106545 0.0000078916 0.0008239998 0.0026856288 0.0000000012
723 0.0000081450 0.0008358302 0.0027288162 0.0000080564 0.0008239998 0.0027161473 0.0000000003
724 0.0000082240 0.0008231378 0.0027470784 0.0019532442 -0.0312509537 -0.0312509537 0.0021846135
725 0.0000083043 0.0008102968 0.0027654422 0.0000081738 0.0007934812 0.0027466659 0.0000000006
726 0.0000083858 0.0007973053 0.0027839091 0.0000083424 0.0007934812 0.0027771844 0.0000000001
727 0.0000084688 0.0007841611 0.0028024803 0.0000082949 0.0007629627 0.0027771844 0.0000000011
728 0.0000085532 0.0007708619 0.0028211572 0.0010371851 -0.0312509537 -0.0077822199 0.0011378283
729 0.0000086389 0.0007574057 0.0028399412 0.0000084197 0.0007324442 0.0028077029 0.0000000017
730 0.0000087262 0.0007437902 0.0028588335 0.0000087661 0.0007324442 0.0028687399 0.0000000002
731 0.0000088149 0.0007300131 0.0028778357 0.0000087224 0.0007019257 0.0028687399 0.0000000009
732 0.0000089051 0.0007160721 0.0028969492 0.0003841093 0.0016174810 0.0195318461 0.0002775323
733 0.0000089968 0.0007019648 0.0029161754 0.0000088984 0.0007019257 0.0028992584 0.0000000003
734 0.0000090902 0.0006876889 0.0029355157 0.0000090344 0.0006714072 0.0029297769 0.0000000003
735 0.0000091851 0.0006732417 0.0029549718 0.0007519147 -0.0273751030 -0.0015869625 0.0008073388
736 0.0000092817 0.0006586210 0.0029745451 0.0010120378 -0.0312509537 -0.0059511093 0.0010978883
737 0.0000093800 0.0006438240 0.0029942371 0.0008872106 -0.0000305185 -0.0297860652 0.0010750030
738 0.0000094799 0.0006288482 0.0030140495 0.0000095010 0.0006103702 0.0030213324 0.0000000004
739 0.0000095817 0.0006136909 0.0030339839 0.0000094647 0.0005798517 0.0030213324 0.0000000013
740 0.0000096852 0.0005983495 0.0030540418 0.0010157633 -0.0312509537 0.0062562944 0.0010246325
741 0.0000097905 0.0005828211 0.0030742250 0.0000096500 0.0005798517 0.0030518509 0.0000000005
742 0.0000098978 0.0005671030 0.0030945352 0.0000098028 0.0005493332 0.0030823695 0.0000000005
743 0.0000100069 0.0005511922 0.0031149739 0.0000098028 0.0005493332 0.0030823695 0.0000000011
744 0.0000101179 0.0005350859 0.0031355431 0.0010109565 -0.0312509537 -0.0058595538 0.0010912641
745 0.0000102310 0.0005187811 0.0031562444 0.0000101194 0.0004882962 0.0031434065 0.0000000011
746 0.0000103461 0.0005022746 0.0031770797 0.0000103122 0.0004882962 0.0031739250 0.0000000002
747 0.0000104633 0.0004855634 0.0031980508 0.0000102564 0.0004272591 0.0031739250 0.0000000040
748 0.0000105826 0.0004686444 0.0032191596 0.0010276207 -0.0312509537 -0.0071413312 0.0011134727
749 0.0000107041 0.0004515142 0.0032404080 0.0000104510 0.0004272591 0.0032044435 0.0000000019
750 0.0000108278 0.0004341697 0.0032617979 0.0000106475 0.0004272591 0.0032349620 0.0000000008
751 0.0000109538 0.0004166073 0.0032833314 0.0000568235 -0.0075380718 -0.0000305185 0.0000742585
752 0.0000110822 0.0003988237 0.0033050103 0.0010621311 -0.0312509537 -0.0092471084 0.0011592641
753 0.0000112129 0.0003808153 0.0033268367 0.0009766230 -0.0312509537 -0.0000305185 0.0010118406
754 0.0000113460 0.0003625786 0.0033488128 0.0000113824 0.0003357036 0.0033570360 0.0000000008
755 0.0000114817 0.0003441099 0.0033709407 0.0000113824 0.0003357036 0.0033570360 0.0000000003
756 0.0000116198 0.0003254054 0.0033932224 0.0012964541 -0.0312509537 -0.0178838466 0.0014497801
757 0.0000117607 0.0003064614 0.0034156603 0.0000117587 0.0002746666 0.0034180731 0.0000000010
758 0.0000119041 0.0002872739 0.0034382565 0.0000117587 0.0002746666 0.0034180731 0.0000000006
759 0.0000120504 0.0002678390 0.0034610134 0.0000119524 0.0002441481 0.0034485916 0.0000000007
760 0.0000121994 0.0002481525 0.0034839331 0.0010762136 -0.0312509537 -0.0099795526 0.0011734591
761 0.0000123513 0.0002282105 0.0035070183 0.0000177130 -0.0032654805 0.0026551103 0.0000129316
762 0.0000125061 0.0002080084 0.0035302711 0.0000225487 -0.0039368877 0.0026551103 0.0000179461
763 0.0000126639 0.0001875422 0.0035536941 0.0000174848 -0.0000610370 0.0041810358 0.0000004553
764 0.0000128248 0.0001668072 0.0035772899 0.0011966102 -0.0312509537 -0.0148319956 0.0013259775
765 0.0000129889 0.0001457991 0.0036010608 0.0003546786 0.0115665151 -0.0148625141 0.0004713364
766 0.0000131562 0.0001245131 0.0036250097 0.0005177147 0.0145573290 -0.0174871059 0.0006540276
767 0.0000133268 0.0001029446 0.0036491390 0.0005380877 0.0132450331 0.0190435499 0.0004097024
768 0.0000135008 0.0000810886 0.0036734516 0.0000000009 0.0000000000 -0.0000305185 0.0000137260
769 0.0000136783 0.0000589403 0.0036979501 0.0000134128 0.0000305185 0.0036622211 0.0000000021
770 0.0000138594 0.0000364946 0.0037226374 0.0000134156 0.0000610370 0.0036622211 0.0000000043
771 0.0000140441 0.0000137463 0.0037475164 0.0000134128 0.0000305185 0.0036622211 0.0000000076
772 0.0000142325 -0.0000093098 0.0037725900 0.0010528052 -0.0312509537 -0.0087282937 0.0011323124
773 0.0000144248 -0.0000326792 0.0037978612 0.0000134156 0.0000610370 0.0036622211 0.0000000272
774 0.0000146211 -0.0000563673 0.0038233330 0.0000135460 0.0003662221 0.0036622211 0.0000002045
775 0.0000148213 -0.0000803800 0.0038490086 0.0000135944 0.0004272591 0.0036622211 0.0000002926
776 0.0000150257 -0.0001047228 0.0038748911 0.0000045647 -0.0021362957 -0.0000305185 0.0000193795
777 0.0000152344 -0.0001294018 0.0039009837 0.0000150455 -0.0001525925 0.0038758507 0.0000000012
778 0.0000154475 -0.0001544230 0.0039272898 0.0000152933 -0.0001831111 0.0039063692 0.0000000013
779 0.0000156650 -0.0001797926 0.0039538128 0.0000155326 -0.0001831111 0.0039368877 0.0000000003
780 0.0000158871 -0.0002055170 0.0039805560 0.0000019717 0.0014038514 -0.0000305185 0.0000186788
781 0.0000161139 -0.0002316027 0.0040075231 0.0000160430 -0.0002441481 0.0039979247 0.0000000002
782 0.0000163455 -0.0002580562 0.0040347177 0.0001089975 -0.0002441481 0.0104373302 0.0000409936
783 0.0000165822 -0.0002848845 0.0040621433 0.0000806388 -0.0025635548 -0.0086062197 0.0001656798
784 0.0000168239 -0.0003120944 0.0040898037 0.0010638328 -0.0312509537 -0.0093386639 0.0011375368
785 0.0000170709 -0.0003396932 0.0041177029 0.0009747165 0.0312204352 -0.0000305185 0.0010132494
786 0.0000173232 -0.0003676882 0.0041458447 0.0000171085 -0.0003662221 0.0041199988 0.0000000007
787 0.0000175811 -0.0003960868 0.0041742331 0.0000176385 -0.0003967406 0.0041810358 0.0000000000
788 0.0000178447 -0.0004248967 0.0042028722 0.0009766230 -0.0312509537 -0.0000305185 0.0009681674
789 0.0000181141 -0.0004541258 0.0042317662 0.0000179756 -0.0004882962 0.0042115543 0.0000000016
790 0.0000183895 -0.0004837822 0.0042609194 0.0000182336 -0.0004882962 0.0042420728 0.0000000004
791 0.0000186711 -0.0005138741 0.0042903361 0.0000185242 -0.0005188147 0.0042725913 0.0000000003
792 0.0000189590 -0.0005444100 0.0043200209 0.0000972360 -0.0025635548 -0.0095217750 0.0001956723
793 0.0000192534 -0.0005753986 0.0043499783 0.0000191166 -0.0005798517 0.0043336283 0.0000000003
794 0.0000195545 -0.0006068488 0.0043802129 0.0000194183 -0.0006103702 0.0043641469 0.0000000003
795 0.0000198626 -0.0006387697 0.0044107297 0.0000197639 -0.0006714072 0.0043946654 0.0000000013
796 0.0000201777 -0.0006711707 0.0044415335 0.0010836572 -0.0103457747 -0.0312509537 0.0013675516
797 0.0000205001 -0.0007040615 0.0044726293 0.0000206189 -0.0007019257 0.0044862209 0.0000000002
798 0.0000208301 -0.0007374518 0.0045040222 0.0000207083 -0.0007629627 0.0044862209 0.0000000010
799 0.0000211677 -0.0007713518 0.0045357176 0.0001039466 -0.0022278512 0.0099490341 0.0000314254
800 0.0000215133 -0.0008057719 0.0045677207 0.0009766230 -0.0000305185 -0.0312509537 0.0012835785
801 0.0000218672 -0.0008407227 0.0046000372 0.0001526205 -0.0119632557 -0.0030823695 0.0001827301
802 0.0000222294 -0.0008762152 0.0046326726 0.0000220197 -0.0008850368 0.0046082949 0.0000000007
803 0.0000226003 -0.0009122606 0.0046656327 0.0000223568 -0.0009155553 0.0046388134 0.0000000007
804 0.0000229802 -0.0009488704 0.0046989236 0.0009766230 -0.0000305185 -0.0312509537 0.0012932370
805 0.0000233693 -0.0009860565 0.0047325511 0.0000233907 -0.0010071108 0.0047303690 0.0000000004
806 0.0000237680 -0.0010238311 0.0047665217 0.0000237427 -0.0010376293 0.0047608875 0.0000000002
807 0.0000241764 -0.0010622067 0.0048008416 0.0000240985 -0.0010681478 0.0047914060 0.0000000001
808 0.0000245949 -0.0011011960 0.0048355175 0.0009895906 -0.0036011841 -0.0312509537 0.0013084833
809 0.0000250238 -0.0011408124 0.0048705559 0.0000248213 -0.0011291849 0.0048524430 0.0000000005
810 0.0000254634 -0.0011810694 0.0049059639 0.0000255589 -0.0011902219 0.0049134800 0.0000000001
811 0.0000259141 -0.0012219809 0.0049417484 0.0000260088 -0.0012512589 0.0049439985 0.0000000009
812 0.0000263762 -0.0012635614 0.0049779167 0.0012217323 -0.0312509537 -0.0156559954 0.0013250020
813 0.0000268502 -0.0013058254 0.0050144762 0.0000270789 -0.0013122959 0.0050355541 0.0000000005
814 0.0000273362 -0.0013487883 0.0050514346 0.0000272428 -0.0013733329 0.0050355541 0.0000000009
815 0.0000278348 -0.0013924657 0.0050887997 0.0004308040 0.0003662221 0.0207525864 0.0002484472
816 0.0000283464 -0.0014368735 0.0051265796 0.0003397830 -0.0000305185 -0.0184331797 0.0005570401
817 0.0000288714 -0.0014820284 0.0051647824 0.0010146243 -0.0063173315 0.0312204352 0.0007022772
818 0.0000294102 -0.0015279473 0.0052034167 0.0000023294 -0.0015259255 -0.0000305185 0.0000273941
819 0.0000299632 -0.0015746478 0.0052424912 0.0000025194 -0.0015869625 -0.0000305185 0.0000278048
820 0.0000305310 -0.0016221480 0.0052820149 0.0013762072 -0.0312509537 -0.0199896237 0.0015165218
821 0.0000311141 -0.0016704663 0.0053219969 0.0000017231 -0.0013122959 -0.0000305185 0.0000287777
822 0.0000317129 -0.0017196221 0.0053624467 0.0000018041 -0.0013428144 -0.0000305185 0.0000292261
823 0.0000323281 -0.0017696349 0.0054033740 0.0000018870 -0.0013733329 -0.0000305185 0.0000296842
824 0.0000329600 -0.0018205251 0.0054447889 0.0003677319 -0.0086977752 -0.0170903653 0.0005551297
825 0.0000336095 -0.0018723137 0.0054867016 0.0000020583 -0.0014343699 -0.0000305185 0.0000306315
826 0.0000342769 -0.0019250223 0.0055291228 0.0000021468 -0.0014648885 -0.0000305185 0.0000311213
827 0.0000349630 -0.0019786732 0.0055720632 0.0000044352 -0.0021057772 -0.0000305185 0.0000314051
828 0.0000356685 -0.0020332893 0.0056155342 0.0003943274 -0.0073854793 -0.0184331797 0.0006069866
829 0.0000363940 -0.0020888944 0.0056595472 0.0000006305 -0.0007934812 -0.0000305185 0.0000340549
830 0.0000371401 -0.0021455129 0.0057041142 0.0000442675 -0.0037537767 0.0054933317 0.0000026309
831 0.0000379078 -0.0022031700 0.0057492474 0.0010319991 -0.0075685904 0.0312204352 0.0006775691
832 0.0000386977 -0.0022618919 0.0057949594 0.0005668794 0.0220038453 0.0090945158 0.0005997131
833 0.0000395107 -0.0023217055 0.0058412632 0.0009984248 -0.0312509537 -0.0046693319 0.0009473740
834 0.0000403475 -0.0023826386 0.0058881722 0.0009918818 -0.0312509537 -0.0039063692 0.0009293127
835 0.0000412092 -0.0024447198 0.0059357003 0.0009900340 -0.0312509537 -0.0036622211 0.0009219192
836 0.0000420966 -0.0025079790 0.0059838617 0.0000102694 -0.0000305185 -0.0032044435 0.0000905628
837 0.0000430106 -0.0025724467 0.0060326711 0.0009766230 -0.0312509537 -0.0000305185 0.0008592190
838 0.0000439523 -0.0026381547 0.0060821436 0.0009766230 -0.0312509537 -0.0000305185 0.0008560569
839 0.0000449228 -0.0027051358 0.0061322950 0.0009766230 -0.0312509537 -0.0000305185 0.0008528440
840 0.0000459231 -0.0027734239 0.0061831413 0.0017293639 -0.0312509537 -0.0274361400 0.0019412258
841 0.0000469544 -0.0028430541 0.0062346993 0.0000000047 -0.0000610370 -0.0000305185 0.0000469926
842 0.0000480180 -0.0029140629 0.0062869863 0.0000017231 -0.0013122959 -0.0000305185 0.0000424765
843 0.0000491150 -0.0029864877 0.0063400199 0.0000056674 -0.0023804437 -0.0000305185 0.0000409510
844 0.0000502468 -0.0030603676 0.0063938187 0.0017226803 -0.0312509537 -0.0273140660 0.0019309306
845 0.0000514148 -0.0031357429 0.0064484017 0.0000100151 -0.0031434065 0.0003662221 0.0000369930
846 0.0000526204 -0.0032126555 0.0065037885 0.0000361468 -0.0047914060 0.0036317026 0.0000107413
847 0.0000538653 -0.0032911486 0.0065599996 0.0001003953 -0.0092776269 0.0037842952 0.0000435425
848 0.0000551509 -0.0033712672 0.0066170560 0.0009791406 -0.0312509537 -0.0015869625 0.0008445828
849 0.0000564790 -0.0034530579 0.0066749796 0.0019532442 -0.0312509537 -0.0312509537 0.0022110994
850 0.0000578513 -0.0035365690 0.0067337928 0.0000578284 -0.0035706656 0.0067140721 0.0000000016
851 0.0000592697 -0.0036218507 0.0067935192 0.0000590914 -0.0036317026 0.0067751091 0.0000000004
852 0.0000607362 -0.0037089551 0.0068541830 0.0018673878 0.0312204352 -0.0298776208 0.0025692877
853 0.0000622527 -0.0037979362 0.0069158092 0.0000623577 -0.0038453322 0.0068971831 0.0000000026
854 0.0000638216 -0.0038888502 0.0069784240 0.0000636765 -0.0039063692 0.0069582202 0.0000000007
855 0.0000654449 -0.0039817555 0.0070420545 0.0000652534 -0.0039979247 0.0070192572 0.0000000008
856 0.0000671252 -0.0040767126 0.0071067285 0.0006036773 0.0038758507 -0.0242622150 0.0010472539
857 0.0000688649 -0.0041737848 0.0071724753 0.0000687358 -0.0042115543 0.0071413312 0.0000000024
858 0.0000706667 -0.0042730376 0.0072393251 0.0000708314 -0.0043031098 0.0072328867 0.0000000009
859 0.0000725334 -0.0043745393 0.0073073093 0.0000725144 -0.0043946654 0.0072939238 0.0000000006
860 0.0000744679 -0.0044783609 0.0073764606 0.0019532442 -0.0312509537 -0.0312509537 0.0022088489
861 0.0000764734 -0.0045845765 0.0074468127 0.0000766870 -0.0046082949 0.0074465163 0.0000000006
862 0.0000785531 -0.0046932631 0.0075184011 0.0000787397 -0.0047303690 0.0075075533 0.0000000015
863 0.0000807105 -0.0048045012 0.0075912625 0.0005852062 0.0124820704 0.0207220679 0.0004712436
864 0.0000829493 -0.0049183745 0.0076654350 0.0005685978 0.0045472579 0.0234076968 0.0003374170
865 0.0000852734 -0.0050349704 0.0077409585 0.0007410660 -0.0000305185 -0.0272225105 0.0012474887
866 0.0000876868 -0.0051543801 0.0078178743 0.0000879557 -0.0051881466 0.0078127384 0.0000000012
867 0.0000901939 -0.0052766987 0.0078962258 0.0000898716 -0.0052797021 0.0078737754 0.0000000005
868 0.0000927994 -0.0054020257 0.0079760580 0.0012031792 -0.0222479934 -0.0266121403 0.0014801301
869 0.0000955080 -0.0055304650 0.0080574178 0.0000952736 -0.0055543687 0.0080263680 0.0000000015
870 0.0000983250 -0.0056621251 0.0081403543 0.0000981227 -0.0056764428 0.0081179235 0.0000000007
871 0.0001012559 -0.0057971196 0.0082249187 0.0001018752 -0.0058290353 0.0082399976 0.0000000012
872 0.0001043064 -0.0059355674 0.0083111646 0.0004207423 0.0047303690 0.0199591052 0.0002494367
873 0.0001074828 -0.0060775927 0.0083991479 0.0001073191 -0.0060731834 0.0083925901 0.0000000001
874 0.0001107917 -0.0062233260 0.0084889270 0.0001111219 -0.0062562944 0.0084841456 0.0000000011
875 0.0001142400 -0.0063729037 0.0085805633 0.0001137037 -0.0063783685 0.0085451827 0.0000000013
876 0.0001178352 -0.0065264690 0.0086741207 0.0014032628 0.0221869564 0.0301828059 0.0012870843
877 0.0001215852 -0.0066841720 0.0087696664 0.0001217956 -0.0067140721 0.0087588122 0.0000000010
878 0.0001254985 -0.0068461704 0.0088672708 0.0001250619 -0.0068361461 0.0088503677 0.0000000004
879 0.0001295842 -0.0070126297 0.0089670077 0.0019513377 0.0312204352 -0.0312509537 0.0030792517
880 0.0001338518 -0.0071837238 0.0090689544 0.0019532442 -0.0312509537 -0.0312509537 0.0022049265
881 0.0001383117 -0.0073596356 0.0091731924 0.0019513377 0.0312204352 -0.0312509537 0.0031225334
882 0.0001429748 -0.0075405576 0.0092798069 0.0001427926 -0.0075685904 0.0092471084 0.0000000019
883 0.0001478530 -0.0077266922 0.0093888879 0.0001478705 -0.0077517014 0.0093691824 0.0000000010
884 0.0001529588 -0.0079182530 0.0095005298 0.0013762072 -0.0312509537 -0.0199896237 0.0014140841
885 0.0001583058 -0.0081154647 0.0096148321 0.0001577310 -0.0081179235 0.0095828120 0.0000000010
886 0.0001639084 -0.0083185648 0.0097318995 0.0001635996 -0.0083315531 0.0097048860 0.0000000009
887 0.0001697822 -0.0085278036 0.0098518426 0.0001695893 -0.0085451827 0.0098269601 0.0000000009
888 0.0001759440 -0.0087434457 0.0099747779 0.0013209195 0.0185552538 -0.0312509537 0.0024447799
889 0.0001824118 -0.0089657707 0.0101008284 0.0001819319 -0.0089724418 0.0100711081 0.0000000009
890 0.0001892048 -0.0091950745 0.0102301242 0.0001894696 -0.0092165899 0.0102237007 0.0000000005
891 0.0001963441 -0.0094316704 0.0103628028 0.0001916350 -0.0068056276 0.0120548112 0.0000097590
892 0.0002038521 -0.0096758902 0.0104990096 0.0017210141 -0.0272835475 -0.0312509537 0.0020530890
893 0.0002117531 -0.0099280857 0.0106388988 0.0009484320 -0.0215155492 0.0220343638 0.0002641259
894 0.0002200734 -0.0101886306 0.0107826337 0.0011417007 -0.0312509537 0.0128482925 0.0004478884
895 0.0002288415 -0.0104579215 0.0109303879 0.0006720024 0.0093691824 -0.0241706595 0.0016251976
896 0.0002380882 -0.0107363803 0.0110823454 0.0010604463 -0.0091555528 -0.0312509537 0.0017946072
897 0.0002478470 -0.0110244559 0.0112387019 0.0005984085 -0.0137028108 -0.0202642903 0.0009996121
898 0.0002581542 -0.0113226264 0.0113996658 0.0005980099 -0.0137333293 -0.0202337718 0.0010064859
899 0.0002690493 -0.0116314017 0.0115654589 0.0005334885 0.0111392560 -0.0202337718 0.0015296939
900 0.0002805753 -0.0119513260 0.0117363179 0.0019532442 -0.0312509537 -0.0312509537 0.0022203811
901 0.0002927792 -0.0122829806 0.0119124952 0.0005190810 -0.0116275521 -0.0195928831 0.0009930184
902 0.0003057120 -0.0126269876 0.0120942608 0.0003056899 -0.0126346629 0.0120853298 0.0000000001
903 0.0003194297 -0.0129840128 0.0122819034 0.0003195377 -0.0130008850 0.0122684408 0.0000000005
904 0.0003339938 -0.0133547703 0.0124757321 0.0000366181 0.0009155553 0.0059816279 0.0002458156
905 0.0003494713 -0.0137400264 0.0126760788 0.0003498503 -0.0137638478 0.0126651814 0.0000000007
906 0.0003659361 -0.0141406046 0.0128832994 0.0003655226 -0.0141300699 0.0128788110 0.0000000001
907 0.0003834694 -0.0145573912 0.0130977770 0.0003842173 -0.0145878475 0.0130924406 0.0000000010
908 0.0004021607 -0.0149913413 0.0133199237 0.0001066783 0.0080263680 -0.0065004425 0.0009226619
909 0.0004221087 -0.0154434853 0.0135501841 0.0004212489 -0.0154423658 0.0135196997 0.0000000009
910 0.0004434228 -0.0159149368 0.0137890383 0.0001579936 -0.0099185156 0.0077211829 0.0000727759
911 0.0004662239 -0.0164069009 0.0140370052 0.0002174445 -0.0142521439 0.0037842952 0.0001097610
912 0.0004906465 -0.0169206840 0.0142946471 0.0015682427 -0.0312509537 -0.0243232521 0.0016966988
913 0.0005168400 -0.0174577044 0.0145625741 0.0016105422 0.0251777703 -0.0312509537 0.0039166630
914 0.0005449712 -0.0180195045 0.0148414492 0.0005453012 -0.0180364391 0.0148319956 0.0000000004
915 0.0005752262 -0.0186077648 0.0151319942 0.0005747775 -0.0186162908 0.0151066622 0.0000000007
916 0.0006078136 -0.0192243197 0.0154349967 0.0015534896 -0.0240180670 -0.0312509537 0.0022025580
917 0.0006429676 -0.0198711753 0.0157513171 0.0006439185 -0.0198980682 0.0157475509 0.0000000007
918 0.0006809517 -0.0205505297 0.0160818983 0.0006807937 -0.0205694754 0.0160527360 0.0000000012
919 0.0007220634 -0.0212647972 0.0164277747 0.0007233540 -0.0213019196 0.0164189581 0.0000000015
920 0.0007666391 -0.0220166348 0.0167900844 0.0019494311 0.0312204352 0.0312204352 0.0030424206
921 0.0008150610 -0.0228089737 0.0171700823 0.0008152811 -0.0228278451 0.0171514023 0.0000000007
922 0.0008677639 -0.0236450555 0.0175691553 0.0008673471 -0.0236518448 0.0175481429 0.0000000005
923 0.0009252444 -0.0245284741 0.0179888408 0.0009251736 -0.0245368816 0.0179754021 0.0000000003
924 0.0009880720 -0.0254632252 0.0184308468 0.0016460548 0.0259102145 0.0312204352 0.0028028039
925 0.0010569012 -0.0264537640 0.0188970771 0.0010569759 -0.0264595477 0.0188909574 0.0000000001
926 0.0011324879 -0.0275050722 0.0193896599 0.0011316502 -0.0274971770 0.0193792535 0.0000000002
927 0.0012157084 -0.0286227394 0.0199109818 0.0012227009 0.0312204352 -0.0157475509 0.0048527365
928 0.0013075826 -0.0298130574 0.0204637284 0.0013694351 0.0312204352 0.0198675497 0.0037254427
929 0.0014093030 -0.0310831346 0.0210509330 0.0019494311 0.0312204352 0.0312204352 0.0039851536
930 0.0015222710 -0.0324410324 0.0216760342 0.0014448088 -0.0312509537 0.0216376232 0.0000014178
931 0.0016481414 -0.0338959306 0.0223429468 0.0014756776 -0.0312509537 0.0223395489 0.0000069959
932 0.0017888789 -0.0354583275 0.0230561464 0.0012563191 -0.0167241432 -0.0312509537 0.0033002308
933 0.0019468302 -0.0371402861 0.0238207745 0.0015432733 -0.0312509537 0.0238044374 0.0000346845
934 0.0021248153 -0.0389557360 0.0246427665 0.0015831820 -0.0312509537 0.0246284371 0.0000593639
935 0.0023262463 -0.0409208484 0.0255290119 0.0016275595 -0.0312509537 0.0255134739 0.0000935071
936 0.0025552810 -0.0430545067 0.0264875534 0.0010059065 0.0312204352 -0.0055848872 0.0065454084
937 0.0028170264 -0.0453788983 0.0275278398 0.0017327169 -0.0312509537 0.0274971770 0.0001995998
938 0.0031178079 -0.0479202708 0.0286610466 0.0017978389 -0.0312509537 0.0286568804 0.0002778662
939 0.0034655337 -0.0507099045 0.0299004901 0.0018692943 -0.0312509537 0.0298776208 0.0003786513
940 0.0038701900 -0.0537853784 0.0312621661 0.0012734155 0.0184942167 0.0305185095 0.0052248929
941 0.0043445276 -0.0571922398 0.0327654592 0.0019513377 -0.0312509537 0.0312204352 0.0006753374
942 0.0049050272 -0.0609862327 0.0344340915 0.0019513377 -0.0312509537 0.0312204352 0.0008945144
943 0.0055732794 -0.0652363210 0.0362974074 0.0019532442 -0.0312509537 -0.0312509537 0.0057177863
944 0.0063779969 -0.0700288517 0.0383921452 0.0009893718 -0.0312509537 0.0035706656 0.0027162608
945 0.0073580131 -0.0754734006 0.0407649223 0.0010786650 -0.0101016266 -0.0312509537 0.0094597552
946 0.0085668559 -0.0817111439 0.0434757966 0.0019513377 -0.0312509537 0.0312204352 0.0026964247
947 0.0100799202 -0.0889271343 0.0466034868 0.0019513377 -0.0312509537 0.0312204352 0.0035631801
948 0.0120060664 -0.0973687790 0.0502532315 0.0015360319 -0.0312509537 -0.0236518448 0.0098335271
949 0.0145070613 -0.1073745178 0.0545689857 0.0019513377 -0.0312509537 0.0312204352 0.0063399518
950 0.0178315440 -0.1194199288 0.0597530298 0.0019513377 -0.0312509537 0.0312204352 0.0085878771
951 0.0223773591 -0.1341950166 0.0660988400 0.0019513377 -0.0312509537 0.0312204352 0.0118139832
952 0.0288128884 -0.1527404077 0.0740490122 0.0014123736 -0.0312509537 0.0208746605 0.0175871991
953 0.0383308836 -0.1767024607 0.0843037602 0.0019513377 -0.0312509537 0.0312204352 0.0239739803
954 0.0532298197 -0.2088490460 0.0980402760 0.0019513377 -0.0312509537 0.0312204352 0.0360059735
955 0.0784113610 -0.2542205244 0.1174022401 0.0019513377 -0.0312509537 0.0312204352 0.0571427330
956 0.1259054559 -0.3230642644 0.1467478687 0.0019513377 -0.0312509537 0.0312204352 0.0985015962
957 0.2321261407 -0.4398997688 0.1965053030 0.0019513377 -0.0312509537 0.0312204352 0.1943129416
958 0.5542626958 -0.6816386940 0.2993850139 0.0019513377 -0.0312509537 0.0312204352 0.4949164540
959 2.5917094159 -1.4779985771 0.6381454551 0.0019513377 -0.0312509537 0.0312204352 2.4614366657
960 122.0533193000 10.1699769210 -4.3156562335 0.0019513377 0.0312204352 -0.0312509537 121.1505116806
961 1.5950001535 1.1656543833 -0.4860555650 0.0009813172 -0.0021668142 -0.0312509537 1.5706535837
962 0.4548885954 0.6241173964 -0.2556678919 0.0019513377 0.0312204352 -0.0312509537 0.4018897687
963 0.2137199204 0.4288848968 -0.1725620636 0.0010719954 0.0097659230 -0.0312509537 0.1956295439
964 0.1245922470 0.3282830833 -0.1297014424 0.0009789506 -0.0015259255 -0.0312509537 0.1184664810
965 0.0819839558 0.2669515979 -0.1035412969 0.0019532442 -0.0312509537 -0.0312509537 0.0941506555
966 0.0583049491 0.2256661084 -0.0859055098 0.0009797553 -0.0017700735 -0.0312509537 0.0547143374
967 0.0437713609 0.1959903678 -0.0732061245 0.0009796482 -0.0017395550 -0.0312509537 0.0408573588
968 0.0341984146 0.1736398436 -0.0636209033 0.0011204727 -0.0119937742 -0.0312509537 0.0355076537
969 0.0275509422 0.1562075541 -0.0561261280 0.0009795429 -0.0017090365 -0.0312509537 0.0255564239
970 0.0227416581 0.1422371579 -0.0501023857 0.0009794395 -0.0016785180 -0.0312509537 0.0210670983
971 0.0191463305 0.1307958160 -0.0451529074 0.0009794395 -0.0016785180 -0.0312509537 0.0177427135
972 0.0163855578 0.1212583682 -0.0410117785 0.0009766230 -0.0000305185 -0.0312509537 0.0148062677
973 0.0142178176 0.1131901497 -0.0374941005 0.0019513377 0.0312204352 -0.0312509537 0.0067580110
974 0.0124833439 0.1062795739 -0.0344673187 0.0019513377 0.0312204352 -0.0312509537 0.0056442193
975 0.0110729779 0.1002974540 -0.0318339220 0.0019513377 0.0312204352 -0.0312509537 0.0047719744
976 0.0099100466 0.0950714579 -0.0295205776 0.0011168357 0.0118411817 -0.0312509537 0.0069302731
977 0.0089393925 0.0904695118 -0.0274710737 0.0010811462 0.0102237007 -0.0312509537 0.0064536777
978 0.0081204984 0.0863886971 -0.0256415962 0.0016334625 0.0312204352 -0.0256660665 0.0030435377
979 0.0074230496 0.0827476294 -0.0239974881 0.0015501181 0.0312204352 -0.0239875484 0.0026550518
980 0.0068239908 0.0794811100 -0.0225109745 0.0015529867 -0.0298776208 -0.0256965850 0.0119694801
981 0.0063055305 0.0765362960 -0.0211595337 0.0014220096 0.0312204352 -0.0211493271 0.0020535273
982 0.0058537575 0.0738699090 -0.0199247099 0.0013718641 0.0312204352 -0.0199285867 0.0018189776
983 0.0054576654 0.0714461679 -0.0187912342 0.0013281331 0.0312204352 -0.0187994018 0.0016181096
984 0.0051084513 0.0692352358 -0.0177463637 0.0015288370 -0.0234992523 -0.0312509537 0.0087820592
985 0.0047990056 0.0672120378 -0.0167793784 0.0012564578 0.0312204352 -0.0167851802 0.0012953955
986 0.0045235341 0.0653553502 -0.0158811946 0.0012275301 0.0312204352 -0.0159001434 0.0011651928
987 0.0042772761 0.0636470915 -0.0150440623 0.0012010864 0.0312204352 -0.0150456252 0.0010514880
988 0.0040562894 0.0620717643 -0.0142613283 0.0019513377 0.0312204352 -0.0312509537 0.0012404519
989 0.0038572874 0.0606160122 -0.0135272473 0.0011583240 0.0312204352 -0.0135502182 0.0008641005
990 0.0036775116 0.0592682657 -0.0128368315 0.0011405793 0.0312204352 -0.0128788110 0.0007866826
991 0.0035146331 0.0580184549 -0.0121857280 0.0019361525 0.0309762871 -0.0312509537 0.0010947617
992 0.0033666746 0.0568577778 -0.0115701203 0.0016182494 -0.0253303629 -0.0312509537 0.0071422257
993 0.0032319484 0.0557785088 -0.0109866465 0.0019513377 0.0312204352 -0.0312509537 0.0010137411
994 0.0031090074 0.0547738424 -0.0104323329 0.0010836534 0.0312204352 -0.0104373302 0.0005547630
995 0.0029966045 0.0538377625 -0.0099045380 0.0010730925 0.0312204352 -0.0099185156 0.0005115437
996 0.0028936613 0.0529649340 -0.0094009064 0.0016929730 0.0267647328 -0.0312509537 0.0011638751
997 0.0027992408 0.0521506122 -0.0089193301 0.0010546736 0.0312204352 -0.0089419233 0.0004380728
998 0.0027125266 0.0513905658 -0.0084579154 0.0010466963 0.0312204352 -0.0084841456 0.0004068349
999 0.0026328045 0.0506810124 -0.0080149551 0.0010391382 0.0312204352 -0.0080263680 0.0003787142
1000 0.0025594482 0.0500185634 -0.0075889052 0.0016228960 -0.0254219184 -0.0312509537 0.0062511588
1001 0.0024919064 0.0494001772 -0.0071783646 0.0010261510 0.0312204352 -0.0071718497 0.0003305031
1002 0.0024296932 0.0488231188 -0.0067820575 0.0010206177 0.0312204352 -0.0067751091 0.0003098545
1003 0.0023723789 0.0482849252 -0.0063988184 0.0010157894 0.0312204352 -0.0064088870 0.0002911969
1004 0.0023195827 0.0477833760 -0.0060275797 0.0019080015 -0.0305185095 -0.0312509537 0.0067674039
1005 0.0022709671 0.0473164674 -0.0056673596 0.0010069376 0.0312204352 -0.0056764428 0.0002590823
1006 0.0022262317 0.0468823901 -0.0053172530 0.0010029140 0.0312204352 -0.0053102206 0.0002452969
1007 0.0021851096 0.0464795094 -0.0049764221 0.0019532442 -0.0312509537 -0.0312509537 0.0067323759
1008 0.0021473630 0.0461063492 -0.0046440898 0.0014621353 -0.0220343638 -0.0312509537 0.0053510820
1009 0.0021127802 0.0457615764 -0.0043195319 0.0019532442 -0.0312509537 -0.0312509537 0.0066562313
1010 0.0020811727 0.0454439886 -0.0040020719 0.0009909439 0.0312204352 -0.0040284433 0.0002023102
1011 0.0020523726 0.0451525029 -0.0036910757 0.0009883519 0.0312204352 -0.0036927396 0.0001941025
1012 0.0020262307 0.0448861455 -0.0033859462 0.0009766817 -0.0002441481 -0.0312509537 0.0028132020
1013 0.0020026148 0.0446440440 -0.0030861199 0.0009842166 0.0312204352 -0.0030823695 0.0001801933
1014 0.0019814079 0.0444254190 -0.0027910624 0.0009825988 0.0312204352 -0.0028077029 0.0001743719
1015 0.0019625069 0.0442295783 -0.0025002653 0.0009809782 0.0312204352 -0.0025025178 0.0001692378
1016 0.0019458217 0.0440559107 -0.0022132427 0.0011832402 -0.0143742180 -0.0312509537 0.0042572686
1017 0.0019312739 0.0439038814 -0.0019295285 0.0009791499 0.0312204352 0.0021057772 0.0001771535
1018 0.0019187961 0.0437730279 -0.0016486740 0.0009836605 0.0312204352 0.0029908139 0.0001790924
1019 0.0019083313 0.0436629558 -0.0013702445 0.0009754989 0.0312204352 -0.0008850368 0.0001550517
1020 0.0018998321 0.0435733366 -0.0010938178 0.0019532442 -0.0312509537 -0.0312509537 0.0065081273
1021 0.0018932604 0.0435039046 -0.0008189818 0.0010197943 0.0312204352 -0.0067140721 0.0001856357
1022 0.0018885871 0.0434544552 -0.0005453319 0.0010274726 0.0312204352 -0.0072634053 0.0001948038
1023 0.0018857913 0.0434248433 -0.0002724695 0.0016318969 0.0312204352 -0.0256355480 0.0007922333
