#int double real img int16 real16 img16 error
0 0.0000237290 0.0048712411 0.0000000000 0.0000000009 -0.0000305185 0.0000000000 0.0000240272
1 0.0000237407 0.0048723476 0.0000305716 0.0000236058 0.0048524430 -0.0002441481 0.0000000759
2 0.0000237759 0.0048756701 0.0000611872 0.0000223848 0.0047303690 -0.0000915555 0.0000000444
3 0.0000238347 0.0048812184 0.0000918913 0.0000235695 0.0048524430 -0.0001525925 0.0000000606
4 0.0000239175 0.0048890088 0.0001227284 0.0000238470 0.0048829615 0.0000610370 0.0000000038
5 0.0000240245 0.0048990642 0.0001537440 0.0000238517 0.0048829615 0.0000915555 0.0000000041
6 0.0000241562 0.0049114145 0.0001849843 0.0000238582 0.0048829615 0.0001220740 0.0000000048
7 0.0000243133 0.0049260965 0.0002164967 0.0000241656 0.0049134800 0.0001525925 0.0000000042
8 0.0000244964 0.0049431545 0.0002483299 0.0000238890 0.0048829615 0.0002136296 0.0000000048
9 0.0000247065 0.0049626403 0.0002805344 0.0000244888 0.0049439985 0.0002136296 0.0000000048
10 0.0000249444 0.0049846140 0.0003131624 0.0000248054 0.0049745170 0.0002441481 0.0000000049
11 0.0000252114 0.0050091441 0.0003462684 0.0000248213 0.0049745170 0.0002746666 0.0000000063
12 0.0000255087 0.0050363084 0.0003799094 0.0000251435 0.0050050356 0.0003051851 0.0000000066
13 0.0000258378 0.0050661941 0.0004141455 0.0000254695 0.0050355541 0.0003357036 0.0000000071
14 0.0000262004 0.0050988994 0.0004490399 0.0000261094 0.0050965911 0.0003662221 0.0000000069
15 0.0000265983 0.0051345333 0.0004846594 0.0000264447 0.0051271096 0.0003967406 0.0000000078
16 0.0000270337 0.0051732175 0.0005210754 0.0011339517 -0.0312509537 -0.0125431074 0.0014973931
17 0.0000275089 0.0052150867 0.0005583637 0.0000271860 0.0051881466 0.0005188147 0.0000000023
18 0.0000280266 0.0052602907 0.0005966056 0.0000278902 0.0052491836 0.0005798517 0.0000000004
19 0.0000285898 0.0053089950 0.0006358882 0.0000285710 0.0053102206 0.0006103702 0.0000000007
20 0.0000292018 0.0053613830 0.0006763056 0.0000289743 0.0053407392 0.0006714072 0.0000000005
21 0.0000298665 0.0054176577 0.0007179592 0.0000296719 0.0054017762 0.0007019257 0.0000000005
22 0.0000305880 0.0054780440 0.0007609594 0.0000303788 0.0054628132 0.0007324442 0.0000000010
23 0.0000313712 0.0055427910 0.0008054258 0.0000311425 0.0055238502 0.0007934812 0.0000000005
24 0.0000322215 0.0056121751 0.0008514892 0.0000322118 0.0056154057 0.0008239998 0.0000000008
25 0.0000331450 0.0056865031 0.0008992927 0.0000330053 0.0056764428 0.0008850368 0.0000000003
26 0.0000341487 0.0057661163 0.0009489937 0.0000337569 0.0057374798 0.0009155553 0.0000000019
27 0.0000352404 0.0058513949 0.0010007653 0.0000349314 0.0058290353 0.0009765923 0.0000000011
28 0.0000364290 0.0059427633 0.0010547991 0.0000361301 0.0059205908 0.0010376293 0.0000000008
29 0.0000377250 0.0060406963 0.0011113074 0.0000377209 0.0060426649 0.0010986663 0.0000000002
30 0.0000391401 0.0061457262 0.0011705270 0.0000385302 0.0061037019 0.0011291849 0.0000000035
31 0.0000406878 0.0062584516 0.0012327220 0.0000406314 0.0062562944 0.0012207404 0.0000000001
32 0.0000423839 0.0063795476 0.0012981888 0.0001574422 -0.0125431074 0.0003357036 0.0003589932
33 0.0000442466 0.0065097777 0.0013672612 0.0000440589 0.0065004425 0.0013428144 0.0000000007
34 0.0000462971 0.0066500088 0.0014403162 0.0000463203 0.0066530351 0.0014343699 0.0000000000
35 0.0000485604 0.0068012284 0.0015177821 0.0000481383 0.0067751091 0.0014954070 0.0000000012
36 0.0000510657 0.0069645665 0.0016001474 0.0000508393 0.0069582202 0.0015564440 0.0000000020
37 0.0000538477 0.0071413211 0.0016879716 0.0000537145 0.0071413312 0.0016479995 0.0000000016
38 0.0000569479 0.0073329909 0.0017818993 0.0000563345 0.0072939238 0.0017700735 0.0000000017
39 0.0000604159 0.0075413147 0.0018826772 0.0000598290 0.0075075533 0.0018616291 0.0000000016
40 0.0000643116 0.0077683212 0.0019911748 0.0000639038 0.0077517014 0.0019531846 0.0000000017
41 0.0000687079 0.0080163919 0.0021084112 0.0000682403 0.0079958495 0.0020752586 0.0000000015
42 0.0000736944 0.0082883401 0.0022355892 0.0000732297 0.0082705161 0.0021973327 0.0000000018
43 0.0000793819 0.0085875137 0.0023741387 0.0000790648 0.0085757012 0.0023499252 0.0000000007
44 0.0000859090 0.0089179272 0.0025257729 0.0000856757 0.0089114048 0.0025025178 0.0000000006
45 0.0000934507 0.0092844367 0.0026925625 0.0000931240 0.0092776269 0.0026551103 0.0000000014
46 0.0001022310 0.0096929712 0.0028770344 0.0001016489 0.0096743675 0.0028382214 0.0000000019
47 0.0001125403 0.0101508462 0.0030823052 0.0001119742 0.0101321451 0.0030518509 0.0000000013
48 0.0001247601 0.0106671930 0.0033122633 0.0016555772 -0.0260933256 0.0312204352 0.0021302018
49 0.0001394005 0.0112535594 0.0035718248 0.0001386638 0.0112308115 0.0035401471 0.0000000015
50 0.0001571560 0.0119247643 0.0038672968 0.0001564494 0.0119022187 0.0038453322 0.0000000010
51 0.0001789917 0.0127001437 0.0042069073 0.0001778879 0.0126651814 0.0041810358 0.0000000019
52 0.0002062820 0.0136054127 0.0046015972 0.0002053924 0.0135807367 0.0045777764 0.0000000012
53 0.0002410380 0.0146755319 0.0050662395 0.0002399466 0.0146488845 0.0050355541 0.0000000017
54 0.0002863005 0.0159592716 0.0056215801 0.0002849770 0.0159306619 0.0055848872 0.0000000022
55 0.0003468458 0.0175267758 0.0062974551 0.0003460084 0.0175176244 0.0062562944 0.0000000018
56 0.0004305325 0.0194827109 0.0071383828 0.0004284886 0.0194402905 0.0071108127 0.0000000026
57 0.0005510488 0.0219904810 0.0082138623 0.0005502226 0.0219733268 0.0082094790 0.0000000003
58 0.0007340158 0.0253201538 0.0096387567 0.0007324982 0.0252998444 0.0096133305 0.0000000011
59 0.0010321169 0.0299524619 0.0116175246 0.0010301075 0.0299386578 0.0115665151 0.0000000028
60 0.0015685235 0.0368339678 0.0145527412 0.0011857438 0.0312204352 0.0145268105 0.0000315124
61 0.0026905744 0.0481216769 0.0193617820 0.0013479091 0.0312204352 0.0193182165 0.0002856539
62 0.0057267081 0.0700271236 0.0286864093 0.0017959324 0.0312204352 0.0286568804 0.0015059599
63 0.0200798623 0.1307885729 0.0545363314 0.0019494311 0.0312204352 0.0312204352 0.0104574451
64 1.5365602526 1.1410901785 0.4842245936 0.0000070375 -0.0010376293 0.0024414808 1.5365708973
65 0.0326276884 -0.1658341679 -0.0716010977 0.0019532442 -0.0312509537 -0.0312509537 0.0197407757
66 0.0069777539 -0.0764811194 -0.0335915511 0.0019532442 -0.0312509537 -0.0312509537 0.0020512463
67 0.0029222950 -0.0493575659 -0.0220482576 0.0014634811 -0.0312509537 -0.0220648824 0.0003278497
68 0.0015850558 -0.0362484067 -0.0164653817 0.0012482123 -0.0312509537 -0.0164799951 0.0000249747
69 0.0009871405 -0.0285240120 -0.0131727480 0.0009863122 -0.0285042879 -0.0131839961 0.0000000005
70 0.0006701237 -0.0234332484 -0.0110002999 0.0006707282 -0.0234382153 -0.0110171819 0.0000000003
71 0.0004825572 -0.0198263422 -0.0094590375 0.0004830134 -0.0198370312 -0.0094607379 0.0000000001
72 0.0003627328 -0.0171377556 -0.0083084358 0.0003635854 -0.0171514023 -0.0083315531 0.0000000007
73 0.0002817143 -0.0150569285 -0.0074164118 0.0002822871 -0.0150761437 -0.0074159978 0.0000000004
74 0.0002244858 -0.0133991364 -0.0067044002 0.0002245751 -0.0133976257 -0.0067140721 0.0000000001
75 0.0001826331 -0.0120476190 -0.0061227409 0.0001829471 -0.0120548112 -0.0061342204 0.0000000002
76 0.0001511474 -0.0109249567 -0.0056385053 0.0001515913 -0.0109256264 -0.0056764428 0.0000000014
77 0.0001268987 -0.0099777886 -0.0052289972 0.0001271454 -0.0099795526 -0.0052491836 0.0000000004
78 0.0001078503 -0.0091681411 -0.0048780646 0.0001082272 -0.0091860714 -0.0048829615 0.0000000003
79 0.0000926319 -0.0084682548 -0.0045738995 0.0000929368 -0.0084841456 -0.0045777764 0.0000000003
80 0.0000802942 -0.0078573664 -0.0043076695 0.0006679117 -0.0041199988 -0.0255134739 0.0004636541
81 0.0000701634 -0.0073196356 -0.0040726361 0.0000703713 -0.0073244423 -0.0040894803 0.0000000003
82 0.0000617506 -0.0068427679 -0.0038635686 0.0000619377 -0.0068666646 -0.0038453322 0.0000000009
83 0.0000546944 -0.0064170748 -0.0036763450 0.0000551023 -0.0064394055 -0.0036927396 0.0000000008
84 0.0000487228 -0.0060348187 -0.0035076727 0.0000490464 -0.0060426649 -0.0035401471 0.0000000011
85 0.0000436285 -0.0056897449 -0.0033548902 0.0000438391 -0.0057069613 -0.0033570360 0.0000000003
86 0.0000392509 -0.0053767428 -0.0032158223 0.0000396442 -0.0054017762 -0.0032349620 0.0000000010
87 0.0000354643 -0.0050915961 -0.0030886744 0.0000357883 -0.0051271096 -0.0030823695 0.0000000013
88 0.0000321691 -0.0048307951 -0.0029719524 0.0000324912 -0.0048524430 -0.0029908139 0.0000000008
89 0.0000292857 -0.0045913947 -0.0028644022 0.0000299243 -0.0046388134 -0.0028992584 0.0000000035
90 0.0000267498 -0.0043709055 -0.0027649639 0.0000270258 -0.0043946654 -0.0027771844 0.0000000007
91 0.0000245091 -0.0041672086 -0.0026727349 0.0000246937 -0.0041810358 -0.0026856288 0.0000000004
92 0.0000225207 -0.0039784898 -0.0025869422 0.0000227126 -0.0039979247 -0.0025940733 0.0000000004
93 0.0000207489 -0.0038031860 -0.0025069199 0.0000208154 -0.0038148137 -0.0025025178 0.0000000002
94 0.0000191643 -0.0036399437 -0.0024320910 0.0000193727 -0.0036622211 -0.0024414808 0.0000000006
95 0.0000177421 -0.0034875851 -0.0023619535 0.0000179840 -0.0035096286 -0.0023804437 0.0000000008
96 0.0000164615 -0.0033450801 -0.0022960681 0.0018385616 0.0293588061 -0.0312509537 0.0019079296
97 0.0000153049 -0.0032115242 -0.0022340489 0.0000153687 -0.0032044435 -0.0022583697 0.0000000006
98 0.0000142572 -0.0030861199 -0.0021755556 0.0000145183 -0.0031128880 -0.0021973327 0.0000000012
99 0.0000133056 -0.0029681611 -0.0021202869 0.0000135087 -0.0029908139 -0.0021362957 0.0000000008
100 0.0000124391 -0.0028570209 -0.0020679750 0.0000125364 -0.0028687399 -0.0020752586 0.0000000002
101 0.0000116481 -0.0027521401 -0.0020183811 0.0000116013 -0.0027466659 -0.0020142216 0.0000000000
102 0.0000109245 -0.0026530189 -0.0019712916 0.0000109847 -0.0026551103 -0.0019837031 0.0000000002
103 0.0000102610 -0.0025592089 -0.0019265149 0.0000103867 -0.0025635548 -0.0019531846 0.0000000007
104 0.0000096514 -0.0024703071 -0.0018838785 0.0000098428 -0.0025025178 -0.0018921476 0.0000000011
105 0.0000090902 -0.0023859495 -0.0018432266 0.0000091657 -0.0024109622 -0.0018311106 0.0000000008
106 0.0000085727 -0.0023058074 -0.0018044187 0.0000087326 -0.0023194067 -0.0018311106 0.0000000009
107 0.0000080945 -0.0022295825 -0.0017673269 0.0000079894 -0.0022278512 -0.0017395550 0.0000000008
108 0.0000076519 -0.0021570042 -0.0017318351 0.0000077211 -0.0021668142 -0.0017395550 0.0000000002
109 0.0000072417 -0.0020878256 -0.0016978377 0.0000073551 -0.0021057772 -0.0017090365 0.0000000004
110 0.0000068608 -0.0020218217 -0.0016652380 0.0000069984 -0.0020447401 -0.0016785180 0.0000000007
111 0.0000065066 -0.0019587866 -0.0016339477 0.0000065308 -0.0019531846 -0.0016479995 0.0000000002
112 0.0000061769 -0.0018985320 -0.0016038858 0.0018802697 0.0300607318 -0.0312509537 0.0019003432
113 0.0000058694 -0.0018408846 -0.0015749779 0.0000059841 -0.0018616291 -0.0015869625 0.0000000006
114 0.0000055824 -0.0017856853 -0.0015471555 0.0000056646 -0.0018005921 -0.0015564440 0.0000000003
115 0.0000053140 -0.0017327875 -0.0015203557 0.0000055557 -0.0017700735 -0.0015564440 0.0000000027
116 0.0000050629 -0.0016820562 -0.0014945200 0.0000052493 -0.0017090365 -0.0015259255 0.0000000017
117 0.0000048276 -0.0016333662 -0.0014695947 0.0000049521 -0.0016479995 -0.0014954070 0.0000000009
118 0.0000046069 -0.0015866019 -0.0014455300 0.0000047621 -0.0016174810 -0.0014648885 0.0000000013
119 0.0000043996 -0.0015416563 -0.0014222794 0.0000044799 -0.0015564440 -0.0014343699 0.0000000004
120 0.0000042047 -0.0014984299 -0.0013998002 0.0000042992 -0.0015259255 -0.0014038514 0.0000000008
121 0.0000040214 -0.0014568302 -0.0013780522 0.0000041223 -0.0014954070 -0.0013733329 0.0000000015
122 0.0000038487 -0.0014167713 -0.0013569984 0.0000039435 -0.0014343699 -0.0013733329 0.0000000006
123 0.0000036859 -0.0013781731 -0.0013366039 0.0000036892 -0.0013733329 -0.0013428144 0.0000000001
124 0.0000035322 -0.0013409608 -0.0013168365 0.0000036063 -0.0013428144 -0.0013428144 0.0000000007
125 0.0000033871 -0.0013050647 -0.0012976658 0.0000034442 -0.0013122959 -0.0013122959 0.0000000003
126 0.0000032500 -0.0012704196 -0.0012790635 0.0000034442 -0.0013122959 -0.0013122959 0.0000000029
127 0.0000031202 -0.0012369643 -0.0012610031 0.0000032086 -0.0012512589 -0.0012817774 0.0000000006
128 0.0000029974 -0.0012046417 -0.0012434596 0.0002512638 -0.0091555528 0.0129398480 0.0002643832
129 0.0000028809 -0.0011733981 -0.0012264097 0.0000029823 -0.0011902219 -0.0012512589 0.0000000009
130 0.0000027706 -0.0011431832 -0.0012098314 0.0000028351 -0.0011597034 -0.0012207404 0.0000000004
131 0.0000026658 -0.0011139495 -0.0011937041 0.0000026917 -0.0011291849 -0.0011902219 0.0000000002
132 0.0000025663 -0.0010856527 -0.0011780082 0.0000026237 -0.0010986663 -0.0011902219 0.0000000003
133 0.0000024718 -0.0010582508 -0.0011627256 0.0000025576 -0.0010681478 -0.0011902219 0.0000000009
134 0.0000023819 -0.0010317043 -0.0011478388 0.0000024859 -0.0010681478 -0.0011597034 0.0000000015
135 0.0000022964 -0.0010059760 -0.0011333316 0.0000022893 -0.0010071108 -0.0011291849 0.0000000000
136 0.0000022150 -0.0009810307 -0.0011191885 0.0000023592 -0.0010071108 -0.0011597034 0.0000000023
137 0.0000021374 -0.0009568353 -0.0011053949 0.0000021608 -0.0009765923 -0.0010986663 0.0000000004
138 0.0000020635 -0.0009333583 -0.0010919371 0.0000021021 -0.0009460738 -0.0010986663 0.0000000002
139 0.0000019930 -0.0009105701 -0.0010788019 0.0000020453 -0.0009155553 -0.0010986663 0.0000000004
140 0.0000019256 -0.0008884426 -0.0010659770 0.0000019792 -0.0009155553 -0.0010681478 0.0000000007
141 0.0000018614 -0.0008669491 -0.0010534505 0.0000019242 -0.0008850368 -0.0010681478 0.0000000005
142 0.0000017999 -0.0008460645 -0.0010412115 0.0000018711 -0.0008545183 -0.0010681478 0.0000000008
143 0.0000017412 -0.0008257647 -0.0010292491 0.0000017557 -0.0008239998 -0.0010376293 0.0000000001
144 0.0000016851 -0.0008060271 -0.0010175534 0.0009747491 0.0001831111 0.0312204352 0.0010402663
145 0.0000016314 -0.0007868300 -0.0010061148 0.0000016439 -0.0007934812 -0.0010071108 0.0000000000
146 0.0000015799 -0.0007681530 -0.0009949241 0.0000016439 -0.0007934812 -0.0010071108 0.0000000008
147 0.0000015307 -0.0007499764 -0.0009839728 0.0000015964 -0.0007629627 -0.0010071108 0.0000000007
148 0.0000014835 -0.0007322819 -0.0009732523 0.0000014902 -0.0007324442 -0.0009765923 0.0000000000
149 0.0000014382 -0.0007150516 -0.0009627550 0.0000014902 -0.0007324442 -0.0009765923 0.0000000005
150 0.0000013948 -0.0006982687 -0.0009524733 0.0000014902 -0.0007324442 -0.0009765923 0.0000000017
151 0.0000013531 -0.0006819171 -0.0009423999 0.0000014464 -0.0007019257 -0.0009765923 0.0000000016
152 0.0000013131 -0.0006659816 -0.0009325280 0.0000013458 -0.0006714072 -0.0009460738 0.0000000002
153 0.0000012747 -0.0006504475 -0.0009228511 0.0000013058 -0.0006408887 -0.0009460738 0.0000000006
154 0.0000012378 -0.0006353009 -0.0009133628 0.0000012490 -0.0006408887 -0.0009155553 0.0000000000
155 0.0000012024 -0.0006205284 -0.0009040571 0.0000012490 -0.0006408887 -0.0009155553 0.0000000005
156 0.0000011683 -0.0006061173 -0.0008949284 0.0000012108 -0.0006103702 -0.0009155553 0.0000000004
157 0.0000011355 -0.0005920553 -0.0008859711 0.0000011558 -0.0006103702 -0.0008850368 0.0000000003
158 0.0000011039 -0.0005783310 -0.0008771799 0.0000011558 -0.0006103702 -0.0008850368 0.0000000011
159 0.0000010735 -0.0005649330 -0.0008685498 0.0000011195 -0.0005798517 -0.0008850368 0.0000000005
160 0.0000010443 -0.0005518507 -0.0008600760 0.0017011645 -0.0312509537 -0.0269173254 0.0016214152
161 0.0000010161 -0.0005390739 -0.0008517537 0.0000010320 -0.0005493332 -0.0008545183 0.0000000001
162 0.0000009889 -0.0005265928 -0.0008435785 0.0000010320 -0.0005493332 -0.0008545183 0.0000000006
163 0.0000009627 -0.0005143979 -0.0008355461 0.0000009994 -0.0005188147 -0.0008545183 0.0000000004
164 0.0000009375 -0.0005024804 -0.0008276525 0.0000009994 -0.0005188147 -0.0008545183 0.0000000010
165 0.0000009131 -0.0004908314 -0.0008198936 0.0000009481 -0.0005188147 -0.0008239998 0.0000000008
166 0.0000008896 -0.0004794427 -0.0008122656 0.0000009481 -0.0005188147 -0.0008239998 0.0000000017
167 0.0000008670 -0.0004683064 -0.0008047650 0.0000009174 -0.0004882962 -0.0008239998 0.0000000008
168 0.0000008451 -0.0004574147 -0.0007973881 0.0000008885 -0.0004577776 -0.0008239998 0.0000000007
169 0.0000008239 -0.0004467603 -0.0007901315 0.0000008885 -0.0004577776 -0.0008239998 0.0000000013
170 0.0000008035 -0.0004363362 -0.0007829921 0.0000008392 -0.0004577776 -0.0007934812 0.0000000006
171 0.0000007837 -0.0004261355 -0.0007759666 0.0000008392 -0.0004577776 -0.0007934812 0.0000000013
172 0.0000007646 -0.0004161516 -0.0007690520 0.0000008122 -0.0004272591 -0.0007934812 0.0000000007
173 0.0000007462 -0.0004063783 -0.0007622454 0.0000008122 -0.0004272591 -0.0007934812 0.0000000014
174 0.0000007283 -0.0003968096 -0.0007555440 0.0000007395 -0.0003967406 -0.0007629627 0.0000000001
175 0.0000007110 -0.0003874395 -0.0007489450 0.0000007870 -0.0003967406 -0.0007934812 0.0000000021
176 0.0000006943 -0.0003782624 -0.0007424459 0.0012141471 -0.0312509537 0.0154118473 0.0012140843
177 0.0000006781 -0.0003692729 -0.0007360441 0.0000007162 -0.0003662221 -0.0007629627 0.0000000007
178 0.0000006625 -0.0003604659 -0.0007297371 0.0000006939 -0.0003967406 -0.0007324442 0.0000000013
179 0.0000006473 -0.0003518361 -0.0007235226 0.0000006706 -0.0003662221 -0.0007324442 0.0000000003
180 0.0000006326 -0.0003433789 -0.0007173983 0.0000006706 -0.0003662221 -0.0007324442 0.0000000007
181 0.0000006183 -0.0003350894 -0.0007113619 0.0000006492 -0.0003357036 -0.0007324442 0.0000000004
182 0.0000006045 -0.0003269632 -0.0007054115 0.0000006706 -0.0003662221 -0.0007324442 0.0000000023
183 0.0000005911 -0.0003189959 -0.0006995448 0.0000006054 -0.0003357036 -0.0007019257 0.0000000003
184 0.0000005781 -0.0003111833 -0.0006937599 0.0000006054 -0.0003357036 -0.0007019257 0.0000000007
185 0.0000005655 -0.0003035212 -0.0006880548 0.0000005858 -0.0003051851 -0.0007019257 0.0000000002
186 0.0000005533 -0.0002960058 -0.0006824277 0.0000005858 -0.0003051851 -0.0007019257 0.0000000005
187 0.0000005415 -0.0002886333 -0.0006768768 0.0000005858 -0.0003051851 -0.0007019257 0.0000000009
188 0.0000005300 -0.0002813999 -0.0006714003 0.0000005858 -0.0003051851 -0.0007019257 0.0000000015
189 0.0000005188 -0.0002743021 -0.0006659965 0.0000005262 -0.0002746666 -0.0006714072 0.0000000000
190 0.0000005079 -0.0002673364 -0.0006606638 0.0000005262 -0.0002746666 -0.0006714072 0.0000000002
191 0.0000004974 -0.0002604996 -0.0006554005 0.0000000158 0.0001220740 -0.0000305185 0.0000005368
192 0.0000004872 -0.0002537885 -0.0006502051 0.0009766230 -0.0312509537 -0.0000305185 0.0009612083
193 0.0000004772 -0.0002471997 -0.0006450762 0.0000028184 -0.0016785180 -0.0000305185 0.0000024264
194 0.0000004676 -0.0002407305 -0.0006400121 0.0000005262 -0.0002746666 -0.0006714072 0.0000000021
195 0.0000004582 -0.0002343778 -0.0006350116 0.0000005104 -0.0002441481 -0.0006714072 0.0000000014
196 0.0000004490 -0.0002281388 -0.0006300733 0.0000004703 -0.0002441481 -0.0006408887 0.0000000004
197 0.0000004402 -0.0002220108 -0.0006251958 0.0000004703 -0.0002441481 -0.0006408887 0.0000000007
198 0.0000004315 -0.0002159911 -0.0006203778 0.0000004703 -0.0002441481 -0.0006408887 0.0000000012
199 0.0000004231 -0.0002100771 -0.0006156180 0.0000004564 -0.0002136296 -0.0006408887 0.0000000007
200 0.0000004149 -0.0002042663 -0.0006109154 0.0000004564 -0.0002136296 -0.0006408887 0.0000000010
201 0.0000004070 -0.0001985563 -0.0006062685 0.0000004182 -0.0002136296 -0.0006103702 0.0000000002
202 0.0000003992 -0.0001929448 -0.0006016764 0.0000004182 -0.0002136296 -0.0006103702 0.0000000005
203 0.0000003917 -0.0001874294 -0.0005971379 0.0000004564 -0.0002136296 -0.0006408887 0.0000000026
204 0.0000003844 -0.0001820080 -0.0005926518 0.0000004182 -0.0002136296 -0.0006103702 0.0000000013
205 0.0000003772 -0.0001766784 -0.0005882172 0.0000004061 -0.0001831111 -0.0006103702 0.0000000005
206 0.0000003703 -0.0001714385 -0.0005838330 0.0000004061 -0.0001831111 -0.0006103702 0.0000000008
207 0.0000003635 -0.0001662863 -0.0005794981 0.0000004061 -0.0001831111 -0.0006103702 0.0000000012
208 0.0000003569 -0.0001612199 -0.0005752117 0.0017839055 -0.0312509537 0.0284127323 0.0018068724
209 0.0000003504 -0.0001562372 -0.0005709727 0.0000003595 -0.0001525925 -0.0005798517 0.0000000001
210 0.0000003441 -0.0001513365 -0.0005667803 0.0000003698 -0.0001831111 -0.0005798517 0.0000000012
211 0.0000003380 -0.0001465160 -0.0005626335 0.0000003595 -0.0001525925 -0.0005798517 0.0000000003
212 0.0000003321 -0.0001417739 -0.0005585314 0.0000003595 -0.0001525925 -0.0005798517 0.0000000006
213 0.0000003262 -0.0001371085 -0.0005544733 0.0000003251 -0.0001525925 -0.0005493332 0.0000000003
214 0.0000003206 -0.0001325182 -0.0005504582 0.0000003251 -0.0001525925 -0.0005493332 0.0000000004
215 0.0000003150 -0.0001280013 -0.0005464854 0.0000003511 -0.0001220740 -0.0005798517 0.0000000011
216 0.0000003096 -0.0001235562 -0.0005425540 0.0000003167 -0.0001220740 -0.0005493332 0.0000000000
217 0.0000003044 -0.0001191815 -0.0005386633 0.0000003251 -0.0001525925 -0.0005493332 0.0000000012
218 0.0000002992 -0.0001148757 -0.0005348125 0.0000003167 -0.0001220740 -0.0005493332 0.0000000003
219 0.0000002942 -0.0001106374 -0.0005310010 0.0000003251 -0.0001525925 -0.0005493332 0.0000000021
220 0.0000002893 -0.0001064650 -0.0005272279 0.0000003167 -0.0001220740 -0.0005493332 0.0000000007
221 0.0000002845 -0.0001023573 -0.0005234926 0.0000002776 -0.0000915555 -0.0005188147 0.0000000001
222 0.0000002799 -0.0000983130 -0.0005197944 0.0000002841 -0.0001220740 -0.0005188147 0.0000000006
223 0.0000002753 -0.0000943306 -0.0005161327 0.0000003101 -0.0000915555 -0.0005493332 0.0000000011
224 0.0000002708 -0.0000904091 -0.0005125067 0.0010189784 0.0312204352 -0.0066530351 0.0010180751
225 0.0000002665 -0.0000865471 -0.0005089159 0.0000003101 -0.0000915555 -0.0005493332 0.0000000017
226 0.0000002622 -0.0000827435 -0.0005053596 0.0000002841 -0.0001220740 -0.0005188147 0.0000000017
227 0.0000002581 -0.0000789970 -0.0005018373 0.0000002776 -0.0000915555 -0.0005188147 0.0000000004
228 0.0000002540 -0.0000753066 -0.0004983483 0.0000002468 -0.0000915555 -0.0004882962 0.0000000004
229 0.0000002501 -0.0000716711 -0.0004948920 0.0000002776 -0.0000915555 -0.0005188147 0.0000000010
230 0.0000002462 -0.0000680896 -0.0004914680 0.0000002776 -0.0000915555 -0.0005188147 0.0000000013
231 0.0000002424 -0.0000645608 -0.0004880756 0.0000002468 -0.0000915555 -0.0004882962 0.0000000007
232 0.0000002387 -0.0000610838 -0.0004847143 0.0000002776 -0.0000915555 -0.0005188147 0.0000000021
233 0.0000002351 -0.0000576576 -0.0004813836 0.0000002776 -0.0000915555 -0.0005188147 0.0000000026
234 0.0000002315 -0.0000542813 -0.0004780830 0.0000002422 -0.0000610370 -0.0004882962 0.0000000001
235 0.0000002280 -0.0000509538 -0.0004748120 0.0000002422 -0.0000610370 -0.0004882962 0.0000000003
236 0.0000002247 -0.0000476742 -0.0004715700 0.0000002422 -0.0000610370 -0.0004882962 0.0000000005
237 0.0000002213 -0.0000444417 -0.0004683567 0.0000002422 -0.0000610370 -0.0004882962 0.0000000007
238 0.0000002181 -0.0000412553 -0.0004651714 0.0000002422 -0.0000610370 -0.0004882962 0.0000000009
239 0.0000002149 -0.0000381142 -0.0004620139 0.0000002422 -0.0000610370 -0.0004882962 0.0000000012
240 0.0000002118 -0.0000350176 -0.0004588835 0.0009747165 0.0312204352 -0.0000305185 0.0009770868
241 0.0000002088 -0.0000319646 -0.0004557800 0.0000002422 -0.0000610370 -0.0004882962 0.0000000019
242 0.0000002058 -0.0000289544 -0.0004527028 0.0000002133 -0.0000610370 -0.0004577776 0.0000000011
243 0.0000002029 -0.0000259862 -0.0004496515 0.0000002422 -0.0000610370 -0.0004882962 0.0000000027
244 0.0000002000 -0.0000230594 -0.0004466257 0.0000002105 -0.0000305185 -0.0004577776 0.0000000002
245 0.0000001972 -0.0000201731 -0.0004436251 0.0000002105 -0.0000305185 -0.0004577776 0.0000000003
246 0.0000001945 -0.0000173265 -0.0004406492 0.0000002105 -0.0000305185 -0.0004577776 0.0000000005
247 0.0000001918 -0.0000145191 -0.0004376976 0.0000002105 -0.0000305185 -0.0004577776 0.0000000007
248 0.0000001892 -0.0000117501 -0.0004347699 0.0000002105 -0.0000305185 -0.0004577776 0.0000000009
249 0.0000001866 -0.0000090188 -0.0004318659 0.0000001835 -0.0000305185 -0.0004272591 0.0000000005
250 0.0000001841 -0.0000063245 -0.0004289850 0.0000002105 -0.0000305185 -0.0004577776 0.0000000014
251 0.0000001816 -0.0000036667 -0.0004261270 0.0000002105 -0.0000305185 -0.0004577776 0.0000000017
252 0.0000001792 -0.0000010446 -0.0004232916 0.0000001826 0.0000000000 -0.0004272591 0.0000000000
253 0.0000001768 0.0000015424 -0.0004204783 0.0000001826 0.0000000000 -0.0004272591 0.0000000000
254 0.0000001745 0.0000040948 -0.0004176868 0.0000001835 -0.0000305185 -0.0004272591 0.0000000013
255 0.0000001722 0.0000066132 -0.0004149168 0.0000001835 -0.0000305185 -0.0004272591 0.0000000015
256 0.0000001700 0.0000090983 -0.0004121680 0.0000000000 0.0000000000 0.0000000000 0.0000001700
257 0.0000001678 0.0000115506 -0.0004094401 0.0000001574 0.0000000000 -0.0003967406 0.0000000003
258 0.0000001656 0.0000139706 -0.0004067328 0.0000001826 0.0000000000 -0.0004272591 0.0000000006
259 0.0000001635 0.0000163589 -0.0004040457 0.0000001574 0.0000000000 -0.0003967406 0.0000000003
260 0.0000001615 0.0000187161 -0.0004013785 0.0000001583 0.0000305185 -0.0003967406 0.0000000002
261 0.0000001594 0.0000210426 -0.0003987310 0.0000001835 0.0000305185 -0.0004272591 0.0000000009
262 0.0000001574 0.0000233389 -0.0003961029 0.0000001574 0.0000000000 -0.0003967406 0.0000000005
263 0.0000001555 0.0000256056 -0.0003934939 0.0000001574 0.0000000000 -0.0003967406 0.0000000007
264 0.0000001536 0.0000278432 -0.0003909037 0.0000001574 0.0000000000 -0.0003967406 0.0000000008
265 0.0000001517 0.0000300520 -0.0003883321 0.0000001583 0.0000305185 -0.0003967406 0.0000000001
266 0.0000001499 0.0000322327 -0.0003857787 0.0000001583 0.0000305185 -0.0003967406 0.0000000001
267 0.0000001481 0.0000343855 -0.0003832434 0.0000001826 0.0000000000 -0.0004272591 0.0000000031
268 0.0000001463 0.0000365111 -0.0003807258 0.0000001583 0.0000305185 -0.0003967406 0.0000000003
269 0.0000001445 0.0000386098 -0.0003782258 0.0000001583 0.0000305185 -0.0003967406 0.0000000004
270 0.0000001428 0.0000406820 -0.0003757430 0.0000001583 0.0000305185 -0.0003967406 0.0000000005
271 0.0000001412 0.0000427282 -0.0003732772 0.0000001574 0.0000000000 -0.0003967406 0.0000000024
272 0.0000001395 0.0000447488 -0.0003708283 0.0015160035 -0.0312509537 -0.0232245857 0.0015017152
273 0.0000001379 0.0000467441 -0.0003683958 0.0000001583 0.0000305185 -0.0003967406 0.0000000011
274 0.0000001363 0.0000487146 -0.0003659797 0.0000001351 0.0000305185 -0.0003662221 0.0000000003
275 0.0000001348 0.0000506607 -0.0003635798 0.0000001583 0.0000305185 -0.0003967406 0.0000000015
276 0.0000001332 0.0000525828 -0.0003611957 0.0000001351 0.0000305185 -0.0003662221 0.0000000005
277 0.0000001317 0.0000544811 -0.0003588272 0.0000001378 0.0000610370 -0.0003662221 0.0000000001
278 0.0000001302 0.0000563561 -0.0003564742 0.0000001351 0.0000305185 -0.0003662221 0.0000000008
279 0.0000001288 0.0000582082 -0.0003541364 0.0000001351 0.0000305185 -0.0003662221 0.0000000009
280 0.0000001274 0.0000600376 -0.0003518137 0.0000001351 0.0000305185 -0.0003662221 0.0000000011
281 0.0000001260 0.0000618448 -0.0003495058 0.0000001351 0.0000305185 -0.0003662221 0.0000000013
282 0.0000001246 0.0000636300 -0.0003472126 0.0000001378 0.0000610370 -0.0003662221 0.0000000004
283 0.0000001233 0.0000653936 -0.0003449337 0.0000001378 0.0000610370 -0.0003662221 0.0000000005
284 0.0000001219 0.0000671359 -0.0003426691 0.0000001351 0.0000305185 -0.0003662221 0.0000000019
285 0.0000001206 0.0000688573 -0.0003404186 0.0000001378 0.0000610370 -0.0003662221 0.0000000007
286 0.0000001193 0.0000705579 -0.0003381819 0.0000001378 0.0000610370 -0.0003662221 0.0000000009
287 0.0000001181 0.0000722382 -0.0003359589 0.0000001378 0.0000610370 -0.0003662221 0.0000000010
288 0.0000001168 0.0000738985 -0.0003337494 0.0013197879 -0.0185247353 -0.0312509537 0.0013017827
289 0.0000001156 0.0000755390 -0.0003315533 0.0000001164 0.0000610370 -0.0003357036 0.0000000002
290 0.0000001144 0.0000771600 -0.0003293703 0.0000001136 0.0000305185 -0.0003357036 0.0000000022
291 0.0000001133 0.0000787617 -0.0003272003 0.0000001164 0.0000610370 -0.0003357036 0.0000000004
292 0.0000001121 0.0000803446 -0.0003250430 0.0000001164 0.0000610370 -0.0003357036 0.0000000005
293 0.0000001110 0.0000819088 -0.0003228985 0.0000001164 0.0000610370 -0.0003357036 0.0000000006
294 0.0000001099 0.0000834546 -0.0003207664 0.0000001164 0.0000610370 -0.0003357036 0.0000000007
295 0.0000001088 0.0000849823 -0.0003186466 0.0000000969 0.0000610370 -0.0003051851 0.0000000008
296 0.0000001077 0.0000864921 -0.0003165390 0.0000001164 0.0000610370 -0.0003357036 0.0000000010
297 0.0000001066 0.0000879843 -0.0003144435 0.0000001164 0.0000610370 -0.0003357036 0.0000000012
298 0.0000001056 0.0000894591 -0.0003123597 0.0000001211 0.0000915555 -0.0003357036 0.0000000005
299 0.0000001045 0.0000909168 -0.0003102877 0.0000001211 0.0000915555 -0.0003357036 0.0000000006
300 0.0000001035 0.0000923576 -0.0003082273 0.0000001015 0.0000915555 -0.0003051851 0.0000000000
301 0.0000001025 0.0000937817 -0.0003061782 0.0000000969 0.0000610370 -0.0003051851 0.0000000011
302 0.0000001016 0.0000951894 -0.0003041404 0.0000001164 0.0000610370 -0.0003357036 0.0000000022
303 0.0000001006 0.0000965808 -0.0003021138 0.0000001015 0.0000915555 -0.0003051851 0.0000000000
304 0.0000000997 0.0000979563 -0.0003000981 0.0000409080 -0.0054628132 -0.0033265175 0.0000400814
305 0.0000000987 0.0000993160 -0.0002980933 0.0000001164 0.0000610370 -0.0003357036 0.0000000029
306 0.0000000978 0.0001006601 -0.0002960992 0.0000001015 0.0000915555 -0.0003051851 0.0000000002
307 0.0000000969 0.0001019889 -0.0002941157 0.0000001015 0.0000915555 -0.0003051851 0.0000000002
308 0.0000000960 0.0001033025 -0.0002921426 0.0000001015 0.0000915555 -0.0003051851 0.0000000003
309 0.0000000951 0.0001046012 -0.0002901799 0.0000000969 0.0000610370 -0.0003051851 0.0000000021
310 0.0000000943 0.0001058851 -0.0002882274 0.0000001015 0.0000915555 -0.0003051851 0.0000000005
311 0.0000000934 0.0001071545 -0.0002862849 0.0000000969 0.0000610370 -0.0003051851 0.0000000025
312 0.0000000926 0.0001084095 -0.0002843524 0.0000001015 0.0000915555 -0.0003051851 0.0000000007
313 0.0000000918 0.0001096503 -0.0002824297 0.0000001015 0.0000915555 -0.0003051851 0.0000000008
314 0.0000000910 0.0001108771 -0.0002805167 0.0000000838 0.0000915555 -0.0002746666 0.0000000004
315 0.0000000902 0.0001120901 -0.0002786133 0.0000001015 0.0000915555 -0.0003051851 0.0000000011
316 0.0000000894 0.0001132895 -0.0002767194 0.0000001015 0.0000915555 -0.0003051851 0.0000000013
317 0.0000000886 0.0001144754 -0.0002748348 0.0000001015 0.0000915555 -0.0003051851 0.0000000014
318 0.0000000879 0.0001156480 -0.0002729594 0.0000000838 0.0000915555 -0.0002746666 0.0000000006
319 0.0000000871 0.0001168075 -0.0002710932 0.0000000335 0.0000000000 0.0001831111 0.0000002199
320 0.0000000864 0.0001179541 -0.0002692361 0.0000071875 -0.0024719993 -0.0010376293 0.0000072983
321 0.0000000857 0.0001190878 -0.0002673878 0.0019532442 -0.0312509537 -0.0312509537 0.0019440609
322 0.0000000850 0.0001202089 -0.0002655483 0.0000000838 0.0000915555 -0.0002746666 0.0000000009
323 0.0000000843 0.0001213176 -0.0002637176 0.0000000838 0.0000915555 -0.0002746666 0.0000000010
324 0.0000000836 0.0001224139 -0.0002618954 0.0000000838 0.0000915555 -0.0002746666 0.0000000011
325 0.0000000829 0.0001234981 -0.0002600818 0.0000000903 0.0001220740 -0.0002746666 0.0000000002
326 0.0000000822 0.0001245702 -0.0002582765 0.0000000838 0.0000915555 -0.0002746666 0.0000000014
327 0.0000000816 0.0001256304 -0.0002564795 0.0000000838 0.0000915555 -0.0002746666 0.0000000015
328 0.0000000809 0.0001266790 -0.0002546907 0.0000000838 0.0000915555 -0.0002746666 0.0000000016
329 0.0000000803 0.0001277159 -0.0002529101 0.0000000680 0.0000915555 -0.0002441481 0.0000000014
330 0.0000000796 0.0001287414 -0.0002511374 0.0000000745 0.0001220740 -0.0002441481 0.0000000001
331 0.0000000790 0.0001297556 -0.0002493726 0.0000000903 0.0001220740 -0.0002746666 0.0000000007
332 0.0000000784 0.0001307586 -0.0002476157 0.0000000680 0.0000915555 -0.0002441481 0.0000000015
333 0.0000000778 0.0001317505 -0.0002458664 0.0000000680 0.0000915555 -0.0002441481 0.0000000016
334 0.0000000772 0.0001327316 -0.0002441248 0.0000000745 0.0001220740 -0.0002441481 0.0000000001
335 0.0000000766 0.0001337018 -0.0002423908 0.0000000745 0.0001220740 -0.0002441481 0.0000000001
336 0.0000000761 0.0001346614 -0.0002406642 0.0001638352 -0.0033265175 -0.0123599963 0.0001588580
337 0.0000000755 0.0001356105 -0.0002389450 0.0000000680 0.0000915555 -0.0002441481 0.0000000020
338 0.0000000749 0.0001365492 -0.0002372330 0.0000000745 0.0001220740 -0.0002441481 0.0000000003
339 0.0000000744 0.0001374775 -0.0002355283 0.0000000745 0.0001220740 -0.0002441481 0.0000000003
340 0.0000000738 0.0001383957 -0.0002338306 0.0000000745 0.0001220740 -0.0002441481 0.0000000004
341 0.0000000733 0.0001393039 -0.0002321400 0.0000000745 0.0001220740 -0.0002441481 0.0000000004
342 0.0000000728 0.0001402021 -0.0002304564 0.0000000745 0.0001220740 -0.0002441481 0.0000000005
343 0.0000000722 0.0001410904 -0.0002287796 0.0000000605 0.0001220740 -0.0002136296 0.0000000006
344 0.0000000717 0.0001419691 -0.0002271096 0.0000000745 0.0001220740 -0.0002441481 0.0000000007
345 0.0000000712 0.0001428381 -0.0002254463 0.0000000745 0.0001220740 -0.0002441481 0.0000000008
346 0.0000000707 0.0001436976 -0.0002237896 0.0000000745 0.0001220740 -0.0002441481 0.0000000009
347 0.0000000702 0.0001445477 -0.0002221395 0.0000000605 0.0001220740 -0.0002136296 0.0000000006
348 0.0000000698 0.0001453886 -0.0002204959 0.0000000745 0.0001220740 -0.0002441481 0.0000000011
349 0.0000000693 0.0001462202 -0.0002188587 0.0000000605 0.0001220740 -0.0002136296 0.0000000006
350 0.0000000688 0.0001470428 -0.0002172278 0.0000000745 0.0001220740 -0.0002441481 0.0000000013
351 0.0000000683 0.0001478563 -0.0002156031 0.0000000605 0.0001220740 -0.0002136296 0.0000000007
352 0.0000000679 0.0001486610 -0.0002139847 0.0000144187 -0.0035401471 -0.0013733329 0.0000149514
353 0.0000000674 0.0001494568 -0.0002123724 0.0000000605 0.0001220740 -0.0002136296 0.0000000008
354 0.0000000670 0.0001502440 -0.0002107661 0.0000000605 0.0001220740 -0.0002136296 0.0000000008
355 0.0000000666 0.0001510225 -0.0002091657 0.0000000605 0.0001220740 -0.0002136296 0.0000000009
356 0.0000000661 0.0001517925 -0.0002075713 0.0000000745 0.0001220740 -0.0002441481 0.0000000022
357 0.0000000657 0.0001525541 -0.0002059827 0.0000000605 0.0001220740 -0.0002136296 0.0000000010
358 0.0000000653 0.0001533073 -0.0002043999 0.0000000605 0.0001220740 -0.0002136296 0.0000000011
359 0.0000000649 0.0001540523 -0.0002028228 0.0000000689 0.0001525925 -0.0002136296 0.0000000001
360 0.0000000645 0.0001547891 -0.0002012513 0.0000000605 0.0001220740 -0.0002136296 0.0000000012
361 0.0000000641 0.0001555178 -0.0001996854 0.0000000605 0.0001220740 -0.0002136296 0.0000000013
362 0.0000000637 0.0001562385 -0.0001981250 0.0000000689 0.0001525925 -0.0002136296 0.0000000003
363 0.0000000633 0.0001569513 -0.0001965701 0.0000000689 0.0001525925 -0.0002136296 0.0000000003
364 0.0000000629 0.0001576562 -0.0001950205 0.0000000689 0.0001525925 -0.0002136296 0.0000000004
365 0.0000000625 0.0001583534 -0.0001934762 0.0000000484 0.0001220740 -0.0001831111 0.0000000014
366 0.0000000621 0.0001590428 -0.0001919372 0.0000000829 0.0001525925 -0.0002441481 0.0000000028
367 0.0000000618 0.0001597247 -0.0001904034 0.0000000689 0.0001525925 -0.0002136296 0.0000000006
368 0.0000000614 0.0001603991 -0.0001888748 0.0000964769 -0.0090639973 -0.0037842952 0.0000980165
369 0.0000000610 0.0001610659 -0.0001873512 0.0000000689 0.0001525925 -0.0002136296 0.0000000008
370 0.0000000607 0.0001617254 -0.0001858326 0.0000000689 0.0001525925 -0.0002136296 0.0000000009
371 0.0000000603 0.0001623776 -0.0001843190 0.0000000605 0.0001220740 -0.0002136296 0.0000000025
372 0.0000000600 0.0001630225 -0.0001828103 0.0000000689 0.0001525925 -0.0002136296 0.0000000011
373 0.0000000597 0.0001636603 -0.0001813064 0.0000000568 0.0001525925 -0.0001831111 0.0000000001
374 0.0000000593 0.0001642910 -0.0001798074 0.0000000484 0.0001220740 -0.0001831111 0.0000000018
375 0.0000000590 0.0001649146 -0.0001783130 0.0000000568 0.0001525925 -0.0001831111 0.0000000002
376 0.0000000587 0.0001655312 -0.0001768234 0.0000000568 0.0001525925 -0.0001831111 0.0000000002
377 0.0000000583 0.0001661410 -0.0001753383 0.0000000568 0.0001525925 -0.0001831111 0.0000000002
378 0.0000000580 0.0001667439 -0.0001738578 0.0000000568 0.0001525925 -0.0001831111 0.0000000003
379 0.0000000577 0.0001673400 -0.0001723819 0.0000000568 0.0001525925 -0.0001831111 0.0000000003
380 0.0000000574 0.0001679294 -0.0001709104 0.0000000568 0.0001525925 -0.0001831111 0.0000000004
381 0.0000000571 0.0001685121 -0.0001694433 0.0000000484 0.0001220740 -0.0001831111 0.0000000023
382 0.0000000568 0.0001690883 -0.0001679806 0.0000000568 0.0001525925 -0.0001831111 0.0000000005
383 0.0000000565 0.0001696579 -0.0001665222 0.0000000568 0.0001525925 -0.0001831111 0.0000000006
384 0.0000000562 0.0001702211 -0.0001650681 0.0011440618 -0.0312509537 0.0129398480 0.0011590291
385 0.0000000559 0.0001707778 -0.0001636181 0.0000000568 0.0001525925 -0.0001831111 0.0000000007
386 0.0000000557 0.0001713282 -0.0001621723 0.0000000568 0.0001525925 -0.0001831111 0.0000000008
387 0.0000000554 0.0001718723 -0.0001607306 0.0000000568 0.0001525925 -0.0001831111 0.0000000009
388 0.0000000551 0.0001724101 -0.0001592930 0.0000000568 0.0001525925 -0.0001831111 0.0000000010
389 0.0000000548 0.0001729418 -0.0001578594 0.0000000568 0.0001525925 -0.0001831111 0.0000000011
390 0.0000000546 0.0001734673 -0.0001564298 0.0000000568 0.0001525925 -0.0001831111 0.0000000011
391 0.0000000543 0.0001739867 -0.0001550040 0.0000000568 0.0001525925 -0.0001831111 0.0000000012
392 0.0000000540 0.0001745001 -0.0001535822 0.0000000466 0.0001525925 -0.0001525925 0.0000000005
393 0.0000000538 0.0001750075 -0.0001521641 0.0000000671 0.0001831111 -0.0001831111 0.0000000010
394 0.0000000535 0.0001755089 -0.0001507499 0.0000000568 0.0001525925 -0.0001831111 0.0000000016
395 0.0000000533 0.0001760045 -0.0001493393 0.0000000466 0.0001525925 -0.0001525925 0.0000000006
396 0.0000000530 0.0001764943 -0.0001479325 0.0000000568 0.0001525925 -0.0001831111 0.0000000018
397 0.0000000528 0.0001769783 -0.0001465293 0.0000000671 0.0001831111 -0.0001831111 0.0000000014
398 0.0000000526 0.0001774565 -0.0001451297 0.0000000568 0.0001831111 -0.0001525925 0.0000000001
399 0.0000000523 0.0001779290 -0.0001437336 0.0000000466 0.0001525925 -0.0001525925 0.0000000007
400 0.0000000521 0.0001783959 -0.0001423410 0.0010127680 -0.0312509537 -0.0060121464 0.0010222586
401 0.0000000519 0.0001788572 -0.0001409519 0.0000000466 0.0001525925 -0.0001525925 0.0000000008
402 0.0000000516 0.0001793130 -0.0001395663 0.0000000466 0.0001525925 -0.0001525925 0.0000000009
403 0.0000000514 0.0001797632 -0.0001381840 0.0000000466 0.0001525925 -0.0001525925 0.0000000009
404 0.0000000512 0.0001802080 -0.0001368050 0.0000000568 0.0001831111 -0.0001525925 0.0000000003
405 0.0000000510 0.0001806473 -0.0001354294 0.0000000466 0.0001525925 -0.0001525925 0.0000000011
406 0.0000000508 0.0001810812 -0.0001340570 0.0000000466 0.0001525925 -0.0001525925 0.0000000012
407 0.0000000506 0.0001815099 -0.0001326878 0.0000000382 0.0001525925 -0.0001220740 0.0000000009
408 0.0000000503 0.0001819332 -0.0001313218 0.0000000466 0.0001525925 -0.0001525925 0.0000000013
409 0.0000000501 0.0001823512 -0.0001299589 0.0000000568 0.0001831111 -0.0001525925 0.0000000005
410 0.0000000499 0.0001827641 -0.0001285991 0.0000000382 0.0001525925 -0.0001220740 0.0000000010
411 0.0000000497 0.0001831717 -0.0001272424 0.0000000466 0.0001525925 -0.0001525925 0.0000000016
412 0.0000000495 0.0001835742 -0.0001258886 0.0000000484 0.0001831111 -0.0001220740 0.0000000000
413 0.0000000494 0.0001839716 -0.0001245379 0.0000000382 0.0001525925 -0.0001220740 0.0000000010
414 0.0000000492 0.0001843639 -0.0001231901 0.0000000466 0.0001525925 -0.0001525925 0.0000000019
415 0.0000000490 0.0001847512 -0.0001218451 0.0000000484 0.0001831111 -0.0001220740 0.0000000000
416 0.0000000488 0.0001851335 -0.0001205031 0.0011082968 0.0114749596 -0.0312509537 0.0010965651
417 0.0000000486 0.0001855108 -0.0001191638 0.0000000484 0.0001831111 -0.0001220740 0.0000000000
418 0.0000000484 0.0001858832 -0.0001178274 0.0000000382 0.0001525925 -0.0001220740 0.0000000011
419 0.0000000483 0.0001862507 -0.0001164937 0.0000000382 0.0001525925 -0.0001220740 0.0000000012
420 0.0000000481 0.0001866134 -0.0001151626 0.0000000568 0.0001831111 -0.0001525925 0.0000000014
421 0.0000000479 0.0001869712 -0.0001138343 0.0000000382 0.0001525925 -0.0001220740 0.0000000012
422 0.0000000477 0.0001873242 -0.0001125086 0.0000000466 0.0001525925 -0.0001525925 0.0000000028
423 0.0000000476 0.0001876724 -0.0001111855 0.0000000484 0.0001831111 -0.0001220740 0.0000000001
424 0.0000000474 0.0001880160 -0.0001098650 0.0000000484 0.0001831111 -0.0001220740 0.0000000002
425 0.0000000473 0.0001883548 -0.0001085470 0.0000000484 0.0001831111 -0.0001220740 0.0000000002
426 0.0000000471 0.0001886889 -0.0001072315 0.0000000484 0.0001831111 -0.0001220740 0.0000000003
427 0.0000000469 0.0001890185 -0.0001059184 0.0000000382 0.0001525925 -0.0001220740 0.0000000016
428 0.0000000468 0.0001893434 -0.0001046078 0.0000000484 0.0001831111 -0.0001220740 0.0000000003
429 0.0000000466 0.0001896637 -0.0001032995 0.0000000484 0.0001831111 -0.0001220740 0.0000000004
430 0.0000000465 0.0001899794 -0.0001019936 0.0000000382 0.0001525925 -0.0001220740 0.0000000018
431 0.0000000463 0.0001902907 -0.0001006901 0.0000000484 0.0001831111 -0.0001220740 0.0000000005
432 0.0000000462 0.0001905974 -0.0000993888 0.0009986408 0.0186468093 0.0255134739 0.0009966505
433 0.0000000461 0.0001908997 -0.0000980897 0.0000000419 0.0001831111 -0.0000915555 0.0000000001
434 0.0000000459 0.0001911975 -0.0000967929 0.0000000484 0.0001831111 -0.0001220740 0.0000000007
435 0.0000000458 0.0001914909 -0.0000954983 0.0000000317 0.0001525925 -0.0000915555 0.0000000015
436 0.0000000457 0.0001917799 -0.0000942058 0.0000000484 0.0001831111 -0.0001220740 0.0000000009
437 0.0000000455 0.0001920646 -0.0000929154 0.0000000382 0.0001525925 -0.0001220740 0.0000000024
438 0.0000000454 0.0001923449 -0.0000916272 0.0000000419 0.0001831111 -0.0000915555 0.0000000001
439 0.0000000453 0.0001926209 -0.0000903409 0.0000000317 0.0001525925 -0.0000915555 0.0000000016
440 0.0000000451 0.0001928926 -0.0000890567 0.0000000484 0.0001831111 -0.0001220740 0.0000000012
441 0.0000000450 0.0001931600 -0.0000877745 0.0000000317 0.0001525925 -0.0000915555 0.0000000017
442 0.0000000449 0.0001934231 -0.0000864943 0.0000000484 0.0001831111 -0.0001220740 0.0000000014
443 0.0000000448 0.0001936821 -0.0000852159 0.0000000317 0.0001525925 -0.0000915555 0.0000000017
444 0.0000000447 0.0001939368 -0.0000839395 0.0000000419 0.0001831111 -0.0000915555 0.0000000002
445 0.0000000445 0.0001941874 -0.0000826649 0.0000000317 0.0001525925 -0.0000915555 0.0000000018
446 0.0000000444 0.0001944338 -0.0000813922 0.0000000419 0.0001831111 -0.0000915555 0.0000000002
447 0.0000000443 0.0001946761 -0.0000801213 0.0002291342 0.0000000000 0.0151371807 0.0002316042
448 0.0000000442 0.0001949142 -0.0000788521 0.0004158246 -0.0177312540 -0.0100711081 0.0004211927
449 0.0000000441 0.0001951483 -0.0000775847 0.0000060819 0.0024109622 -0.0005188147 0.0000051045
450 0.0000000440 0.0001953782 -0.0000763190 0.0000000317 0.0001525925 -0.0000915555 0.0000000021
451 0.0000000439 0.0001956041 -0.0000750549 0.0000000540 0.0002136296 -0.0000915555 0.0000000006
452 0.0000000438 0.0001958260 -0.0000737925 0.0000000419 0.0001831111 -0.0000915555 0.0000000005
453 0.0000000437 0.0001960439 -0.0000725318 0.0000000419 0.0001831111 -0.0000915555 0.0000000005
454 0.0000000436 0.0001962577 -0.0000712726 0.0000000317 0.0001525925 -0.0000915555 0.0000000023
455 0.0000000435 0.0001964676 -0.0000700150 0.0000000419 0.0001831111 -0.0000915555 0.0000000006
456 0.0000000434 0.0001966735 -0.0000687589 0.0000000419 0.0001831111 -0.0000915555 0.0000000007
457 0.0000000433 0.0001968754 -0.0000675043 0.0000000373 0.0001831111 -0.0000610370 0.0000000002
458 0.0000000432 0.0001970735 -0.0000662512 0.0000000419 0.0001831111 -0.0000915555 0.0000000008
459 0.0000000431 0.0001972676 -0.0000649995 0.0000000373 0.0001831111 -0.0000610370 0.0000000002
460 0.0000000431 0.0001974578 -0.0000637492 0.0000000419 0.0001831111 -0.0000915555 0.0000000010
461 0.0000000430 0.0001976441 -0.0000625003 0.0000000373 0.0001831111 -0.0000610370 0.0000000002
462 0.0000000429 0.0001978266 -0.0000612528 0.0000000373 0.0001831111 -0.0000610370 0.0000000002
463 0.0000000428 0.0001980052 -0.0000600066 0.0000000494 0.0002136296 -0.0000610370 0.0000000002
464 0.0000000427 0.0001981799 -0.0000587617 0.0010267527 -0.0312509537 -0.0070802942 0.0010383499
465 0.0000000427 0.0001983509 -0.0000575181 0.0000000419 0.0001831111 -0.0000915555 0.0000000014
466 0.0000000426 0.0001985180 -0.0000562757 0.0000000373 0.0001831111 -0.0000610370 0.0000000003
467 0.0000000425 0.0001986813 -0.0000550346 0.0000000373 0.0001831111 -0.0000610370 0.0000000003
468 0.0000000424 0.0001988409 -0.0000537946 0.0000000373 0.0001831111 -0.0000610370 0.0000000003
469 0.0000000424 0.0001989967 -0.0000525557 0.0000000373 0.0001831111 -0.0000610370 0.0000000003
470 0.0000000423 0.0001991487 -0.0000513181 0.0000000373 0.0001831111 -0.0000610370 0.0000000004
471 0.0000000422 0.0001992970 -0.0000500815 0.0000000270 0.0001525925 -0.0000610370 0.0000000023
472 0.0000000422 0.0001994415 -0.0000488459 0.0000000373 0.0001831111 -0.0000610370 0.0000000004
473 0.0000000421 0.0001995823 -0.0000476115 0.0000000373 0.0001831111 -0.0000610370 0.0000000005
474 0.0000000420 0.0001997195 -0.0000463780 0.0000000373 0.0001831111 -0.0000610370 0.0000000005
475 0.0000000420 0.0001998529 -0.0000451456 0.0000000373 0.0001831111 -0.0000610370 0.0000000005
476 0.0000000419 0.0001999826 -0.0000439141 0.0000000373 0.0001831111 -0.0000610370 0.0000000006
477 0.0000000419 0.0002001087 -0.0000426835 0.0000000242 0.0001525925 -0.0000305185 0.0000000024
478 0.0000000418 0.0002002311 -0.0000414539 0.0000000345 0.0001831111 -0.0000305185 0.0000000004
479 0.0000000418 0.0002003498 -0.0000402251 0.0000000345 0.0001831111 -0.0000305185 0.0000000004
480 0.0000000417 0.0002004649 -0.0000389973 0.0008673722 -0.0065309610 -0.0287179174 0.0008677926
481 0.0000000417 0.0002005764 -0.0000377702 0.0000000373 0.0001831111 -0.0000610370 0.0000000008
482 0.0000000416 0.0002006842 -0.0000365439 0.0000000373 0.0001831111 -0.0000610370 0.0000000009
483 0.0000000416 0.0002007884 -0.0000353184 0.0000000345 0.0001831111 -0.0000305185 0.0000000003
484 0.0000000415 0.0002008890 -0.0000340937 0.0000000373 0.0001831111 -0.0000610370 0.0000000010
485 0.0000000415 0.0002009860 -0.0000328697 0.0000000345 0.0001831111 -0.0000305185 0.0000000003
486 0.0000000414 0.0002010794 -0.0000316464 0.0000000373 0.0001831111 -0.0000610370 0.0000000012
487 0.0000000414 0.0002011692 -0.0000304238 0.0000000345 0.0001831111 -0.0000305185 0.0000000003
488 0.0000000414 0.0002012555 -0.0000292018 0.0000000373 0.0001831111 -0.0000610370 0.0000000013
489 0.0000000413 0.0002013381 -0.0000279804 0.0000000345 0.0001831111 -0.0000305185 0.0000000003
490 0.0000000413 0.0002014172 -0.0000267596 0.0000000345 0.0001831111 -0.0000305185 0.0000000003
491 0.0000000413 0.0002014928 -0.0000255394 0.0000000345 0.0001831111 -0.0000305185 0.0000000004
492 0.0000000412 0.0002015648 -0.0000243197 0.0000000345 0.0001831111 -0.0000305185 0.0000000004
493 0.0000000412 0.0002016332 -0.0000231006 0.0000000345 0.0001831111 -0.0000305185 0.0000000004
494 0.0000000412 0.0002016981 -0.0000218819 0.0000000345 0.0001831111 -0.0000305185 0.0000000004
495 0.0000000411 0.0002017594 -0.0000206637 0.0000000345 0.0001831111 -0.0000305185 0.0000000004
496 0.0000000411 0.0002018173 -0.0000194459 0.0009235577 -0.0052186651 -0.0299386578 0.0009245409
497 0.0000000411 0.0002018716 -0.0000182286 0.0000000345 0.0001831111 -0.0000305185 0.0000000005
498 0.0000000411 0.0002019223 -0.0000170116 0.0000000345 0.0001831111 -0.0000305185 0.0000000005
499 0.0000000410 0.0002019696 -0.0000157950 0.0000000345 0.0001831111 -0.0000305185 0.0000000006
500 0.0000000410 0.0002020133 -0.0000145787 0.0000000242 0.0001525925 -0.0000305185 0.0000000027
501 0.0000000410 0.0002020536 -0.0000133627 0.0000000345 0.0001831111 -0.0000305185 0.0000000007
502 0.0000000410 0.0002020903 -0.0000121470 0.0000000345 0.0001831111 -0.0000305185 0.0000000007
503 0.0000000410 0.0002021235 -0.0000109316 0.0000000345 0.0001831111 -0.0000305185 0.0000000007
504 0.0000000410 0.0002021532 -0.0000097164 0.0000000345 0.0001831111 -0.0000305185 0.0000000008
505 0.0000000409 0.0002021794 -0.0000085014 0.0000000345 0.0001831111 -0.0000305185 0.0000000008
506 0.0000000409 0.0002022021 -0.0000072866 0.0000000345 0.0001831111 -0.0000305185 0.0000000009
507 0.0000000409 0.0002022213 -0.0000060719 0.0000000335 0.0001831111 0.0000000000 0.0000000004
508 0.0000000409 0.0002022370 -0.0000048574 0.0000000345 0.0001831111 -0.0000305185 0.0000000010
509 0.0000000409 0.0002022493 -0.0000036429 0.0000000335 0.0001831111 0.0000000000 0.0000000004
510 0.0000000409 0.0002022580 -0.0000024286 0.0000000335 0.0001831111 0.0000000000 0.0000000004
511 0.0000000409 0.0002022632 -0.0000012143 0.0000000373 0.0001831111 -0.0000610370 0.0000000039
512 0.0000000409 0.0002022650 0.0000000000 0.0000000009 -0.0000305185 0.0000000000 0.0000000542
513 0.0000000409 0.0002022632 0.0000012143 0.0000000335 0.0001831111 0.0000000000 0.0000000004
514 0.0000000409 0.0002022580 0.0000024286 0.0000000335 0.0001831111 0.0000000000 0.0000000004
515 0.0000000409 0.0002022493 0.0000036429 0.0000000335 0.0001831111 0.0000000000 0.0000000004
516 0.0000000409 0.0002022370 0.0000048574 0.0000000335 0.0001831111 0.0000000000 0.0000000004
517 0.0000000409 0.0002022213 0.0000060719 0.0000000456 0.0002136296 0.0000000000 0.0000000002
518 0.0000000409 0.0002022021 0.0000072866 0.0000000335 0.0001831111 0.0000000000 0.0000000004
519 0.0000000409 0.0002021794 0.0000085014 0.0000000335 0.0001831111 0.0000000000 0.0000000004
520 0.0000000410 0.0002021532 0.0000097164 0.0000000335 0.0001831111 0.0000000000 0.0000000005
521 0.0000000410 0.0002021235 0.0000109316 0.0000000335 0.0001831111 0.0000000000 0.0000000005
522 0.0000000410 0.0002020903 0.0000121470 0.0000000335 0.0001831111 0.0000000000 0.0000000005
523 0.0000000410 0.0002020536 0.0000133627 0.0000000335 0.0001831111 0.0000000000 0.0000000005
524 0.0000000410 0.0002020133 0.0000145787 0.0000000335 0.0001831111 0.0000000000 0.0000000006
525 0.0000000410 0.0002019696 0.0000157950 0.0000000335 0.0001831111 0.0000000000 0.0000000006
526 0.0000000411 0.0002019223 0.0000170116 0.0000000335 0.0001831111 0.0000000000 0.0000000006
527 0.0000000411 0.0002018716 0.0000182286 0.0000000233 0.0001525925 0.0000000000 0.0000000028
528 0.0000000411 0.0002018173 0.0000194459 0.0009956679 -0.0312509537 -0.0043641469 0.0010084927
529 0.0000000411 0.0002017594 0.0000206637 0.0000000335 0.0001831111 0.0000000000 0.0000000008
530 0.0000000412 0.0002016981 0.0000218819 0.0000000335 0.0001831111 0.0000000000 0.0000000008
531 0.0000000412 0.0002016332 0.0000231006 0.0000000335 0.0001831111 0.0000000000 0.0000000009
532 0.0000000412 0.0002015648 0.0000243197 0.0000000335 0.0001831111 0.0000000000 0.0000000009
533 0.0000000413 0.0002014928 0.0000255394 0.0000000345 0.0001831111 0.0000305185 0.0000000004
534 0.0000000413 0.0002014172 0.0000267596 0.0000000335 0.0001831111 0.0000000000 0.0000000011
535 0.0000000413 0.0002013381 0.0000279804 0.0000000335 0.0001831111 0.0000000000 0.0000000011
536 0.0000000414 0.0002012555 0.0000292018 0.0000000345 0.0001831111 0.0000305185 0.0000000003
537 0.0000000414 0.0002011692 0.0000304238 0.0000000345 0.0001831111 0.0000305185 0.0000000003
538 0.0000000414 0.0002010794 0.0000316464 0.0000000345 0.0001831111 0.0000305185 0.0000000003
539 0.0000000415 0.0002009860 0.0000328697 0.0000000335 0.0001831111 0.0000000000 0.0000000014
540 0.0000000415 0.0002008890 0.0000340937 0.0000000345 0.0001831111 0.0000305185 0.0000000003
541 0.0000000416 0.0002007884 0.0000353184 0.0000000335 0.0001831111 0.0000000000 0.0000000016
542 0.0000000416 0.0002006842 0.0000365439 0.0000000345 0.0001831111 0.0000305185 0.0000000003
543 0.0000000417 0.0002005764 0.0000377702 0.0000000345 0.0001831111 0.0000305185 0.0000000004
544 0.0000000417 0.0002004649 0.0000389973 0.0010192756 -0.0065309610 -0.0312509537 0.0010243731
545 0.0000000418 0.0002003498 0.0000402251 0.0000000345 0.0001831111 0.0000305185 0.0000000004
546 0.0000000418 0.0002002311 0.0000414539 0.0000000345 0.0001831111 0.0000305185 0.0000000004
547 0.0000000419 0.0002001087 0.0000426835 0.0000000345 0.0001831111 0.0000305185 0.0000000004
548 0.0000000419 0.0001999826 0.0000439141 0.0000000345 0.0001831111 0.0000305185 0.0000000005
549 0.0000000420 0.0001998529 0.0000451456 0.0000000345 0.0001831111 0.0000305185 0.0000000005
550 0.0000000420 0.0001997195 0.0000463780 0.0000000345 0.0001831111 0.0000305185 0.0000000005
551 0.0000000421 0.0001995823 0.0000476115 0.0000000345 0.0001831111 0.0000305185 0.0000000006
552 0.0000000422 0.0001994415 0.0000488459 0.0000000345 0.0001831111 0.0000305185 0.0000000006
553 0.0000000422 0.0001992970 0.0000500815 0.0000000373 0.0001831111 0.0000610370 0.0000000004
554 0.0000000423 0.0001991487 0.0000513181 0.0000000345 0.0001831111 0.0000305185 0.0000000007
555 0.0000000424 0.0001989967 0.0000525557 0.0000000373 0.0001831111 0.0000610370 0.0000000003
556 0.0000000424 0.0001988409 0.0000537946 0.0000000345 0.0001831111 0.0000305185 0.0000000008
557 0.0000000425 0.0001986813 0.0000550346 0.0000000373 0.0001831111 0.0000610370 0.0000000003
558 0.0000000426 0.0001985180 0.0000562757 0.0000000345 0.0001831111 0.0000305185 0.0000000009
559 0.0000000427 0.0001983509 0.0000575181 0.0000000345 0.0001831111 0.0000305185 0.0000000010
560 0.0000000427 0.0001981799 0.0000587617 0.0010546289 -0.0127262185 0.0298776208 0.0010562044
561 0.0000000428 0.0001980052 0.0000600066 0.0000000345 0.0001831111 0.0000305185 0.0000000011
562 0.0000000429 0.0001978266 0.0000612528 0.0000000373 0.0001831111 0.0000610370 0.0000000002
563 0.0000000430 0.0001976441 0.0000625003 0.0000000345 0.0001831111 0.0000305185 0.0000000012
564 0.0000000431 0.0001974578 0.0000637492 0.0000000373 0.0001831111 0.0000610370 0.0000000002
565 0.0000000431 0.0001972676 0.0000649995 0.0000000345 0.0001831111 0.0000305185 0.0000000014
566 0.0000000432 0.0001970735 0.0000662512 0.0000000373 0.0001831111 0.0000610370 0.0000000002
567 0.0000000433 0.0001968754 0.0000675043 0.0000000373 0.0001831111 0.0000610370 0.0000000002
568 0.0000000434 0.0001966735 0.0000687589 0.0000000373 0.0001831111 0.0000610370 0.0000000002
569 0.0000000435 0.0001964676 0.0000700150 0.0000000345 0.0001831111 0.0000305185 0.0000000017
570 0.0000000436 0.0001962577 0.0000712726 0.0000000373 0.0001831111 0.0000610370 0.0000000003
571 0.0000000437 0.0001960439 0.0000725318 0.0000000373 0.0001831111 0.0000610370 0.0000000003
572 0.0000000438 0.0001958260 0.0000737925 0.0000000373 0.0001831111 0.0000610370 0.0000000003
573 0.0000000439 0.0001956041 0.0000750549 0.0000000373 0.0001831111 0.0000610370 0.0000000004
574 0.0000000440 0.0001953782 0.0000763190 0.0000000373 0.0001831111 0.0000610370 0.0000000004
575 0.0000000441 0.0001951483 0.0000775847 0.0000000084 0.0000000000 0.0000915555 0.0000000383
576 0.0000000442 0.0001949142 0.0000788521 0.0000071251 0.0010071108 -0.0024719993 0.0000071665
577 0.0000000443 0.0001946761 0.0000801213 0.0009782651 -0.0312509537 0.0012817774 0.0009902716
578 0.0000000444 0.0001944338 0.0000813922 0.0000000373 0.0001831111 0.0000610370 0.0000000005
579 0.0000000445 0.0001941874 0.0000826649 0.0000000373 0.0001831111 0.0000610370 0.0000000006
580 0.0000000447 0.0001939368 0.0000839395 0.0000000373 0.0001831111 0.0000610370 0.0000000006
581 0.0000000448 0.0001936821 0.0000852159 0.0000000373 0.0001831111 0.0000610370 0.0000000007
582 0.0000000449 0.0001934231 0.0000864943 0.0000000419 0.0001831111 0.0000915555 0.0000000001
583 0.0000000450 0.0001931600 0.0000877745 0.0000000373 0.0001831111 0.0000610370 0.0000000008
584 0.0000000451 0.0001928926 0.0000890567 0.0000000373 0.0001831111 0.0000610370 0.0000000009
585 0.0000000453 0.0001926209 0.0000903409 0.0000000373 0.0001831111 0.0000610370 0.0000000009
586 0.0000000454 0.0001923449 0.0000916272 0.0000000419 0.0001831111 0.0000915555 0.0000000001
587 0.0000000455 0.0001920646 0.0000929154 0.0000000317 0.0001525925 0.0000915555 0.0000000016
588 0.0000000457 0.0001917799 0.0000942058 0.0000000419 0.0001831111 0.0000915555 0.0000000001
589 0.0000000458 0.0001914909 0.0000954983 0.0000000270 0.0001525925 0.0000610370 0.0000000027
590 0.0000000459 0.0001911975 0.0000967929 0.0000000373 0.0001831111 0.0000610370 0.0000000013
591 0.0000000461 0.0001908997 0.0000980897 0.0000000419 0.0001831111 0.0000915555 0.0000000001
592 0.0000000462 0.0001905974 0.0000993888 0.0010261510 0.0312204352 -0.0071718497 0.0010157217
593 0.0000000463 0.0001902907 0.0001006901 0.0000000270 0.0001525925 0.0000610370 0.0000000030
594 0.0000000465 0.0001899794 0.0001019936 0.0000000419 0.0001831111 0.0000915555 0.0000000002
595 0.0000000466 0.0001896637 0.0001032995 0.0000000419 0.0001831111 0.0000915555 0.0000000002
596 0.0000000468 0.0001893434 0.0001046078 0.0000000419 0.0001831111 0.0000915555 0.0000000002
597 0.0000000469 0.0001890185 0.0001059184 0.0000000419 0.0001831111 0.0000915555 0.0000000002
598 0.0000000471 0.0001886889 0.0001072315 0.0000000419 0.0001831111 0.0000915555 0.0000000003
599 0.0000000473 0.0001883548 0.0001085470 0.0000000419 0.0001831111 0.0000915555 0.0000000003
600 0.0000000474 0.0001880160 0.0001098650 0.0000000419 0.0001831111 0.0000915555 0.0000000004
601 0.0000000476 0.0001876724 0.0001111855 0.0000000484 0.0001831111 0.0001220740 0.0000000001
602 0.0000000477 0.0001873242 0.0001125086 0.0000000382 0.0001525925 0.0001220740 0.0000000013
603 0.0000000479 0.0001869712 0.0001138343 0.0000000484 0.0001831111 0.0001220740 0.0000000001
604 0.0000000481 0.0001866134 0.0001151626 0.0000000484 0.0001831111 0.0001220740 0.0000000001
605 0.0000000483 0.0001862507 0.0001164937 0.0000000317 0.0001525925 0.0000915555 0.0000000018
606 0.0000000484 0.0001858832 0.0001178274 0.0000000484 0.0001831111 0.0001220740 0.0000000000
607 0.0000000486 0.0001855108 0.0001191638 0.0000000382 0.0001525925 0.0001220740 0.0000000011
608 0.0000000488 0.0001851335 0.0001205031 0.0004374521 0.0115665151 -0.0174260689 0.0004374180
609 0.0000000490 0.0001847512 0.0001218451 0.0000000484 0.0001831111 0.0001220740 0.0000000000
610 0.0000000492 0.0001843639 0.0001231901 0.0000000382 0.0001525925 0.0001220740 0.0000000010
611 0.0000000494 0.0001839716 0.0001245379 0.0000000382 0.0001525925 0.0001220740 0.0000000010
612 0.0000000495 0.0001835742 0.0001258886 0.0000000419 0.0001831111 0.0000915555 0.0000000012
613 0.0000000497 0.0001831717 0.0001272424 0.0000000382 0.0001525925 0.0001220740 0.0000000010
614 0.0000000499 0.0001827641 0.0001285991 0.0000000317 0.0001525925 0.0000915555 0.0000000023
615 0.0000000501 0.0001823512 0.0001299589 0.0000000382 0.0001525925 0.0001220740 0.0000000009
616 0.0000000503 0.0001819332 0.0001313218 0.0000000382 0.0001525925 0.0001220740 0.0000000009
617 0.0000000506 0.0001815099 0.0001326878 0.0000000484 0.0001831111 0.0001220740 0.0000000001
618 0.0000000508 0.0001810812 0.0001340570 0.0000000484 0.0001831111 0.0001220740 0.0000000001
619 0.0000000510 0.0001806473 0.0001354294 0.0000000382 0.0001525925 0.0001220740 0.0000000010
620 0.0000000512 0.0001802080 0.0001368050 0.0000000484 0.0001831111 0.0001220740 0.0000000002
621 0.0000000514 0.0001797632 0.0001381840 0.0000000382 0.0001525925 0.0001220740 0.0000000010
622 0.0000000516 0.0001793130 0.0001395663 0.0000000466 0.0001525925 0.0001525925 0.0000000009
623 0.0000000519 0.0001788572 0.0001409519 0.0000000382 0.0001525925 0.0001220740 0.0000000010
624 0.0000000521 0.0001783959 0.0001423410 0.0002204985 0.0079958495 -0.0125125889 0.0002212598
625 0.0000000523 0.0001779290 0.0001437336 0.0000000382 0.0001525925 0.0001220740 0.0000000011
626 0.0000000526 0.0001774565 0.0001451297 0.0000000382 0.0001525925 0.0001220740 0.0000000011
627 0.0000000528 0.0001769783 0.0001465293 0.0000000382 0.0001525925 0.0001220740 0.0000000012
628 0.0000000530 0.0001764943 0.0001479325 0.0000000466 0.0001525925 0.0001525925 0.0000000006
629 0.0000000533 0.0001760045 0.0001493393 0.0000000466 0.0001525925 0.0001525925 0.0000000006
630 0.0000000535 0.0001755089 0.0001507499 0.0000000382 0.0001525925 0.0001220740 0.0000000013
631 0.0000000538 0.0001750075 0.0001521641 0.0000000484 0.0001831111 0.0001220740 0.0000000010
632 0.0000000540 0.0001745001 0.0001535822 0.0000000382 0.0001525925 0.0001220740 0.0000000015
633 0.0000000543 0.0001739867 0.0001550040 0.0000000466 0.0001525925 0.0001525925 0.0000000005
634 0.0000000546 0.0001734673 0.0001564298 0.0000000466 0.0001525925 0.0001525925 0.0000000005
635 0.0000000548 0.0001729418 0.0001578594 0.0000000466 0.0001525925 0.0001525925 0.0000000004
636 0.0000000551 0.0001724101 0.0001592930 0.0000000466 0.0001525925 0.0001525925 0.0000000004
637 0.0000000554 0.0001718723 0.0001607306 0.0000000466 0.0001525925 0.0001525925 0.0000000004
638 0.0000000557 0.0001713282 0.0001621723 0.0000000382 0.0001525925 0.0001220740 0.0000000020
639 0.0000000559 0.0001707778 0.0001636181 0.0000000568 0.0001831111 0.0001525925 0.0000000003
640 0.0000000562 0.0001702211 0.0001650681 0.0019532442 -0.0312509537 -0.0312509537 0.0019742566
641 0.0000000565 0.0001696579 0.0001665222 0.0000000466 0.0001525925 0.0001525925 0.0000000005
642 0.0000000568 0.0001690883 0.0001679806 0.0000000466 0.0001525925 0.0001525925 0.0000000005
643 0.0000000571 0.0001685121 0.0001694433 0.0000000466 0.0001525925 0.0001525925 0.0000000005
644 0.0000000574 0.0001679294 0.0001709104 0.0000000568 0.0001525925 0.0001831111 0.0000000004
645 0.0000000577 0.0001673400 0.0001723819 0.0000000382 0.0001220740 0.0001525925 0.0000000024
646 0.0000000580 0.0001667439 0.0001738578 0.0000000466 0.0001525925 0.0001525925 0.0000000007
647 0.0000000583 0.0001661410 0.0001753383 0.0000000466 0.0001525925 0.0001525925 0.0000000007
648 0.0000000587 0.0001655312 0.0001768234 0.0000000466 0.0001525925 0.0001525925 0.0000000008
649 0.0000000590 0.0001649146 0.0001783130 0.0000000466 0.0001525925 0.0001525925 0.0000000008
650 0.0000000593 0.0001642910 0.0001798074 0.0000000382 0.0001220740 0.0001525925 0.0000000025
651 0.0000000597 0.0001636603 0.0001813064 0.0000000466 0.0001525925 0.0001525925 0.0000000009
652 0.0000000600 0.0001630225 0.0001828103 0.0000000568 0.0001525925 0.0001831111 0.0000000001
653 0.0000000603 0.0001623776 0.0001843190 0.0000000382 0.0001220740 0.0001525925 0.0000000026
654 0.0000000607 0.0001617254 0.0001858326 0.0000000568 0.0001525925 0.0001831111 0.0000000001
655 0.0000000610 0.0001610659 0.0001873512 0.0000000466 0.0001525925 0.0001525925 0.0000000013
656 0.0000000614 0.0001603991 0.0001888748 0.0011168357 -0.0312509537 0.0118411817 0.0011224493
657 0.0000000618 0.0001597247 0.0001904034 0.0000000568 0.0001525925 0.0001831111 0.0000000001
658 0.0000000621 0.0001590428 0.0001919372 0.0000000568 0.0001525925 0.0001831111 0.0000000001
659 0.0000000625 0.0001583534 0.0001934762 0.0000000484 0.0001220740 0.0001831111 0.0000000014
660 0.0000000629 0.0001576562 0.0001950205 0.0000000568 0.0001525925 0.0001831111 0.0000000002
661 0.0000000633 0.0001569513 0.0001965701 0.0000000484 0.0001220740 0.0001831111 0.0000000014
662 0.0000000637 0.0001562385 0.0001981250 0.0000000484 0.0001220740 0.0001831111 0.0000000014
663 0.0000000641 0.0001555178 0.0001996854 0.0000000568 0.0001525925 0.0001831111 0.0000000003
664 0.0000000645 0.0001547891 0.0002012513 0.0000000484 0.0001220740 0.0001831111 0.0000000014
665 0.0000000649 0.0001540523 0.0002028228 0.0000000484 0.0001220740 0.0001831111 0.0000000014
666 0.0000000653 0.0001533073 0.0002043999 0.0000000605 0.0001220740 0.0002136296 0.0000000011
667 0.0000000657 0.0001525541 0.0002059827 0.0000000605 0.0001220740 0.0002136296 0.0000000010
668 0.0000000661 0.0001517925 0.0002075713 0.0000000605 0.0001220740 0.0002136296 0.0000000009
669 0.0000000666 0.0001510225 0.0002091657 0.0000000689 0.0001525925 0.0002136296 0.0000000000
670 0.0000000670 0.0001502440 0.0002107661 0.0000000484 0.0001220740 0.0001831111 0.0000000016
671 0.0000000674 0.0001494568 0.0002123724 0.0000000605 0.0001220740 0.0002136296 0.0000000008
672 0.0000000679 0.0001486610 0.0002139847 0.0009876878 -0.0033265175 -0.0312509537 0.0010021192
673 0.0000000683 0.0001478563 0.0002156031 0.0000000605 0.0001220740 0.0002136296 0.0000000007
674 0.0000000688 0.0001470428 0.0002172278 0.0000000689 0.0001525925 0.0002136296 0.0000000000
675 0.0000000693 0.0001462202 0.0002188587 0.0000000484 0.0001220740 0.0001831111 0.0000000019
676 0.0000000698 0.0001453886 0.0002204959 0.0000000605 0.0001220740 0.0002136296 0.0000000006
677 0.0000000702 0.0001445477 0.0002221395 0.0000000484 0.0001220740 0.0001831111 0.0000000020
678 0.0000000707 0.0001436976 0.0002237896 0.0000000605 0.0001220740 0.0002136296 0.0000000006
679 0.0000000712 0.0001428381 0.0002254463 0.0000000605 0.0001220740 0.0002136296 0.0000000006
680 0.0000000717 0.0001419691 0.0002271096 0.0000000605 0.0001220740 0.0002136296 0.0000000006
681 0.0000000722 0.0001410904 0.0002287796 0.0000000605 0.0001220740 0.0002136296 0.0000000006
682 0.0000000728 0.0001402021 0.0002304564 0.0000000605 0.0001220740 0.0002136296 0.0000000006
683 0.0000000733 0.0001393039 0.0002321400 0.0000000605 0.0001220740 0.0002136296 0.0000000006
684 0.0000000738 0.0001383957 0.0002338306 0.0000000605 0.0001220740 0.0002136296 0.0000000007
685 0.0000000744 0.0001374775 0.0002355283 0.0000000540 0.0000915555 0.0002136296 0.0000000026
686 0.0000000749 0.0001365492 0.0002372330 0.0000000605 0.0001220740 0.0002136296 0.0000000008
687 0.0000000755 0.0001356105 0.0002389450 0.0000000745 0.0001220740 0.0002441481 0.0000000002
688 0.0000000761 0.0001346614 0.0002406642 0.0009797553 -0.0312509537 -0.0017700735 0.0009890999
689 0.0000000766 0.0001337018 0.0002423908 0.0000000605 0.0001220740 0.0002136296 0.0000000010
690 0.0000000772 0.0001327316 0.0002441248 0.0000000745 0.0001220740 0.0002441481 0.0000000001
691 0.0000000778 0.0001317505 0.0002458664 0.0000000605 0.0001220740 0.0002136296 0.0000000011
692 0.0000000784 0.0001307586 0.0002476157 0.0000000540 0.0000915555 0.0002136296 0.0000000027
693 0.0000000790 0.0001297556 0.0002493726 0.0000000540 0.0000915555 0.0002136296 0.0000000027
694 0.0000000796 0.0001287414 0.0002511374 0.0000000605 0.0001220740 0.0002136296 0.0000000015
695 0.0000000803 0.0001277159 0.0002529101 0.0000000540 0.0000915555 0.0002136296 0.0000000029
696 0.0000000809 0.0001266790 0.0002546907 0.0000000680 0.0000915555 0.0002441481 0.0000000013
697 0.0000000816 0.0001256304 0.0002564795 0.0000000680 0.0000915555 0.0002441481 0.0000000013
698 0.0000000822 0.0001245702 0.0002582765 0.0000000540 0.0000915555 0.0002136296 0.0000000031
699 0.0000000829 0.0001234981 0.0002600818 0.0000000745 0.0001220740 0.0002441481 0.0000000003
700 0.0000000836 0.0001224139 0.0002618954 0.0000000680 0.0000915555 0.0002441481 0.0000000013
701 0.0000000843 0.0001213176 0.0002637176 0.0000000680 0.0000915555 0.0002441481 0.0000000013
702 0.0000000850 0.0001202089 0.0002655483 0.0000000838 0.0000915555 0.0002746666 0.0000000009
703 0.0000000857 0.0001190878 0.0002673878 0.0009766230 -0.0000305185 -0.0312509537 0.0009934282
704 0.0000000864 0.0001179541 0.0002692361 0.0006334544 -0.0023804437 -0.0250556963 0.0006475942
705 0.0000000871 0.0001168075 0.0002710932 0.0009766230 -0.0000305185 -0.0312509537 0.0009936611
706 0.0000000879 0.0001156480 0.0002729594 0.0000000680 0.0000915555 0.0002441481 0.0000000014
707 0.0000000886 0.0001144754 0.0002748348 0.0000000838 0.0000915555 0.0002746666 0.0000000005
708 0.0000000894 0.0001132895 0.0002767194 0.0000000838 0.0000915555 0.0002746666 0.0000000005
709 0.0000000902 0.0001120901 0.0002786133 0.0000000680 0.0000915555 0.0002441481 0.0000000016
710 0.0000000910 0.0001108771 0.0002805167 0.0000000838 0.0000915555 0.0002746666 0.0000000004
711 0.0000000918 0.0001096503 0.0002824297 0.0000000838 0.0000915555 0.0002746666 0.0000000004
712 0.0000000926 0.0001084095 0.0002843524 0.0000000838 0.0000915555 0.0002746666 0.0000000004
713 0.0000000934 0.0001071545 0.0002862849 0.0000000838 0.0000915555 0.0002746666 0.0000000004
714 0.0000000943 0.0001058851 0.0002882274 0.0000000838 0.0000915555 0.0002746666 0.0000000004
715 0.0000000951 0.0001046012 0.0002901799 0.0000001015 0.0000915555 0.0003051851 0.0000000004
716 0.0000000960 0.0001033025 0.0002921426 0.0000000838 0.0000915555 0.0002746666 0.0000000004
717 0.0000000969 0.0001019889 0.0002941157 0.0000000838 0.0000915555 0.0002746666 0.0000000005
718 0.0000000978 0.0001006601 0.0002960992 0.0000001015 0.0000915555 0.0003051851 0.0000000002
719 0.0000000987 0.0000993160 0.0002980933 0.0000000969 0.0000610370 0.0003051851 0.0000000015
720 0.0000000997 0.0000979563 0.0003000981 0.0011234159 -0.0312509537 -0.0121158483 0.0011369099
721 0.0000001006 0.0000965808 0.0003021138 0.0000001015 0.0000915555 0.0003051851 0.0000000000
722 0.0000001016 0.0000951894 0.0003041404 0.0000000969 0.0000610370 0.0003051851 0.0000000012
723 0.0000001025 0.0000937817 0.0003061782 0.0000000838 0.0000915555 0.0002746666 0.0000000010
724 0.0000001035 0.0000923576 0.0003082273 0.0000001015 0.0000915555 0.0003051851 0.0000000000
725 0.0000001045 0.0000909168 0.0003102877 0.0000000969 0.0000610370 0.0003051851 0.0000000009
726 0.0000001056 0.0000894591 0.0003123597 0.0000001015 0.0000915555 0.0003051851 0.0000000001
727 0.0000001066 0.0000879843 0.0003144435 0.0000000969 0.0000610370 0.0003051851 0.0000000008
728 0.0000001077 0.0000864921 0.0003165390 0.0000000969 0.0000610370 0.0003051851 0.0000000008
729 0.0000001088 0.0000849823 0.0003186466 0.0000000792 0.0000610370 0.0002746666 0.0000000025
730 0.0000001099 0.0000834546 0.0003207664 0.0000000969 0.0000610370 0.0003051851 0.0000000007
731 0.0000001110 0.0000819088 0.0003228985 0.0000000941 0.0000305185 0.0003051851 0.0000000030
732 0.0000001121 0.0000803446 0.0003250430 0.0000000969 0.0000610370 0.0003051851 0.0000000008
733 0.0000001133 0.0000787617 0.0003272003 0.0000000969 0.0000610370 0.0003051851 0.0000000008
734 0.0000001144 0.0000771600 0.0003293703 0.0000000941 0.0000305185 0.0003051851 0.0000000028
735 0.0000001156 0.0000755390 0.0003315533 0.0000000969 0.0000610370 0.0003051851 0.0000000009
736 0.0000001168 0.0000738985 0.0003337494 0.0003488323 -0.0185247353 0.0023804437 0.0003500981
737 0.0000001181 0.0000722382 0.0003359589 0.0000001164 0.0000610370 0.0003357036 0.0000000001
738 0.0000001193 0.0000705579 0.0003381819 0.0000001164 0.0000610370 0.0003357036 0.0000000001
739 0.0000001206 0.0000688573 0.0003404186 0.0000001164 0.0000610370 0.0003357036 0.0000000001
740 0.0000001219 0.0000671359 0.0003426691 0.0000001136 0.0000305185 0.0003357036 0.0000000014
741 0.0000001233 0.0000653936 0.0003449337 0.0000001136 0.0000305185 0.0003357036 0.0000000013
742 0.0000001246 0.0000636300 0.0003472126 0.0000001164 0.0000610370 0.0003357036 0.0000000001
743 0.0000001260 0.0000618448 0.0003495058 0.0000001136 0.0000305185 0.0003357036 0.0000000012
744 0.0000001274 0.0000600376 0.0003518137 0.0000001136 0.0000305185 0.0003357036 0.0000000011
745 0.0000001288 0.0000582082 0.0003541364 0.0000001136 0.0000305185 0.0003357036 0.0000000011
746 0.0000001302 0.0000563561 0.0003564742 0.0000001136 0.0000305185 0.0003357036 0.0000000011
747 0.0000001317 0.0000544811 0.0003588272 0.0000001136 0.0000305185 0.0003357036 0.0000000011
748 0.0000001332 0.0000525828 0.0003611957 0.0000001136 0.0000305185 0.0003357036 0.0000000011
749 0.0000001348 0.0000506607 0.0003635798 0.0000001351 0.0000305185 0.0003662221 0.0000000004
750 0.0000001363 0.0000487146 0.0003659797 0.0000001136 0.0000305185 0.0003357036 0.0000000012
751 0.0000001379 0.0000467441 0.0003683958 0.0000001351 0.0000305185 0.0003662221 0.0000000003
752 0.0000001395 0.0000447488 0.0003708283 0.0006979869 -0.0263679922 0.0016479995 0.0006992641
753 0.0000001412 0.0000427282 0.0003732772 0.0000001351 0.0000305185 0.0003662221 0.0000000002
754 0.0000001428 0.0000406820 0.0003757430 0.0000001351 0.0000305185 0.0003662221 0.0000000002
755 0.0000001445 0.0000386098 0.0003782258 0.0000001351 0.0000305185 0.0003662221 0.0000000002
756 0.0000001463 0.0000365111 0.0003807258 0.0000001351 0.0000305185 0.0003662221 0.0000000002
757 0.0000001481 0.0000343855 0.0003832434 0.0000001341 0.0000000000 0.0003662221 0.0000000015
758 0.0000001499 0.0000322327 0.0003857787 0.0000001351 0.0000305185 0.0003662221 0.0000000004
759 0.0000001517 0.0000300520 0.0003883321 0.0000001341 0.0000000000 0.0003662221 0.0000000014
760 0.0000001536 0.0000278432 0.0003909037 0.0000001341 0.0000000000 0.0003662221 0.0000000014
761 0.0000001555 0.0000256056 0.0003934939 0.0000001583 0.0000305185 0.0003967406 0.0000000000
762 0.0000001574 0.0000233389 0.0003961029 0.0000001341 0.0000000000 0.0003662221 0.0000000014
763 0.0000001594 0.0000210426 0.0003987310 0.0000001574 0.0000000000 0.0003967406 0.0000000004
764 0.0000001615 0.0000187161 0.0004013785 0.0000001583 0.0000305185 0.0003967406 0.0000000002
765 0.0000001635 0.0000163589 0.0004040457 0.0000001574 0.0000000000 0.0003967406 0.0000000003
766 0.0000001656 0.0000139706 0.0004067328 0.0000001574 0.0000000000 0.0003967406 0.0000000003
767 0.0000001678 0.0000115506 0.0004094401 0.0000001574 0.0000000000 0.0003967406 0.0000000003
768 0.0000001700 0.0000090983 0.0004121680 0.0000000009 0.0000000000 -0.0000305185 0.0000001961
769 0.0000001722 0.0000066132 0.0004149168 0.0000001574 0.0000000000 0.0003967406 0.0000000004
770 0.0000001745 0.0000040948 0.0004176868 0.0000001574 0.0000000000 0.0003967406 0.0000000005
771 0.0000001768 0.0000015424 0.0004204783 0.0000001574 0.0000000000 0.0003967406 0.0000000006
772 0.0000001792 -0.0000010446 0.0004232916 0.0000001583 -0.0000305185 0.0003967406 0.0000000016
773 0.0000001816 -0.0000036667 0.0004261270 0.0000001583 -0.0000305185 0.0003967406 0.0000000016
774 0.0000001841 -0.0000063245 0.0004289850 0.0000001835 -0.0000305185 0.0004272591 0.0000000006
775 0.0000001866 -0.0000090188 0.0004318659 0.0000001574 0.0000000000 0.0003967406 0.0000000013
776 0.0000001892 -0.0000117501 0.0004347699 0.0000001835 -0.0000305185 0.0004272591 0.0000000004
777 0.0000001918 -0.0000145191 0.0004376976 0.0000001835 -0.0000305185 0.0004272591 0.0000000004
778 0.0000001945 -0.0000173265 0.0004406492 0.0000002105 -0.0000305185 0.0004577776 0.0000000005
779 0.0000001972 -0.0000201731 0.0004436251 0.0000001835 -0.0000305185 0.0004272591 0.0000000004
780 0.0000002000 -0.0000230594 0.0004466257 0.0000001835 -0.0000305185 0.0004272591 0.0000000004
781 0.0000002029 -0.0000259862 0.0004496515 0.0000001863 -0.0000610370 0.0004272591 0.0000000017
782 0.0000002058 -0.0000289544 0.0004527028 0.0000001863 -0.0000610370 0.0004272591 0.0000000017
783 0.0000002088 -0.0000319646 0.0004557800 0.0000001863 -0.0000610370 0.0004272591 0.0000000017
784 0.0000002118 -0.0000350176 0.0004588835 0.0009937614 -0.0043641469 0.0312204352 0.0009650144
785 0.0000002149 -0.0000381142 0.0004620139 0.0000002133 -0.0000610370 0.0004577776 0.0000000005
786 0.0000002181 -0.0000412553 0.0004651714 0.0000002133 -0.0000610370 0.0004577776 0.0000000004
787 0.0000002213 -0.0000444417 0.0004683567 0.0000002133 -0.0000610370 0.0004577776 0.0000000004
788 0.0000002247 -0.0000476742 0.0004715700 0.0000002133 -0.0000610370 0.0004577776 0.0000000004
789 0.0000002280 -0.0000509538 0.0004748120 0.0000002133 -0.0000610370 0.0004577776 0.0000000004
790 0.0000002315 -0.0000542813 0.0004780830 0.0000002133 -0.0000610370 0.0004577776 0.0000000005
791 0.0000002351 -0.0000576576 0.0004813836 0.0000002422 -0.0000610370 0.0004882962 0.0000000001
792 0.0000002387 -0.0000610838 0.0004847143 0.0000002468 -0.0000915555 0.0004882962 0.0000000009
793 0.0000002424 -0.0000645608 0.0004880756 0.0000002133 -0.0000610370 0.0004577776 0.0000000009
794 0.0000002462 -0.0000680896 0.0004914680 0.0000002468 -0.0000915555 0.0004882962 0.0000000006
795 0.0000002501 -0.0000716711 0.0004948920 0.0000002468 -0.0000915555 0.0004882962 0.0000000004
796 0.0000002540 -0.0000753066 0.0004983483 0.0000002179 -0.0000915555 0.0004577776 0.0000000019
797 0.0000002581 -0.0000789970 0.0005018373 0.0000002533 -0.0001220740 0.0004882962 0.0000000020
798 0.0000002622 -0.0000827435 0.0005053596 0.0000002468 -0.0000915555 0.0004882962 0.0000000004
799 0.0000002665 -0.0000865471 0.0005089159 0.0000002533 -0.0001220740 0.0004882962 0.0000000017
800 0.0000002708 -0.0000904091 0.0005125067 0.0019513377 0.0312204352 -0.0312509537 0.0019892864
801 0.0000002753 -0.0000943306 0.0005161327 0.0000002533 -0.0001220740 0.0004882962 0.0000000015
802 0.0000002799 -0.0000983130 0.0005197944 0.0000002533 -0.0001220740 0.0004882962 0.0000000016
803 0.0000002845 -0.0001023573 0.0005234926 0.0000002841 -0.0001220740 0.0005188147 0.0000000004
804 0.0000002893 -0.0001064650 0.0005272279 0.0000002925 -0.0001525925 0.0005188147 0.0000000022
805 0.0000002942 -0.0001106374 0.0005310010 0.0000002841 -0.0001220740 0.0005188147 0.0000000003
806 0.0000002992 -0.0001148757 0.0005348125 0.0000002841 -0.0001220740 0.0005188147 0.0000000003
807 0.0000003044 -0.0001191815 0.0005386633 0.0000002841 -0.0001220740 0.0005188147 0.0000000004
808 0.0000003096 -0.0001235562 0.0005425540 0.0000002841 -0.0001220740 0.0005188147 0.0000000006
809 0.0000003150 -0.0001280013 0.0005464854 0.0000003251 -0.0001525925 0.0005493332 0.0000000006
810 0.0000003206 -0.0001325182 0.0005504582 0.0000002925 -0.0001525925 0.0005188147 0.0000000014
811 0.0000003262 -0.0001371085 0.0005544733 0.0000002925 -0.0001525925 0.0005188147 0.0000000015
812 0.0000003321 -0.0001417739 0.0005585314 0.0000003251 -0.0001525925 0.0005493332 0.0000000002
813 0.0000003380 -0.0001465160 0.0005626335 0.0000003251 -0.0001525925 0.0005493332 0.0000000002
814 0.0000003441 -0.0001513365 0.0005667803 0.0000003353 -0.0001831111 0.0005493332 0.0000000013
815 0.0000003504 -0.0001562372 0.0005709727 0.0000003595 -0.0001525925 0.0005798517 0.0000000001
816 0.0000003569 -0.0001612199 0.0005752117 0.0010823830 0.0312204352 0.0103762932 0.0010808695
817 0.0000003635 -0.0001662863 0.0005794981 0.0000003698 -0.0001831111 0.0005798517 0.0000000003
818 0.0000003703 -0.0001714385 0.0005838330 0.0000003698 -0.0001831111 0.0005798517 0.0000000002
819 0.0000003772 -0.0001766784 0.0005882172 0.0000003698 -0.0001831111 0.0005798517 0.0000000001
820 0.0000003844 -0.0001820080 0.0005926518 0.0000003698 -0.0001831111 0.0005798517 0.0000000002
821 0.0000003917 -0.0001874294 0.0005971379 0.0000003819 -0.0002136296 0.0005798517 0.0000000010
822 0.0000003992 -0.0001929448 0.0006016764 0.0000003819 -0.0002136296 0.0005798517 0.0000000009
823 0.0000004070 -0.0001985563 0.0006062685 0.0000003819 -0.0002136296 0.0005798517 0.0000000009
824 0.0000004149 -0.0002042663 0.0006109154 0.0000004182 -0.0002136296 0.0006103702 0.0000000001
825 0.0000004231 -0.0002100771 0.0006156180 0.0000004182 -0.0002136296 0.0006103702 0.0000000000
826 0.0000004315 -0.0002159911 0.0006203778 0.0000004322 -0.0002441481 0.0006103702 0.0000000009
827 0.0000004402 -0.0002220108 0.0006251958 0.0000003958 -0.0002441481 0.0005798517 0.0000000025
828 0.0000004490 -0.0002281388 0.0006300733 0.0000004322 -0.0002441481 0.0006103702 0.0000000006
829 0.0000004582 -0.0002343778 0.0006350116 0.0000004862 -0.0002746666 0.0006408887 0.0000000017
830 0.0000004676 -0.0002407305 0.0006400121 0.0000004862 -0.0002746666 0.0006408887 0.0000000012
831 0.0000004772 -0.0002471997 0.0006450762 0.0000000466 -0.0002136296 -0.0000305185 0.0000004576
832 0.0000004872 -0.0002537885 0.0006502051 0.0000069751 0.0024414808 0.0010071108 0.0000073919
833 0.0000004974 -0.0002604996 0.0006554005 0.0009766230 -0.0312509537 -0.0000305185 0.0009608787
834 0.0000005079 -0.0002673364 0.0006606638 0.0000004862 -0.0002746666 0.0006408887 0.0000000004
835 0.0000005188 -0.0002743021 0.0006659965 0.0000005039 -0.0003051851 0.0006408887 0.0000000016
836 0.0000005300 -0.0002813999 0.0006714003 0.0000005439 -0.0003051851 0.0006714072 0.0000000006
837 0.0000005415 -0.0002886333 0.0006768768 0.0000005439 -0.0003051851 0.0006714072 0.0000000003
838 0.0000005533 -0.0002960058 0.0006824277 0.0000005439 -0.0003051851 0.0006714072 0.0000000002
839 0.0000005655 -0.0003035212 0.0006880548 0.0000005439 -0.0003051851 0.0006714072 0.0000000003
840 0.0000005781 -0.0003111833 0.0006937599 0.0000005635 -0.0003357036 0.0006714072 0.0000000011
841 0.0000005911 -0.0003189959 0.0006995448 0.0000005635 -0.0003357036 0.0006714072 0.0000000011
842 0.0000006045 -0.0003269632 0.0007054115 0.0000006268 -0.0003662221 0.0007019257 0.0000000016
843 0.0000006183 -0.0003350894 0.0007113619 0.0000006054 -0.0003357036 0.0007019257 0.0000000001
844 0.0000006326 -0.0003433789 0.0007173983 0.0000006268 -0.0003662221 0.0007019257 0.0000000008
845 0.0000006473 -0.0003518361 0.0007235226 0.0000006706 -0.0003662221 0.0007324442 0.0000000003
846 0.0000006625 -0.0003604659 0.0007297371 0.0000006501 -0.0003967406 0.0007019257 0.0000000021
847 0.0000006781 -0.0003692729 0.0007360441 0.0000006939 -0.0003967406 0.0007324442 0.0000000008
848 0.0000006943 -0.0003782624 0.0007424459 0.0018420394 0.0312204352 0.0294503616 0.0018226221
849 0.0000007110 -0.0003874395 0.0007489450 0.0000007395 -0.0003967406 0.0007629627 0.0000000003
850 0.0000007283 -0.0003968096 0.0007555440 0.0000006939 -0.0003967406 0.0007324442 0.0000000005
851 0.0000007462 -0.0004063783 0.0007622454 0.0000007190 -0.0004272591 0.0007324442 0.0000000013
852 0.0000007646 -0.0004161516 0.0007690520 0.0000007647 -0.0004272591 0.0007629627 0.0000000002
853 0.0000007837 -0.0004261355 0.0007759666 0.0000007647 -0.0004272591 0.0007629627 0.0000000002
854 0.0000008035 -0.0004363362 0.0007829921 0.0000007917 -0.0004577776 0.0007629627 0.0000000009
855 0.0000008239 -0.0004467603 0.0007901315 0.0000007917 -0.0004577776 0.0007629627 0.0000000009
856 0.0000008451 -0.0004574147 0.0007973881 0.0000008392 -0.0004577776 0.0007934812 0.0000000000
857 0.0000008670 -0.0004683064 0.0008047650 0.0000008680 -0.0004882962 0.0007934812 0.0000000005
858 0.0000008896 -0.0004794427 0.0008122656 0.0000008680 -0.0004882962 0.0007934812 0.0000000004
859 0.0000009131 -0.0004908314 0.0008198936 0.0000008680 -0.0004882962 0.0007934812 0.0000000007
860 0.0000009375 -0.0005024804 0.0008276525 0.0000008988 -0.0005188147 0.0007934812 0.0000000014
861 0.0000009627 -0.0005143979 0.0008355461 0.0000009481 -0.0005188147 0.0008239998 0.0000000002
862 0.0000009889 -0.0005265928 0.0008435785 0.0000009807 -0.0005493332 0.0008239998 0.0000000009
863 0.0000010161 -0.0005390739 0.0008517537 0.0000010320 -0.0005493332 0.0008545183 0.0000000001
864 0.0000010443 -0.0005518507 0.0008600760 0.0019532442 -0.0312509537 -0.0312509537 0.0019735532
865 0.0000010735 -0.0005649330 0.0008685498 0.0000010664 -0.0005798517 0.0008545183 0.0000000004
866 0.0000011039 -0.0005783310 0.0008771799 0.0000010664 -0.0005798517 0.0008545183 0.0000000005
867 0.0000011355 -0.0005920553 0.0008859711 0.0000011558 -0.0006103702 0.0008850368 0.0000000003
868 0.0000011683 -0.0006061173 0.0008949284 0.0000011558 -0.0006103702 0.0008850368 0.0000000001
869 0.0000012024 -0.0006205284 0.0009040571 0.0000011940 -0.0006408887 0.0008850368 0.0000000008
870 0.0000012378 -0.0006353009 0.0009133628 0.0000011940 -0.0006408887 0.0008850368 0.0000000008
871 0.0000012747 -0.0006504475 0.0009228511 0.0000012890 -0.0006714072 0.0009155553 0.0000000005
872 0.0000013131 -0.0006659816 0.0009325280 0.0000012890 -0.0006714072 0.0009155553 0.0000000003
873 0.0000013531 -0.0006819171 0.0009423999 0.0000013309 -0.0007019257 0.0009155553 0.0000000011
874 0.0000013948 -0.0006982687 0.0009524733 0.0000014315 -0.0007324442 0.0009460738 0.0000000012
875 0.0000014382 -0.0007150516 0.0009627550 0.0000014315 -0.0007324442 0.0009460738 0.0000000006
876 0.0000014835 -0.0007322819 0.0009732523 0.0000014315 -0.0007324442 0.0009460738 0.0000000007
877 0.0000015307 -0.0007499764 0.0009839728 0.0000014772 -0.0007629627 0.0009460738 0.0000000016
878 0.0000015799 -0.0007681530 0.0009949241 0.0000015833 -0.0007934812 0.0009765923 0.0000000010
879 0.0000016314 -0.0007868300 0.0010061148 0.0000015833 -0.0007934812 0.0009765923 0.0000000009
880 0.0000016851 -0.0008060271 0.0010175534 0.0019532442 -0.0312509537 -0.0312509537 0.0019681501
881 0.0000017412 -0.0008257647 0.0010292491 0.0000016932 -0.0008239998 0.0010071108 0.0000000005
882 0.0000017999 -0.0008460645 0.0010412115 0.0000018069 -0.0008545183 0.0010376293 0.0000000001
883 0.0000018614 -0.0008669491 0.0010534505 0.0000018600 -0.0008850368 0.0010376293 0.0000000006
884 0.0000019256 -0.0008884426 0.0010659770 0.0000019149 -0.0009155553 0.0010376293 0.0000000015
885 0.0000019930 -0.0009105701 0.0010788019 0.0000019792 -0.0009155553 0.0010681478 0.0000000001
886 0.0000020635 -0.0009333583 0.0010919371 0.0000020360 -0.0009460738 0.0010681478 0.0000000007
887 0.0000021374 -0.0009568353 0.0011053949 0.0000020947 -0.0009765923 0.0010681478 0.0000000018
888 0.0000022150 -0.0009810307 0.0011191885 0.0000022893 -0.0010071108 0.0011291849 0.0000000008
889 0.0000022964 -0.0010059760 0.0011333316 0.0000023517 -0.0010376293 0.0011291849 0.0000000010
890 0.0000023819 -0.0010317043 0.0011478388 0.0000024160 -0.0010681478 0.0011291849 0.0000000017
891 0.0000024718 -0.0010582508 0.0011627256 0.0000024160 -0.0010681478 0.0011291849 0.0000000012
892 0.0000025663 -0.0010856527 0.0011780082 0.0000025520 -0.0010986663 0.0011597034 0.0000000005
893 0.0000026658 -0.0011139495 0.0011937041 0.0000026917 -0.0011291849 0.0011902219 0.0000000002
894 0.0000027706 -0.0011431832 0.0012098314 0.0000027615 -0.0011597034 0.0011902219 0.0000000007
895 0.0000028809 -0.0011733981 0.0012264097 0.0000029804 -0.0012207404 0.0012207404 0.0000000023
896 0.0000029974 -0.0012046417 0.0012434596 0.0010604463 -0.0091555528 -0.0312509537 0.0011191039
897 0.0000031202 -0.0012369643 0.0012610031 0.0000031313 -0.0012512589 0.0012512589 0.0000000003
898 0.0000032500 -0.0012704196 0.0012790635 0.0000032086 -0.0012817774 0.0012512589 0.0000000009
899 0.0000033871 -0.0013050647 0.0012976658 0.0000033651 -0.0013122959 0.0012817774 0.0000000003
900 0.0000035322 -0.0013409608 0.0013168365 0.0000035253 -0.0013428144 0.0013122959 0.0000000000
901 0.0000036859 -0.0013781731 0.0013366039 0.0000036082 -0.0013733329 0.0013122959 0.0000000006
902 0.0000038487 -0.0014167713 0.0013569984 0.0000038606 -0.0014343699 0.0013428144 0.0000000005
903 0.0000040214 -0.0014568302 0.0013780522 0.0000040394 -0.0014954070 0.0013428144 0.0000000027
904 0.0000042047 -0.0014984299 0.0013998002 0.0000042145 -0.0015259255 0.0013733329 0.0000000015
905 0.0000043996 -0.0015416563 0.0014222794 0.0000043933 -0.0015564440 0.0014038514 0.0000000006
906 0.0000046069 -0.0015866019 0.0014455300 0.0000046737 -0.0016174810 0.0014343699 0.0000000011
907 0.0000048276 -0.0016333662 0.0014695947 0.0000048618 -0.0016479995 0.0014648885 0.0000000002
908 0.0000050629 -0.0016820562 0.0014945200 0.0000050667 -0.0017090365 0.0014648885 0.0000000016
909 0.0000053140 -0.0017327875 0.0015203557 0.0000053694 -0.0017700735 0.0014954070 0.0000000020
910 0.0000055824 -0.0017856853 0.0015471555 0.0000055706 -0.0018005921 0.0015259255 0.0000000007
911 0.0000058694 -0.0018408846 0.0015749779 0.0000058882 -0.0018616291 0.0015564440 0.0000000008
912 0.0000061769 -0.0018985320 0.0016038858 0.0014426881 -0.0218512528 -0.0310678426 0.0014655529
913 0.0000065066 -0.0019587866 0.0016339477 0.0000064312 -0.0019531846 0.0016174810 0.0000000003
914 0.0000068608 -0.0020218217 0.0016652380 0.0000067730 -0.0020142216 0.0016479995 0.0000000004
915 0.0000072417 -0.0020878256 0.0016978377 0.0000072517 -0.0021057772 0.0016785180 0.0000000007
916 0.0000076519 -0.0021570042 0.0017318351 0.0000076159 -0.0021668142 0.0017090365 0.0000000006
917 0.0000080945 -0.0022295825 0.0017673269 0.0000080965 -0.0022278512 0.0017700735 0.0000000000
918 0.0000085727 -0.0023058074 0.0018044187 0.0000085128 -0.0023194067 0.0017700735 0.0000000014
919 0.0000090902 -0.0023859495 0.0018432266 0.0000091657 -0.0024109622 0.0018311106 0.0000000008
920 0.0000096514 -0.0024703071 0.0018838785 0.0000095764 -0.0024719993 0.0018616291 0.0000000005
921 0.0000102610 -0.0025592089 0.0019265149 0.0000101520 -0.0025635548 0.0018921476 0.0000000012
922 0.0000109245 -0.0026530189 0.0019712916 0.0000108645 -0.0026551103 0.0019531846 0.0000000003
923 0.0000116481 -0.0027521401 0.0020183811 0.0000116478 -0.0027771844 0.0019837031 0.0000000018
924 0.0000124391 -0.0028570209 0.0020679750 0.0000124106 -0.0028687399 0.0020447401 0.0000000007
925 0.0000133056 -0.0029681611 0.0021202869 0.0000131976 -0.0029602954 0.0021057772 0.0000000003
926 0.0000142572 -0.0030861199 0.0021755556 0.0000142538 -0.0031128880 0.0021362957 0.0000000023
927 0.0000153049 -0.0032115242 0.0022340489 0.0000152933 -0.0032349620 0.0021973327 0.0000000019
928 0.0000164615 -0.0033450801 0.0022960681 0.0008630162 0.0293588061 0.0010376293 0.0010711278
929 0.0000177421 -0.0034875851 0.0023619535 0.0000178396 -0.0035096286 0.0023499252 0.0000000006
930 0.0000191643 -0.0036399437 0.0024320910 0.0000192246 -0.0036622211 0.0024109622 0.0000000009
931 0.0000207489 -0.0038031860 0.0025069199 0.0000206636 -0.0038148137 0.0024719993 0.0000000014
932 0.0000225207 -0.0039784898 0.0025869422 0.0000225552 -0.0039979247 0.0025635548 0.0000000009
933 0.0000245091 -0.0041672086 0.0026727349 0.0000245307 -0.0041810358 0.0026551103 0.0000000005
934 0.0000267498 -0.0043709055 0.0027649639 0.0000268573 -0.0043946654 0.0027466659 0.0000000009
935 0.0000292857 -0.0045913947 0.0028644022 0.0000292919 -0.0046082949 0.0028382214 0.0000000010
936 0.0000321691 -0.0048307951 0.0029719524 0.0000323096 -0.0048524430 0.0029602954 0.0000000006
937 0.0000354643 -0.0050915961 0.0030886744 0.0000357883 -0.0051271096 0.0030823695 0.0000000013
938 0.0000392509 -0.0053767428 0.0032158223 0.0000394476 -0.0054017762 0.0032044435 0.0000000008
939 0.0000436285 -0.0056897449 0.0033548902 0.0000436351 -0.0057069613 0.0033265175 0.0000000011
940 0.0000487228 -0.0060348187 0.0035076727 0.0000488313 -0.0060426649 0.0035096286 0.0000000001
941 0.0000546944 -0.0064170748 0.0036763450 0.0000548778 -0.0064394055 0.0036622211 0.0000000007
942 0.0000617506 -0.0068427679 0.0038635686 0.0000615195 -0.0068361461 0.0038453322 0.0000000004
943 0.0000701634 -0.0073196356 0.0040726361 0.0000701226 -0.0073244423 0.0040589618 0.0000000002
944 0.0000802942 -0.0078573664 0.0043076695 0.0014378123 0.0271309549 0.0264900662 0.0017162414
945 0.0000926319 -0.0084682548 0.0045738995 0.0000926583 -0.0084841456 0.0045472579 0.0000000010
946 0.0001078503 -0.0091681411 0.0048780646 0.0001076349 -0.0091860714 0.0048219245 0.0000000035
947 0.0001268987 -0.0099777886 0.0052289972 0.0001268259 -0.0099795526 0.0052186651 0.0000000001
948 0.0001511474 -0.0109249567 0.0056385053 0.0001515699 -0.0109561449 0.0056154057 0.0000000015
949 0.0001826331 -0.0120476190 0.0061227409 0.0001825737 -0.0120548112 0.0061037019 0.0000000004
950 0.0002244858 -0.0133991364 0.0067044002 0.0002241663 -0.0133976257 0.0066835536 0.0000000004
951 0.0002817143 -0.0150569285 0.0074164118 0.0002822871 -0.0150761437 0.0074159978 0.0000000004
952 0.0003627328 -0.0171377556 0.0083084358 0.0003630778 -0.0171514023 0.0083010346 0.0000000002
953 0.0004825572 -0.0198263422 0.0094590375 0.0004824368 -0.0198370312 0.0094302194 0.0000000009
954 0.0006701237 -0.0234332484 0.0110002999 0.0006714882 -0.0234687338 0.0109866634 0.0000000014
955 0.0009871405 -0.0285240120 0.0131727480 0.0009855084 -0.0285042879 0.0131534776 0.0000000008
956 0.0015850558 -0.0362484067 0.0164653817 0.0012472074 -0.0312509537 0.0164494766 0.0000249748
957 0.0029222950 -0.0493575659 0.0220482576 0.0014621353 -0.0312509537 0.0220343638 0.0003278496
958 0.0069777539 -0.0764811194 0.0335915511 0.0019513377 -0.0312509537 0.0312204352 0.0020513901
959 0.0326276884 -0.1658341679 0.0716010977 0.0019513377 -0.0312509537 0.0312204352 0.0197432394
960 1.5365602526 1.1410901785 -0.4842245936 0.0019513377 0.0312204352 -0.0312509537 1.4369959656
961 0.0200798623 0.1307885729 -0.0545363314 0.0009825829 -0.0024414808 -0.0312509537 0.0182924560
962 0.0057267081 0.0700271236 -0.0286864093 0.0017976824 0.0312204352 -0.0286873989 0.0015059591
963 0.0026905744 0.0481216769 -0.0193617820 0.0013490891 0.0312204352 -0.0193487350 0.0002856521
964 0.0015685235 0.0368339678 -0.0145527412 0.0011866314 0.0312204352 -0.0145573290 0.0000315118
965 0.0010321169 0.0299524619 -0.0116175246 0.0010315232 0.0299386578 -0.0116275521 0.0000000003
966 0.0007340158 0.0253201538 -0.0096387567 0.0007330859 0.0252998444 -0.0096438490 0.0000000004
967 0.0005510488 0.0219904810 -0.0082138623 0.0005502226 0.0219733268 -0.0082094790 0.0000000003
968 0.0004305325 0.0194827109 -0.0071383828 0.0004301110 0.0194708090 -0.0071413312 0.0000000002
969 0.0003468458 0.0175267758 -0.0062974551 0.0003467758 0.0175176244 -0.0063173315 0.0000000005
970 0.0002863005 0.0159592716 -0.0056215801 0.0002862921 0.0159611805 -0.0056154057 0.0000000000
971 0.0002410380 0.0146755319 -0.0050662395 0.0002402549 0.0146488845 -0.0050660726 0.0000000007
972 0.0002062820 0.0136054127 -0.0046015972 0.0002056728 0.0135807367 -0.0046082949 0.0000000007
973 0.0001789917 0.0127001437 -0.0042069073 0.0001781440 0.0126651814 -0.0042115543 0.0000000012
974 0.0001571560 0.0119247643 -0.0038672968 0.0001566850 0.0119022187 -0.0038758507 0.0000000006
975 0.0001394005 0.0112535594 -0.0035718248 0.0001395672 0.0112613300 -0.0035706656 0.0000000001
976 0.0001247601 0.0106671930 -0.0033122633 0.0006167380 0.0051576281 -0.0242927335 0.0004705354
977 0.0001125403 0.0101508462 -0.0030823052 0.0001121614 0.0101321451 -0.0030823695 0.0000000003
978 0.0001022310 0.0096929712 -0.0028770344 0.0001019991 0.0096743675 -0.0028992584 0.0000000008
979 0.0000934507 0.0092844367 -0.0026925625 0.0000928865 0.0092471084 -0.0027161473 0.0000000019
980 0.0000859090 0.0089179272 -0.0025257729 0.0000858294 0.0089114048 -0.0025330363 0.0000000001
981 0.0000793819 0.0085875137 -0.0023741387 0.0000792092 0.0085757012 -0.0023804437 0.0000000002
982 0.0000736944 0.0082883401 -0.0022355892 0.0000735017 0.0082705161 -0.0022583697 0.0000000008
983 0.0000687079 0.0080163919 -0.0021084112 0.0000683679 0.0079958495 -0.0021057772 0.0000000004
984 0.0000643116 0.0077683212 -0.0019911748 0.0000641460 0.0077517014 -0.0020142216 0.0000000008
985 0.0000604159 0.0075413147 -0.0018826772 0.0000599436 0.0075075533 -0.0018921476 0.0000000012
986 0.0000569479 0.0073329909 -0.0017818993 0.0000568896 0.0073244423 -0.0018005921 0.0000000004
987 0.0000538477 0.0071413211 -0.0016879716 0.0000538160 0.0071413312 -0.0016785180 0.0000000001
988 0.0000510657 0.0069645665 -0.0016001474 0.0000510331 0.0069582202 -0.0016174810 0.0000000003
989 0.0000485604 0.0068012284 -0.0015177821 0.0000481383 0.0067751091 -0.0014954070 0.0000000012
990 0.0000462971 0.0066500088 -0.0014403162 0.0000460036 0.0066225166 -0.0014648885 0.0000000014
991 0.0000442466 0.0065097777 -0.0013672612 0.0000442266 0.0065004425 -0.0014038514 0.0000000014
992 0.0000423839 0.0063795476 -0.0012981888 0.0011339517 -0.0125431074 -0.0312509537 0.0012552350
993 0.0000406878 0.0062584516 -0.0012327220 0.0000403259 0.0062257759 -0.0012512589 0.0000000014
994 0.0000391401 0.0061457262 -0.0011705270 0.0000390453 0.0061342204 -0.0011902219 0.0000000005
995 0.0000377250 0.0060406963 -0.0011113074 0.0000377889 0.0060426649 -0.0011291849 0.0000000003
996 0.0000364290 0.0059427633 -0.0010547991 0.0000361943 0.0059205908 -0.0010681478 0.0000000007
997 0.0000352404 0.0058513949 -0.0010007653 0.0000350543 0.0058290353 -0.0010376293 0.0000000019
998 0.0000341487 0.0057661163 -0.0009489937 0.0000338137 0.0057374798 -0.0009460738 0.0000000008
999 0.0000331450 0.0056865031 -0.0008992927 0.0000330602 0.0056764428 -0.0009155553 0.0000000004
1000 0.0000322215 0.0056121751 -0.0008514892 0.0000319212 0.0055848872 -0.0008545183 0.0000000008
1001 0.0000313712 0.0055427910 -0.0008054258 0.0000311919 0.0055238502 -0.0008239998 0.0000000007
1002 0.0000305880 0.0054780440 -0.0007609594 0.0000304719 0.0054628132 -0.0007934812 0.0000000013
1003 0.0000298665 0.0054176577 -0.0007179592 0.0000297157 0.0054017762 -0.0007324442 0.0000000005
1004 0.0000292018 0.0053613830 -0.0006763056 0.0000290162 0.0053407392 -0.0007019257 0.0000000011
1005 0.0000285898 0.0053089950 -0.0006358882 0.0000282860 0.0052797021 -0.0006408887 0.0000000009
1006 0.0000280266 0.0052602907 -0.0005966056 0.0000276452 0.0052186651 -0.0006408887 0.0000000037
1007 0.0000275089 0.0052150867 -0.0005583637 0.0000272531 0.0051881466 -0.0005798517 0.0000000012
1008 0.0000270337 0.0051732175 -0.0005210754 0.0009768047 -0.0004272591 -0.0312509537 0.0009756908
1009 0.0000265983 0.0051345333 -0.0004846594 0.0000265257 0.0051271096 -0.0004882962 0.0000000001
1010 0.0000262004 0.0050988994 -0.0004490399 0.0000258747 0.0050660726 -0.0004577776 0.0000000012
1011 0.0000258378 0.0050661941 -0.0004141455 0.0000255394 0.0050355541 -0.0004272591 0.0000000011
1012 0.0000255087 0.0050363084 -0.0003799094 0.0000255142 0.0050355541 -0.0003967406 0.0000000003
1013 0.0000252114 0.0050091441 -0.0003462684 0.0000248799 0.0049745170 -0.0003662221 0.0000000016
1014 0.0000249444 0.0049846140 -0.0003131624 0.0000248390 0.0049745170 -0.0003051851 0.0000000002
1015 0.0000247065 0.0049626403 -0.0002805344 0.0000245363 0.0049439985 -0.0003051851 0.0000000010
1016 0.0000244964 0.0049431545 -0.0002483299 0.0000242177 0.0049134800 -0.0002746666 0.0000000016
1017 0.0000243133 0.0049260965 -0.0002164967 0.0000241879 0.0049134800 -0.0002136296 0.0000000002
1018 0.0000241562 0.0049114145 -0.0001849843 0.0000238890 0.0048829615 -0.0002136296 0.0000000016
1019 0.0000240245 0.0048990642 -0.0001537440 0.0000241758 0.0049134800 -0.0001831111 0.0000000011
1020 0.0000239175 0.0048890088 -0.0001227284 0.0000238666 0.0048829615 -0.0001525925 0.0000000009
1021 0.0000238347 0.0048812184 -0.0000918913 0.0000238517 0.0048829615 -0.0000915555 0.0000000000
1022 0.0000237759 0.0048756701 -0.0000611872 0.0000235499 0.0048524430 -0.0000610370 0.0000000005
1023 0.0000237407 0.0048723476 -0.0000305716 0.0000235471 0.0048524430 -0.0000305185 0.0000000004
