#int double real img int16 real16 img16 error
0 0.0000023729 0.0015404217 0.0000000000 0.0000003018 0.0005493332 0.0000000000 0.0000009823
1 0.0000023741 0.0015407716 0.0000096676 0.0000023881 0.0015259255 -0.0002441481 0.0000000646
2 0.0000023776 0.0015418223 0.0000193491 0.0000019857 0.0014038514 -0.0001220740 0.0000000390
3 0.0000023835 0.0015435768 0.0000290586 0.0000023881 0.0015259255 -0.0002441481 0.0000000750
4 0.0000023917 0.0015460403 0.0000388101 0.0000024234 0.0015564440 -0.0000305185 0.0000000049
5 0.0000024024 0.0015492201 0.0000486181 0.0000023294 0.0015259255 -0.0000305185 0.0000000068
6 0.0000024156 0.0015531256 0.0000584972 0.0000023294 0.0015259255 -0.0000305185 0.0000000087
7 0.0000024313 0.0015577685 0.0000684623 0.0000023284 0.0015259255 0.0000000000 0.0000000057
8 0.0000024496 0.0015631627 0.0000785288 0.0000022372 0.0014954070 0.0000305185 0.0000000069
9 0.0000024706 0.0015693247 0.0000887128 0.0000024234 0.0015564440 0.0000305185 0.0000000036
10 0.0000024944 0.0015762733 0.0000990306 0.0000024234 0.0015564440 0.0000305185 0.0000000051
11 0.0000025211 0.0015840305 0.0001094997 0.0000024234 0.0015564440 0.0000305185 0.0000000070
12 0.0000025509 0.0015926205 0.0001201379 0.0000024234 0.0015564440 0.0000305185 0.0000000093
13 0.0000025838 0.0016020713 0.0001309643 0.0000025222 0.0015869625 0.0000610370 0.0000000051
14 0.0000026200 0.0016124136 0.0001419989 0.0000025222 0.0015869625 0.0000610370 0.0000000072
15 0.0000026598 0.0016236820 0.0001532628 0.0000025222 0.0015869625 0.0000610370 0.0000000099
16 0.0000027034 0.0016359150 0.0001647785 0.0000026395 0.0016174810 0.0001525925 0.0000000005
17 0.0000027509 0.0016491552 0.0001765701 0.0000026395 0.0016174810 0.0001525925 0.0000000016
18 0.0000028027 0.0016634500 0.0001886633 0.0000027392 0.0016479995 0.0001525925 0.0000000015
19 0.0000028590 0.0016788516 0.0002010855 0.0000028510 0.0016785180 0.0001831111 0.0000000003
20 0.0000029202 0.0016954182 0.0002138666 0.0000028510 0.0016785180 0.0001831111 0.0000000012
21 0.0000029866 0.0017132138 0.0002270386 0.0000029543 0.0017090365 0.0001831111 0.0000000019
22 0.0000030588 0.0017323096 0.0002406365 0.0000029664 0.0017090365 0.0002136296 0.0000000013
23 0.0000031371 0.0017527844 0.0002546980 0.0000030857 0.0017395550 0.0002441481 0.0000000003
24 0.0000032222 0.0017747256 0.0002692645 0.0000031928 0.0017700735 0.0002441481 0.0000000007
25 0.0000033145 0.0017982302 0.0002843813 0.0000031928 0.0017700735 0.0002441481 0.0000000024
26 0.0000034149 0.0018234061 0.0003000982 0.0000033176 0.0018005921 0.0002746666 0.0000000012
27 0.0000035240 0.0018503735 0.0003164698 0.0000034284 0.0018311106 0.0002746666 0.0000000021
28 0.0000036429 0.0018792668 0.0003335567 0.0000035588 0.0018616291 0.0003051851 0.0000000011
29 0.0000037725 0.0019102359 0.0003514263 0.0000036929 0.0018921476 0.0003357036 0.0000000006
30 0.0000039140 0.0019434493 0.0003701531 0.0000038093 0.0019226661 0.0003357036 0.0000000016
31 0.0000040688 0.0019790962 0.0003898209 0.0000040692 0.0019837031 0.0003662221 0.0000000006
32 0.0000042384 0.0020173901 0.0004105234 0.0000042145 0.0020142216 0.0003967406 0.0000000002
33 0.0000044247 0.0020585725 0.0004323659 0.0000042145 0.0020142216 0.0003967406 0.0000000032
34 0.0000046297 0.0021029174 0.0004554680 0.0000044892 0.0020752586 0.0004272591 0.0000000016
35 0.0000048560 0.0021507373 0.0004799648 0.0000047733 0.0021362957 0.0004577776 0.0000000007
36 0.0000051066 0.0022023893 0.0005060110 0.0000049335 0.0021668142 0.0004882962 0.0000000016
37 0.0000053848 0.0022582840 0.0005337835 0.0000052018 0.0022278512 0.0004882962 0.0000000030
38 0.0000056948 0.0023188953 0.0005634860 0.0000055082 0.0022888882 0.0005188147 0.0000000029
39 0.0000060416 0.0023847731 0.0005953548 0.0000058584 0.0023499252 0.0005798517 0.0000000015
40 0.0000064312 0.0024565589 0.0006296647 0.0000063334 0.0024414808 0.0006103702 0.0000000006
41 0.0000068708 0.0025350057 0.0006667382 0.0000066733 0.0025025178 0.0006408887 0.0000000017
42 0.0000073694 0.0026210033 0.0007069554 0.0000073393 0.0026245918 0.0006714072 0.0000000013
43 0.0000079382 0.0027156103 0.0007507686 0.0000078702 0.0027161473 0.0007019257 0.0000000024
44 0.0000085909 0.0028200962 0.0007987195 0.0000084653 0.0028077029 0.0007629627 0.0000000014
45 0.0000093451 0.0029359967 0.0008514630 0.0000092626 0.0029297769 0.0008239998 0.0000000008
46 0.0000102231 0.0030651866 0.0009097982 0.0000100971 0.0030518509 0.0008850368 0.0000000008
47 0.0000112540 0.0032099794 0.0009747105 0.0000111635 0.0032044435 0.0009460738 0.0000000009
48 0.0000124760 0.0033732626 0.0010474296 0.0000122840 0.0033570360 0.0010071108 0.0000000019
49 0.0000139401 0.0035586880 0.0011295102 0.0000139567 0.0035706656 0.0010986663 0.0000000011
50 0.0000157156 0.0037709416 0.0012229466 0.0000155075 0.0037537767 0.0011902219 0.0000000014
51 0.0000178992 0.0040161381 0.0013303409 0.0000174624 0.0039674062 0.0013122959 0.0000000027
52 0.0000206282 0.0043024093 0.0014551528 0.0000202258 0.0042725913 0.0014038514 0.0000000035
53 0.0000241038 0.0046408107 0.0016020856 0.0000236589 0.0046082949 0.0015564440 0.0000000031
54 0.0000286301 0.0050467648 0.0017776997 0.0000283829 0.0050355541 0.0017395550 0.0000000016
55 0.0000346846 0.0055424532 0.0019914302 0.0000343279 0.0055238502 0.0019531846 0.0000000018
56 0.0000430533 0.0061609741 0.0022573548 0.0000425920 0.0061342204 0.0022278512 0.0000000016
57 0.0000551049 0.0069540007 0.0025974513 0.0000545649 0.0069277017 0.0025635548 0.0000000018
58 0.0000734016 0.0080069357 0.0030480425 0.0000728786 0.0079958495 0.0029908139 0.0000000034
59 0.0001032117 0.0094718001 0.0036737838 0.0001021183 0.0094302194 0.0036317026 0.0000000035
60 0.0001568523 0.0116479233 0.0046019808 0.0001561560 0.0116275521 0.0045777764 0.0000000010
61 0.0002690574 0.0152174104 0.0061227331 0.0002669427 0.0151676992 0.0060731834 0.0000000049
62 0.0005726708 0.0221445209 0.0090714391 0.0005711600 0.0221259194 0.0090334788 0.0000000018
63 0.0020079862 0.0413589782 0.0172459022 0.0012699340 0.0312204352 0.0171819208 0.0001027941
64 0.1536560253 0.3608443980 0.1531252615 0.0005718614 0.0217596973 0.0099185156 0.1354866063
65 0.0032627688 -0.0524413684 -0.0226422552 0.0014894061 -0.0312509537 -0.0226447340 0.0004490337
66 0.0006977754 -0.0241854535 -0.0106225811 0.0006991400 -0.0242011780 -0.0106509598 0.0000000011
67 0.0002922295 -0.0156082328 -0.0069722713 0.0002920452 -0.0155949583 -0.0069887387 0.0000000004
68 0.0001585056 -0.0114627527 -0.0052068109 0.0001589092 -0.0114749596 -0.0052186651 0.0000000003
69 0.0000987141 -0.0090200846 -0.0041655887 0.0000985344 -0.0090029603 -0.0041810358 0.0000000005
70 0.0000670124 -0.0074102438 -0.0034786003 0.0000671012 -0.0074159978 -0.0034791101 0.0000000000
71 0.0000482557 -0.0062696399 -0.0029912103 0.0000486525 -0.0062868130 -0.0030213324 0.0000000012
72 0.0000362733 -0.0054194342 -0.0026273581 0.0000363983 -0.0054322947 -0.0026245918 0.0000000002
73 0.0000281714 -0.0047614189 -0.0023452753 0.0000284797 -0.0047914060 -0.0023499252 0.0000000009
74 0.0000224486 -0.0042371790 -0.0021201175 0.0000225589 -0.0042420728 -0.0021362957 0.0000000003
75 0.0000182633 -0.0038097917 -0.0019361807 0.0000183677 -0.0038148137 -0.0019531846 0.0000000003
76 0.0000151147 -0.0034547746 -0.0017830519 0.0000151349 -0.0034485916 -0.0018005921 0.0000000003
77 0.0000126899 -0.0031552538 -0.0016535541 0.0000125969 -0.0031434065 -0.0016479995 0.0000000002
78 0.0000107850 -0.0028992208 -0.0015425795 0.0000111020 -0.0029297769 -0.0015869625 0.0000000029
79 0.0000092632 -0.0026778973 -0.0014463940 0.0000091955 -0.0026551103 -0.0014648885 0.0000000009
80 0.0000080294 -0.0024847174 -0.0013622047 0.0000081486 -0.0025025178 -0.0013733329 0.0000000004
81 0.0000070163 -0.0023146720 -0.0012878806 0.0000071018 -0.0023194067 -0.0013122959 0.0000000006
82 0.0000061751 -0.0021638732 -0.0012217677 0.0000061853 -0.0021668142 -0.0012207404 0.0000000000
83 0.0000054694 -0.0020292572 -0.0011625624 0.0000055976 -0.0020447401 -0.0011902219 0.0000000010
84 0.0000048723 -0.0019083772 -0.0011092235 0.0000049717 -0.0019226661 -0.0011291849 0.0000000006
85 0.0000043628 -0.0017992553 -0.0010609094 0.0000042741 -0.0017700735 -0.0010681478 0.0000000009
86 0.0000039251 -0.0017002754 -0.0010169323 0.0000039975 -0.0017090365 -0.0010376293 0.0000000005
87 0.0000035464 -0.0016101041 -0.0009767246 0.0000035700 -0.0016174810 -0.0009765923 0.0000000001
88 0.0000032169 -0.0015276315 -0.0009398139 0.0000033176 -0.0015564440 -0.0009460738 0.0000000009
89 0.0000029286 -0.0014519265 -0.0009058035 0.0000030410 -0.0014648885 -0.0009460738 0.0000000018
90 0.0000026750 -0.0013822017 -0.0008743584 0.0000027541 -0.0014038514 -0.0008850368 0.0000000006
91 0.0000024509 -0.0013177871 -0.0008451930 0.0000025054 -0.0013122959 -0.0008850368 0.0000000016
92 0.0000022521 -0.0012581089 -0.0008180629 0.0000023219 -0.0012817774 -0.0008239998 0.0000000006
93 0.0000020749 -0.0012026730 -0.0007927577 0.0000021198 -0.0012207404 -0.0007934812 0.0000000003
94 0.0000019164 -0.0011510513 -0.0007690947 0.0000019270 -0.0011597034 -0.0007629627 0.0000000001
95 0.0000017742 -0.0011028712 -0.0007469153 0.0000018572 -0.0011291849 -0.0007629627 0.0000000009
96 0.0000016461 -0.0010578072 -0.0007260805 0.0000016774 -0.0010681478 -0.0007324442 0.0000000001
97 0.0000015305 -0.0010155731 -0.0007064683 0.0000015070 -0.0010071108 -0.0007019257 0.0000000001
98 0.0000014257 -0.0009759168 -0.0006879711 0.0000014464 -0.0009765923 -0.0007019257 0.0000000002
99 0.0000013306 -0.0009386150 -0.0006704936 0.0000013878 -0.0009460738 -0.0007019257 0.0000000010
100 0.0000012439 -0.0009034693 -0.0006539511 0.0000012890 -0.0009155553 -0.0006714072 0.0000000005
101 0.0000011648 -0.0008703031 -0.0006382682 0.0000011940 -0.0008850368 -0.0006408887 0.0000000002
102 0.0000010924 -0.0008389582 -0.0006233772 0.0000011409 -0.0008545183 -0.0006408887 0.0000000005
103 0.0000010261 -0.0008092929 -0.0006092175 0.0000010515 -0.0008239998 -0.0006103702 0.0000000002
104 0.0000009651 -0.0007811797 -0.0005957347 0.0000010022 -0.0007934812 -0.0006103702 0.0000000004
105 0.0000009090 -0.0007545035 -0.0005828794 0.0000009183 -0.0007629627 -0.0005798517 0.0000000001
106 0.0000008573 -0.0007291603 -0.0005706073 0.0000008727 -0.0007324442 -0.0005798517 0.0000000001
107 0.0000008094 -0.0007050559 -0.0005588778 0.0000008727 -0.0007324442 -0.0005798517 0.0000000012
108 0.0000007652 -0.0006821046 -0.0005476543 0.0000007945 -0.0007019257 -0.0005493332 0.0000000004
109 0.0000007242 -0.0006602284 -0.0005369034 0.0000007870 -0.0006714072 -0.0005798517 0.0000000020
110 0.0000006861 -0.0006393561 -0.0005265945 0.0000006799 -0.0006408887 -0.0005188147 0.0000000001
111 0.0000006507 -0.0006194227 -0.0005166996 0.0000007125 -0.0006408887 -0.0005493332 0.0000000015
112 0.0000006177 -0.0006003685 -0.0005071932 0.0000006417 -0.0006103702 -0.0005188147 0.0000000002
113 0.0000005869 -0.0005821388 -0.0004980517 0.0000005747 -0.0005798517 -0.0004882962 0.0000000001
114 0.0000005582 -0.0005646833 -0.0004892535 0.0000006054 -0.0005798517 -0.0005188147 0.0000000011
115 0.0000005314 -0.0005479555 -0.0004807787 0.0000005747 -0.0005798517 -0.0004882962 0.0000000011
116 0.0000005063 -0.0005319129 -0.0004726087 0.0000005402 -0.0005493332 -0.0004882962 0.0000000005
117 0.0000004828 -0.0005165157 -0.0004647267 0.0000005076 -0.0005188147 -0.0004882962 0.0000000006
118 0.0000004607 -0.0005017276 -0.0004571167 0.0000004787 -0.0005188147 -0.0004577776 0.0000000003
119 0.0000004400 -0.0004875145 -0.0004497642 0.0000004769 -0.0004882962 -0.0004882962 0.0000000015
120 0.0000004205 -0.0004738451 -0.0004426557 0.0000004480 -0.0004882962 -0.0004577776 0.0000000004
121 0.0000004021 -0.0004606902 -0.0004357784 0.0000004191 -0.0004577776 -0.0004577776 0.0000000005
122 0.0000003849 -0.0004480224 -0.0004291206 0.0000004191 -0.0004577776 -0.0004577776 0.0000000009
123 0.0000003686 -0.0004358166 -0.0004226713 0.0000003921 -0.0004577776 -0.0004272591 0.0000000005
124 0.0000003532 -0.0004240490 -0.0004164203 0.0000003651 -0.0004272591 -0.0004272591 0.0000000001
125 0.0000003387 -0.0004126977 -0.0004103580 0.0000003651 -0.0004272591 -0.0004272591 0.0000000005
126 0.0000003250 -0.0004017419 -0.0004044754 0.0000003400 -0.0004272591 -0.0003967406 0.0000000007
127 0.0000003120 -0.0003911625 -0.0003987642 0.0000003400 -0.0003967406 -0.0004272591 0.0000000008
128 0.0000002997 -0.0003809411 -0.0003932165 0.0001674406 -0.0000305185 0.0129398480 0.0001778934
129 0.0000002881 -0.0003710611 -0.0003878248 0.0000003148 -0.0003967406 -0.0003967406 0.0000000007
130 0.0000002771 -0.0003615063 -0.0003825823 0.0000002915 -0.0003662221 -0.0003967406 0.0000000002
131 0.0000002666 -0.0003522618 -0.0003774824 0.0000002915 -0.0003662221 -0.0003967406 0.0000000006
132 0.0000002566 -0.0003433135 -0.0003725189 0.0000002682 -0.0003662221 -0.0003662221 0.0000000006
133 0.0000002472 -0.0003346483 -0.0003676861 0.0000002701 -0.0003357036 -0.0003967406 0.0000000008
134 0.0000002382 -0.0003262536 -0.0003629785 0.0000002701 -0.0003357036 -0.0003967406 0.0000000012
135 0.0000002296 -0.0003181175 -0.0003583909 0.0000002915 -0.0003662221 -0.0003967406 0.0000000038
136 0.0000002215 -0.0003102292 -0.0003539185 0.0000002468 -0.0003357036 -0.0003662221 0.0000000008
137 0.0000002137 -0.0003025779 -0.0003495566 0.0000002468 -0.0003357036 -0.0003662221 0.0000000014
138 0.0000002063 -0.0002951538 -0.0003453008 0.0000002058 -0.0003051851 -0.0003357036 0.0000000002
139 0.0000001993 -0.0002879476 -0.0003411471 0.0000002058 -0.0003051851 -0.0003357036 0.0000000003
140 0.0000001926 -0.0002809502 -0.0003370915 0.0000001881 -0.0002746666 -0.0003357036 0.0000000000
141 0.0000001861 -0.0002741534 -0.0003331303 0.0000002096 -0.0002746666 -0.0003662221 0.0000000011
142 0.0000001800 -0.0002675491 -0.0003292600 0.0000001881 -0.0002746666 -0.0003357036 0.0000000001
143 0.0000001741 -0.0002611297 -0.0003254771 0.0000002096 -0.0002746666 -0.0003662221 0.0000000018
144 0.0000001685 -0.0002548881 -0.0003217786 0.0000001881 -0.0002746666 -0.0003357036 0.0000000006
145 0.0000001631 -0.0002488175 -0.0003181614 0.0000001723 -0.0002441481 -0.0003357036 0.0000000003
146 0.0000001580 -0.0002429113 -0.0003146226 0.0000001723 -0.0002441481 -0.0003357036 0.0000000004
147 0.0000001531 -0.0002371634 -0.0003111595 0.0000001881 -0.0002746666 -0.0003357036 0.0000000020
148 0.0000001483 -0.0002315679 -0.0003077694 0.0000001527 -0.0002441481 -0.0003051851 0.0000000002
149 0.0000001438 -0.0002261192 -0.0003044499 0.0000001527 -0.0002441481 -0.0003051851 0.0000000003
150 0.0000001395 -0.0002208119 -0.0003011985 0.0000001527 -0.0002441481 -0.0003051851 0.0000000006
151 0.0000001353 -0.0002156411 -0.0002980130 0.0000001527 -0.0002441481 -0.0003051851 0.0000000009
152 0.0000001313 -0.0002106019 -0.0002948912 0.0000001388 -0.0002136296 -0.0003051851 0.0000000001
153 0.0000001275 -0.0002056896 -0.0002918311 0.0000001388 -0.0002136296 -0.0003051851 0.0000000002
154 0.0000001238 -0.0002008998 -0.0002888307 0.0000001388 -0.0002136296 -0.0003051851 0.0000000004
155 0.0000001202 -0.0001962283 -0.0002858880 0.0000001211 -0.0002136296 -0.0002746666 0.0000000004
156 0.0000001168 -0.0001916711 -0.0002830012 0.0000001388 -0.0002136296 -0.0003051851 0.0000000010
157 0.0000001135 -0.0001872243 -0.0002801687 0.0000001388 -0.0002136296 -0.0003051851 0.0000000013
158 0.0000001104 -0.0001828843 -0.0002773886 0.0000001211 -0.0002136296 -0.0002746666 0.0000000010
159 0.0000001074 -0.0001786475 -0.0002746596 0.0000001267 -0.0001831111 -0.0003051851 0.0000000010
160 0.0000001044 -0.0001745105 -0.0002719799 0.0000001211 -0.0002136296 -0.0002746666 0.0000000015
161 0.0000001016 -0.0001704701 -0.0002693482 0.0000001090 -0.0001831111 -0.0002746666 0.0000000002
162 0.0000000989 -0.0001665233 -0.0002667629 0.0000001090 -0.0001831111 -0.0002746666 0.0000000003
163 0.0000000963 -0.0001626669 -0.0002642229 0.0000001090 -0.0001831111 -0.0002746666 0.0000000005
164 0.0000000937 -0.0001588982 -0.0002617267 0.0000001090 -0.0001831111 -0.0002746666 0.0000000008
165 0.0000000913 -0.0001552145 -0.0002592731 0.0000001090 -0.0001831111 -0.0002746666 0.0000000010
166 0.0000000890 -0.0001516131 -0.0002568609 0.0000000987 -0.0001525925 -0.0002746666 0.0000000003
167 0.0000000867 -0.0001480915 -0.0002544890 0.0000000987 -0.0001525925 -0.0002746666 0.0000000004
168 0.0000000845 -0.0001446472 -0.0002521562 0.0000000829 -0.0001525925 -0.0002441481 0.0000000001
169 0.0000000824 -0.0001412780 -0.0002498615 0.0000000987 -0.0001525925 -0.0002746666 0.0000000007
170 0.0000000803 -0.0001379816 -0.0002476038 0.0000000987 -0.0001525925 -0.0002746666 0.0000000009
171 0.0000000784 -0.0001347559 -0.0002453822 0.0000000987 -0.0001525925 -0.0002746666 0.0000000012
172 0.0000000765 -0.0001315987 -0.0002431956 0.0000000987 -0.0001525925 -0.0002746666 0.0000000014
173 0.0000000746 -0.0001285081 -0.0002410432 0.0000000829 -0.0001525925 -0.0002441481 0.0000000006
174 0.0000000728 -0.0001254822 -0.0002389240 0.0000000745 -0.0001220740 -0.0002441481 0.0000000000
175 0.0000000711 -0.0001225191 -0.0002368372 0.0000000829 -0.0001525925 -0.0002441481 0.0000000010
176 0.0000000694 -0.0001196171 -0.0002347820 0.0000000745 -0.0001220740 -0.0002441481 0.0000000001
177 0.0000000678 -0.0001167744 -0.0002327576 0.0000000745 -0.0001220740 -0.0002441481 0.0000000002
178 0.0000000662 -0.0001139893 -0.0002307631 0.0000000903 -0.0001220740 -0.0002746666 0.0000000020
179 0.0000000647 -0.0001112604 -0.0002287979 0.0000000745 -0.0001220740 -0.0002441481 0.0000000004
180 0.0000000633 -0.0001085859 -0.0002268612 0.0000000745 -0.0001220740 -0.0002441481 0.0000000005
181 0.0000000618 -0.0001059646 -0.0002249524 0.0000000605 -0.0001220740 -0.0002136296 0.0000000004
182 0.0000000605 -0.0001033949 -0.0002230707 0.0000000745 -0.0001220740 -0.0002441481 0.0000000008
183 0.0000000591 -0.0001008754 -0.0002212155 0.0000000745 -0.0001220740 -0.0002441481 0.0000000010
184 0.0000000578 -0.0000984048 -0.0002193861 0.0000000745 -0.0001220740 -0.0002441481 0.0000000012
185 0.0000000566 -0.0000959818 -0.0002175820 0.0000000745 -0.0001220740 -0.0002441481 0.0000000014
186 0.0000000553 -0.0000936053 -0.0002158026 0.0000000540 -0.0000915555 -0.0002136296 0.0000000000
187 0.0000000541 -0.0000912739 -0.0002140472 0.0000000540 -0.0000915555 -0.0002136296 0.0000000000
188 0.0000000530 -0.0000889865 -0.0002123154 0.0000000745 -0.0001220740 -0.0002441481 0.0000000021
189 0.0000000519 -0.0000867419 -0.0002106066 0.0000000540 -0.0000915555 -0.0002136296 0.0000000000
190 0.0000000508 -0.0000845392 -0.0002089202 0.0000000745 -0.0001220740 -0.0002441481 0.0000000026
191 0.0000000497 -0.0000823772 -0.0002072558 0.0000000419 -0.0000915555 -0.0001831111 0.0000000007
192 0.0000000487 -0.0000802550 -0.0002056129 0.0009839996 -0.0312509537 -0.0027161473 0.0009779152
193 0.0000000477 -0.0000781714 -0.0002039910 0.0000000745 -0.0001220740 -0.0002441481 0.0000000035
194 0.0000000468 -0.0000761257 -0.0002023896 0.0000000540 -0.0000915555 -0.0002136296 0.0000000004
195 0.0000000458 -0.0000741168 -0.0002008083 0.0000000680 -0.0000915555 -0.0002441481 0.0000000022
196 0.0000000449 -0.0000721438 -0.0001992467 0.0000000540 -0.0000915555 -0.0002136296 0.0000000006
197 0.0000000440 -0.0000702060 -0.0001977043 0.0000000540 -0.0000915555 -0.0002136296 0.0000000007
198 0.0000000432 -0.0000683024 -0.0001961807 0.0000000540 -0.0000915555 -0.0002136296 0.0000000008
199 0.0000000423 -0.0000664322 -0.0001946755 0.0000000540 -0.0000915555 -0.0002136296 0.0000000010
200 0.0000000415 -0.0000645947 -0.0001931884 0.0000000540 -0.0000915555 -0.0002136296 0.0000000011
201 0.0000000407 -0.0000627890 -0.0001917189 0.0000000540 -0.0000915555 -0.0002136296 0.0000000013
202 0.0000000399 -0.0000610145 -0.0001902668 0.0000000419 -0.0000915555 -0.0001831111 0.0000000010
203 0.0000000392 -0.0000592704 -0.0001888316 0.0000000494 -0.0000610370 -0.0002136296 0.0000000006
204 0.0000000384 -0.0000575560 -0.0001874130 0.0000000494 -0.0000610370 -0.0002136296 0.0000000007
205 0.0000000377 -0.0000558706 -0.0001860106 0.0000000494 -0.0000610370 -0.0002136296 0.0000000008
206 0.0000000370 -0.0000542136 -0.0001846242 0.0000000494 -0.0000610370 -0.0002136296 0.0000000009
207 0.0000000363 -0.0000525844 -0.0001832534 0.0000000494 -0.0000610370 -0.0002136296 0.0000000010
208 0.0000000357 -0.0000509822 -0.0001818979 0.0000000494 -0.0000610370 -0.0002136296 0.0000000011
209 0.0000000350 -0.0000494065 -0.0001805574 0.0000000373 -0.0000610370 -0.0001831111 0.0000000001
210 0.0000000344 -0.0000478568 -0.0001792317 0.0000000494 -0.0000610370 -0.0002136296 0.0000000014
211 0.0000000338 -0.0000463324 -0.0001779203 0.0000000373 -0.0000610370 -0.0001831111 0.0000000002
212 0.0000000332 -0.0000448328 -0.0001766231 0.0000000373 -0.0000610370 -0.0001831111 0.0000000003
213 0.0000000326 -0.0000433575 -0.0001753398 0.0000000373 -0.0000610370 -0.0001831111 0.0000000004
214 0.0000000321 -0.0000419059 -0.0001740702 0.0000000373 -0.0000610370 -0.0001831111 0.0000000004
215 0.0000000315 -0.0000404776 -0.0001728138 0.0000000373 -0.0000610370 -0.0001831111 0.0000000005
216 0.0000000310 -0.0000390719 -0.0001715706 0.0000000373 -0.0000610370 -0.0001831111 0.0000000006
217 0.0000000304 -0.0000376885 -0.0001703403 0.0000000345 -0.0000305185 -0.0001831111 0.0000000002
218 0.0000000299 -0.0000363269 -0.0001691226 0.0000000373 -0.0000610370 -0.0001831111 0.0000000008
219 0.0000000294 -0.0000349866 -0.0001679173 0.0000000373 -0.0000610370 -0.0001831111 0.0000000009
220 0.0000000289 -0.0000336672 -0.0001667241 0.0000000345 -0.0000305185 -0.0001831111 0.0000000003
221 0.0000000285 -0.0000323682 -0.0001655429 0.0000000345 -0.0000305185 -0.0001831111 0.0000000003
222 0.0000000280 -0.0000310893 -0.0001643734 0.0000000345 -0.0000305185 -0.0001831111 0.0000000004
223 0.0000000275 -0.0000298300 -0.0001632155 0.0000000494 -0.0000610370 -0.0002136296 0.0000000035
224 0.0000000271 -0.0000285899 -0.0001620688 0.0000000345 -0.0000305185 -0.0001831111 0.0000000004
225 0.0000000266 -0.0000273686 -0.0001609333 0.0000000345 -0.0000305185 -0.0001831111 0.0000000005
226 0.0000000262 -0.0000261658 -0.0001598087 0.0000000242 -0.0000305185 -0.0001525925 0.0000000001
227 0.0000000258 -0.0000249810 -0.0001586949 0.0000000345 -0.0000305185 -0.0001831111 0.0000000006
228 0.0000000254 -0.0000238140 -0.0001575916 0.0000000345 -0.0000305185 -0.0001831111 0.0000000007
229 0.0000000250 -0.0000226644 -0.0001564986 0.0000000242 -0.0000305185 -0.0001525925 0.0000000001
230 0.0000000246 -0.0000215318 -0.0001554158 0.0000000345 -0.0000305185 -0.0001831111 0.0000000008
231 0.0000000242 -0.0000204159 -0.0001543431 0.0000000345 -0.0000305185 -0.0001831111 0.0000000009
232 0.0000000239 -0.0000193164 -0.0001532801 0.0000000242 -0.0000305185 -0.0001525925 0.0000000001
233 0.0000000235 -0.0000182329 -0.0001522269 0.0000000270 -0.0000610370 -0.0001525925 0.0000000018
234 0.0000000232 -0.0000171652 -0.0001511831 0.0000000242 -0.0000305185 -0.0001525925 0.0000000002
235 0.0000000228 -0.0000161130 -0.0001501487 0.0000000345 -0.0000305185 -0.0001831111 0.0000000013
236 0.0000000225 -0.0000150759 -0.0001491235 0.0000000345 -0.0000305185 -0.0001831111 0.0000000014
237 0.0000000221 -0.0000140537 -0.0001481074 0.0000000242 -0.0000305185 -0.0001525925 0.0000000003
238 0.0000000218 -0.0000130461 -0.0001471001 0.0000000242 -0.0000305185 -0.0001525925 0.0000000003
239 0.0000000215 -0.0000120528 -0.0001461016 0.0000000242 -0.0000305185 -0.0001525925 0.0000000004
240 0.0000000212 -0.0000110735 -0.0001451117 0.0000000242 -0.0000305185 -0.0001525925 0.0000000004
241 0.0000000209 -0.0000101081 -0.0001441303 0.0000000242 -0.0000305185 -0.0001525925 0.0000000005
242 0.0000000206 -0.0000091562 -0.0001431572 0.0000000242 -0.0000305185 -0.0001525925 0.0000000005
243 0.0000000203 -0.0000082176 -0.0001421923 0.0000000233 0.0000000000 -0.0001525925 0.0000000002
244 0.0000000200 -0.0000072920 -0.0001412355 0.0000000242 -0.0000305185 -0.0001525925 0.0000000007
245 0.0000000197 -0.0000063793 -0.0001402866 0.0000000233 0.0000000000 -0.0001525925 0.0000000002
246 0.0000000194 -0.0000054791 -0.0001393455 0.0000000242 -0.0000305185 -0.0001525925 0.0000000008
247 0.0000000192 -0.0000045913 -0.0001384121 0.0000000242 -0.0000305185 -0.0001525925 0.0000000009
248 0.0000000189 -0.0000037157 -0.0001374863 0.0000000242 -0.0000305185 -0.0001525925 0.0000000009
249 0.0000000187 -0.0000028520 -0.0001365680 0.0000000242 -0.0000305185 -0.0001525925 0.0000000010
250 0.0000000184 -0.0000020000 -0.0001356570 0.0000000233 0.0000000000 -0.0001525925 0.0000000003
251 0.0000000182 -0.0000011595 -0.0001347532 0.0000000233 0.0000000000 -0.0001525925 0.0000000003
252 0.0000000179 -0.0000003303 -0.0001338565 0.0000000233 0.0000000000 -0.0001525925 0.0000000004
253 0.0000000177 0.0000004877 -0.0001329669 0.0000000149 0.0000000000 -0.0001220740 0.0000000001
254 0.0000000174 0.0000012949 -0.0001320842 0.0000000233 0.0000000000 -0.0001525925 0.0000000004
255 0.0000000172 0.0000020913 -0.0001312082 0.0000000242 -0.0000305185 -0.0001525925 0.0000000015
256 0.0000000170 0.0000028771 -0.0001303390 0.0000000009 -0.0000305185 0.0000000000 0.0000000181
257 0.0000000168 0.0000036526 -0.0001294763 0.0000000233 0.0000000000 -0.0001525925 0.0000000005
258 0.0000000166 0.0000044179 -0.0001286202 0.0000000233 0.0000000000 -0.0001525925 0.0000000006
259 0.0000000164 0.0000051731 -0.0001277705 0.0000000233 0.0000000000 -0.0001525925 0.0000000006
260 0.0000000161 0.0000059185 -0.0001269270 0.0000000233 0.0000000000 -0.0001525925 0.0000000007
261 0.0000000159 0.0000066542 -0.0001260898 0.0000000158 -0.0000305185 -0.0001220740 0.0000000014
262 0.0000000157 0.0000073804 -0.0001252587 0.0000000233 0.0000000000 -0.0001525925 0.0000000008
263 0.0000000155 0.0000080972 -0.0001244337 0.0000000149 0.0000000000 -0.0001220740 0.0000000001
264 0.0000000154 0.0000088048 -0.0001236146 0.0000000149 0.0000000000 -0.0001220740 0.0000000001
265 0.0000000152 0.0000095033 -0.0001228014 0.0000000149 0.0000000000 -0.0001220740 0.0000000001
266 0.0000000150 0.0000101929 -0.0001219939 0.0000000233 0.0000000000 -0.0001525925 0.0000000010
267 0.0000000148 0.0000108737 -0.0001211922 0.0000000149 0.0000000000 -0.0001220740 0.0000000001
268 0.0000000146 0.0000115458 -0.0001203961 0.0000000149 0.0000000000 -0.0001220740 0.0000000001
269 0.0000000145 0.0000122095 -0.0001196055 0.0000000233 0.0000000000 -0.0001525925 0.0000000012
270 0.0000000143 0.0000128648 -0.0001188204 0.0000000149 0.0000000000 -0.0001220740 0.0000000002
271 0.0000000141 0.0000135118 -0.0001180406 0.0000000149 0.0000000000 -0.0001220740 0.0000000002
272 0.0000000140 0.0000141508 -0.0001172662 0.0000000149 0.0000000000 -0.0001220740 0.0000000002
273 0.0000000138 0.0000147818 -0.0001164970 0.0000000149 0.0000000000 -0.0001220740 0.0000000002
274 0.0000000136 0.0000154049 -0.0001157330 0.0000000149 0.0000000000 -0.0001220740 0.0000000003
275 0.0000000135 0.0000160203 -0.0001149740 0.0000000233 0.0000000000 -0.0001525925 0.0000000017
276 0.0000000133 0.0000166281 -0.0001142201 0.0000000149 0.0000000000 -0.0001220740 0.0000000003
277 0.0000000132 0.0000172284 -0.0001134711 0.0000000084 0.0000000000 -0.0000915555 0.0000000008
278 0.0000000130 0.0000178214 -0.0001127270 0.0000000149 0.0000000000 -0.0001220740 0.0000000004
279 0.0000000129 0.0000184070 -0.0001119878 0.0000000149 0.0000000000 -0.0001220740 0.0000000004
280 0.0000000127 0.0000189856 -0.0001112533 0.0000000149 0.0000000000 -0.0001220740 0.0000000005
281 0.0000000126 0.0000195570 -0.0001105234 0.0000000158 0.0000305185 -0.0001220740 0.0000000003
282 0.0000000125 0.0000201216 -0.0001097983 0.0000000084 0.0000000000 -0.0000915555 0.0000000007
283 0.0000000123 0.0000206793 -0.0001090776 0.0000000149 0.0000000000 -0.0001220740 0.0000000006
284 0.0000000122 0.0000212302 -0.0001083615 0.0000000149 0.0000000000 -0.0001220740 0.0000000006
285 0.0000000121 0.0000217746 -0.0001076498 0.0000000149 0.0000000000 -0.0001220740 0.0000000007
286 0.0000000119 0.0000223124 -0.0001069425 0.0000000149 0.0000000000 -0.0001220740 0.0000000007
287 0.0000000118 0.0000228437 -0.0001062395 0.0000000158 0.0000305185 -0.0001220740 0.0000000003
288 0.0000000117 0.0000233688 -0.0001055408 0.0000000149 0.0000000000 -0.0001220740 0.0000000008
289 0.0000000116 0.0000238875 -0.0001048464 0.0000000149 0.0000000000 -0.0001220740 0.0000000009
290 0.0000000114 0.0000244001 -0.0001041560 0.0000000149 0.0000000000 -0.0001220740 0.0000000009
291 0.0000000113 0.0000249067 -0.0001034698 0.0000000149 0.0000000000 -0.0001220740 0.0000000010
292 0.0000000112 0.0000254072 -0.0001027876 0.0000000149 0.0000000000 -0.0001220740 0.0000000010
293 0.0000000111 0.0000259018 -0.0001021095 0.0000000149 0.0000000000 -0.0001220740 0.0000000011
294 0.0000000110 0.0000263907 -0.0001014352 0.0000000084 0.0000000000 -0.0000915555 0.0000000008
295 0.0000000109 0.0000268738 -0.0001007649 0.0000000084 0.0000000000 -0.0000915555 0.0000000008
296 0.0000000108 0.0000273512 -0.0001000984 0.0000000093 0.0000305185 -0.0000915555 0.0000000001
297 0.0000000107 0.0000278231 -0.0000994358 0.0000000158 0.0000305185 -0.0001220740 0.0000000005
298 0.0000000106 0.0000282895 -0.0000987768 0.0000000084 0.0000000000 -0.0000915555 0.0000000009
299 0.0000000105 0.0000287504 -0.0000981216 0.0000000149 0.0000000000 -0.0001220740 0.0000000014
300 0.0000000104 0.0000292060 -0.0000974700 0.0000000158 0.0000305185 -0.0001220740 0.0000000006
301 0.0000000103 0.0000296564 -0.0000968221 0.0000000093 0.0000305185 -0.0000915555 0.0000000000
302 0.0000000102 0.0000301015 -0.0000961777 0.0000000093 0.0000305185 -0.0000915555 0.0000000000
303 0.0000000101 0.0000305415 -0.0000955368 0.0000000158 0.0000305185 -0.0001220740 0.0000000007
304 0.0000000100 0.0000309765 -0.0000948994 0.0000000093 0.0000305185 -0.0000915555 0.0000000000
305 0.0000000099 0.0000314065 -0.0000942654 0.0000000084 0.0000000000 -0.0000915555 0.0000000010
306 0.0000000098 0.0000318315 -0.0000936348 0.0000000158 0.0000305185 -0.0001220740 0.0000000008
307 0.0000000097 0.0000322517 -0.0000930076 0.0000000158 0.0000305185 -0.0001220740 0.0000000008
308 0.0000000096 0.0000326671 -0.0000923836 0.0000000158 0.0000305185 -0.0001220740 0.0000000009
309 0.0000000095 0.0000330778 -0.0000917629 0.0000000149 0.0000000000 -0.0001220740 0.0000000020
310 0.0000000094 0.0000334838 -0.0000911455 0.0000000093 0.0000305185 -0.0000915555 0.0000000000
311 0.0000000093 0.0000338852 -0.0000905312 0.0000000158 0.0000305185 -0.0001220740 0.0000000010
312 0.0000000093 0.0000342821 -0.0000899201 0.0000000093 0.0000305185 -0.0000915555 0.0000000000
313 0.0000000092 0.0000346745 -0.0000893121 0.0000000084 0.0000000000 -0.0000915555 0.0000000012
314 0.0000000091 0.0000350624 -0.0000887072 0.0000000084 0.0000000000 -0.0000915555 0.0000000012
315 0.0000000090 0.0000354460 -0.0000881053 0.0000000149 0.0000000000 -0.0001220740 0.0000000024
316 0.0000000089 0.0000358253 -0.0000875063 0.0000000093 0.0000305185 -0.0000915555 0.0000000000
317 0.0000000089 0.0000362003 -0.0000869104 0.0000000158 0.0000305185 -0.0001220740 0.0000000013
318 0.0000000088 0.0000365711 -0.0000863174 0.0000000093 0.0000305185 -0.0000915555 0.0000000001
319 0.0000000087 0.0000369378 -0.0000857272 0.0000000158 0.0000305185 -0.0001220740 0.0000000014
320 0.0000000086 0.0000373004 -0.0000851399 0.0014986165 -0.0228888821 0.0312204352 0.0015056489
321 0.0000000086 0.0000376589 -0.0000845554 0.0000000084 0.0000000000 -0.0000915555 0.0000000015
322 0.0000000085 0.0000380134 -0.0000839738 0.0000000093 0.0000305185 -0.0000915555 0.0000000001
323 0.0000000084 0.0000383640 -0.0000833948 0.0000000093 0.0000305185 -0.0000915555 0.0000000001
324 0.0000000084 0.0000387107 -0.0000828186 0.0000000093 0.0000305185 -0.0000915555 0.0000000001
325 0.0000000083 0.0000390535 -0.0000822451 0.0000000084 0.0000000000 -0.0000915555 0.0000000016
326 0.0000000082 0.0000393926 -0.0000816742 0.0000000093 0.0000305185 -0.0000915555 0.0000000002
327 0.0000000082 0.0000397278 -0.0000811059 0.0000000084 0.0000000000 -0.0000915555 0.0000000017
328 0.0000000081 0.0000400594 -0.0000805403 0.0000000093 0.0000305185 -0.0000915555 0.0000000002
329 0.0000000080 0.0000403873 -0.0000799772 0.0000000093 0.0000305185 -0.0000915555 0.0000000002
330 0.0000000080 0.0000407116 -0.0000794166 0.0000000093 0.0000305185 -0.0000915555 0.0000000003
331 0.0000000079 0.0000410323 -0.0000788585 0.0000000093 0.0000305185 -0.0000915555 0.0000000003
332 0.0000000078 0.0000413495 -0.0000783029 0.0000000093 0.0000305185 -0.0000915555 0.0000000003
333 0.0000000078 0.0000416632 -0.0000777498 0.0000000093 0.0000305185 -0.0000915555 0.0000000003
334 0.0000000077 0.0000419734 -0.0000771991 0.0000000093 0.0000305185 -0.0000915555 0.0000000003
335 0.0000000077 0.0000422802 -0.0000766507 0.0000000093 0.0000305185 -0.0000915555 0.0000000004
336 0.0000000076 0.0000425837 -0.0000761047 0.0000000093 0.0000305185 -0.0000915555 0.0000000004
337 0.0000000075 0.0000428838 -0.0000755610 0.0000000093 0.0000305185 -0.0000915555 0.0000000004
338 0.0000000075 0.0000431806 -0.0000750197 0.0000000093 0.0000305185 -0.0000915555 0.0000000004
339 0.0000000074 0.0000434742 -0.0000744806 0.0000000047 0.0000305185 -0.0000610370 0.0000000003
340 0.0000000074 0.0000437646 -0.0000739437 0.0000000093 0.0000305185 -0.0000915555 0.0000000005
341 0.0000000073 0.0000440518 -0.0000734091 0.0000000037 0.0000000000 -0.0000610370 0.0000000021
342 0.0000000073 0.0000443358 -0.0000728767 0.0000000093 0.0000305185 -0.0000915555 0.0000000005
343 0.0000000072 0.0000446167 -0.0000723465 0.0000000047 0.0000305185 -0.0000610370 0.0000000003
344 0.0000000072 0.0000448946 -0.0000718184 0.0000000093 0.0000305185 -0.0000915555 0.0000000006
345 0.0000000071 0.0000451694 -0.0000712924 0.0000000047 0.0000305185 -0.0000610370 0.0000000003
346 0.0000000071 0.0000454412 -0.0000707685 0.0000000093 0.0000305185 -0.0000915555 0.0000000007
347 0.0000000070 0.0000457100 -0.0000702467 0.0000000047 0.0000305185 -0.0000610370 0.0000000003
348 0.0000000070 0.0000459759 -0.0000697269 0.0000000093 0.0000305185 -0.0000915555 0.0000000007
349 0.0000000069 0.0000462389 -0.0000692092 0.0000000093 0.0000305185 -0.0000915555 0.0000000007
350 0.0000000069 0.0000464990 -0.0000686935 0.0000000093 0.0000305185 -0.0000915555 0.0000000008
351 0.0000000068 0.0000467563 -0.0000681797 0.0000000047 0.0000305185 -0.0000610370 0.0000000003
352 0.0000000068 0.0000470107 -0.0000676679 0.0000000047 0.0000305185 -0.0000610370 0.0000000003
353 0.0000000067 0.0000472624 -0.0000671580 0.0000000093 0.0000305185 -0.0000915555 0.0000000009
354 0.0000000067 0.0000475113 -0.0000666501 0.0000000047 0.0000305185 -0.0000610370 0.0000000003
355 0.0000000067 0.0000477575 -0.0000661440 0.0000000047 0.0000305185 -0.0000610370 0.0000000003
356 0.0000000066 0.0000480010 -0.0000656398 0.0000000093 0.0000305185 -0.0000915555 0.0000000010
357 0.0000000066 0.0000482418 -0.0000651375 0.0000000093 0.0000305185 -0.0000915555 0.0000000010
358 0.0000000065 0.0000484800 -0.0000646369 0.0000000093 0.0000305185 -0.0000915555 0.0000000010
359 0.0000000065 0.0000487156 -0.0000641382 0.0000000047 0.0000305185 -0.0000610370 0.0000000003
360 0.0000000064 0.0000489486 -0.0000636413 0.0000000047 0.0000305185 -0.0000610370 0.0000000003
361 0.0000000064 0.0000491790 -0.0000631461 0.0000000093 0.0000305185 -0.0000915555 0.0000000012
362 0.0000000064 0.0000494069 -0.0000626526 0.0000000047 0.0000305185 -0.0000610370 0.0000000004
363 0.0000000063 0.0000496323 -0.0000621609 0.0000000047 0.0000305185 -0.0000610370 0.0000000004
364 0.0000000063 0.0000498553 -0.0000616709 0.0000000047 0.0000305185 -0.0000610370 0.0000000004
365 0.0000000063 0.0000500757 -0.0000611826 0.0000000121 0.0000610370 -0.0000915555 0.0000000010
366 0.0000000062 0.0000502938 -0.0000606959 0.0000000075 0.0000610370 -0.0000610370 0.0000000001
367 0.0000000062 0.0000505094 -0.0000602109 0.0000000047 0.0000305185 -0.0000610370 0.0000000004
368 0.0000000061 0.0000507226 -0.0000597274 0.0000000047 0.0000305185 -0.0000610370 0.0000000004
369 0.0000000061 0.0000509335 -0.0000592456 0.0000000047 0.0000305185 -0.0000610370 0.0000000004
370 0.0000000061 0.0000511421 -0.0000587654 0.0000000047 0.0000305185 -0.0000610370 0.0000000004
371 0.0000000060 0.0000513483 -0.0000582868 0.0000000047 0.0000305185 -0.0000610370 0.0000000004
372 0.0000000060 0.0000515523 -0.0000578097 0.0000000093 0.0000305185 -0.0000915555 0.0000000016
373 0.0000000060 0.0000517539 -0.0000573341 0.0000000047 0.0000305185 -0.0000610370 0.0000000005
374 0.0000000059 0.0000519534 -0.0000568601 0.0000000047 0.0000305185 -0.0000610370 0.0000000005
375 0.0000000059 0.0000521506 -0.0000563875 0.0000000047 0.0000305185 -0.0000610370 0.0000000005
376 0.0000000059 0.0000523456 -0.0000559165 0.0000000047 0.0000305185 -0.0000610370 0.0000000005
377 0.0000000058 0.0000525384 -0.0000554468 0.0000000047 0.0000305185 -0.0000610370 0.0000000005
378 0.0000000058 0.0000527290 -0.0000549787 0.0000000047 0.0000305185 -0.0000610370 0.0000000005
379 0.0000000058 0.0000529175 -0.0000545119 0.0000000075 0.0000610370 -0.0000610370 0.0000000001
380 0.0000000057 0.0000531039 -0.0000540466 0.0000000047 0.0000305185 -0.0000610370 0.0000000006
381 0.0000000057 0.0000532882 -0.0000535827 0.0000000047 0.0000305185 -0.0000610370 0.0000000006
382 0.0000000057 0.0000534704 -0.0000531201 0.0000000047 0.0000305185 -0.0000610370 0.0000000006
383 0.0000000057 0.0000536505 -0.0000526589 0.0000000093 0.0000305185 -0.0000915555 0.0000000020
384 0.0000000056 0.0000538286 -0.0000521991 0.0001674406 -0.0000305185 0.0129398480 0.0001688004
385 0.0000000056 0.0000540047 -0.0000517406 0.0000000093 0.0000305185 -0.0000915555 0.0000000021
386 0.0000000056 0.0000541787 -0.0000512834 0.0000000047 0.0000305185 -0.0000610370 0.0000000007
387 0.0000000055 0.0000543508 -0.0000508275 0.0000000047 0.0000305185 -0.0000610370 0.0000000007
388 0.0000000055 0.0000545209 -0.0000503729 0.0000000075 0.0000610370 -0.0000610370 0.0000000002
389 0.0000000055 0.0000546890 -0.0000499195 0.0000000047 0.0000305185 -0.0000610370 0.0000000007
390 0.0000000055 0.0000548552 -0.0000494674 0.0000000075 0.0000610370 -0.0000610370 0.0000000002
391 0.0000000054 0.0000550194 -0.0000490166 0.0000000075 0.0000610370 -0.0000610370 0.0000000002
392 0.0000000054 0.0000551818 -0.0000485669 0.0000000047 0.0000305185 -0.0000610370 0.0000000008
393 0.0000000054 0.0000553422 -0.0000481185 0.0000000019 0.0000305185 -0.0000305185 0.0000000009
394 0.0000000054 0.0000555008 -0.0000476713 0.0000000047 0.0000305185 -0.0000610370 0.0000000008
395 0.0000000053 0.0000556575 -0.0000472252 0.0000000047 0.0000305185 -0.0000610370 0.0000000008
396 0.0000000053 0.0000558124 -0.0000467804 0.0000000047 0.0000305185 -0.0000610370 0.0000000008
397 0.0000000053 0.0000559654 -0.0000463366 0.0000000047 0.0000305185 -0.0000610370 0.0000000009
398 0.0000000053 0.0000561167 -0.0000458940 0.0000000047 0.0000305185 -0.0000610370 0.0000000009
399 0.0000000052 0.0000562661 -0.0000454526 0.0000000047 0.0000305185 -0.0000610370 0.0000000009
400 0.0000000052 0.0000564137 -0.0000450122 0.0000000075 0.0000610370 -0.0000610370 0.0000000003
401 0.0000000052 0.0000565596 -0.0000445729 0.0000000047 0.0000305185 -0.0000610370 0.0000000009
402 0.0000000052 0.0000567037 -0.0000441347 0.0000000047 0.0000305185 -0.0000610370 0.0000000010
403 0.0000000051 0.0000568461 -0.0000436976 0.0000000047 0.0000305185 -0.0000610370 0.0000000010
404 0.0000000051 0.0000569868 -0.0000432616 0.0000000047 0.0000305185 -0.0000610370 0.0000000010
405 0.0000000051 0.0000571257 -0.0000428265 0.0000000019 0.0000305185 -0.0000305185 0.0000000009
406 0.0000000051 0.0000572629 -0.0000423925 0.0000000075 0.0000610370 -0.0000610370 0.0000000004
407 0.0000000051 0.0000573985 -0.0000419596 0.0000000047 0.0000305185 -0.0000610370 0.0000000011
408 0.0000000050 0.0000575323 -0.0000415276 0.0000000047 0.0000305185 -0.0000610370 0.0000000011
409 0.0000000050 0.0000576645 -0.0000410966 0.0000000075 0.0000610370 -0.0000610370 0.0000000004
410 0.0000000050 0.0000577951 -0.0000406666 0.0000000047 0.0000305185 -0.0000610370 0.0000000012
411 0.0000000050 0.0000579240 -0.0000402376 0.0000000047 0.0000305185 -0.0000610370 0.0000000012
412 0.0000000050 0.0000580513 -0.0000398095 0.0000000019 0.0000305185 -0.0000305185 0.0000000008
413 0.0000000049 0.0000581769 -0.0000393823 0.0000000047 0.0000305185 -0.0000610370 0.0000000012
414 0.0000000049 0.0000583010 -0.0000389561 0.0000000047 0.0000305185 -0.0000610370 0.0000000013
415 0.0000000049 0.0000584235 -0.0000385308 0.0000000047 0.0000305185 -0.0000610370 0.0000000013
416 0.0000000049 0.0000585443 -0.0000381064 0.0000000047 0.0000305185 -0.0000610370 0.0000000013
417 0.0000000049 0.0000586637 -0.0000376829 0.0000000019 0.0000305185 -0.0000305185 0.0000000008
418 0.0000000048 0.0000587814 -0.0000372603 0.0000000019 0.0000305185 -0.0000305185 0.0000000008
419 0.0000000048 0.0000588976 -0.0000368385 0.0000000019 0.0000305185 -0.0000305185 0.0000000008
420 0.0000000048 0.0000590123 -0.0000364176 0.0000000047 0.0000305185 -0.0000610370 0.0000000014
421 0.0000000048 0.0000591255 -0.0000359976 0.0000000047 0.0000305185 -0.0000610370 0.0000000014
422 0.0000000048 0.0000592371 -0.0000355783 0.0000000047 0.0000305185 -0.0000610370 0.0000000015
423 0.0000000048 0.0000593472 -0.0000351599 0.0000000047 0.0000305185 -0.0000610370 0.0000000015
424 0.0000000047 0.0000594559 -0.0000347424 0.0000000047 0.0000305185 -0.0000610370 0.0000000015
425 0.0000000047 0.0000595630 -0.0000343256 0.0000000047 0.0000305185 -0.0000610370 0.0000000016
426 0.0000000047 0.0000596687 -0.0000339096 0.0000000019 0.0000305185 -0.0000305185 0.0000000009
427 0.0000000047 0.0000597729 -0.0000334943 0.0000000019 0.0000305185 -0.0000305185 0.0000000009
428 0.0000000047 0.0000598756 -0.0000330799 0.0000000019 0.0000305185 -0.0000305185 0.0000000009
429 0.0000000047 0.0000599769 -0.0000326662 0.0000000019 0.0000305185 -0.0000305185 0.0000000009
430 0.0000000046 0.0000600768 -0.0000322532 0.0000000019 0.0000305185 -0.0000305185 0.0000000009
431 0.0000000046 0.0000601752 -0.0000318410 0.0000000047 0.0000610370 -0.0000305185 0.0000000000
432 0.0000000046 0.0000602722 -0.0000314295 0.0000000047 0.0000305185 -0.0000610370 0.0000000018
433 0.0000000046 0.0000603678 -0.0000310187 0.0000000019 0.0000305185 -0.0000305185 0.0000000009
434 0.0000000046 0.0000604620 -0.0000306086 0.0000000075 0.0000610370 -0.0000610370 0.0000000009
435 0.0000000046 0.0000605547 -0.0000301992 0.0000000019 0.0000305185 -0.0000305185 0.0000000009
436 0.0000000046 0.0000606461 -0.0000297905 0.0000000047 0.0000610370 -0.0000305185 0.0000000000
437 0.0000000046 0.0000607362 -0.0000293824 0.0000000075 0.0000610370 -0.0000610370 0.0000000010
438 0.0000000045 0.0000608248 -0.0000289751 0.0000000019 0.0000305185 -0.0000305185 0.0000000009
439 0.0000000045 0.0000609121 -0.0000285683 0.0000000047 0.0000610370 -0.0000305185 0.0000000000
440 0.0000000045 0.0000609980 -0.0000281622 0.0000000075 0.0000610370 -0.0000610370 0.0000000011
441 0.0000000045 0.0000610825 -0.0000277567 0.0000000047 0.0000305185 -0.0000610370 0.0000000020
442 0.0000000045 0.0000611658 -0.0000273519 0.0000000019 0.0000305185 -0.0000305185 0.0000000009
443 0.0000000045 0.0000612477 -0.0000269476 0.0000000047 0.0000610370 -0.0000305185 0.0000000000
444 0.0000000045 0.0000613282 -0.0000265440 0.0000000047 0.0000610370 -0.0000305185 0.0000000000
445 0.0000000045 0.0000614074 -0.0000261409 0.0000000019 0.0000305185 -0.0000305185 0.0000000010
446 0.0000000044 0.0000614854 -0.0000257385 0.0000000019 0.0000305185 -0.0000305185 0.0000000010
447 0.0000000044 0.0000615620 -0.0000253366 0.0000000009 0.0000000000 -0.0000305185 0.0000000038
448 0.0000000044 0.0000616373 -0.0000249352 0.0001931094 -0.0092776269 0.0103457747 0.0001947735
449 0.0000000044 0.0000617113 -0.0000245344 0.0000000093 0.0000915555 -0.0000305185 0.0000000009
450 0.0000000044 0.0000617840 -0.0000241342 0.0000000047 0.0000610370 -0.0000305185 0.0000000000
451 0.0000000044 0.0000618555 -0.0000237344 0.0000000075 0.0000610370 -0.0000610370 0.0000000014
452 0.0000000044 0.0000619256 -0.0000233352 0.0000000019 0.0000305185 -0.0000305185 0.0000000010
453 0.0000000044 0.0000619945 -0.0000229366 0.0000000019 0.0000305185 -0.0000305185 0.0000000010
454 0.0000000044 0.0000620621 -0.0000225384 0.0000000019 0.0000305185 -0.0000305185 0.0000000011
455 0.0000000044 0.0000621285 -0.0000221407 0.0000000047 0.0000610370 -0.0000305185 0.0000000001
456 0.0000000043 0.0000621936 -0.0000217435 0.0000000047 0.0000610370 -0.0000305185 0.0000000001
457 0.0000000043 0.0000622575 -0.0000213467 0.0000000019 0.0000305185 -0.0000305185 0.0000000011
458 0.0000000043 0.0000623201 -0.0000209505 0.0000000019 0.0000305185 -0.0000305185 0.0000000011
459 0.0000000043 0.0000623815 -0.0000205546 0.0000000075 0.0000610370 -0.0000610370 0.0000000016
460 0.0000000043 0.0000624416 -0.0000201593 0.0000000047 0.0000610370 -0.0000305185 0.0000000001
461 0.0000000043 0.0000625006 -0.0000197643 0.0000000019 0.0000305185 -0.0000305185 0.0000000011
462 0.0000000043 0.0000625582 -0.0000193698 0.0000000019 0.0000305185 -0.0000305185 0.0000000012
463 0.0000000043 0.0000626147 -0.0000189758 0.0000000047 0.0000610370 -0.0000305185 0.0000000001
464 0.0000000043 0.0000626700 -0.0000185821 0.0000000019 0.0000305185 -0.0000305185 0.0000000012
465 0.0000000043 0.0000627240 -0.0000181888 0.0000000009 0.0000305185 0.0000000000 0.0000000014
466 0.0000000043 0.0000627769 -0.0000177959 0.0000000019 0.0000305185 -0.0000305185 0.0000000012
467 0.0000000043 0.0000628285 -0.0000174035 0.0000000037 0.0000610370 0.0000000000 0.0000000003
468 0.0000000042 0.0000628790 -0.0000170113 0.0000000019 0.0000305185 -0.0000305185 0.0000000012
469 0.0000000042 0.0000629283 -0.0000166196 0.0000000019 0.0000305185 -0.0000305185 0.0000000012
470 0.0000000042 0.0000629763 -0.0000162282 0.0000000019 0.0000305185 -0.0000305185 0.0000000013
471 0.0000000042 0.0000630232 -0.0000158371 0.0000000019 0.0000305185 -0.0000305185 0.0000000013
472 0.0000000042 0.0000630689 -0.0000154464 0.0000000019 0.0000305185 -0.0000305185 0.0000000013
473 0.0000000042 0.0000631135 -0.0000150561 0.0000000019 0.0000305185 -0.0000305185 0.0000000013
474 0.0000000042 0.0000631568 -0.0000146660 0.0000000019 0.0000305185 -0.0000305185 0.0000000013
475 0.0000000042 0.0000631990 -0.0000142763 0.0000000047 0.0000610370 -0.0000305185 0.0000000003
476 0.0000000042 0.0000632401 -0.0000138869 0.0000000019 0.0000305185 -0.0000305185 0.0000000013
477 0.0000000042 0.0000632799 -0.0000134977 0.0000000047 0.0000610370 -0.0000305185 0.0000000003
478 0.0000000042 0.0000633186 -0.0000131089 0.0000000047 0.0000610370 -0.0000305185 0.0000000003
479 0.0000000042 0.0000633562 -0.0000127203 0.0000000047 0.0000610370 -0.0000305185 0.0000000003
480 0.0000000042 0.0000633926 -0.0000123320 0.0000000047 0.0000610370 -0.0000305185 0.0000000003
481 0.0000000042 0.0000634278 -0.0000119440 0.0000000047 0.0000610370 -0.0000305185 0.0000000004
482 0.0000000042 0.0000634619 -0.0000115562 0.0000000047 0.0000610370 -0.0000305185 0.0000000004
483 0.0000000042 0.0000634949 -0.0000111687 0.0000000047 0.0000610370 -0.0000305185 0.0000000004
484 0.0000000042 0.0000635267 -0.0000107814 0.0000000019 0.0000305185 -0.0000305185 0.0000000015
485 0.0000000041 0.0000635574 -0.0000103943 0.0000000047 0.0000610370 -0.0000305185 0.0000000004
486 0.0000000041 0.0000635869 -0.0000100075 0.0000000019 0.0000305185 -0.0000305185 0.0000000015
487 0.0000000041 0.0000636153 -0.0000096208 0.0000000019 0.0000305185 -0.0000305185 0.0000000015
488 0.0000000041 0.0000636426 -0.0000092344 0.0000000047 0.0000610370 -0.0000305185 0.0000000005
489 0.0000000041 0.0000636687 -0.0000088482 0.0000000009 0.0000305185 0.0000000000 0.0000000012
490 0.0000000041 0.0000636937 -0.0000084621 0.0000000019 0.0000305185 -0.0000305185 0.0000000016
491 0.0000000041 0.0000637176 -0.0000080763 0.0000000019 0.0000305185 -0.0000305185 0.0000000016
492 0.0000000041 0.0000637404 -0.0000076906 0.0000000019 0.0000305185 -0.0000305185 0.0000000016
493 0.0000000041 0.0000637620 -0.0000073050 0.0000000019 0.0000305185 -0.0000305185 0.0000000016
494 0.0000000041 0.0000637825 -0.0000069197 0.0000000019 0.0000305185 -0.0000305185 0.0000000017
495 0.0000000041 0.0000638019 -0.0000065344 0.0000000047 0.0000610370 -0.0000305185 0.0000000006
496 0.0000000041 0.0000638202 -0.0000061493 0.0000000047 0.0000610370 -0.0000305185 0.0000000006
497 0.0000000041 0.0000638374 -0.0000057644 0.0000000019 0.0000305185 -0.0000305185 0.0000000017
498 0.0000000041 0.0000638534 -0.0000053795 0.0000000037 0.0000610370 0.0000000000 0.0000000000
499 0.0000000041 0.0000638684 -0.0000049948 0.0000000009 0.0000305185 0.0000000000 0.0000000011
500 0.0000000041 0.0000638822 -0.0000046102 0.0000000009 0.0000305185 0.0000000000 0.0000000011
501 0.0000000041 0.0000638949 -0.0000042257 0.0000000019 0.0000305185 -0.0000305185 0.0000000018
502 0.0000000041 0.0000639066 -0.0000038412 0.0000000047 0.0000610370 -0.0000305185 0.0000000007
503 0.0000000041 0.0000639171 -0.0000034569 0.0000000019 0.0000305185 -0.0000305185 0.0000000018
504 0.0000000041 0.0000639265 -0.0000030726 0.0000000019 0.0000305185 -0.0000305185 0.0000000019
505 0.0000000041 0.0000639347 -0.0000026884 0.0000000037 0.0000610370 0.0000000000 0.0000000000
506 0.0000000041 0.0000639419 -0.0000023042 0.0000000047 0.0000610370 -0.0000305185 0.0000000008
507 0.0000000041 0.0000639480 -0.0000019201 0.0000000019 0.0000305185 -0.0000305185 0.0000000019
508 0.0000000041 0.0000639530 -0.0000015360 0.0000000047 0.0000610370 -0.0000305185 0.0000000008
509 0.0000000041 0.0000639568 -0.0000011520 0.0000000009 0.0000305185 0.0000000000 0.0000000011
510 0.0000000041 0.0000639596 -0.0000007680 0.0000000009 0.0000305185 0.0000000000 0.0000000011
511 0.0000000041 0.0000639613 -0.0000003840 0.0000000037 0.0000610370 0.0000000000 0.0000000000
512 0.0000000041 0.0000639618 0.0000000000 0.0000003018 0.0005493332 0.0000000000 0.0000002356
513 0.0000000041 0.0000639613 0.0000003840 0.0000000047 0.0000610370 -0.0000305185 0.0000000010
514 0.0000000041 0.0000639596 0.0000007680 0.0000000019 0.0000305185 -0.0000305185 0.0000000021
515 0.0000000041 0.0000639568 0.0000011520 0.0000000037 0.0000610370 0.0000000000 0.0000000000
516 0.0000000041 0.0000639530 0.0000015360 0.0000000019 0.0000305185 -0.0000305185 0.0000000021
517 0.0000000041 0.0000639480 0.0000019201 0.0000000009 0.0000305185 0.0000000000 0.0000000011
518 0.0000000041 0.0000639419 0.0000023042 0.0000000009 0.0000305185 0.0000000000 0.0000000011
519 0.0000000041 0.0000639347 0.0000026884 0.0000000047 0.0000610370 -0.0000305185 0.0000000011
520 0.0000000041 0.0000639265 0.0000030726 0.0000000009 0.0000305185 0.0000000000 0.0000000011
521 0.0000000041 0.0000639171 0.0000034569 0.0000000037 0.0000610370 0.0000000000 0.0000000000
522 0.0000000041 0.0000639066 0.0000038412 0.0000000009 0.0000305185 0.0000000000 0.0000000011
523 0.0000000041 0.0000638949 0.0000042257 0.0000000009 0.0000305185 0.0000000000 0.0000000011
524 0.0000000041 0.0000638822 0.0000046102 0.0000000009 0.0000305185 0.0000000000 0.0000000011
525 0.0000000041 0.0000638684 0.0000049948 0.0000000047 0.0000610370 -0.0000305185 0.0000000013
526 0.0000000041 0.0000638534 0.0000053795 0.0000000037 0.0000610370 0.0000000000 0.0000000000
527 0.0000000041 0.0000638374 0.0000057644 0.0000000009 0.0000305185 0.0000000000 0.0000000011
528 0.0000000041 0.0000638202 0.0000061493 0.0000000037 0.0000610370 0.0000000000 0.0000000000
529 0.0000000041 0.0000638019 0.0000065344 0.0000000047 0.0000610370 -0.0000305185 0.0000000014
530 0.0000000041 0.0000637825 0.0000069197 0.0000000009 0.0000305185 0.0000000000 0.0000000012
531 0.0000000041 0.0000637620 0.0000073050 0.0000000009 0.0000305185 0.0000000000 0.0000000012
532 0.0000000041 0.0000637404 0.0000076906 0.0000000009 0.0000305185 0.0000000000 0.0000000012
533 0.0000000041 0.0000637176 0.0000080763 0.0000000009 0.0000305185 0.0000000000 0.0000000012
534 0.0000000041 0.0000636937 0.0000084621 0.0000000019 0.0000305185 -0.0000305185 0.0000000026
535 0.0000000041 0.0000636687 0.0000088482 0.0000000009 0.0000305185 0.0000000000 0.0000000012
536 0.0000000041 0.0000636426 0.0000092344 0.0000000037 0.0000610370 0.0000000000 0.0000000001
537 0.0000000041 0.0000636153 0.0000096208 0.0000000037 0.0000610370 0.0000000000 0.0000000001
538 0.0000000041 0.0000635869 0.0000100075 0.0000000037 0.0000610370 0.0000000000 0.0000000001
539 0.0000000041 0.0000635574 0.0000103943 0.0000000037 0.0000610370 0.0000000000 0.0000000001
540 0.0000000042 0.0000635267 0.0000107814 0.0000000009 0.0000305185 0.0000000000 0.0000000012
541 0.0000000042 0.0000634949 0.0000111687 0.0000000009 0.0000305185 0.0000000000 0.0000000012
542 0.0000000042 0.0000634619 0.0000115562 0.0000000037 0.0000610370 0.0000000000 0.0000000001
543 0.0000000042 0.0000634278 0.0000119440 0.0000000009 0.0000305185 0.0000000000 0.0000000012
544 0.0000000042 0.0000633926 0.0000123320 0.0000000037 0.0000610370 0.0000000000 0.0000000002
545 0.0000000042 0.0000633562 0.0000127203 0.0000000037 0.0000610370 0.0000000000 0.0000000002
546 0.0000000042 0.0000633186 0.0000131089 0.0000000009 0.0000305185 0.0000000000 0.0000000012
547 0.0000000042 0.0000632799 0.0000134977 0.0000000037 0.0000610370 0.0000000000 0.0000000002
548 0.0000000042 0.0000632401 0.0000138869 0.0000000037 0.0000610370 0.0000000000 0.0000000002
549 0.0000000042 0.0000631990 0.0000142763 0.0000000009 0.0000305185 0.0000000000 0.0000000013
550 0.0000000042 0.0000631568 0.0000146660 0.0000000037 0.0000610370 0.0000000000 0.0000000002
551 0.0000000042 0.0000631135 0.0000150561 0.0000000009 0.0000305185 0.0000000000 0.0000000013
552 0.0000000042 0.0000630689 0.0000154464 0.0000000009 0.0000305185 0.0000000000 0.0000000013
553 0.0000000042 0.0000630232 0.0000158371 0.0000000009 0.0000305185 0.0000000000 0.0000000013
554 0.0000000042 0.0000629763 0.0000162282 0.0000000009 0.0000305185 0.0000000000 0.0000000013
555 0.0000000042 0.0000629283 0.0000166196 0.0000000009 0.0000305185 0.0000000000 0.0000000013
556 0.0000000042 0.0000628790 0.0000170113 0.0000000037 0.0000610370 0.0000000000 0.0000000003
557 0.0000000043 0.0000628285 0.0000174035 0.0000000037 0.0000610370 0.0000000000 0.0000000003
558 0.0000000043 0.0000627769 0.0000177959 0.0000000009 0.0000305185 0.0000000000 0.0000000014
559 0.0000000043 0.0000627240 0.0000181888 0.0000000019 0.0000305185 -0.0000305185 0.0000000034
560 0.0000000043 0.0000626700 0.0000185821 0.0000000009 0.0000305185 0.0000000000 0.0000000014
561 0.0000000043 0.0000626147 0.0000189758 0.0000000037 0.0000610370 0.0000000000 0.0000000004
562 0.0000000043 0.0000625582 0.0000193698 0.0000000009 0.0000305185 0.0000000000 0.0000000014
563 0.0000000043 0.0000625006 0.0000197643 0.0000000009 0.0000305185 0.0000000000 0.0000000014
564 0.0000000043 0.0000624416 0.0000201593 0.0000000037 0.0000610370 0.0000000000 0.0000000004
565 0.0000000043 0.0000623815 0.0000205546 0.0000000047 0.0000610370 0.0000305185 0.0000000001
566 0.0000000043 0.0000623201 0.0000209505 0.0000000009 0.0000305185 0.0000000000 0.0000000015
567 0.0000000043 0.0000622575 0.0000213467 0.0000000009 0.0000305185 0.0000000000 0.0000000015
568 0.0000000043 0.0000621936 0.0000217435 0.0000000037 0.0000610370 0.0000000000 0.0000000005
569 0.0000000044 0.0000621285 0.0000221407 0.0000000037 0.0000610370 0.0000000000 0.0000000005
570 0.0000000044 0.0000620621 0.0000225384 0.0000000009 0.0000305185 0.0000000000 0.0000000015
571 0.0000000044 0.0000619945 0.0000229366 0.0000000037 0.0000610370 0.0000000000 0.0000000005
572 0.0000000044 0.0000619256 0.0000233352 0.0000000037 0.0000610370 0.0000000000 0.0000000005
573 0.0000000044 0.0000618555 0.0000237344 0.0000000037 0.0000610370 0.0000000000 0.0000000006
574 0.0000000044 0.0000617840 0.0000241342 0.0000000037 0.0000610370 0.0000000000 0.0000000006
575 0.0000000044 0.0000617113 0.0000245344 0.0000000093 0.0000915555 0.0000305185 0.0000000009
576 0.0000000044 0.0000616373 0.0000249352 0.0005717105 0.0224005860 0.0083620716 0.0005685365
577 0.0000000044 0.0000615620 0.0000253366 0.0000000000 0.0000000000 0.0000000000 0.0000000044
578 0.0000000044 0.0000614854 0.0000257385 0.0000000009 0.0000305185 0.0000000000 0.0000000016
579 0.0000000045 0.0000614074 0.0000261409 0.0000000009 0.0000305185 0.0000000000 0.0000000016
580 0.0000000045 0.0000613282 0.0000265440 0.0000000037 0.0000610370 0.0000000000 0.0000000007
581 0.0000000045 0.0000612477 0.0000269476 0.0000000009 0.0000305185 0.0000000000 0.0000000017
582 0.0000000045 0.0000611658 0.0000273519 0.0000000009 0.0000305185 0.0000000000 0.0000000017
583 0.0000000045 0.0000610825 0.0000277567 0.0000000037 0.0000610370 0.0000000000 0.0000000008
584 0.0000000045 0.0000609980 0.0000281622 0.0000000047 0.0000610370 0.0000305185 0.0000000000
585 0.0000000045 0.0000609121 0.0000285683 0.0000000009 0.0000305185 0.0000000000 0.0000000017
586 0.0000000045 0.0000608248 0.0000289751 0.0000000009 0.0000305185 0.0000000000 0.0000000018
587 0.0000000046 0.0000607362 0.0000293824 0.0000000047 0.0000610370 0.0000305185 0.0000000000
588 0.0000000046 0.0000606461 0.0000297905 0.0000000047 0.0000610370 0.0000305185 0.0000000000
589 0.0000000046 0.0000605547 0.0000301992 0.0000000009 0.0000305185 0.0000000000 0.0000000018
590 0.0000000046 0.0000604620 0.0000306086 0.0000000019 0.0000305185 0.0000305185 0.0000000009
591 0.0000000046 0.0000603678 0.0000310187 0.0000000019 0.0000305185 0.0000305185 0.0000000009
592 0.0000000046 0.0000602722 0.0000314295 0.0000000037 0.0000610370 0.0000000000 0.0000000010
593 0.0000000046 0.0000601752 0.0000318410 0.0000000019 0.0000305185 0.0000305185 0.0000000009
594 0.0000000046 0.0000600768 0.0000322532 0.0000000009 0.0000305185 0.0000000000 0.0000000019
595 0.0000000047 0.0000599769 0.0000326662 0.0000000019 0.0000305185 0.0000305185 0.0000000009
596 0.0000000047 0.0000598756 0.0000330799 0.0000000009 0.0000305185 0.0000000000 0.0000000020
597 0.0000000047 0.0000597729 0.0000334943 0.0000000019 0.0000305185 0.0000305185 0.0000000009
598 0.0000000047 0.0000596687 0.0000339096 0.0000000019 0.0000305185 0.0000305185 0.0000000009
599 0.0000000047 0.0000595630 0.0000343256 0.0000000009 0.0000305185 0.0000000000 0.0000000020
600 0.0000000047 0.0000594559 0.0000347424 0.0000000019 0.0000305185 0.0000305185 0.0000000009
601 0.0000000048 0.0000593472 0.0000351599 0.0000000019 0.0000305185 0.0000305185 0.0000000009
602 0.0000000048 0.0000592371 0.0000355783 0.0000000019 0.0000305185 0.0000305185 0.0000000009
603 0.0000000048 0.0000591255 0.0000359976 0.0000000019 0.0000305185 0.0000305185 0.0000000008
604 0.0000000048 0.0000590123 0.0000364176 0.0000000019 0.0000305185 0.0000305185 0.0000000008
605 0.0000000048 0.0000588976 0.0000368385 0.0000000037 0.0000610370 0.0000000000 0.0000000014
606 0.0000000048 0.0000587814 0.0000372603 0.0000000019 0.0000305185 0.0000305185 0.0000000008
607 0.0000000049 0.0000586637 0.0000376829 0.0000000019 0.0000305185 0.0000305185 0.0000000008
608 0.0000000049 0.0000585443 0.0000381064 0.0000000019 0.0000305185 0.0000305185 0.0000000008
609 0.0000000049 0.0000584235 0.0000385308 0.0000000047 0.0000610370 0.0000305185 0.0000000001
610 0.0000000049 0.0000583010 0.0000389561 0.0000000019 0.0000305185 0.0000305185 0.0000000008
611 0.0000000049 0.0000581769 0.0000393823 0.0000000019 0.0000305185 0.0000305185 0.0000000008
612 0.0000000050 0.0000580513 0.0000398095 0.0000000019 0.0000305185 0.0000305185 0.0000000008
613 0.0000000050 0.0000579240 0.0000402376 0.0000000019 0.0000305185 0.0000305185 0.0000000008
614 0.0000000050 0.0000577951 0.0000406666 0.0000000019 0.0000305185 0.0000305185 0.0000000008
615 0.0000000050 0.0000576645 0.0000410966 0.0000000047 0.0000610370 0.0000305185 0.0000000001
616 0.0000000050 0.0000575323 0.0000415276 0.0000000019 0.0000305185 0.0000305185 0.0000000009
617 0.0000000051 0.0000573985 0.0000419596 0.0000000019 0.0000305185 0.0000305185 0.0000000009
618 0.0000000051 0.0000572629 0.0000423925 0.0000000019 0.0000305185 0.0000305185 0.0000000009
619 0.0000000051 0.0000571257 0.0000428265 0.0000000019 0.0000305185 0.0000305185 0.0000000009
620 0.0000000051 0.0000569868 0.0000432616 0.0000000019 0.0000305185 0.0000305185 0.0000000009
621 0.0000000051 0.0000568461 0.0000436976 0.0000000037 0.0000610370 0.0000000000 0.0000000019
622 0.0000000052 0.0000567037 0.0000441347 0.0000000019 0.0000305185 0.0000305185 0.0000000009
623 0.0000000052 0.0000565596 0.0000445729 0.0000000019 0.0000305185 0.0000305185 0.0000000009
624 0.0000000052 0.0000564137 0.0000450122 0.0000000047 0.0000610370 0.0000305185 0.0000000002
625 0.0000000052 0.0000562661 0.0000454526 0.0000000019 0.0000305185 0.0000305185 0.0000000009
626 0.0000000053 0.0000561167 0.0000458940 0.0000000019 0.0000305185 0.0000305185 0.0000000009
627 0.0000000053 0.0000559654 0.0000463366 0.0000000019 0.0000305185 0.0000305185 0.0000000009
628 0.0000000053 0.0000558124 0.0000467804 0.0000000019 0.0000305185 0.0000305185 0.0000000009
629 0.0000000053 0.0000556575 0.0000472252 0.0000000019 0.0000305185 0.0000305185 0.0000000009
630 0.0000000054 0.0000555008 0.0000476713 0.0000000047 0.0000610370 0.0000305185 0.0000000003
631 0.0000000054 0.0000553422 0.0000481185 0.0000000019 0.0000305185 0.0000305185 0.0000000009
632 0.0000000054 0.0000551818 0.0000485669 0.0000000019 0.0000305185 0.0000305185 0.0000000009
633 0.0000000054 0.0000550194 0.0000490166 0.0000000019 0.0000305185 0.0000305185 0.0000000009
634 0.0000000055 0.0000548552 0.0000494674 0.0000000019 0.0000305185 0.0000305185 0.0000000010
635 0.0000000055 0.0000546890 0.0000499195 0.0000000047 0.0000305185 0.0000610370 0.0000000007
636 0.0000000055 0.0000545209 0.0000503729 0.0000000019 0.0000305185 0.0000305185 0.0000000010
637 0.0000000055 0.0000543508 0.0000508275 0.0000000019 0.0000305185 0.0000305185 0.0000000010
638 0.0000000056 0.0000541787 0.0000512834 0.0000000019 0.0000305185 0.0000305185 0.0000000010
639 0.0000000056 0.0000540047 0.0000517406 0.0000000047 0.0000305185 0.0000610370 0.0000000006
640 0.0000000056 0.0000538286 0.0000521991 0.0009766230 -0.0000305185 -0.0312509537 0.0009798945
641 0.0000000057 0.0000536505 0.0000526589 0.0000000047 0.0000305185 0.0000610370 0.0000000006
642 0.0000000057 0.0000534704 0.0000531201 0.0000000047 0.0000305185 0.0000610370 0.0000000006
643 0.0000000057 0.0000532882 0.0000535827 0.0000000019 0.0000305185 0.0000305185 0.0000000011
644 0.0000000057 0.0000531039 0.0000540466 0.0000000047 0.0000305185 0.0000610370 0.0000000006
645 0.0000000058 0.0000529175 0.0000545119 0.0000000019 0.0000305185 0.0000305185 0.0000000011
646 0.0000000058 0.0000527290 0.0000549787 0.0000000019 0.0000305185 0.0000305185 0.0000000011
647 0.0000000058 0.0000525384 0.0000554468 0.0000000019 0.0000305185 0.0000305185 0.0000000011
648 0.0000000059 0.0000523456 0.0000559165 0.0000000019 0.0000305185 0.0000305185 0.0000000011
649 0.0000000059 0.0000521506 0.0000563875 0.0000000047 0.0000305185 0.0000610370 0.0000000005
650 0.0000000059 0.0000519534 0.0000568601 0.0000000047 0.0000305185 0.0000610370 0.0000000005
651 0.0000000060 0.0000517539 0.0000573341 0.0000000019 0.0000305185 0.0000305185 0.0000000012
652 0.0000000060 0.0000515523 0.0000578097 0.0000000047 0.0000305185 0.0000610370 0.0000000005
653 0.0000000060 0.0000513483 0.0000582868 0.0000000019 0.0000305185 0.0000305185 0.0000000012
654 0.0000000061 0.0000511421 0.0000587654 0.0000000047 0.0000305185 0.0000610370 0.0000000004
655 0.0000000061 0.0000509335 0.0000592456 0.0000000019 0.0000305185 0.0000305185 0.0000000012
656 0.0000000061 0.0000507226 0.0000597274 0.0000000019 0.0000305185 0.0000305185 0.0000000013
657 0.0000000062 0.0000505094 0.0000602109 0.0000000047 0.0000305185 0.0000610370 0.0000000004
658 0.0000000062 0.0000502938 0.0000606959 0.0000000047 0.0000305185 0.0000610370 0.0000000004
659 0.0000000063 0.0000500757 0.0000611826 0.0000000047 0.0000305185 0.0000610370 0.0000000004
660 0.0000000063 0.0000498553 0.0000616709 0.0000000019 0.0000305185 0.0000305185 0.0000000013
661 0.0000000063 0.0000496323 0.0000621609 0.0000000019 0.0000305185 0.0000305185 0.0000000014
662 0.0000000064 0.0000494069 0.0000626526 0.0000000019 0.0000305185 0.0000305185 0.0000000014
663 0.0000000064 0.0000491790 0.0000631461 0.0000000047 0.0000305185 0.0000610370 0.0000000004
664 0.0000000064 0.0000489486 0.0000636413 0.0000000047 0.0000305185 0.0000610370 0.0000000003
665 0.0000000065 0.0000487156 0.0000641382 0.0000000047 0.0000305185 0.0000610370 0.0000000003
666 0.0000000065 0.0000484800 0.0000646369 0.0000000047 0.0000305185 0.0000610370 0.0000000003
667 0.0000000066 0.0000482418 0.0000651375 0.0000000047 0.0000305185 0.0000610370 0.0000000003
668 0.0000000066 0.0000480010 0.0000656398 0.0000000047 0.0000305185 0.0000610370 0.0000000003
669 0.0000000067 0.0000477575 0.0000661440 0.0000000009 0.0000000000 0.0000305185 0.0000000035
670 0.0000000067 0.0000475113 0.0000666501 0.0000000047 0.0000305185 0.0000610370 0.0000000003
671 0.0000000067 0.0000472624 0.0000671580 0.0000000047 0.0000305185 0.0000610370 0.0000000003
672 0.0000000068 0.0000470107 0.0000676679 0.0000000047 0.0000305185 0.0000610370 0.0000000003
673 0.0000000068 0.0000467563 0.0000681797 0.0000000047 0.0000305185 0.0000610370 0.0000000003
674 0.0000000069 0.0000464990 0.0000686935 0.0000000047 0.0000305185 0.0000610370 0.0000000003
675 0.0000000069 0.0000462389 0.0000692092 0.0000000047 0.0000305185 0.0000610370 0.0000000003
676 0.0000000070 0.0000459759 0.0000697269 0.0000000019 0.0000305185 0.0000305185 0.0000000018
677 0.0000000070 0.0000457100 0.0000702467 0.0000000019 0.0000305185 0.0000305185 0.0000000018
678 0.0000000071 0.0000454412 0.0000707685 0.0000000047 0.0000305185 0.0000610370 0.0000000003
679 0.0000000071 0.0000451694 0.0000712924 0.0000000047 0.0000305185 0.0000610370 0.0000000003
680 0.0000000072 0.0000448946 0.0000718184 0.0000000047 0.0000305185 0.0000610370 0.0000000003
681 0.0000000072 0.0000446167 0.0000723465 0.0000000019 0.0000305185 0.0000305185 0.0000000019
682 0.0000000073 0.0000443358 0.0000728767 0.0000000019 0.0000305185 0.0000305185 0.0000000020
683 0.0000000073 0.0000440518 0.0000734091 0.0000000019 0.0000305185 0.0000305185 0.0000000020
684 0.0000000074 0.0000437646 0.0000739437 0.0000000047 0.0000305185 0.0000610370 0.0000000003
685 0.0000000074 0.0000434742 0.0000744806 0.0000000037 0.0000000000 0.0000610370 0.0000000021
686 0.0000000075 0.0000431806 0.0000750197 0.0000000037 0.0000000000 0.0000610370 0.0000000021
687 0.0000000075 0.0000428838 0.0000755610 0.0000000047 0.0000305185 0.0000610370 0.0000000004
688 0.0000000076 0.0000425837 0.0000761047 0.0000000047 0.0000305185 0.0000610370 0.0000000004
689 0.0000000077 0.0000422802 0.0000766507 0.0000000037 0.0000000000 0.0000610370 0.0000000020
690 0.0000000077 0.0000419734 0.0000771991 0.0000000047 0.0000305185 0.0000610370 0.0000000004
691 0.0000000078 0.0000416632 0.0000777498 0.0000000047 0.0000305185 0.0000610370 0.0000000004
692 0.0000000078 0.0000413495 0.0000783029 0.0000000047 0.0000305185 0.0000610370 0.0000000004
693 0.0000000079 0.0000410323 0.0000788585 0.0000000047 0.0000305185 0.0000610370 0.0000000004
694 0.0000000080 0.0000407116 0.0000794166 0.0000000047 0.0000305185 0.0000610370 0.0000000004
695 0.0000000080 0.0000403873 0.0000799772 0.0000000093 0.0000305185 0.0000915555 0.0000000002
696 0.0000000081 0.0000400594 0.0000805403 0.0000000047 0.0000305185 0.0000610370 0.0000000005
697 0.0000000082 0.0000397278 0.0000811059 0.0000000047 0.0000305185 0.0000610370 0.0000000005
698 0.0000000082 0.0000393926 0.0000816742 0.0000000093 0.0000305185 0.0000915555 0.0000000002
699 0.0000000083 0.0000390535 0.0000822451 0.0000000037 0.0000000000 0.0000610370 0.0000000020
700 0.0000000084 0.0000387107 0.0000828186 0.0000000047 0.0000305185 0.0000610370 0.0000000005
701 0.0000000084 0.0000383640 0.0000833948 0.0000000037 0.0000000000 0.0000610370 0.0000000020
702 0.0000000085 0.0000380134 0.0000839738 0.0000000047 0.0000305185 0.0000610370 0.0000000006
703 0.0000000086 0.0000376589 0.0000845554 0.0000000009 0.0000000000 0.0000305185 0.0000000043
704 0.0000000086 0.0000373004 0.0000851399 0.0009822886 -0.0023804437 -0.0312509537 0.0009877963
705 0.0000000087 0.0000369378 0.0000857272 0.0000000093 0.0000305185 0.0000915555 0.0000000001
706 0.0000000088 0.0000365711 0.0000863174 0.0000000047 0.0000305185 0.0000610370 0.0000000007
707 0.0000000089 0.0000362003 0.0000869104 0.0000000093 0.0000305185 0.0000915555 0.0000000001
708 0.0000000089 0.0000358253 0.0000875063 0.0000000093 0.0000305185 0.0000915555 0.0000000000
709 0.0000000090 0.0000354460 0.0000881053 0.0000000047 0.0000305185 0.0000610370 0.0000000008
710 0.0000000091 0.0000350624 0.0000887072 0.0000000047 0.0000305185 0.0000610370 0.0000000008
711 0.0000000092 0.0000346745 0.0000893121 0.0000000047 -0.0000305185 0.0000610370 0.0000000050
712 0.0000000093 0.0000342821 0.0000899201 0.0000000047 0.0000305185 0.0000610370 0.0000000008
713 0.0000000093 0.0000338852 0.0000905312 0.0000000093 0.0000305185 0.0000915555 0.0000000000
714 0.0000000094 0.0000334838 0.0000911455 0.0000000047 0.0000305185 0.0000610370 0.0000000009
715 0.0000000095 0.0000330778 0.0000917629 0.0000000037 0.0000000000 0.0000610370 0.0000000020
716 0.0000000096 0.0000326671 0.0000923836 0.0000000093 0.0000305185 0.0000915555 0.0000000000
717 0.0000000097 0.0000322517 0.0000930076 0.0000000084 0.0000000000 0.0000915555 0.0000000010
718 0.0000000098 0.0000318315 0.0000936348 0.0000000093 0.0000305185 0.0000915555 0.0000000000
719 0.0000000099 0.0000314065 0.0000942654 0.0000000084 0.0000000000 0.0000915555 0.0000000010
720 0.0000000100 0.0000309765 0.0000948994 0.0000000093 0.0000305185 0.0000915555 0.0000000000
721 0.0000000101 0.0000305415 0.0000955368 0.0000000093 0.0000305185 0.0000915555 0.0000000000
722 0.0000000102 0.0000301015 0.0000961777 0.0000000093 0.0000305185 0.0000915555 0.0000000000
723 0.0000000103 0.0000296564 0.0000968221 0.0000000093 0.0000305185 0.0000915555 0.0000000000
724 0.0000000104 0.0000292060 0.0000974700 0.0000000093 0.0000305185 0.0000915555 0.0000000000
725 0.0000000105 0.0000287504 0.0000981216 0.0000000149 0.0000000000 0.0001220740 0.0000000014
726 0.0000000106 0.0000282895 0.0000987768 0.0000000047 0.0000305185 0.0000610370 0.0000000014
727 0.0000000107 0.0000278231 0.0000994358 0.0000000093 0.0000305185 0.0000915555 0.0000000001
728 0.0000000108 0.0000273512 0.0001000984 0.0000000093 0.0000305185 0.0000915555 0.0000000001
729 0.0000000109 0.0000268738 0.0001007649 0.0000000084 0.0000000000 0.0000915555 0.0000000008
730 0.0000000110 0.0000263907 0.0001014352 0.0000000047 0.0000305185 0.0000610370 0.0000000016
731 0.0000000111 0.0000259018 0.0001021095 0.0000000093 0.0000305185 0.0000915555 0.0000000001
732 0.0000000112 0.0000254072 0.0001027876 0.0000000093 0.0000305185 0.0000915555 0.0000000002
733 0.0000000113 0.0000249067 0.0001034698 0.0000000084 0.0000000000 0.0000915555 0.0000000008
734 0.0000000114 0.0000244001 0.0001041560 0.0000000084 0.0000000000 0.0000915555 0.0000000008
735 0.0000000116 0.0000238875 0.0001048464 0.0000000084 0.0000000000 0.0000915555 0.0000000007
736 0.0000000117 0.0000233688 0.0001055408 0.0000000084 0.0000000000 0.0000915555 0.0000000007
737 0.0000000118 0.0000228437 0.0001062395 0.0000000084 0.0000000000 0.0000915555 0.0000000007
738 0.0000000119 0.0000223124 0.0001069425 0.0000000084 0.0000000000 0.0000915555 0.0000000007
739 0.0000000121 0.0000217746 0.0001076498 0.0000000084 0.0000000000 0.0000915555 0.0000000007
740 0.0000000122 0.0000212302 0.0001083615 0.0000000084 0.0000000000 0.0000915555 0.0000000007
741 0.0000000123 0.0000206793 0.0001090776 0.0000000084 0.0000000000 0.0000915555 0.0000000007
742 0.0000000125 0.0000201216 0.0001097983 0.0000000084 0.0000000000 0.0000915555 0.0000000007
743 0.0000000126 0.0000195570 0.0001105234 0.0000000084 0.0000000000 0.0000915555 0.0000000007
744 0.0000000127 0.0000189856 0.0001112533 0.0000000084 0.0000000000 0.0000915555 0.0000000007
745 0.0000000129 0.0000184070 0.0001119878 0.0000000149 0.0000000000 0.0001220740 0.0000000004
746 0.0000000130 0.0000178214 0.0001127270 0.0000000084 0.0000000000 0.0000915555 0.0000000008
747 0.0000000132 0.0000172284 0.0001134711 0.0000000149 0.0000000000 0.0001220740 0.0000000004
748 0.0000000133 0.0000166281 0.0001142201 0.0000000093 -0.0000305185 0.0000915555 0.0000000027
749 0.0000000135 0.0000160203 0.0001149740 0.0000000093 -0.0000305185 0.0000915555 0.0000000027
750 0.0000000136 0.0000154049 0.0001157330 0.0000000093 -0.0000305185 0.0000915555 0.0000000027
751 0.0000000138 0.0000147818 0.0001164970 0.0000000084 0.0000000000 0.0000915555 0.0000000008
752 0.0000000140 0.0000141508 0.0001172662 0.0000000084 0.0000000000 0.0000915555 0.0000000009
753 0.0000000141 0.0000135118 0.0001180406 0.0000000084 0.0000000000 0.0000915555 0.0000000009
754 0.0000000143 0.0000128648 0.0001188204 0.0000000084 0.0000000000 0.0000915555 0.0000000009
755 0.0000000145 0.0000122095 0.0001196055 0.0000000158 -0.0000305185 0.0001220740 0.0000000018
756 0.0000000146 0.0000115458 0.0001203961 0.0000000084 0.0000000000 0.0000915555 0.0000000010
757 0.0000000148 0.0000108737 0.0001211922 0.0000000093 -0.0000305185 0.0000915555 0.0000000026
758 0.0000000150 0.0000101929 0.0001219939 0.0000000149 0.0000000000 0.0001220740 0.0000000001
759 0.0000000152 0.0000095033 0.0001228014 0.0000000149 0.0000000000 0.0001220740 0.0000000001
760 0.0000000154 0.0000088048 0.0001236146 0.0000000149 0.0000000000 0.0001220740 0.0000000001
761 0.0000000155 0.0000080972 0.0001244337 0.0000000149 0.0000000000 0.0001220740 0.0000000001
762 0.0000000157 0.0000073804 0.0001252587 0.0000000158 -0.0000305185 0.0001220740 0.0000000014
763 0.0000000159 0.0000066542 0.0001260898 0.0000000093 -0.0000305185 0.0000915555 0.0000000026
764 0.0000000161 0.0000059185 0.0001269270 0.0000000084 0.0000000000 0.0000915555 0.0000000013
765 0.0000000164 0.0000051731 0.0001277705 0.0000000084 0.0000000000 0.0000915555 0.0000000013
766 0.0000000166 0.0000044179 0.0001286202 0.0000000149 0.0000000000 0.0001220740 0.0000000001
767 0.0000000168 0.0000036526 0.0001294763 0.0000000158 -0.0000305185 0.0001220740 0.0000000012
768 0.0000000170 0.0000028771 0.0001303390 0.0000000019 -0.0000305185 -0.0000305185 0.0000000270
769 0.0000000172 0.0000020913 0.0001312082 0.0000000158 -0.0000305185 0.0001220740 0.0000000011
770 0.0000000174 0.0000012949 0.0001320842 0.0000000149 0.0000000000 0.0001220740 0.0000000001
771 0.0000000177 0.0000004877 0.0001329669 0.0000000084 0.0000000000 0.0000915555 0.0000000017
772 0.0000000179 -0.0000003303 0.0001338565 0.0000000149 0.0000000000 0.0001220740 0.0000000001
773 0.0000000182 -0.0000011595 0.0001347532 0.0000000149 0.0000000000 0.0001220740 0.0000000002
774 0.0000000184 -0.0000020000 0.0001356570 0.0000000158 -0.0000305185 0.0001220740 0.0000000010
775 0.0000000187 -0.0000028520 0.0001365680 0.0000000084 0.0000000000 0.0000915555 0.0000000020
776 0.0000000189 -0.0000037157 0.0001374863 0.0000000158 -0.0000305185 0.0001220740 0.0000000010
777 0.0000000192 -0.0000045913 0.0001384121 0.0000000158 -0.0000305185 0.0001220740 0.0000000009
778 0.0000000194 -0.0000054791 0.0001393455 0.0000000149 0.0000000000 0.0001220740 0.0000000003
779 0.0000000197 -0.0000063793 0.0001402866 0.0000000149 0.0000000000 0.0001220740 0.0000000004
780 0.0000000200 -0.0000072920 0.0001412355 0.0000000158 -0.0000305185 0.0001220740 0.0000000009
781 0.0000000203 -0.0000082176 0.0001421923 0.0000000149 0.0000000000 0.0001220740 0.0000000005
782 0.0000000206 -0.0000091562 0.0001431572 0.0000000158 -0.0000305185 0.0001220740 0.0000000009
783 0.0000000209 -0.0000101081 0.0001441303 0.0000000242 -0.0000305185 0.0001525925 0.0000000005
784 0.0000000212 -0.0000110735 0.0001451117 0.0000000158 -0.0000305185 0.0001220740 0.0000000009
785 0.0000000215 -0.0000120528 0.0001461016 0.0000000242 -0.0000305185 0.0001525925 0.0000000004
786 0.0000000218 -0.0000130461 0.0001471001 0.0000000242 -0.0000305185 0.0001525925 0.0000000003
787 0.0000000221 -0.0000140537 0.0001481074 0.0000000158 -0.0000305185 0.0001220740 0.0000000009
788 0.0000000225 -0.0000150759 0.0001491235 0.0000000242 -0.0000305185 0.0001525925 0.0000000003
789 0.0000000228 -0.0000161130 0.0001501487 0.0000000242 -0.0000305185 0.0001525925 0.0000000002
790 0.0000000232 -0.0000171652 0.0001511831 0.0000000158 -0.0000305185 0.0001220740 0.0000000010
791 0.0000000235 -0.0000182329 0.0001522269 0.0000000158 -0.0000305185 0.0001220740 0.0000000011
792 0.0000000239 -0.0000193164 0.0001532801 0.0000000158 -0.0000305185 0.0001220740 0.0000000011
793 0.0000000242 -0.0000204159 0.0001543431 0.0000000242 -0.0000305185 0.0001525925 0.0000000001
794 0.0000000246 -0.0000215318 0.0001554158 0.0000000242 -0.0000305185 0.0001525925 0.0000000001
795 0.0000000250 -0.0000226644 0.0001564986 0.0000000158 -0.0000305185 0.0001220740 0.0000000012
796 0.0000000254 -0.0000238140 0.0001575916 0.0000000242 -0.0000305185 0.0001525925 0.0000000001
797 0.0000000258 -0.0000249810 0.0001586949 0.0000000242 -0.0000305185 0.0001525925 0.0000000001
798 0.0000000262 -0.0000261658 0.0001598087 0.0000000158 -0.0000305185 0.0001220740 0.0000000014
799 0.0000000266 -0.0000273686 0.0001609333 0.0000000242 -0.0000305185 0.0001525925 0.0000000001
800 0.0000000271 -0.0000285899 0.0001620688 0.0000000242 -0.0000305185 0.0001525925 0.0000000001
801 0.0000000275 -0.0000298300 0.0001632155 0.0000000242 -0.0000305185 0.0001525925 0.0000000001
802 0.0000000280 -0.0000310893 0.0001643734 0.0000000242 -0.0000305185 0.0001525925 0.0000000001
803 0.0000000285 -0.0000323682 0.0001655429 0.0000000270 -0.0000610370 0.0001525925 0.0000000010
804 0.0000000289 -0.0000336672 0.0001667241 0.0000000242 -0.0000305185 0.0001525925 0.0000000002
805 0.0000000294 -0.0000349866 0.0001679173 0.0000000270 -0.0000610370 0.0001525925 0.0000000009
806 0.0000000299 -0.0000363269 0.0001691226 0.0000000270 -0.0000610370 0.0001525925 0.0000000009
807 0.0000000304 -0.0000376885 0.0001703403 0.0000000270 -0.0000610370 0.0001525925 0.0000000009
808 0.0000000310 -0.0000390719 0.0001715706 0.0000000270 -0.0000610370 0.0001525925 0.0000000008
809 0.0000000315 -0.0000404776 0.0001728138 0.0000000270 -0.0000610370 0.0001525925 0.0000000008
810 0.0000000321 -0.0000419059 0.0001740702 0.0000000270 -0.0000610370 0.0001525925 0.0000000008
811 0.0000000326 -0.0000433575 0.0001753398 0.0000000373 -0.0000610370 0.0001831111 0.0000000004
812 0.0000000332 -0.0000448328 0.0001766231 0.0000000373 -0.0000610370 0.0001831111 0.0000000003
813 0.0000000338 -0.0000463324 0.0001779203 0.0000000373 -0.0000610370 0.0001831111 0.0000000002
814 0.0000000344 -0.0000478568 0.0001792317 0.0000000270 -0.0000610370 0.0001525925 0.0000000009
815 0.0000000350 -0.0000494065 0.0001805574 0.0000000373 -0.0000610370 0.0001831111 0.0000000001
816 0.0000000357 -0.0000509822 0.0001818979 0.0000000373 -0.0000610370 0.0001831111 0.0000000001
817 0.0000000363 -0.0000525844 0.0001832534 0.0000000373 -0.0000610370 0.0001831111 0.0000000001
818 0.0000000370 -0.0000542136 0.0001846242 0.0000000270 -0.0000610370 0.0001525925 0.0000000011
819 0.0000000377 -0.0000558706 0.0001860106 0.0000000270 -0.0000610370 0.0001525925 0.0000000011
820 0.0000000384 -0.0000575560 0.0001874130 0.0000000373 -0.0000610370 0.0001831111 0.0000000000
821 0.0000000392 -0.0000592704 0.0001888316 0.0000000419 -0.0000915555 0.0001831111 0.0000000011
822 0.0000000399 -0.0000610145 0.0001902668 0.0000000373 -0.0000610370 0.0001831111 0.0000000001
823 0.0000000407 -0.0000627890 0.0001917189 0.0000000373 -0.0000610370 0.0001831111 0.0000000001
824 0.0000000415 -0.0000645947 0.0001931884 0.0000000419 -0.0000915555 0.0001831111 0.0000000008
825 0.0000000423 -0.0000664322 0.0001946755 0.0000000419 -0.0000915555 0.0001831111 0.0000000008
826 0.0000000432 -0.0000683024 0.0001961807 0.0000000317 -0.0000915555 0.0001525925 0.0000000024
827 0.0000000440 -0.0000702060 0.0001977043 0.0000000540 -0.0000915555 0.0002136296 0.0000000007
828 0.0000000449 -0.0000721438 0.0001992467 0.0000000419 -0.0000915555 0.0001831111 0.0000000006
829 0.0000000458 -0.0000741168 0.0002008083 0.0000000419 -0.0000915555 0.0001831111 0.0000000006
830 0.0000000468 -0.0000761257 0.0002023896 0.0000000419 -0.0000915555 0.0001831111 0.0000000006
831 0.0000000477 -0.0000781714 0.0002039910 0.0000000605 -0.0001220740 0.0002136296 0.0000000020
832 0.0000000487 -0.0000802550 0.0002056129 0.0014297885 -0.0213324381 0.0312204352 0.0014135745
833 0.0000000497 -0.0000823772 0.0002072558 0.0000000317 -0.0000915555 0.0001525925 0.0000000031
834 0.0000000508 -0.0000845392 0.0002089202 0.0000000419 -0.0000915555 0.0001831111 0.0000000007
835 0.0000000519 -0.0000867419 0.0002106066 0.0000000419 -0.0000915555 0.0001831111 0.0000000008
836 0.0000000530 -0.0000889865 0.0002123154 0.0000000419 -0.0000915555 0.0001831111 0.0000000009
837 0.0000000541 -0.0000912739 0.0002140472 0.0000000419 -0.0000915555 0.0001831111 0.0000000010
838 0.0000000553 -0.0000936053 0.0002158026 0.0000000419 -0.0000915555 0.0001831111 0.0000000011
839 0.0000000566 -0.0000959818 0.0002175820 0.0000000484 -0.0001220740 0.0001831111 0.0000000019
840 0.0000000578 -0.0000984048 0.0002193861 0.0000000605 -0.0001220740 0.0002136296 0.0000000006
841 0.0000000591 -0.0001008754 0.0002212155 0.0000000605 -0.0001220740 0.0002136296 0.0000000005
842 0.0000000605 -0.0001033949 0.0002230707 0.0000000605 -0.0001220740 0.0002136296 0.0000000004
843 0.0000000618 -0.0001059646 0.0002249524 0.0000000484 -0.0001220740 0.0001831111 0.0000000020
844 0.0000000633 -0.0001085859 0.0002268612 0.0000000605 -0.0001220740 0.0002136296 0.0000000004
845 0.0000000647 -0.0001112604 0.0002287979 0.0000000605 -0.0001220740 0.0002136296 0.0000000003
846 0.0000000662 -0.0001139893 0.0002307631 0.0000000605 -0.0001220740 0.0002136296 0.0000000004
847 0.0000000678 -0.0001167744 0.0002327576 0.0000000605 -0.0001220740 0.0002136296 0.0000000004
848 0.0000000694 -0.0001196171 0.0002347820 0.0000000605 -0.0001220740 0.0002136296 0.0000000005
849 0.0000000711 -0.0001225191 0.0002368372 0.0000000689 -0.0001525925 0.0002136296 0.0000000014
850 0.0000000728 -0.0001254822 0.0002389240 0.0000000605 -0.0001220740 0.0002136296 0.0000000007
851 0.0000000746 -0.0001285081 0.0002410432 0.0000000689 -0.0001525925 0.0002136296 0.0000000013
852 0.0000000765 -0.0001315987 0.0002431956 0.0000000829 -0.0001525925 0.0002441481 0.0000000004
853 0.0000000784 -0.0001347559 0.0002453822 0.0000000689 -0.0001525925 0.0002136296 0.0000000013
854 0.0000000803 -0.0001379816 0.0002476038 0.0000000829 -0.0001525925 0.0002441481 0.0000000002
855 0.0000000824 -0.0001412780 0.0002498615 0.0000000689 -0.0001525925 0.0002136296 0.0000000014
856 0.0000000845 -0.0001446472 0.0002521562 0.0000000829 -0.0001525925 0.0002441481 0.0000000001
857 0.0000000867 -0.0001480915 0.0002544890 0.0000000829 -0.0001525925 0.0002441481 0.0000000001
858 0.0000000890 -0.0001516131 0.0002568609 0.0000000689 -0.0001525925 0.0002136296 0.0000000019
859 0.0000000913 -0.0001552145 0.0002592731 0.0000000829 -0.0001525925 0.0002441481 0.0000000002
860 0.0000000937 -0.0001588982 0.0002617267 0.0000000931 -0.0001831111 0.0002441481 0.0000000009
861 0.0000000963 -0.0001626669 0.0002642229 0.0000000931 -0.0001831111 0.0002441481 0.0000000008
862 0.0000000989 -0.0001665233 0.0002667629 0.0000000931 -0.0001831111 0.0002441481 0.0000000008
863 0.0000001016 -0.0001704701 0.0002693482 0.0000000931 -0.0001831111 0.0002441481 0.0000000008
864 0.0000001044 -0.0001745105 0.0002719799 0.0000000931 -0.0001831111 0.0002441481 0.0000000008
865 0.0000001074 -0.0001786475 0.0002746596 0.0000001090 -0.0001831111 0.0002746666 0.0000000000
866 0.0000001104 -0.0001828843 0.0002773886 0.0000000931 -0.0001831111 0.0002441481 0.0000000011
867 0.0000001135 -0.0001872243 0.0002801687 0.0000001211 -0.0002136296 0.0002746666 0.0000000007
868 0.0000001168 -0.0001916711 0.0002830012 0.0000001211 -0.0002136296 0.0002746666 0.0000000006
869 0.0000001202 -0.0001962283 0.0002858880 0.0000001211 -0.0002136296 0.0002746666 0.0000000004
870 0.0000001238 -0.0002008998 0.0002888307 0.0000001211 -0.0002136296 0.0002746666 0.0000000004
871 0.0000001275 -0.0002056896 0.0002918311 0.0000001211 -0.0002136296 0.0002746666 0.0000000004
872 0.0000001313 -0.0002106019 0.0002948912 0.0000001211 -0.0002136296 0.0002746666 0.0000000004
873 0.0000001353 -0.0002156411 0.0002980130 0.0000001211 -0.0002136296 0.0002746666 0.0000000005
874 0.0000001395 -0.0002208119 0.0003011985 0.0000001351 -0.0002441481 0.0002746666 0.0000000012
875 0.0000001438 -0.0002261192 0.0003044499 0.0000001527 -0.0002441481 0.0003051851 0.0000000003
876 0.0000001483 -0.0002315679 0.0003077694 0.0000001351 -0.0002441481 0.0002746666 0.0000000013
877 0.0000001531 -0.0002371634 0.0003111595 0.0000001527 -0.0002441481 0.0003051851 0.0000000001
878 0.0000001580 -0.0002429113 0.0003146226 0.0000001527 -0.0002441481 0.0003051851 0.0000000001
879 0.0000001631 -0.0002488175 0.0003181614 0.0000001686 -0.0002746666 0.0003051851 0.0000000008
880 0.0000001685 -0.0002548881 0.0003217786 0.0000001686 -0.0002746666 0.0003051851 0.0000000007
881 0.0000001741 -0.0002611297 0.0003254771 0.0000001686 -0.0002746666 0.0003051851 0.0000000006
882 0.0000001800 -0.0002675491 0.0003292600 0.0000001686 -0.0002746666 0.0003051851 0.0000000006
883 0.0000001861 -0.0002741534 0.0003331303 0.0000002058 -0.0003051851 0.0003357036 0.0000000010
884 0.0000001926 -0.0002809502 0.0003370915 0.0000001863 -0.0003051851 0.0003051851 0.0000000016
885 0.0000001993 -0.0002879476 0.0003411471 0.0000001863 -0.0003051851 0.0003051851 0.0000000016
886 0.0000002063 -0.0002951538 0.0003453008 0.0000002058 -0.0003051851 0.0003357036 0.0000000002
887 0.0000002137 -0.0003025779 0.0003495566 0.0000001863 -0.0003051851 0.0003051851 0.0000000020
888 0.0000002215 -0.0003102292 0.0003539185 0.0000002254 -0.0003357036 0.0003357036 0.0000000010
889 0.0000002296 -0.0003181175 0.0003583909 0.0000002468 -0.0003357036 0.0003662221 0.0000000004
890 0.0000002382 -0.0003262536 0.0003629785 0.0000002254 -0.0003357036 0.0003357036 0.0000000008
891 0.0000002472 -0.0003346483 0.0003676861 0.0000002468 -0.0003357036 0.0003662221 0.0000000000
892 0.0000002566 -0.0003433135 0.0003725189 0.0000002682 -0.0003662221 0.0003662221 0.0000000006
893 0.0000002666 -0.0003522618 0.0003774824 0.0000002682 -0.0003662221 0.0003662221 0.0000000003
894 0.0000002771 -0.0003615063 0.0003825823 0.0000002682 -0.0003662221 0.0003662221 0.0000000003
895 0.0000002881 -0.0003710611 0.0003878248 0.0000002915 -0.0003967406 0.0003662221 0.0000000011
896 0.0000002997 -0.0003809411 0.0003932165 0.0009766230 -0.0000305185 -0.0312509537 0.0010014763
897 0.0000003120 -0.0003911625 0.0003987642 0.0000003148 -0.0003967406 0.0003967406 0.0000000000
898 0.0000003250 -0.0004017419 0.0004044754 0.0000003167 -0.0004272591 0.0003662221 0.0000000021
899 0.0000003387 -0.0004126977 0.0004103580 0.0000003400 -0.0004272591 0.0003967406 0.0000000004
900 0.0000003532 -0.0004240490 0.0004164203 0.0000003400 -0.0004272591 0.0003967406 0.0000000004
901 0.0000003686 -0.0004358166 0.0004226713 0.0000003651 -0.0004272591 0.0004272591 0.0000000001
902 0.0000003849 -0.0004480224 0.0004291206 0.0000003921 -0.0004577776 0.0004272591 0.0000000001
903 0.0000004021 -0.0004606902 0.0004357784 0.0000003958 -0.0004882962 0.0003967406 0.0000000023
904 0.0000004205 -0.0004738451 0.0004426557 0.0000004210 -0.0004882962 0.0004272591 0.0000000004
905 0.0000004400 -0.0004875145 0.0004497642 0.0000004517 -0.0005188147 0.0004272591 0.0000000015
906 0.0000004607 -0.0005017276 0.0004571167 0.0000004787 -0.0005188147 0.0004577776 0.0000000003
907 0.0000004828 -0.0005165157 0.0004647267 0.0000005113 -0.0005493332 0.0004577776 0.0000000011
908 0.0000005063 -0.0005319129 0.0004726087 0.0000005113 -0.0005493332 0.0004577776 0.0000000005
909 0.0000005314 -0.0005479555 0.0004807787 0.0000005458 -0.0005798517 0.0004577776 0.0000000015
910 0.0000005582 -0.0005646833 0.0004892535 0.0000005458 -0.0005798517 0.0004577776 0.0000000012
911 0.0000005869 -0.0005821388 0.0004980517 0.0000005458 -0.0005798517 0.0004577776 0.0000000016
912 0.0000006177 -0.0006003685 0.0005071932 0.0000006110 -0.0006103702 0.0004882962 0.0000000005
913 0.0000006507 -0.0006194227 0.0005166996 0.0000006799 -0.0006408887 0.0005188147 0.0000000005
914 0.0000006861 -0.0006393561 0.0005265945 0.0000006492 -0.0006408887 0.0004882962 0.0000000015
915 0.0000007242 -0.0006602284 0.0005369034 0.0000007526 -0.0006714072 0.0005493332 0.0000000003
916 0.0000007652 -0.0006821046 0.0005476543 0.0000007619 -0.0007019257 0.0005188147 0.0000000012
917 0.0000008094 -0.0007050559 0.0005588778 0.0000008382 -0.0007324442 0.0005493332 0.0000000008
918 0.0000008573 -0.0007291603 0.0005706073 0.0000008382 -0.0007324442 0.0005493332 0.0000000005
919 0.0000009090 -0.0007545035 0.0005828794 0.0000009314 -0.0007934812 0.0005493332 0.0000000026
920 0.0000009651 -0.0007811797 0.0005957347 0.0000009658 -0.0007934812 0.0005798517 0.0000000004
921 0.0000010261 -0.0008092929 0.0006092175 0.0000010152 -0.0008239998 0.0005798517 0.0000000011
922 0.0000010924 -0.0008389582 0.0006233772 0.0000011028 -0.0008545183 0.0006103702 0.0000000004
923 0.0000011648 -0.0008703031 0.0006382682 0.0000011558 -0.0008850368 0.0006103702 0.0000000010
924 0.0000012439 -0.0009034693 0.0006539511 0.0000012490 -0.0009155553 0.0006408887 0.0000000003
925 0.0000013306 -0.0009386150 0.0006704936 0.0000013058 -0.0009460738 0.0006408887 0.0000000009
926 0.0000014257 -0.0009759168 0.0006879711 0.0000014651 -0.0010071108 0.0006714072 0.0000000012
927 0.0000015305 -0.0010155731 0.0007064683 0.0000015694 -0.0010376293 0.0007019257 0.0000000005
928 0.0000016461 -0.0010578072 0.0007260805 0.0000016336 -0.0010681478 0.0007019257 0.0000000007
929 0.0000017742 -0.0011028712 0.0007469153 0.0000018115 -0.0011291849 0.0007324442 0.0000000009
930 0.0000019164 -0.0011510513 0.0007690947 0.0000019270 -0.0011597034 0.0007629627 0.0000000001
931 0.0000020749 -0.0012026730 0.0007927577 0.0000021198 -0.0012207404 0.0007934812 0.0000000003
932 0.0000022521 -0.0012581089 0.0008180629 0.0000022726 -0.0012817774 0.0007934812 0.0000000012
933 0.0000024509 -0.0013177871 0.0008451930 0.0000024011 -0.0013122959 0.0008239998 0.0000000005
934 0.0000026750 -0.0013822017 0.0008743584 0.0000027010 -0.0014038514 0.0008545183 0.0000000009
935 0.0000029286 -0.0014519265 0.0009058035 0.0000029292 -0.0014648885 0.0008850368 0.0000000006
936 0.0000032169 -0.0015276315 0.0009398139 0.0000032608 -0.0015564440 0.0009155553 0.0000000014
937 0.0000035464 -0.0016101041 0.0009767246 0.0000035113 -0.0016174810 0.0009460738 0.0000000010
938 0.0000039251 -0.0017002754 0.0010169323 0.0000039351 -0.0017090365 0.0010071108 0.0000000002
939 0.0000043628 -0.0017992553 0.0010609094 0.0000043831 -0.0018005921 0.0010681478 0.0000000001
940 0.0000048723 -0.0019083772 0.0011092235 0.0000049037 -0.0019226661 0.0010986663 0.0000000003
941 0.0000054694 -0.0020292572 0.0011625624 0.0000054560 -0.0020447401 0.0011291849 0.0000000014
942 0.0000061751 -0.0021638732 0.0012217677 0.0000061853 -0.0021668142 0.0012207404 0.0000000000
943 0.0000070163 -0.0023146720 0.0012878806 0.0000070878 -0.0023499252 0.0012512589 0.0000000026
944 0.0000080294 -0.0024847174 0.0013622047 0.0000080657 -0.0025025178 0.0013428144 0.0000000007
945 0.0000092632 -0.0026778973 0.0014463940 0.0000092700 -0.0026856288 0.0014343699 0.0000000002
946 0.0000107850 -0.0028992208 0.0015425795 0.0000108282 -0.0028992584 0.0015564440 0.0000000002
947 0.0000126899 -0.0031552538 0.0016535541 0.0000126900 -0.0031739250 0.0016174810 0.0000000016
948 0.0000151147 -0.0034547746 0.0017830519 0.0000150259 -0.0034485916 0.0017700735 0.0000000002
949 0.0000182633 -0.0038097917 0.0019361807 0.0000182494 -0.0038148137 0.0019226661 0.0000000002
950 0.0000224486 -0.0042371790 0.0021201175 0.0000224295 -0.0042420728 0.0021057772 0.0000000002
951 0.0000281714 -0.0047614189 0.0023452753 0.0000284797 -0.0047914060 0.0023499252 0.0000000009
952 0.0000362733 -0.0054194342 0.0026273581 0.0000362390 -0.0054322947 0.0025940733 0.0000000013
953 0.0000482557 -0.0062696399 0.0029912103 0.0000480862 -0.0062562944 0.0029908139 0.0000000002
954 0.0000670124 -0.0074102438 0.0034786003 0.0000668898 -0.0074159978 0.0034485916 0.0000000009
955 0.0000987141 -0.0090200846 0.0041655887 0.0000988305 -0.0090334788 0.0041505173 0.0000000004
956 0.0001585056 -0.0114627527 0.0052068109 0.0001585916 -0.0114749596 0.0051881466 0.0000000005
957 0.0002922295 -0.0156082328 0.0069722713 0.0002925724 -0.0156254769 0.0069582202 0.0000000005
958 0.0006977754 -0.0241854535 0.0106225811 0.0006984908 -0.0242011780 0.0106204413 0.0000000003
959 0.0032627688 -0.0524413684 0.0226422552 0.0014866455 -0.0312509537 0.0225836970 0.0004490371
960 0.1536560253 0.3608443980 -0.1531252615 0.0010621311 0.0092471084 -0.0312509537 0.1384740010
961 0.0020079862 0.0413589782 -0.0172459022 0.0012720352 0.0312204352 -0.0172429579 0.0001027901
962 0.0005726708 0.0221445209 -0.0090714391 0.0005717124 0.0221259194 -0.0090639973 0.0000000004
963 0.0002690574 0.0152174104 -0.0061227331 0.0002676878 0.0151676992 -0.0061342204 0.0000000026
964 0.0001568523 0.0116479233 -0.0046019808 0.0001564364 0.0116275521 -0.0046082949 0.0000000005
965 0.0001032117 0.0094718001 -0.0036737838 0.0001023409 0.0094302194 -0.0036622211 0.0000000019
966 0.0000734016 0.0080069357 -0.0030480425 0.0000732474 0.0079958495 -0.0030518509 0.0000000001
967 0.0000551049 0.0069540007 -0.0025974513 0.0000547223 0.0069277017 -0.0025940733 0.0000000007
968 0.0000430533 0.0061609741 -0.0022573548 0.0000427289 0.0061342204 -0.0022583697 0.0000000007
969 0.0000346846 0.0055424532 -0.0019914302 0.0000344480 0.0055238502 -0.0019837031 0.0000000004
970 0.0000286301 0.0050467648 -0.0017776997 0.0000284900 0.0050355541 -0.0017700735 0.0000000002
971 0.0000241038 0.0046408107 -0.0016020856 0.0000241348 0.0046388134 -0.0016174810 0.0000000002
972 0.0000206282 0.0043024093 -0.0014551528 0.0000204009 0.0042725913 -0.0014648885 0.0000000010
973 0.0000178992 0.0040161381 -0.0013303409 0.0000175435 0.0039674062 -0.0013428144 0.0000000025
974 0.0000157156 0.0037709416 -0.0012229466 0.0000156565 0.0037537767 -0.0012512589 0.0000000011
975 0.0000139401 0.0035586880 -0.0011295102 0.0000138776 0.0035401471 -0.0011597034 0.0000000013
976 0.0000124760 0.0033732626 -0.0010474296 0.0000124106 0.0033570360 -0.0010681478 0.0000000007
977 0.0000112540 0.0032099794 -0.0009747105 0.0000110881 0.0031739250 -0.0010071108 0.0000000023
978 0.0000102231 0.0030651866 -0.0009097982 0.0000101520 0.0030518509 -0.0009155553 0.0000000002
979 0.0000093451 0.0029359967 -0.0008514630 0.0000093138 0.0029297769 -0.0008545183 0.0000000000
980 0.0000085909 0.0028200962 -0.0007987195 0.0000085128 0.0028077029 -0.0007934812 0.0000000002
981 0.0000079382 0.0027156103 -0.0007507686 0.0000077947 0.0026856288 -0.0007629627 0.0000000010
982 0.0000073694 0.0026210033 -0.0007069554 0.0000072657 0.0025940733 -0.0007324442 0.0000000014
983 0.0000068708 0.0025350057 -0.0006667382 0.0000069090 0.0025330363 -0.0007019257 0.0000000012
984 0.0000064312 0.0024565589 -0.0006296647 0.0000063716 0.0024414808 -0.0006408887 0.0000000004
985 0.0000060416 0.0023847731 -0.0005953548 0.0000058947 0.0023499252 -0.0006103702 0.0000000014
986 0.0000056948 0.0023188953 -0.0005634860 0.0000055752 0.0022888882 -0.0005798517 0.0000000012
987 0.0000053848 0.0022582840 -0.0005337835 0.0000052651 0.0022278512 -0.0005493332 0.0000000012
988 0.0000051066 0.0022023893 -0.0005060110 0.0000049643 0.0021668142 -0.0005188147 0.0000000014
989 0.0000048560 0.0021507373 -0.0004799648 0.0000046727 0.0021057772 -0.0004882962 0.0000000021
990 0.0000046297 0.0021029174 -0.0004554680 0.0000045163 0.0020752586 -0.0004577776 0.0000000008
991 0.0000044247 0.0020585725 -0.0004323659 0.0000042666 0.0020142216 -0.0004577776 0.0000000026
992 0.0000042384 0.0020173901 -0.0004105234 0.0000042396 0.0020142216 -0.0004272591 0.0000000003
993 0.0000040688 0.0019790962 -0.0003898209 0.0000039723 0.0019531846 -0.0003967406 0.0000000007
994 0.0000039140 0.0019434493 -0.0003701531 0.0000038308 0.0019226661 -0.0003662221 0.0000000004
995 0.0000037725 0.0019102359 -0.0003514263 0.0000037143 0.0018921476 -0.0003662221 0.0000000005
996 0.0000036429 0.0018792668 -0.0003335567 0.0000035784 0.0018616291 -0.0003357036 0.0000000003
997 0.0000035240 0.0018503735 -0.0003164698 0.0000033548 0.0018005921 -0.0003357036 0.0000000028
998 0.0000034149 0.0018234061 -0.0003000982 0.0000033353 0.0018005921 -0.0003051851 0.0000000005
999 0.0000033145 0.0017982302 -0.0002843813 0.0000032263 0.0017700735 -0.0003051851 0.0000000012
1000 0.0000032222 0.0017747256 -0.0002692645 0.0000032263 0.0017700735 -0.0003051851 0.0000000013
1001 0.0000031371 0.0017527844 -0.0002546980 0.0000031015 0.0017395550 -0.0002746666 0.0000000006
1002 0.0000030588 0.0017323096 -0.0002406365 0.0000029962 0.0017090365 -0.0002746666 0.0000000017
1003 0.0000029866 0.0017132138 -0.0002270386 0.0000028770 0.0016785180 -0.0002441481 0.0000000015
1004 0.0000029202 0.0016954182 -0.0002138666 0.0000028631 0.0016785180 -0.0002136296 0.0000000003
1005 0.0000028590 0.0016788516 -0.0002010855 0.0000028631 0.0016785180 -0.0002136296 0.0000000002
1006 0.0000028027 0.0016634500 -0.0001886633 0.0000027615 0.0016479995 -0.0002136296 0.0000000009
1007 0.0000027509 0.0016491552 -0.0001765701 0.0000026498 0.0016174810 -0.0001831111 0.0000000010
1008 0.0000027034 0.0016359150 -0.0001647785 0.0000026498 0.0016174810 -0.0001831111 0.0000000007
1009 0.0000026598 0.0016236820 -0.0001532628 0.0000025417 0.0015869625 -0.0001525925 0.0000000013
1010 0.0000026200 0.0016124136 -0.0001419989 0.0000025417 0.0015869625 -0.0001525925 0.0000000008
1011 0.0000025838 0.0016020713 -0.0001309643 0.0000025417 0.0015869625 -0.0001525925 0.0000000007
1012 0.0000025509 0.0015926205 -0.0001201379 0.0000024458 0.0015564440 -0.0001525925 0.0000000024
1013 0.0000025211 0.0015840305 -0.0001094997 0.0000024374 0.0015564440 -0.0001220740 0.0000000009
1014 0.0000024944 0.0015762733 -0.0000990306 0.0000024374 0.0015564440 -0.0001220740 0.0000000009
1015 0.0000024706 0.0015693247 -0.0000887128 0.0000023434 0.0015259255 -0.0001220740 0.0000000030
1016 0.0000024496 0.0015631627 -0.0000785288 0.0000023368 0.0015259255 -0.0000915555 0.0000000016
1017 0.0000024313 0.0015577685 -0.0000684623 0.0000023368 0.0015259255 -0.0000915555 0.0000000015
1018 0.0000024156 0.0015531256 -0.0000584972 0.0000023322 0.0015259255 -0.0000610370 0.0000000007
1019 0.0000024024 0.0015492201 -0.0000486181 0.0000023322 0.0015259255 -0.0000610370 0.0000000007
1020 0.0000023917 0.0015460403 -0.0000388101 0.0000023294 0.0015259255 -0.0000305185 0.0000000005
1021 0.0000023835 0.0015435768 -0.0000290586 0.0000023294 0.0015259255 -0.0000305185 0.0000000003
1022 0.0000023776 0.0015418223 -0.0000193491 0.0000022372 0.0014954070 -0.0000305185 0.0000000023
1023 0.0000023741 0.0015407716 -0.0000096676 0.0000023284 0.0015259255 0.0000000000 0.0000000003
