#int double real img int16 real16 img16 error
0 0.0004734556 0.0217590348 0.0000000000 0.0000000009 -0.0000305185 0.0000000000 0.0004747846
1 0.0004736893 0.0217639771 0.0001365582 0.0004721609 0.0217291787 -0.0000610370 0.0000000403
2 0.0004743916 0.0217788182 0.0002733134 0.0004681877 0.0216376232 -0.0000305185 0.0000001122
3 0.0004755655 0.0218036016 0.0004104632 0.0004748135 0.0217902158 0.0000000000 0.0000001687
4 0.0004772162 0.0218384000 0.0005482075 0.0009795429 -0.0312509537 0.0017090365 0.0028198270
5 0.0004793511 0.0218833160 0.0006867490 0.0004791845 0.0218817713 0.0006103702 0.0000000058
6 0.0004819798 0.0219384827 0.0008262943 0.0004807306 0.0219122898 0.0007629627 0.0000000047
7 0.0004851141 0.0220040649 0.0009670551 0.0004850075 0.0220038453 0.0009155553 0.0000000027
8 0.0004887683 0.0220802600 0.0011092490 0.0011624826 -0.0137028108 0.0312204352 0.0021871117
9 0.0004929595 0.0221673000 0.0012531010 0.0004923244 0.0221564379 0.0011902219 0.0000000041
10 0.0004977072 0.0222654529 0.0013988449 0.0004966953 0.0222479934 0.0013122959 0.0000000078
11 0.0005030341 0.0223750249 0.0015467239 0.0005025658 0.0223700674 0.0014648885 0.0000000067
12 0.0005089661 0.0224963631 0.0016969930 0.0012179183 0.0155949583 0.0312204352 0.0009192630
13 0.0005155327 0.0226298580 0.0018499200 0.0005144288 0.0226142155 0.0017395550 0.0000000124
14 0.0005227669 0.0227759469 0.0020057874 0.0005220242 0.0227668081 0.0019226661 0.0000000070
15 0.0005307064 0.0229351179 0.0021648942 0.0004504384 0.0211188086 0.0021057772 0.0000033025
16 0.0005393932 0.0231079136 0.0023275585 0.0018349814 -0.0312509537 -0.0292977691 0.0039550478
17 0.0005488747 0.0232949368 0.0024941192 0.0005469107 0.0232551042 0.0024719993 0.0000000021
18 0.0005592041 0.0234968554 0.0026649393 0.0005576699 0.0234687338 0.0026245918 0.0000000024
19 0.0005704411 0.0237144094 0.0028404083 0.0005687375 0.0236823634 0.0028077029 0.0000000021
20 0.0005826528 0.0239484180 0.0030209460 0.0012563191 -0.0312509537 -0.0167241432 0.0034368392
21 0.0005959146 0.0241997881 0.0032070061 0.0005957708 0.0242011780 0.0031739250 0.0000000011
22 0.0006103113 0.0244695238 0.0033990806 0.0006090495 0.0244453261 0.0033875546 0.0000000007
23 0.0006259386 0.0247587382 0.0035977047 0.0006253375 0.0247505112 0.0035706656 0.0000000008
24 0.0006429043 0.0250686654 0.0038034624 0.0010329268 0.0076296274 0.0312204352 0.0010558104
25 0.0006613306 0.0254006764 0.0040169932 0.0006604635 0.0253913999 0.0039674062 0.0000000025
26 0.0006813559 0.0257562955 0.0042389992 0.0006796210 0.0257271035 0.0042115543 0.0000000016
27 0.0007031375 0.0261372211 0.0044702544 0.0007007149 0.0260933256 0.0044557024 0.0000000021
28 0.0007268549 0.0265453488 0.0047116143 0.0006939987 0.0005798517 0.0263374737 0.0011418848
29 0.0007527130 0.0269827992 0.0049640280 0.0007506294 0.0269478439 0.0049439985 0.0000000016
30 0.0007809473 0.0274519506 0.0052285521 0.0007796586 0.0274361400 0.0051881466 0.0000000019
31 0.0008118287 0.0279554765 0.0055063670 0.0008113218 0.0279549547 0.0054628132 0.0000000019
32 0.0008456704 0.0284963923 0.0057987966 0.0019513377 -0.0312509537 0.0312204352 0.0042160051
33 0.0008828359 0.0290781089 0.0061073313 0.0008809965 0.0290536210 0.0060731834 0.0000000018
34 0.0009237491 0.0297044981 0.0064336561 0.0009228377 0.0296945097 0.0064088870 0.0000000007
35 0.0009689068 0.0303799715 0.0067796837 0.0009675784 0.0303659169 0.0067445906 0.0000000014
36 0.0010188938 0.0311095758 0.0071475957 0.0009766230 -0.0312509537 -0.0000305185 0.0039403610
37 0.0010744032 0.0318991097 0.0075398920 0.0010310789 0.0312204352 0.0075075533 0.0000004616
38 0.0011362604 0.0327552672 0.0079594520 0.0010376768 0.0312204352 0.0079348125 0.0000023563
39 0.0012054557 0.0336858153 0.0084096103 0.0010451511 0.0312204352 0.0083925901 0.0000060784
40 0.0012831850 0.0346998163 0.0088942509 0.0018783632 -0.0300607318 0.0312204352 0.0046923871
41 0.0013709036 0.0358079073 0.0094179267 0.0010630700 0.0312204352 0.0093997009 0.0000210452
42 0.0014703974 0.0370226553 0.0099860103 0.0010736989 0.0312204352 0.0099490341 0.0000336671
43 0.0015838776 0.0383590144 0.0106048882 0.0010868620 0.0312204352 0.0105899228 0.0000509595
44 0.0017141090 0.0398349176 0.0112822130 0.0009857813 0.0033265175 0.0312204352 0.0017303960
45 0.0018645858 0.0414720555 0.0120272347 0.0011185662 0.0312204352 0.0119937742 0.0001050968
46 0.0020397770 0.0432969121 0.0128512407 0.0011390109 0.0312204352 0.0128177740 0.0001458424
47 0.0022454739 0.0453421644 0.0137681515 0.0011633199 0.0312204352 0.0137333293 0.0001994244
48 0.0024892912 0.0476486010 0.0147953366 0.0019513377 -0.0312509537 0.0312204352 0.0064949236
49 0.0027814063 0.0502678035 0.0159547553 0.0012275301 0.0312204352 0.0159001434 0.0003628052
50 0.0031356742 0.0532659657 0.0172745801 0.0012720352 0.0312204352 0.0172429579 0.0004860064
51 0.0035713543 0.0567294580 0.0187915645 0.0013269866 0.0312204352 0.0187688833 0.0006507108
52 0.0041158660 0.0607731461 0.0205545798 0.0019513377 -0.0312509537 0.0312204352 0.0085821954
53 0.0048093408 0.0655531932 0.0226300608 0.0014861183 0.0312204352 0.0226142155 0.0011787385
54 0.0057124462 0.0712874477 0.0251106761 0.0016025035 0.0312204352 0.0250556963 0.0016053685
55 0.0069204838 0.0782892319 0.0281296988 0.0017647498 0.0312204352 0.0281075472 0.0022154721
56 0.0085902534 0.0870260729 0.0318859845 0.0013730815 0.0199591052 0.0312204352 0.0044984211
57 0.0109948688 0.0982278703 0.0366899750 0.0019494311 0.0312204352 0.0312204352 0.0045199122
58 0.0146455411 0.1131009726 0.0430547448 0.0019494311 0.0312204352 0.0312204352 0.0068444733
59 0.0205934386 0.1337927329 0.0518935761 0.0019494311 0.0312204352 0.0312204352 0.0109484550
60 0.0312961575 0.1645312904 0.0650047071 0.0019494311 0.0312204352 0.0312204352 0.0189131611
61 0.0536840168 0.2149516349 0.0864859033 0.0019494311 0.0312204352 0.0312204352 0.0368114257
62 0.1142628491 0.3127996713 0.1281374834 0.0019494311 0.0312204352 0.0312204352 0.0886797805
63 0.4006459244 0.5842110957 0.2436048440 0.0019494311 0.0312204352 0.0312204352 0.3509058077
64 30.6584076670 5.0970625991 2.1629518090 0.0001423343 -0.0045777764 0.0110171819 30.6575571602
65 0.6510079716 -0.7407540182 -0.3198303553 0.0019532442 -0.0312509537 -0.0312509537 0.5866726695
66 0.1392244945 -0.3416286114 -0.1500479469 0.0019532442 -0.0312509537 -0.0312509537 0.1104470160
67 0.0583074503 -0.2204721482 -0.0984859492 0.0019532442 -0.0312509537 -0.0312509537 0.0403252051
68 0.0316260206 -0.1619156850 -0.0735481584 0.0012284671 -0.0158696249 -0.0312509537 0.0231185052
69 0.0196960434 -0.1274120814 -0.0588405039 0.0019532442 -0.0312509537 -0.0312509537 0.0100081458
70 0.0133707262 -0.1046724756 -0.0491365347 0.0019532442 -0.0312509537 -0.0312509537 0.0057106139
71 0.0096282826 -0.0885610174 -0.0422519683 0.0019532442 -0.0312509537 -0.0312509537 0.0034054657
72 0.0072374703 -0.0765515424 -0.0371124196 0.0010131359 -0.0060426649 -0.0312509537 0.0050058586
73 0.0056209385 -0.0672568291 -0.0331278948 0.0019532442 -0.0312509537 -0.0312509537 0.0012999460
74 0.0044790813 -0.0598517438 -0.0299474557 0.0018747736 -0.0312509537 -0.0299691763 0.0008180057
75 0.0036440090 -0.0538147375 -0.0273492790 0.0017260184 -0.0312509537 -0.0273751030 0.0005091250
76 0.0030157875 -0.0487999890 -0.0251862781 0.0013197879 0.0185247353 -0.0312509537 0.0045693988
77 0.0025319615 -0.0445691444 -0.0233570726 0.0015231146 -0.0312509537 -0.0233771783 0.0001773746
78 0.0021518969 -0.0409525822 -0.0217895143 0.0014527666 -0.0312509537 -0.0218207343 0.0000941226
79 0.0018482493 -0.0378263048 -0.0204308586 0.0014594492 -0.0312509537 -0.0219733268 0.0000456145
80 0.0016020804 -0.0350975665 -0.0192416530 0.0019532442 -0.0312509537 -0.0312509537 0.0001590197
81 0.0013999445 -0.0326956112 -0.0181917972 0.0013074630 -0.0312509537 -0.0181890316 0.0000020870
82 0.0012320871 -0.0305655213 -0.0172579271 0.0012334816 -0.0305795465 -0.0172734764 0.0000000004
83 0.0010912960 -0.0286640204 -0.0164216299 0.0010907990 -0.0286568804 -0.0164189581 0.0000000001
84 0.0009721478 -0.0269565450 -0.0156681986 0.0009766230 -0.0000305185 -0.0312509537 0.0009678332
85 0.0008705027 -0.0254151568 -0.0149857439 0.0008717274 -0.0254219184 -0.0150151067 0.0000000009
86 0.0007831579 -0.0240170280 -0.0143645506 0.0007834857 -0.0240180670 -0.0143742180 0.0000000001
87 0.0007076050 -0.0227433245 -0.0137966019 0.0007086121 -0.0227668081 -0.0137943663 0.0000000006
88 0.0006418576 -0.0215783691 -0.0132752236 0.0019513377 0.0312204352 -0.0312509537 0.0031108406
89 0.0005843266 -0.0205090068 -0.0127948148 0.0005841099 -0.0205084384 -0.0127872555 0.0000000001
90 0.0005337295 -0.0195241175 -0.0123506400 0.0005342625 -0.0195318461 -0.0123599963 0.0000000001
91 0.0004890216 -0.0186142373 -0.0119386681 0.0004896858 -0.0186162908 -0.0119632557 0.0000000006
92 0.0004493461 -0.0177712611 -0.0115554462 0.0010506891 -0.0086062197 -0.0312509537 0.0004719110
93 0.0004139944 -0.0169882077 -0.0111979997 0.0004144061 -0.0169988098 -0.0112002930 0.0000000001
94 0.0003823772 -0.0162590313 -0.0108637516 0.0003826340 -0.0162663656 -0.0108645894 0.0000000001
95 0.0003540009 -0.0155784703 -0.0105504589 0.0003547037 -0.0155949583 -0.0105594043 0.0000000004
96 0.0003284499 -0.0149419238 -0.0102561594 0.0019513377 0.0312204352 -0.0312509537 0.0025717448
97 0.0003053721 -0.0143453516 -0.0099791299 0.0003062096 -0.0143742180 -0.0099795526 0.0000000008
98 0.0002844681 -0.0137851911 -0.0097178500 0.0002850626 -0.0137943663 -0.0097354045 0.0000000004
99 0.0002654816 -0.0132582888 -0.0094709738 0.0002657458 -0.0132755516 -0.0094607379 0.0000000004
100 0.0002481925 -0.0127618434 -0.0092373051 0.0011610585 -0.0135807367 -0.0312509537 0.0004852713
101 0.0002324109 -0.0122933581 -0.0090157773 0.0002328681 -0.0122989593 -0.0090334788 0.0000000003
102 0.0002179724 -0.0118505999 -0.0088054364 0.0002187270 -0.0118717002 -0.0088198492 0.0000000007
103 0.0002047341 -0.0114315664 -0.0086054260 0.0002055685 -0.0114444411 -0.0086367382 0.0000000011
104 0.0001925710 -0.0110344563 -0.0084149760 0.0019513377 0.0312204352 -0.0312509537 0.0023069577
105 0.0001813741 -0.0106576449 -0.0082333910 0.0001813405 -0.0106509598 -0.0082399976 0.0000000001
106 0.0001710473 -0.0102996631 -0.0080600421 0.0001718106 -0.0103152562 -0.0080874050 0.0000000010
107 0.0001615062 -0.0099591794 -0.0078943591 0.0001620693 -0.0099795526 -0.0079042940 0.0000000005
108 0.0001526759 -0.0096349836 -0.0077358233 0.0018912525 0.0312204352 -0.0302743614 0.0021771509
109 0.0001444903 -0.0093259742 -0.0075839623 0.0001449571 -0.0093386639 -0.0075991089 0.0000000004
110 0.0001368906 -0.0090311456 -0.0074383449 0.0001370543 -0.0090334788 -0.0074465163 0.0000000001
111 0.0001298243 -0.0087495786 -0.0072985762 0.0001303642 -0.0087588122 -0.0073244423 0.0000000008
112 0.0001232448 -0.0084804308 -0.0071642946 0.0019513377 0.0312204352 -0.0312509537 0.0021563259
113 0.0001171102 -0.0082229293 -0.0070351678 0.0001175969 -0.0082399976 -0.0070497757 0.0000000005
114 0.0001113828 -0.0079763631 -0.0069108899 0.0001119267 -0.0079958495 -0.0069277017 0.0000000007
115 0.0001060289 -0.0077400777 -0.0067911793 0.0001064054 -0.0077517014 -0.0068056276 0.0000000003
116 0.0001010182 -0.0075134689 -0.0066757757 0.0019513377 0.0312204352 -0.0312509537 0.0021042547
117 0.0000963232 -0.0072959786 -0.0065644386 0.0000967005 -0.0073244423 -0.0065614795 0.0000000008
118 0.0000919190 -0.0070870905 -0.0064569452 0.0000924236 -0.0071108127 -0.0064699240 0.0000000007
119 0.0000877832 -0.0068863258 -0.0063530889 0.0000878663 -0.0068971831 -0.0063478500 0.0000000001
120 0.0000838954 -0.0066932404 -0.0062526777 0.0011175594 0.0118717002 -0.0312509537 0.0009695708
121 0.0000802371 -0.0065074215 -0.0061555332 0.0000802598 -0.0065004425 -0.0061647389 0.0000000001
122 0.0000767914 -0.0063284850 -0.0060614891 0.0000767922 -0.0063173315 -0.0060731834 0.0000000003
123 0.0000735428 -0.0061560731 -0.0059703905 0.0000741499 -0.0061647389 -0.0060121464 0.0000000018
124 0.0000704773 -0.0059898520 -0.0058820927 0.0019513377 0.0312204352 -0.0312509537 0.0020281846
125 0.0000675821 -0.0058295100 -0.0057964604 0.0000679553 -0.0058290353 -0.0058290353 0.0000000011
126 0.0000648454 -0.0056747558 -0.0057133670 0.0007040409 -0.0245979186 -0.0099490341 0.0003760270
127 0.0000622564 -0.0055253165 -0.0056326939 0.0011643891 -0.0312509537 -0.0137028108 0.0007269352
128 0.0000598051 -0.0053809367 -0.0055543300 0.0002512638 -0.0091555528 0.0129398480 0.0003562823
129 0.0000574824 -0.0052413767 -0.0054781709 0.0019532442 -0.0312509537 -0.0312509537 0.0013407344
130 0.0000552799 -0.0051064116 -0.0054041184 0.0010048206 -0.0053102206 -0.0312509537 0.0006681004
131 0.0000531900 -0.0049758298 -0.0053320802 0.0000535739 -0.0050050356 -0.0053407392 0.0000000009
132 0.0000512053 -0.0048494326 -0.0052619696 0.0010730925 -0.0099185156 0.0312204352 0.0013566615
133 0.0000493194 -0.0047270328 -0.0051937045 0.0000499005 -0.0047608875 -0.0052186651 0.0000000018
134 0.0000475261 -0.0046084540 -0.0051272077 0.0000481197 -0.0046388134 -0.0051576281 0.0000000018
135 0.0000458198 -0.0044935298 -0.0050624063 0.0000457913 -0.0044862209 -0.0050660726 0.0000000001
136 0.0000441951 -0.0043821033 -0.0049992314 0.0019513377 -0.0312509537 0.0312204352 0.0020337994
137 0.0000426474 -0.0042740263 -0.0049376178 0.0000429599 -0.0043031098 -0.0049439985 0.0000000009
138 0.0000411719 -0.0041691585 -0.0048775038 0.0000416233 -0.0041810358 -0.0049134800 0.0000000014
139 0.0000397646 -0.0040673673 -0.0048188311 0.0000402701 -0.0040894803 -0.0048524430 0.0000000016
140 0.0000384215 -0.0039685273 -0.0047615443 0.0012997372 -0.0312509537 0.0179754021 0.0012612995
141 0.0000371390 -0.0038725195 -0.0047055908 0.0000376361 -0.0039063692 -0.0047303690 0.0000000018
142 0.0000359137 -0.0037792312 -0.0046509208 0.0000361236 -0.0037842952 -0.0046693319 0.0000000004
143 0.0000347423 -0.0036885554 -0.0045974869 0.0000170265 -0.0024414808 -0.0033265175 0.0000031706
144 0.0000336221 -0.0036003907 -0.0045452442 0.0002365862 -0.0000305185 0.0153813288 0.0004098123
145 0.0000325501 -0.0035146405 -0.0044941498 0.0000329336 -0.0035401471 -0.0045167394 0.0000000012
146 0.0000315238 -0.0034312132 -0.0044441629 0.0000317461 -0.0034485916 -0.0044557024 0.0000000004
147 0.0000305408 -0.0033500217 -0.0043952449 0.0000310578 -0.0033875546 -0.0044251839 0.0000000023
148 0.0000295989 -0.0032709830 -0.0043473586 0.0009747165 -0.0000305185 0.0312204352 0.0012755686
149 0.0000286958 -0.0031940180 -0.0043004688 0.0000292453 -0.0032349620 -0.0043336283 0.0000000028
150 0.0000278296 -0.0031190516 -0.0042545418 0.0000281360 -0.0031434065 -0.0042725913 0.0000000009
151 0.0000269985 -0.0030460119 -0.0042095457 0.0000274962 -0.0030823695 -0.0042420728 0.0000000024
152 0.0000262006 -0.0029748306 -0.0041654496 0.0006342042 -0.0250556963 -0.0025330363 0.0004902294
153 0.0000254343 -0.0029054423 -0.0041222243 0.0000256325 -0.0028992584 -0.0041505173 0.0000000008
154 0.0000246981 -0.0028377848 -0.0040798416 0.0000247793 -0.0028382214 -0.0040894803 0.0000000001
155 0.0000239905 -0.0027717984 -0.0040382749 0.0000243584 -0.0028077029 -0.0040589618 0.0000000017
156 0.0000233102 -0.0027074263 -0.0039974984 0.0009390838 -0.0072023682 0.0297860652 0.0011615337
157 0.0000226557 -0.0026446140 -0.0039574876 0.0000227899 -0.0026551103 -0.0039674062 0.0000000002
158 0.0000220259 -0.0025833095 -0.0039182188 0.0000221482 -0.0026245918 -0.0039063692 0.0000000018
159 0.0000214197 -0.0025234629 -0.0038796696 0.0000216760 -0.0025330363 -0.0039063692 0.0000000008
160 0.0000208359 -0.0024650265 -0.0038418182 0.0009863122 0.0031128880 -0.0312509537 0.0007823738
161 0.0000202736 -0.0024079547 -0.0038046439 0.0000205136 -0.0024414808 -0.0038148137 0.0000000012
162 0.0000197316 -0.0023522036 -0.0037681267 0.0000199874 -0.0023804437 -0.0037842952 0.0000000011
163 0.0000192092 -0.0022977312 -0.0037322475 0.0000193298 -0.0022888882 -0.0037537767 0.0000000005
164 0.0000187055 -0.0022444973 -0.0036969879 0.0011494014 -0.0302438429 0.0153202918 0.0011456203
165 0.0000182196 -0.0021924632 -0.0036623302 0.0000184646 -0.0021973327 -0.0036927396 0.0000000009
166 0.0000177507 -0.0021415919 -0.0036282573 0.0000177530 -0.0021362957 -0.0036317026 0.0000000000
167 0.0000172981 -0.0020918477 -0.0035947531 0.0000174028 -0.0021057772 -0.0036011841 0.0000000002
168 0.0000168611 -0.0020431963 -0.0035618016 0.0019532442 -0.0312509537 -0.0312509537 0.0016197822
169 0.0000164390 -0.0019956050 -0.0035293878 0.0000165897 -0.0020142216 -0.0035401471 0.0000000005
170 0.0000160313 -0.0019490421 -0.0034974970 0.0000161324 -0.0019531846 -0.0035096286 0.0000000002
171 0.0000156372 -0.0019034771 -0.0034661153 0.0000158009 -0.0019226661 -0.0034791101 0.0000000005
172 0.0000152562 -0.0018588809 -0.0034352290 0.0018225093 -0.0312509537 -0.0290841395 0.0015217606
173 0.0000148879 -0.0018152253 -0.0034048251 0.0000150362 -0.0018311106 -0.0034180731 0.0000000004
174 0.0000145316 -0.0017724832 -0.0033748910 0.0000149254 -0.0018005921 -0.0034180731 0.0000000027
175 0.0000141869 -0.0017306285 -0.0033454145 0.0000144029 -0.0017700735 -0.0033570360 0.0000000017
176 0.0000138533 -0.0016896361 -0.0033163840 0.0009775172 -0.0312509537 0.0009460738 0.0008920400
177 0.0000135303 -0.0016494816 -0.0032877881 0.0000136810 -0.0016785180 -0.0032959990 0.0000000009
178 0.0000132177 -0.0016101419 -0.0032596158 0.0000132796 -0.0016174810 -0.0032654805 0.0000000001
179 0.0000129148 -0.0015715943 -0.0032318566 0.0000131818 -0.0015869625 -0.0032654805 0.0000000014
180 0.0000126214 -0.0015338172 -0.0032045003 0.0005901378 -0.0242927335 -0.0000305185 0.0005280424
181 0.0000123371 -0.0014967895 -0.0031775370 0.0000124022 -0.0015259255 -0.0031739250 0.0000000009
182 0.0000120616 -0.0014604911 -0.0031509572 0.0000120269 -0.0014648885 -0.0031434065 0.0000000001
183 0.0000117944 -0.0014249024 -0.0031247517 0.0000119384 -0.0014343699 -0.0031434065 0.0000000004
184 0.0000115354 -0.0013900046 -0.0030989115 0.0009766230 -0.0312509537 -0.0000305185 0.0009010913
185 0.0000112841 -0.0013557795 -0.0030734280 0.0000018870 -0.0013733329 -0.0000305185 0.0000092596
186 0.0000110403 -0.0013222094 -0.0030482927 0.0000018041 -0.0013428144 -0.0000305185 0.0000091074
187 0.0000108038 -0.0012892774 -0.0030234977 0.0000003372 0.0005798517 -0.0000305185 0.0000124516
188 0.0000105742 -0.0012569670 -0.0029990351 0.0009766230 -0.0312509537 -0.0000305185 0.0009084513
189 0.0000103513 -0.0012252624 -0.0029748972 0.0000003372 0.0005798517 -0.0000305185 0.0000119278
190 0.0000101348 -0.0011941480 -0.0029510768 0.0000039360 -0.0019837031 -0.0000305185 0.0000091531
191 0.0000099246 -0.0011636092 -0.0029275665 0.0001852672 -0.0136112552 -0.0000305185 0.0001633368
192 0.0000097204 -0.0011336314 -0.0029043597 0.0007831876 -0.0279854732 -0.0000305185 0.0007292804
193 0.0000095220 -0.0011042007 -0.0028814494 0.0009766230 -0.0312509537 -0.0000305185 0.0009169545
194 0.0000093292 -0.0010753037 -0.0028588292 0.0009818611 -0.0312509537 -0.0022888882 0.0009108947
195 0.0000091417 -0.0010469272 -0.0028364928 0.0000301776 -0.0054933317 -0.0000305185 0.0000276440
196 0.0000089595 -0.0010190586 -0.0028144340 0.0009948939 -0.0062562944 0.0309152501 0.0011651202
197 0.0000087823 -0.0009916857 -0.0027926469 0.0000040580 -0.0020142216 -0.0000305185 0.0000086749
198 0.0000086100 -0.0009647966 -0.0027711257 0.0000010152 -0.0010071108 -0.0000305185 0.0000075127
199 0.0000084423 -0.0009383797 -0.0027498648 0.0000008960 -0.0009460738 -0.0000305185 0.0000073949
200 0.0000082792 -0.0009124239 -0.0027288587 0.0005393823 0.0232245857 -0.0000305185 0.0005898763
201 0.0000081204 -0.0008869184 -0.0027081021 0.0000082157 -0.0009155553 -0.0027161473 0.0000000009
202 0.0000079659 -0.0008618526 -0.0026875898 0.0000081607 -0.0008850368 -0.0027161473 0.0000000014
203 0.0000078155 -0.0008372164 -0.0026673169 0.0000079428 -0.0008545183 -0.0026856288 0.0000000006
204 0.0000076691 -0.0008129999 -0.0026472784 0.0013159814 0.0275582141 0.0235908078 0.0014933629
205 0.0000075264 -0.0007891934 -0.0026274697 0.0000076792 -0.0007934812 -0.0026551103 0.0000000008
206 0.0000073875 -0.0007657877 -0.0026078860 0.0000074706 -0.0007629627 -0.0026245918 0.0000000003
207 0.0000072522 -0.0007427737 -0.0025885230 0.0000090353 -0.0022583697 -0.0019837031 0.0000026628
208 0.0000071203 -0.0007201426 -0.0025693762 0.0009511563 -0.0304269539 0.0050355541 0.0009403296
209 0.0000069918 -0.0006978860 -0.0025504415 0.0000070645 -0.0007019257 -0.0025635548 0.0000000002
210 0.0000068665 -0.0006759955 -0.0025317145 0.0000068671 -0.0006714072 -0.0025330363 0.0000000000
211 0.0000067445 -0.0006544630 -0.0025131915 0.0000067134 -0.0006714072 -0.0025025178 0.0000000004
212 0.0000066254 -0.0006332808 -0.0024948683 0.0009989985 -0.0312509537 0.0047303690 0.0009896459
213 0.0000065093 -0.0006124412 -0.0024767412 0.0000066733 -0.0006408887 -0.0025025178 0.0000000015
214 0.0000063961 -0.0005919369 -0.0024588065 0.0000064833 -0.0006103702 -0.0024719993 0.0000000005
215 0.0000062857 -0.0005717606 -0.0024410604 0.0000063334 -0.0006103702 -0.0024414808 0.0000000015
216 0.0000061779 -0.0005519054 -0.0024234996 0.0004246289 0.0071718497 0.0193182165 0.0005323586
217 0.0000060728 -0.0005323644 -0.0024061205 0.0000061145 -0.0005493332 -0.0024109622 0.0000000003
218 0.0000059702 -0.0005131311 -0.0023889198 0.0000060819 -0.0005188147 -0.0024109622 0.0000000005
219 0.0000058701 -0.0004941989 -0.0023718942 0.0000059357 -0.0005188147 -0.0023804437 0.0000000007
220 0.0000057724 -0.0004755617 -0.0023550405 0.0010461794 0.0312204352 -0.0084536271 0.0010418290
221 0.0000056770 -0.0004572133 -0.0023383556 0.0000057317 -0.0004577776 -0.0023499252 0.0000000001
222 0.0000055838 -0.0004391479 -0.0023218363 0.0000057317 -0.0004577776 -0.0023499252 0.0000000011
223 0.0000054928 -0.0004213595 -0.0023054799 0.0000055622 -0.0004272591 -0.0023194067 0.0000000002
224 0.0000054039 -0.0004038426 -0.0022892833 0.0002827687 -0.0000305185 0.0168156987 0.0003651397
225 0.0000053171 -0.0003865917 -0.0022732437 0.0000053964 -0.0003967406 -0.0022888882 0.0000000003
226 0.0000052323 -0.0003696014 -0.0022573584 0.0000053964 -0.0003967406 -0.0022888882 0.0000000017
227 0.0000051494 -0.0003528666 -0.0022416247 0.0000052576 -0.0003967406 -0.0022583697 0.0000000022
228 0.0000050684 -0.0003363822 -0.0022260399 0.0000266021 0.0051576281 -0.0000305185 0.0000350045
229 0.0000049893 -0.0003201432 -0.0022106014 0.0000050760 -0.0003357036 -0.0022278512 0.0000000005
230 0.0000049119 -0.0003041449 -0.0021953068 0.0000050565 -0.0003051851 -0.0022278512 0.0000000011
231 0.0000048362 -0.0002883824 -0.0021801536 0.0000049214 -0.0003051851 -0.0021973327 0.0000000006
232 0.0000047623 -0.0002728513 -0.0021651393 0.0000231960 0.0047914060 0.0004882962 0.0000326874
233 0.0000046900 -0.0002575471 -0.0021502617 0.0000047705 -0.0002746666 -0.0021668142 0.0000000006
234 0.0000046192 -0.0002424654 -0.0021355184 0.0000046234 -0.0002441481 -0.0021362957 0.0000000000
235 0.0000045500 -0.0002276020 -0.0021209072 0.0000046234 -0.0002441481 -0.0021362957 0.0000000005
236 0.0000044824 -0.0002129528 -0.0021064259 0.0003547177 -0.0099490341 0.0159916990 0.0004223334
237 0.0000044162 -0.0001985136 -0.0020920723 0.0000044799 -0.0002136296 -0.0021057772 0.0000000004
238 0.0000043514 -0.0001842806 -0.0020778444 0.0000043523 -0.0002136296 -0.0020752586 0.0000000009
239 0.0000042880 -0.0001702499 -0.0020637401 0.0000043402 -0.0001831111 -0.0020752586 0.0000000003
240 0.0000042260 -0.0001564177 -0.0020497574 0.0002858562 -0.0000305185 0.0169072542 0.0003593841
241 0.0000041653 -0.0001427805 -0.0020358943 0.0000042042 -0.0001525925 -0.0020447401 0.0000000002
242 0.0000041058 -0.0001293345 -0.0020221490 0.0000042042 -0.0001525925 -0.0020447401 0.0000000011
243 0.0000040476 -0.0001160763 -0.0020085194 0.0000040720 -0.0001220740 -0.0020142216 0.0000000001
244 0.0000039906 -0.0001030025 -0.0019950039 0.0003947205 0.0198675497 -0.0000305185 0.0004026822
245 0.0000039349 -0.0000901098 -0.0019816005 0.0000039500 -0.0001220740 -0.0019837031 0.0000000010
246 0.0000038802 -0.0000773948 -0.0019683075 0.0000039435 -0.0000915555 -0.0019837031 0.0000000004
247 0.0000038267 -0.0000648545 -0.0019551232 0.0000039435 -0.0000915555 -0.0019837031 0.0000000015
248 0.0000037743 -0.0000524857 -0.0019420459 0.0007513484 0.0039063692 0.0271309549 0.0008609119
249 0.0000037229 -0.0000402854 -0.0019290740 0.0000038159 -0.0000305185 -0.0019531846 0.0000000007
250 0.0000036726 -0.0000282506 -0.0019162057 0.0000036976 -0.0000305185 -0.0019226661 0.0000000000
251 0.0000036234 -0.0000163784 -0.0019034396 0.0000036976 -0.0000305185 -0.0019226661 0.0000000006
252 0.0000035750 -0.0000046659 -0.0018907740 0.0009906990 0.0039979247 0.0312204352 0.0011123729
253 0.0000035277 0.0000068895 -0.0018782074 0.0000056423 0.0022278512 -0.0008239998 0.0000060440
254 0.0000034813 0.0000182906 -0.0018657384 0.0002846538 0.0157170324 0.0061342204 0.0003104498
255 0.0000034358 0.0000295401 -0.0018533654 0.0015399148 0.0312204352 0.0237739189 0.0016296296
256 0.0000033913 0.0000406406 -0.0018410870 0.0000000000 0.0000000000 0.0000000000 0.0000033913
257 0.0000033475 0.0000515945 -0.0018289019 0.0000034694 0.0000610370 -0.0018616291 0.0000000012
258 0.0000033047 0.0000624044 -0.0018168086 0.0000034666 0.0000305185 -0.0018616291 0.0000000030
259 0.0000032627 0.0000730726 -0.0018048057 0.0000034657 0.0000000000 -0.0018616291 0.0000000086
260 0.0000032215 0.0000836017 -0.0017928920 0.0009885149 0.0034485916 -0.0312509537 0.0008791006
261 0.0000031810 0.0000939937 -0.0017810661 0.0000031415 0.0000915555 -0.0017700735 0.0000000001
262 0.0000031414 0.0001042512 -0.0017693268 0.0000031415 0.0000915555 -0.0017700735 0.0000000002
263 0.0000031025 0.0001143762 -0.0017576728 0.0000031415 0.0000915555 -0.0017700735 0.0000000007
264 0.0000030643 0.0001243709 -0.0017461028 0.0000193131 0.0000000000 0.0043946654 0.0000377245
265 0.0000030269 0.0001342375 -0.0017346157 0.0000030410 0.0001220740 -0.0017395550 0.0000000002
266 0.0000029902 0.0001439780 -0.0017232103 0.0000030410 0.0001220740 -0.0017395550 0.0000000007
267 0.0000029541 0.0001535945 -0.0017118853 0.0000029357 0.0001220740 -0.0017090365 0.0000000010
268 0.0000029188 0.0001630890 -0.0017006398 0.0000262873 0.0000000000 -0.0051271096 0.0000117673
269 0.0000028841 0.0001724635 -0.0016894724 0.0000029441 0.0001525925 -0.0017090365 0.0000000008
270 0.0000028500 0.0001817198 -0.0016783822 0.0000029543 0.0001831111 -0.0017090365 0.0000000009
271 0.0000028165 0.0001908598 -0.0016673681 0.0000121498 0.0002136296 -0.0034791101 0.0000032829
272 0.0000027837 0.0001998853 -0.0016564290 0.0019532442 -0.0312509537 -0.0312509537 0.0018649912
273 0.0000027515 0.0002087982 -0.0016455638 0.0000027494 0.0001831111 -0.0016479995 0.0000000007
274 0.0000027198 0.0002176003 -0.0016347715 0.0000028631 0.0002136296 -0.0016785180 0.0000000019
275 0.0000026888 0.0002262932 -0.0016240511 0.0000027615 0.0002136296 -0.0016479995 0.0000000007
276 0.0000026582 0.0002348786 -0.0016134017 0.0009872855 -0.0312509537 0.0032654805 0.0010151611
277 0.0000026283 0.0002433582 -0.0016028223 0.0000026619 0.0002136296 -0.0016174810 0.0000000011
278 0.0000025988 0.0002517336 -0.0015923118 0.0000025641 0.0002136296 -0.0015869625 0.0000000015
279 0.0000025699 0.0002600064 -0.0015818694 0.0000025781 0.0002441481 -0.0015869625 0.0000000003
280 0.0000025415 0.0002681782 -0.0015714942 0.0001527323 0.0051576281 -0.0112308115 0.0001172091
281 0.0000025136 0.0002762505 -0.0015611852 0.0000024980 0.0002746666 -0.0015564440 0.0000000000
282 0.0000024862 0.0002842248 -0.0015509415 0.0000024980 0.0002746666 -0.0015564440 0.0000000001
283 0.0000024593 0.0002921025 -0.0015407623 0.0000024980 0.0002746666 -0.0015564440 0.0000000005
284 0.0000024328 0.0002998851 -0.0015306468 0.0010445197 -0.0312509537 0.0082399976 0.0010909209
285 0.0000024068 0.0003075741 -0.0015205940 0.0000024980 0.0002746666 -0.0015564440 0.0000000024
286 0.0000023813 0.0003151707 -0.0015106031 0.0000024039 0.0002746666 -0.0015259255 0.0000000019
287 0.0000023561 0.0003226764 -0.0015006734 0.0000024216 0.0003051851 -0.0015259255 0.0000000009
288 0.0000023315 0.0003300924 -0.0014908040 0.0013389976 -0.0221259194 -0.0291451765 0.0012690368
289 0.0000023072 0.0003374202 -0.0014809941 0.0000023489 0.0003357036 -0.0014954070 0.0000000002
290 0.0000022833 0.0003446609 -0.0014712430 0.0000023489 0.0003357036 -0.0014954070 0.0000000007
291 0.0000022599 0.0003518158 -0.0014615499 0.0000022586 0.0003357036 -0.0014648885 0.0000000003
292 0.0000022369 0.0003588862 -0.0014519139 0.0019532442 -0.0312509537 -0.0312509537 0.0018871647
293 0.0000022142 0.0003658733 -0.0014423345 0.0000022800 0.0003662221 -0.0014648885 0.0000000005
294 0.0000021919 0.0003727782 -0.0014328109 0.0000021701 0.0003357036 -0.0014343699 0.0000000014
295 0.0000021700 0.0003796021 -0.0014233423 0.0000021915 0.0003662221 -0.0014343699 0.0000000003
296 0.0000021485 0.0003863462 -0.0014139280 0.0010506891 0.0086062197 -0.0312509537 0.0009578144
297 0.0000021273 0.0003930115 -0.0014045674 0.0000021049 0.0003662221 -0.0014038514 0.0000000007
298 0.0000021064 0.0003995992 -0.0013952597 0.0000021282 0.0003967406 -0.0014038514 0.0000000001
299 0.0000020859 0.0004061104 -0.0013860043 0.0000021282 0.0003967406 -0.0014038514 0.0000000004
300 0.0000020658 0.0004125461 -0.0013768006 0.0004288490 0.0135196997 0.0156865139 0.0004629542
301 0.0000020459 0.0004189074 -0.0013676478 0.0000020686 0.0004272591 -0.0013733329 0.0000000001
302 0.0000020264 0.0004251952 -0.0013585454 0.0000019606 0.0003967406 -0.0013428144 0.0000000011
303 0.0000020072 0.0004314107 -0.0013494927 0.0000019857 0.0004272591 -0.0013428144 0.0000000001
304 0.0000019884 0.0004375547 -0.0013404891 0.0009766230 -0.0312509537 -0.0000305185 0.0010058776
305 0.0000019698 0.0004436282 -0.0013315339 0.0000019857 0.0004272591 -0.0013428144 0.0000000004
306 0.0000019515 0.0004496322 -0.0013226266 0.0000019857 0.0004272591 -0.0013428144 0.0000000009
307 0.0000019335 0.0004555676 -0.0013137666 0.0000019047 0.0004272591 -0.0013122959 0.0000000008
308 0.0000019158 0.0004614353 -0.0013049533 0.0010254646 -0.0069887387 -0.0312509537 0.0009522680
309 0.0000018984 0.0004672363 -0.0012961860 0.0000019047 0.0004272591 -0.0013122959 0.0000000019
310 0.0000018813 0.0004729714 -0.0012874644 0.0000018525 0.0004577776 -0.0012817774 0.0000000003
311 0.0000018644 0.0004786414 -0.0012787877 0.0000018525 0.0004577776 -0.0012817774 0.0000000004
312 0.0000018478 0.0004842473 -0.0012701554 0.0001003366 0.0097659230 0.0022278512 0.0000983856
313 0.0000018314 0.0004897898 -0.0012615670 0.0000016430 0.0000000000 -0.0012817774 0.0000002403
314 0.0000018154 0.0004952699 -0.0012530220 0.0000015656 0.0000000000 -0.0012512589 0.0000002453
315 0.0000017995 0.0005006882 -0.0012445198 0.0000005821 0.0000000000 0.0007629627 0.0000042807
316 0.0000017839 0.0005060456 -0.0012360599 0.0008159778 0.0000000000 0.0285653249 0.0008883786
317 0.0000017686 0.0005113429 -0.0012276418 0.0000006296 0.0000000000 0.0007934812 0.0000043464
318 0.0000017535 0.0005165808 -0.0012192650 0.0000514354 0.0000000000 0.0071718497 0.0000706777
319 0.0000017386 0.0005217601 -0.0012109290 0.0009747156 0.0000000000 0.0312204352 0.0010520656
320 0.0000017239 0.0005268815 -0.0012026333 0.0001430077 -0.0110477004 -0.0045777764 0.0001453625
321 0.0000017095 0.0005319458 -0.0011943774 0.0019532442 -0.0312509537 -0.0312509537 0.0019135505
322 0.0000016953 0.0005369536 -0.0011861609 0.0019532442 -0.0312509537 -0.0312509537 0.0019143628
323 0.0000016813 0.0005419058 -0.0011779832 0.0019532442 -0.0312509537 -0.0312509537 0.0019151695
324 0.0000016675 0.0005468028 -0.0011698439 0.0019532442 -0.0312509537 -0.0312509537 0.0019159705
325 0.0000016540 0.0005516455 -0.0011617426 0.0009825829 -0.0312509537 0.0024414808 0.0010243885
326 0.0000016406 0.0005564346 -0.0011536787 0.0009779670 -0.0312509537 -0.0011597034 0.0010117100
327 0.0000016274 0.0005611705 -0.0011456519 0.0009779670 -0.0312509537 -0.0011597034 0.0010120114
328 0.0000016145 0.0005658541 -0.0011376617 0.0010229387 -0.0068056276 -0.0312509537 0.0009611491
329 0.0000016017 0.0005704860 -0.0011297077 0.0000016141 0.0005188147 -0.0011597034 0.0000000036
330 0.0000015891 0.0005750667 -0.0011217895 0.0000016467 0.0005493332 -0.0011597034 0.0000000021
331 0.0000015767 0.0005795968 -0.0011139066 0.0000016113 0.0005798517 -0.0011291849 0.0000000002
332 0.0000015645 0.0005840771 -0.0011060585 0.0001234357 -0.0107730338 -0.0027161473 0.0001315764
333 0.0000015525 0.0005885080 -0.0010982450 0.0000015768 0.0005493332 -0.0011291849 0.0000000025
334 0.0000015406 0.0005928902 -0.0010904656 0.0000015433 0.0005798517 -0.0010986663 0.0000000002
335 0.0000015290 0.0005972242 -0.0010827199 0.0000044194 0.0020447401 -0.0004882962 0.0000024486
336 0.0000015175 0.0006015106 -0.0010750075 0.0019532442 -0.0312509537 -0.0312509537 0.0019251672
337 0.0000015061 0.0006057499 -0.0010673280 0.0000014772 0.0005798517 -0.0010681478 0.0000000007
338 0.0000014950 0.0006099428 -0.0010596810 0.0000014772 0.0005798517 -0.0010681478 0.0000000010
339 0.0000014839 0.0006140896 -0.0010520661 0.0000015135 0.0006103702 -0.0010681478 0.0000000003
340 0.0000014731 0.0006181910 -0.0010444831 0.0015174220 -0.0312509537 -0.0232551042 0.0015089541
341 0.0000014624 0.0006222475 -0.0010369314 0.0000014129 0.0005798517 -0.0010376293 0.0000000018
342 0.0000014519 0.0006262596 -0.0010294108 0.0000014492 0.0006103702 -0.0010376293 0.0000000003
343 0.0000014415 0.0006302278 -0.0010219209 0.0000014492 0.0006103702 -0.0010376293 0.0000000006
344 0.0000014313 0.0006341525 -0.0010144612 0.0000851244 -0.0085451827 -0.0034791101 0.0000903347
345 0.0000014212 0.0006380343 -0.0010070316 0.0000014492 0.0006103702 -0.0010376293 0.0000000017
346 0.0000014113 0.0006418737 -0.0009996315 0.0000014874 0.0006408887 -0.0010376293 0.0000000014
347 0.0000014015 0.0006456711 -0.0009922608 0.0000014250 0.0006408887 -0.0010071108 0.0000000002
348 0.0000013918 0.0006494269 -0.0009849190 0.0009651550 0.0195928831 0.0241096225 0.0009885905
349 0.0000013823 0.0006531417 -0.0009776058 0.0000013645 0.0006408887 -0.0009765923 0.0000000002
350 0.0000013729 0.0006568159 -0.0009703208 0.0000013645 0.0006408887 -0.0009765923 0.0000000003
351 0.0000013637 0.0006604499 -0.0009630639 0.0000013645 0.0006408887 -0.0009765923 0.0000000006
352 0.0000013546 0.0006640441 -0.0009558345 0.0009072381 0.0288094729 0.0087893307 0.0008871334
353 0.0000013456 0.0006675991 -0.0009486324 0.0000013645 0.0006408887 -0.0009765923 0.0000000015
354 0.0000013367 0.0006711151 -0.0009414574 0.0000013058 0.0006408887 -0.0009460738 0.0000000009
355 0.0000013280 0.0006745927 -0.0009343090 0.0000013058 0.0006408887 -0.0009460738 0.0000000013
356 0.0000013194 0.0006780322 -0.0009271870 0.0009766230 -0.0000305185 -0.0312509537 0.0009200329
357 0.0000013109 0.0006814340 -0.0009200911 0.0000013058 0.0006408887 -0.0009460738 0.0000000023
358 0.0000013026 0.0006847985 -0.0009130209 0.0000013309 0.0007019257 -0.0009155553 0.0000000003
359 0.0000012943 0.0006881262 -0.0009059762 0.0000012890 0.0006714072 -0.0009155553 0.0000000004
360 0.0000012862 0.0006914174 -0.0008989566 0.0003707877 -0.0185857723 -0.0050355541 0.0003887215
361 0.0000012782 0.0006946724 -0.0008919620 0.0000012890 0.0006714072 -0.0009155553 0.0000000011
362 0.0000012703 0.0006978916 -0.0008849920 0.0000012341 0.0006714072 -0.0008850368 0.0000000007
363 0.0000012625 0.0007010755 -0.0008780462 0.0000012341 0.0006714072 -0.0008850368 0.0000000009
364 0.0000012548 0.0007042243 -0.0008711245 0.0003461192 0.0051271096 -0.0178838466 0.0003089946
365 0.0000012472 0.0007073385 -0.0008642266 0.0000012341 0.0006714072 -0.0008850368 0.0000000017
366 0.0000012397 0.0007104183 -0.0008573521 0.0000012760 0.0007019257 -0.0008850368 0.0000000008
367 0.0000012324 0.0007134641 -0.0008505009 0.0000012229 0.0007019257 -0.0008545183 0.0000000001
368 0.0000012251 0.0007164763 -0.0008436726 0.0000641571 0.0069582202 -0.0039674062 0.0000487171
369 0.0000012180 0.0007194551 -0.0008368670 0.0000012229 0.0007019257 -0.0008545183 0.0000000006
370 0.0000012109 0.0007224010 -0.0008300838 0.0000011717 0.0007019257 -0.0008239998 0.0000000005
371 0.0000012039 0.0007253141 -0.0008233227 0.0000011717 0.0007019257 -0.0008239998 0.0000000005
372 0.0000011971 0.0007281950 -0.0008165836 0.0001070500 -0.0047608875 -0.0091860714 0.0001001784
373 0.0000011903 0.0007310437 -0.0008098661 0.0000011717 0.0007019257 -0.0008239998 0.0000000010
374 0.0000011836 0.0007338608 -0.0008031699 0.0000011717 0.0007019257 -0.0008239998 0.0000000015
375 0.0000011771 0.0007366464 -0.0007964950 0.0000011661 0.0007324442 -0.0007934812 0.0000000000
376 0.0000011706 0.0007394008 -0.0007898409 0.0009855671 -0.0312509537 0.0029908139 0.0010376761
377 0.0000011642 0.0007421244 -0.0007832075 0.0000011661 0.0007324442 -0.0007934812 0.0000000002
378 0.0000011579 0.0007448175 -0.0007765945 0.0000011661 0.0007324442 -0.0007934812 0.0000000004
379 0.0000011516 0.0007474802 -0.0007700016 0.0000011661 0.0007324442 -0.0007934812 0.0000000008
380 0.0000011455 0.0007501130 -0.0007634287 0.0012845594 -0.0312509537 -0.0175481429 0.0013057949
381 0.0000011394 0.0007527161 -0.0007568756 0.0000011661 0.0007324442 -0.0007934812 0.0000000018
382 0.0000011335 0.0007552897 -0.0007503418 0.0000483246 0.0044862209 -0.0053102206 0.0000347123
383 0.0000011276 0.0007578342 -0.0007438274 0.0001470425 -0.0070192572 0.0098879971 0.0001735188
384 0.0000011218 0.0007603497 -0.0007373319 0.0011440618 -0.0312509537 0.0129398480 0.0012117888
385 0.0000011161 0.0007628366 -0.0007308552 0.0010749991 -0.0312509537 -0.0099185156 0.0011092959
386 0.0000011104 0.0007652950 -0.0007243971 0.0009771586 0.0007324442 -0.0312509537 0.0009318717
387 0.0000011049 0.0007677253 -0.0007179574 0.0000011186 0.0007629627 -0.0007324442 0.0000000002
388 0.0000010994 0.0007701278 -0.0007115358 0.0019532442 -0.0312509537 -0.0312509537 0.0019580057
389 0.0000010940 0.0007725025 -0.0007051321 0.0000011186 0.0007629627 -0.0007324442 0.0000000008
390 0.0000010886 0.0007748498 -0.0006987461 0.0000011186 0.0007629627 -0.0007324442 0.0000000013
391 0.0000010834 0.0007771700 -0.0006923776 0.0000010748 0.0007629627 -0.0007019257 0.0000000003
392 0.0000010782 0.0007794632 -0.0006860263 0.0008380971 0.0226447340 0.0180364391 0.0008286208
393 0.0000010731 0.0007817297 -0.0006796922 0.0000010748 0.0007629627 -0.0007019257 0.0000000008
394 0.0000010680 0.0007839697 -0.0006733749 0.0000010329 0.0007629627 -0.0006714072 0.0000000004
395 0.0000010631 0.0007861834 -0.0006670743 0.0000010329 0.0007629627 -0.0006714072 0.0000000006
396 0.0000010582 0.0007883710 -0.0006607901 0.0005029682 -0.0162053285 0.0155034028 0.0005500670
397 0.0000010533 0.0007905328 -0.0006545222 0.0000010329 0.0007629627 -0.0006714072 0.0000000010
398 0.0000010486 0.0007926690 -0.0006482703 0.0000010804 0.0007934812 -0.0006714072 0.0000000005
399 0.0000010439 0.0007947798 -0.0006420344 0.0000005747 -0.0004882962 0.0005798517 0.0000031393
400 0.0000010393 0.0007968653 -0.0006358140 0.0012931877 -0.0312509537 0.0177922910 0.0013666578
401 0.0000010347 0.0007989259 -0.0006296092 0.0000010404 0.0007934812 -0.0006408887 0.0000000002
402 0.0000010302 0.0008009616 -0.0006234197 0.0000010404 0.0007934812 -0.0006408887 0.0000000004
403 0.0000010258 0.0008029727 -0.0006172452 0.0000010404 0.0007934812 -0.0006408887 0.0000000006
404 0.0000010214 0.0008049594 -0.0006110857 0.0006877399 -0.0262153996 0.0007019257 0.0007318238
405 0.0000010171 0.0008069218 -0.0006049408 0.0000010022 0.0007934812 -0.0006103702 0.0000000002
406 0.0000010128 0.0008088602 -0.0005988105 0.0000009547 0.0007629627 -0.0006103702 0.0000000022
407 0.0000010086 0.0008107748 -0.0005926946 0.0000010022 0.0007934812 -0.0006103702 0.0000000006
408 0.0000010045 0.0008126656 -0.0005865928 0.0003306024 -0.0161137730 0.0084231086 0.0003676790
409 0.0000010005 0.0008145330 -0.0005805050 0.0000009658 0.0007934812 -0.0005798517 0.0000000004
410 0.0000009964 0.0008163770 -0.0005744311 0.0000009658 0.0007934812 -0.0005798517 0.0000000006
411 0.0000009925 0.0008181979 -0.0005683707 0.0000009658 0.0007934812 -0.0005798517 0.0000000007
412 0.0000009886 0.0008199958 -0.0005623239 0.0006556660 0.0190130314 -0.0171514023 0.0006061841
413 0.0000009848 0.0008217709 -0.0005562903 0.0000009658 0.0007934812 -0.0005798517 0.0000000014
414 0.0000009810 0.0008235233 -0.0005502698 0.0000009314 0.0007934812 -0.0005493332 0.0000000009
415 0.0000009773 0.0008252533 -0.0005442622 0.0000009314 0.0007934812 -0.0005493332 0.0000000010
416 0.0000009736 0.0008269609 -0.0005382674 0.0009813172 -0.0021668142 -0.0312509537 0.0009522318
417 0.0000009700 0.0008286464 -0.0005322853 0.0000009807 0.0008239998 -0.0005493332 0.0000000003
418 0.0000009664 0.0008303098 -0.0005263155 0.0000009481 0.0008239998 -0.0005188147 0.0000000001
419 0.0000009629 0.0008319514 -0.0005203580 0.0000009807 0.0008239998 -0.0005493332 0.0000000009
420 0.0000009595 0.0008335712 -0.0005144127 0.0019532442 -0.0312509537 -0.0312509537 0.0019741517
421 0.0000009561 0.0008351695 -0.0005084792 0.0000009807 0.0008239998 -0.0005493332 0.0000000018
422 0.0000009527 0.0008367464 -0.0005025575 0.0000009481 0.0008239998 -0.0005188147 0.0000000004
423 0.0000009494 0.0008383020 -0.0004966475 0.0000009481 0.0008239998 -0.0005188147 0.0000000007
424 0.0000009462 0.0008398365 -0.0004907489 0.0009772042 -0.0007629627 -0.0312509537 0.0009487592
425 0.0000009430 0.0008413499 -0.0004848615 0.0000008680 0.0007934812 -0.0004882962 0.0000000023
426 0.0000009398 0.0008428425 -0.0004789853 0.0000009174 0.0008239998 -0.0004882962 0.0000000004
427 0.0000009367 0.0008443144 -0.0004731201 0.0000009174 0.0008239998 -0.0004882962 0.0000000006
428 0.0000009337 0.0008457657 -0.0004672658 0.0006635566 -0.0223090304 0.0128788110 0.0007142623
429 0.0000009307 0.0008471965 -0.0004614220 0.0000009174 0.0008239998 -0.0004882962 0.0000000013
430 0.0000009277 0.0008486070 -0.0004555888 0.0000009174 0.0008239998 -0.0004882962 0.0000000017
431 0.0000009248 0.0008499972 -0.0004497660 0.0000008885 0.0008239998 -0.0004577776 0.0000000007
432 0.0000009219 0.0008513674 -0.0004439533 0.0009736156 -0.0185552538 0.0250862148 0.0010284064
433 0.0000009191 0.0008527176 -0.0004381507 0.0000009398 0.0008545183 -0.0004577776 0.0000000004
434 0.0000009163 0.0008540479 -0.0004323581 0.0000008885 0.0008239998 -0.0004577776 0.0000000015
435 0.0000009136 0.0008553585 -0.0004265751 0.0000008885 0.0008239998 -0.0004577776 0.0000000020
436 0.0000009109 0.0008566495 -0.0004208018 0.0010390189 0.0309152501 0.0091250343 0.0009946425
437 0.0000009083 0.0008579209 -0.0004150380 0.0000008615 0.0008239998 -0.0004272591 0.0000000013
438 0.0000009057 0.0008591730 -0.0004092835 0.0000008615 0.0008239998 -0.0004272591 0.0000000016
439 0.0000009031 0.0008604058 -0.0004035381 0.0000009128 0.0008545183 -0.0004272591 0.0000000006
440 0.0000009006 0.0008616194 -0.0003978018 0.0010261510 0.0071718497 0.0312204352 0.0010395319
441 0.0000008982 0.0008628139 -0.0003920744 0.0000008364 0.0008239998 -0.0003967406 0.0000000015
442 0.0000008957 0.0008639894 -0.0003863557 0.0000009128 0.0008545183 -0.0004272591 0.0000000018
443 0.0000008934 0.0008651461 -0.0003806456 0.0000063799 -0.0010681478 0.0022888882 0.0000108640
444 0.0000008910 0.0008662840 -0.0003749440 0.0010552203 0.0089724418 0.0312204352 0.0010639778
445 0.0000008887 0.0008674032 -0.0003692507 0.0009747156 0.0000000000 0.0312204352 0.0009986606
446 0.0000008865 0.0008685039 -0.0003635656 0.0009747156 0.0000000000 0.0312204352 0.0009983034
447 0.0000008843 0.0008695860 -0.0003578885 0.0011591520 0.0135807367 0.0312204352 0.0011587639
448 0.0000008821 0.0008706498 -0.0003522194 0.0002036238 -0.0141911069 -0.0014954070 0.0002281634
449 0.0000008800 0.0008716953 -0.0003465580 0.0016090064 -0.0251472518 -0.0312509537 0.0016320673
450 0.0000008779 0.0008727225 -0.0003409043 0.0008476195 -0.0289925840 -0.0026551103 0.0008972921
451 0.0000008758 0.0008737316 -0.0003352580 0.0000049969 0.0021668142 0.0005493332 0.0000024546
452 0.0000008738 0.0008747227 -0.0003296191 0.0000522541 0.0039674062 -0.0060426649 0.0000422036
453 0.0000008718 0.0008756958 -0.0003239875 0.0000045451 0.0020752586 -0.0004882962 0.0000014659
454 0.0000008699 0.0008766511 -0.0003183629 0.0000008233 0.0008545183 -0.0003051851 0.0000000007
455 0.0000008680 0.0008775885 -0.0003127453 0.0000008960 0.0008850368 -0.0003357036 0.0000000006
456 0.0000008661 0.0008785082 -0.0003071346 0.0000576943 -0.0075685904 -0.0006408887 0.0000714649
457 0.0000008643 0.0008794103 -0.0003015305 0.0000008764 0.0008850368 -0.0003051851 0.0000000000
458 0.0000008625 0.0008802949 -0.0002959331 0.0000008233 0.0008545183 -0.0003051851 0.0000000008
459 0.0000008607 0.0008811619 -0.0002903420 0.0000008764 0.0008850368 -0.0003051851 0.0000000002
460 0.0000008590 0.0008820115 -0.0002847573 0.0004422525 0.0180059206 -0.0108645894 0.0004051611
461 0.0000008574 0.0008828438 -0.0002791788 0.0000008056 0.0008545183 -0.0002746666 0.0000000008
462 0.0000008557 0.0008836588 -0.0002736063 0.0000008233 0.0008545183 -0.0003051851 0.0000000018
463 0.0000008541 0.0008844565 -0.0002680398 0.0000031928 0.0002441481 -0.0017700735 0.0000026661
464 0.0000008525 0.0008852372 -0.0002624790 0.0019532442 -0.0312509537 -0.0312509537 0.0019930203
465 0.0000008510 0.0008860007 -0.0002569240 0.0000008587 0.0008850368 -0.0002746666 0.0000000003
466 0.0000008495 0.0008867473 -0.0002513744 0.0000008587 0.0008850368 -0.0002746666 0.0000000005
467 0.0000008480 0.0008874769 -0.0002458303 0.0000007898 0.0008545183 -0.0002441481 0.0000000011
468 0.0000008466 0.0008881895 -0.0002402915 0.0009785082 -0.0312509537 -0.0013733329 0.0010342083
469 0.0000008452 0.0008888854 -0.0002347579 0.0000008429 0.0008850368 -0.0002441481 0.0000000001
470 0.0000008439 0.0008895645 -0.0002292293 0.0000007898 0.0008545183 -0.0002441481 0.0000000015
471 0.0000008425 0.0008902268 -0.0002237057 0.0000007898 0.0008545183 -0.0002441481 0.0000000017
472 0.0000008413 0.0008908725 -0.0002181868 0.0012048333 0.0151066622 -0.0312509537 0.0011651213
473 0.0000008400 0.0008915015 -0.0002126727 0.0000007758 0.0008545183 -0.0002136296 0.0000000014
474 0.0000008388 0.0008921140 -0.0002071631 0.0000008289 0.0008850368 -0.0002136296 0.0000000001
475 0.0000008376 0.0008927100 -0.0002016579 0.0000008289 0.0008850368 -0.0002136296 0.0000000002
476 0.0000008364 0.0008932895 -0.0001961570 0.0013762072 -0.0312509537 -0.0199896237 0.0014250337
477 0.0000008353 0.0008938526 -0.0001906604 0.0000007758 0.0008545183 -0.0002136296 0.0000000021
478 0.0000008342 0.0008943994 -0.0001851678 0.0000008289 0.0008850368 -0.0002136296 0.0000000009
479 0.0000008332 0.0008949298 -0.0001796791 0.0000007637 0.0008545183 -0.0001831111 0.0000000016
480 0.0000008322 0.0008954439 -0.0001741943 0.0010029094 -0.0051271096 -0.0312509537 0.0010020361
481 0.0000008312 0.0008959417 -0.0001687132 0.0000007637 0.0008545183 -0.0001831111 0.0000000019
482 0.0000008302 0.0008964234 -0.0001632357 0.0000008168 0.0008850368 -0.0001831111 0.0000000005
483 0.0000008293 0.0008968889 -0.0001577617 0.0000008066 0.0008850368 -0.0001525925 0.0000000002
484 0.0000008284 0.0008973382 -0.0001522910 0.0019532442 -0.0312509537 -0.0312509537 0.0020006395
485 0.0000008276 0.0008977715 -0.0001468236 0.0000007637 0.0008545183 -0.0001831111 0.0000000032
486 0.0000008267 0.0008981887 -0.0001413593 0.0000008066 0.0008850368 -0.0001525925 0.0000000003
487 0.0000008259 0.0008985899 -0.0001358979 0.0000008066 0.0008850368 -0.0001525925 0.0000000005
488 0.0000008252 0.0008989751 -0.0001304395 0.0009874857 -0.0032959990 -0.0312509537 0.0009860842
489 0.0000008244 0.0008993444 -0.0001249838 0.0000007982 0.0008850368 -0.0001220740 0.0000000002
490 0.0000008237 0.0008996977 -0.0001195308 0.0000008066 0.0008850368 -0.0001525925 0.0000000013
491 0.0000008231 0.0009000351 -0.0001140803 0.0000007982 0.0008850368 -0.0001220740 0.0000000003
492 0.0000008224 0.0009003567 -0.0001086323 0.0004580533 0.0145268105 0.0157170324 0.0004361319
493 0.0000008218 0.0009006624 -0.0001031865 0.0000007982 0.0008850368 -0.0001220740 0.0000000006
494 0.0000008213 0.0009009522 -0.0000977429 0.0000007982 0.0008850368 -0.0001220740 0.0000000008
495 0.0000008207 0.0009012263 -0.0000923014 0.0000007982 0.0008850368 -0.0001220740 0.0000000011
496 0.0000008202 0.0009014846 -0.0000868618 0.0009975781 -0.0045777764 -0.0312509537 0.0010012229
497 0.0000008197 0.0009017271 -0.0000814241 0.0000007917 0.0008850368 -0.0000915555 0.0000000004
498 0.0000008193 0.0009019539 -0.0000759880 0.0000007917 0.0008850368 -0.0000915555 0.0000000005
499 0.0000008189 0.0009021650 -0.0000705536 0.0000007870 0.0008850368 -0.0000610370 0.0000000004
500 0.0000008185 0.0009023604 -0.0000651207 0.0010325282 -0.0312509537 -0.0074770348 0.0010887721
501 0.0000008181 0.0009025401 -0.0000596892 0.0000007870 0.0008850368 -0.0000610370 0.0000000003
502 0.0000008178 0.0009027041 -0.0000542589 0.0000007870 0.0008850368 -0.0000610370 0.0000000004
503 0.0000008175 0.0009028525 -0.0000488297 0.0000007842 0.0008850368 -0.0000305185 0.0000000007
504 0.0000008173 0.0009029852 -0.0000434016 0.0012198248 0.0155949583 -0.0312509537 0.0011897654
505 0.0000008170 0.0009031022 -0.0000379744 0.0000007842 0.0008850368 -0.0000305185 0.0000000004
506 0.0000008168 0.0009032037 -0.0000325480 0.0000007842 0.0008850368 -0.0000305185 0.0000000003
507 0.0000008167 0.0009032895 -0.0000271223 0.0000007842 0.0008850368 -0.0000305185 0.0000000003
508 0.0000008165 0.0009033597 -0.0000216971 0.0012313814 0.0159611805 -0.0312509537 0.0012020044
509 0.0000008164 0.0009034143 -0.0000162725 0.0000080480 0.0018311106 -0.0021668142 0.0000054855
510 0.0000008163 0.0009034533 -0.0000108481 0.0000238917 -0.0046998505 0.0013428144 0.0000332294
511 0.0000008163 0.0009034767 -0.0000054240 0.0002395145 -0.0074770348 -0.0135502182 0.0002536944
512 0.0000008163 0.0009034845 0.0000000000 0.0000000009 -0.0000305185 0.0000000000 0.0000008724
513 0.0000008163 0.0009034767 0.0000054240 0.0000007842 0.0008850368 0.0000305185 0.0000000010
514 0.0000008163 0.0009034533 0.0000108481 0.0000007833 0.0008850368 0.0000000000 0.0000000005
515 0.0000008164 0.0009034143 0.0000162725 0.0000007842 0.0008850368 -0.0000305185 0.0000000025
516 0.0000008165 0.0009033597 0.0000216971 0.0010064644 -0.0312509537 -0.0054628132 0.0010639797
517 0.0000008167 0.0009032895 0.0000271223 0.0000007833 0.0008850368 0.0000000000 0.0000000011
518 0.0000008168 0.0009032037 0.0000325480 0.0000007842 0.0008850368 0.0000305185 0.0000000003
519 0.0000008170 0.0009031022 0.0000379744 0.0000007842 0.0008850368 0.0000305185 0.0000000004
520 0.0000008173 0.0009029852 0.0000434016 0.0010033005 0.0299691763 -0.0102542192 0.0009508845
521 0.0000008175 0.0009028525 0.0000488297 0.0000007842 0.0008850368 0.0000305185 0.0000000007
522 0.0000008178 0.0009027041 0.0000542589 0.0000007842 0.0008850368 0.0000305185 0.0000000009
523 0.0000008181 0.0009025401 0.0000596892 0.0000007842 0.0008850368 0.0000305185 0.0000000012
524 0.0000008185 0.0009023604 0.0000651207 0.0000486478 0.0010376293 -0.0068971831 0.0000484920
525 0.0000008189 0.0009021650 0.0000705536 0.0000007870 0.0008850368 0.0000610370 0.0000000004
526 0.0000008193 0.0009019539 0.0000759880 0.0000007842 0.0008850368 0.0000305185 0.0000000024
527 0.0000008197 0.0009017271 0.0000814241 0.0000068922 0.0026245918 0.0000610370 0.0000029687
528 0.0000008202 0.0009014846 0.0000868618 0.0009972997 -0.0312509537 -0.0045472579 0.0010552544
529 0.0000008207 0.0009012263 0.0000923014 0.0000007917 0.0008850368 0.0000915555 0.0000000003
530 0.0000008213 0.0009009522 0.0000977429 0.0000007917 0.0008850368 0.0000915555 0.0000000003
531 0.0000008218 0.0009006624 0.0001031865 0.0000007917 0.0008850368 0.0000915555 0.0000000004
532 0.0000008224 0.0009003567 0.0001086323 0.0003240381 -0.0050660726 -0.0172734764 0.0003377360
533 0.0000008231 0.0009000351 0.0001140803 0.0000007917 0.0008850368 0.0000915555 0.0000000007
534 0.0000008237 0.0008996977 0.0001195308 0.0000007982 0.0008850368 0.0001220740 0.0000000002
535 0.0000008244 0.0008993444 0.0001249838 0.0000007982 0.0008850368 0.0001220740 0.0000000002
536 0.0000008252 0.0008989751 0.0001304395 0.0000839173 -0.0084231086 -0.0036011841 0.0001008263
537 0.0000008259 0.0008985899 0.0001358979 0.0000007386 0.0008545183 0.0000915555 0.0000000039
538 0.0000008267 0.0008981887 0.0001413593 0.0000007982 0.0008850368 0.0001220740 0.0000000005
539 0.0000008276 0.0008977715 0.0001468236 0.0000008066 0.0008850368 0.0001525925 0.0000000002
540 0.0000008284 0.0008973382 0.0001522910 0.0010411127 0.0081484420 0.0312204352 0.0010178081
541 0.0000008293 0.0008968889 0.0001577617 0.0000007982 0.0008850368 0.0001220740 0.0000000014
542 0.0000008302 0.0008964234 0.0001632357 0.0000008066 0.0008850368 0.0001525925 0.0000000002
543 0.0000008312 0.0008959417 0.0001687132 0.0000008066 0.0008850368 0.0001525925 0.0000000004
544 0.0000008322 0.0008954439 0.0001741943 0.0010926804 -0.0107730338 -0.0312509537 0.0011236933
545 0.0000008332 0.0008949298 0.0001796791 0.0000008066 0.0008850368 0.0001525925 0.0000000008
546 0.0000008342 0.0008943994 0.0001851678 0.0000008168 0.0008850368 0.0001831111 0.0000000001
547 0.0000008353 0.0008938526 0.0001906604 0.0000008168 0.0008850368 0.0001831111 0.0000000001
548 0.0000008364 0.0008932895 0.0001961570 0.0012020755 -0.0150151067 -0.0312509537 0.0012419978
549 0.0000008376 0.0008927100 0.0002016579 0.0000008168 0.0008850368 0.0001831111 0.0000000004
550 0.0000008388 0.0008921140 0.0002071631 0.0000008168 0.0008850368 0.0001831111 0.0000000006
551 0.0000008400 0.0008915015 0.0002126727 0.0000008168 0.0008850368 0.0001831111 0.0000000009
552 0.0000008413 0.0008908725 0.0002181868 0.0014935610 0.0227362896 -0.0312509537 0.0014675291
553 0.0000008425 0.0008902268 0.0002237057 0.0000007758 0.0008545183 0.0002136296 0.0000000014
554 0.0000008439 0.0008895645 0.0002292293 0.0000008289 0.0008850368 0.0002136296 0.0000000003
555 0.0000008452 0.0008888854 0.0002347579 0.0000007758 0.0008545183 0.0002136296 0.0000000016
556 0.0000008466 0.0008881895 0.0002402915 0.0005026766 0.0175786615 -0.0139164403 0.0004789849
557 0.0000008480 0.0008874769 0.0002458303 0.0000008429 0.0008850368 0.0002441481 0.0000000000
558 0.0000008495 0.0008867473 0.0002513744 0.0000008429 0.0008850368 0.0002441481 0.0000000001
559 0.0000008510 0.0008860007 0.0002569240 0.0000007898 0.0008545183 0.0002441481 0.0000000012
560 0.0000008525 0.0008852372 0.0002624790 0.0001180393 -0.0108645894 0.0000000000 0.0001381273
561 0.0000008541 0.0008844565 0.0002680398 0.0000007898 0.0008545183 0.0002441481 0.0000000015
562 0.0000008557 0.0008836588 0.0002736063 0.0000008056 0.0008545183 0.0002746666 0.0000000009
563 0.0000008574 0.0008828438 0.0002791788 0.0000008429 0.0008850368 0.0002441481 0.0000000012
564 0.0000008590 0.0008820115 0.0002847573 0.0019456293 -0.0312509537 0.0311288797 0.0019838873
565 0.0000008607 0.0008811619 0.0002903420 0.0000008233 0.0008545183 0.0003051851 0.0000000009
566 0.0000008625 0.0008802949 0.0002959331 0.0000008233 0.0008545183 0.0003051851 0.0000000008
567 0.0000008643 0.0008794103 0.0003015305 0.0000008056 0.0008545183 0.0002746666 0.0000000013
568 0.0000008661 0.0008785082 0.0003071346 0.0000066212 0.0014343699 -0.0021362957 0.0000062793
569 0.0000008680 0.0008775885 0.0003127453 0.0000008056 0.0008545183 0.0002746666 0.0000000020
570 0.0000008699 0.0008766511 0.0003183629 0.0000008056 0.0008545183 0.0002746666 0.0000000024
571 0.0000008718 0.0008756958 0.0003239875 0.0000000931 0.0000000000 0.0003051851 0.0000007672
572 0.0000008738 0.0008747227 0.0003296191 0.0000726346 0.0082094790 -0.0022888882 0.0000606552
573 0.0000008758 0.0008737316 0.0003352580 0.0000000931 0.0000000000 0.0003051851 0.0000007643
574 0.0000008779 0.0008727225 0.0003409043 0.0000024225 0.0000000000 -0.0015564440 0.0000043616
575 0.0000008800 0.0008716953 0.0003465580 0.0003779249 0.0000000000 -0.0194402905 0.0003922792
576 0.0000008821 0.0008706498 0.0003522194 0.0001427292 0.0045472579 -0.0110477004 0.0001434756
577 0.0000008843 0.0008695860 0.0003578885 0.0009767562 -0.0312509537 0.0003662221 0.0010317291
578 0.0000008865 0.0008685039 0.0003635656 0.0009769583 -0.0312509537 -0.0005798517 0.0010325496
579 0.0000008887 0.0008674032 0.0003692507 0.0009774603 -0.0312509537 -0.0009155553 0.0010332396
580 0.0000008910 0.0008662840 0.0003749440 0.0007839327 -0.0252998444 0.0119937742 0.0008196635
581 0.0000008934 0.0008651461 0.0003806456 0.0000050378 -0.0021973327 -0.0004577776 0.0000100817
582 0.0000008957 0.0008639894 0.0003863557 0.0000008643 0.0008545183 0.0003662221 0.0000000005
583 0.0000008982 0.0008628139 0.0003920744 0.0000008643 0.0008545183 0.0003662221 0.0000000007
584 0.0000009006 0.0008616194 0.0003978018 0.0012094670 -0.0152592547 -0.0312509537 0.0012615263
585 0.0000009031 0.0008604058 0.0004035381 0.0000008364 0.0008239998 0.0003967406 0.0000000014
586 0.0000009057 0.0008591730 0.0004092835 0.0000008876 0.0008545183 0.0003967406 0.0000000002
587 0.0000009083 0.0008579209 0.0004150380 0.0000008364 0.0008239998 0.0003967406 0.0000000015
588 0.0000009109 0.0008566495 0.0004208018 0.0012707927 -0.0171514023 -0.0312509537 0.0013273900
589 0.0000009136 0.0008553585 0.0004265751 0.0000008876 0.0008545183 0.0003967406 0.0000000009
590 0.0000009163 0.0008540479 0.0004323581 0.0000008364 0.0008239998 0.0003967406 0.0000000022
591 0.0000009191 0.0008527176 0.0004381507 0.0000036398 0.0002441481 0.0018921476 0.0000024845
592 0.0000009219 0.0008513674 0.0004439533 0.0010054725 -0.0312509537 -0.0053712577 0.0010643757
593 0.0000009248 0.0008499972 0.0004497660 0.0000008615 0.0008239998 0.0004272591 0.0000000012
594 0.0000009277 0.0008486070 0.0004555888 0.0000008885 0.0008239998 0.0004577776 0.0000000006
595 0.0000009307 0.0008471965 0.0004614220 0.0000008885 0.0008239998 0.0004577776 0.0000000006
596 0.0000009337 0.0008457657 0.0004672658 0.0008415237 -0.0192876980 0.0216681417 0.0008548335
597 0.0000009367 0.0008443144 0.0004731201 0.0000008885 0.0008239998 0.0004577776 0.0000000006
598 0.0000009398 0.0008428425 0.0004789853 0.0000009174 0.0008239998 0.0004882962 0.0000000004
599 0.0000009430 0.0008413499 0.0004848615 0.0000008885 0.0008239998 0.0004577776 0.0000000010
600 0.0000009462 0.0008398365 0.0004907489 0.0002656816 -0.0020142216 -0.0161748100 0.0002858865
601 0.0000009494 0.0008383020 0.0004966475 0.0000009174 0.0008239998 0.0004882962 0.0000000003
602 0.0000009527 0.0008367464 0.0005025575 0.0000009174 0.0008239998 0.0004882962 0.0000000004
603 0.0000009561 0.0008351695 0.0005084792 0.0000009481 0.0008239998 0.0005188147 0.0000000002
604 0.0000009595 0.0008335712 0.0005144127 0.0014769815 0.0291146580 -0.0250862148 0.0014552120
605 0.0000009629 0.0008319514 0.0005203580 0.0000008988 0.0007934812 0.0005188147 0.0000000015
606 0.0000009664 0.0008303098 0.0005263155 0.0000009174 0.0008239998 0.0004882962 0.0000000015
607 0.0000009700 0.0008286464 0.0005322853 0.0000008988 0.0007934812 0.0005188147 0.0000000014
608 0.0000009736 0.0008269609 0.0005382674 0.0001856947 -0.0023194067 0.0134281442 0.0001760486
609 0.0000009773 0.0008252533 0.0005442622 0.0000008988 0.0007934812 0.0005188147 0.0000000017
610 0.0000009810 0.0008235233 0.0005502698 0.0000009314 0.0007934812 0.0005493332 0.0000000009
611 0.0000009848 0.0008217709 0.0005562903 0.0000009314 0.0007934812 0.0005493332 0.0000000008
612 0.0000009886 0.0008199958 0.0005623239 0.0019513377 0.0312204352 -0.0312509537 0.0019362713
613 0.0000009925 0.0008181979 0.0005683707 0.0000009314 0.0007934812 0.0005493332 0.0000000010
614 0.0000009964 0.0008163770 0.0005744311 0.0000009314 0.0007934812 0.0005493332 0.0000000012
615 0.0000010005 0.0008145330 0.0005805050 0.0000009658 0.0007934812 0.0005798517 0.0000000004
616 0.0000010045 0.0008126656 0.0005865928 0.0003420258 -0.0162053285 -0.0089114048 0.0003798241
617 0.0000010086 0.0008107748 0.0005926946 0.0000009314 0.0007934812 0.0005493332 0.0000000022
618 0.0000010128 0.0008088602 0.0005988105 0.0000009183 0.0007629627 0.0005798517 0.0000000025
619 0.0000010171 0.0008069218 0.0006049408 0.0000009658 0.0007934812 0.0005798517 0.0000000008
620 0.0000010214 0.0008049594 0.0006110857 0.0007928274 -0.0231330302 -0.0160527360 0.0008507103
621 0.0000010258 0.0008029727 0.0006172452 0.0000010022 0.0007934812 0.0006103702 0.0000000001
622 0.0000010302 0.0008009616 0.0006234197 0.0000010022 0.0007934812 0.0006103702 0.0000000002
623 0.0000010347 0.0007989259 0.0006296092 0.0000010022 0.0007934812 0.0006103702 0.0000000004
624 0.0000010393 0.0007968653 0.0006358140 0.0003870533 -0.0030213324 -0.0194402905 0.0004176286
625 0.0000010439 0.0007947798 0.0006420344 0.0000009547 0.0007629627 0.0006103702 0.0000000020
626 0.0000010486 0.0007926690 0.0006482703 0.0000010404 0.0007934812 0.0006408887 0.0000000001
627 0.0000010533 0.0007905328 0.0006545222 0.0000009929 0.0007629627 0.0006408887 0.0000000009
628 0.0000010582 0.0007883710 0.0006607901 0.0002820785 -0.0059205908 -0.0157170324 0.0003132432
629 0.0000010631 0.0007861834 0.0006670743 0.0000009929 0.0007629627 0.0006408887 0.0000000012
630 0.0000010680 0.0007839697 0.0006733749 0.0000009929 0.0007629627 0.0006408887 0.0000000015
631 0.0000010731 0.0007817297 0.0006796922 0.0000009472 0.0007324442 0.0006408887 0.0000000039
632 0.0000010782 0.0007794632 0.0006860263 0.0007392666 0.0249641408 0.0107730338 0.0006866463
633 0.0000010834 0.0007771700 0.0006923776 0.0000010748 0.0007629627 0.0007019257 0.0000000003
634 0.0000010886 0.0007748498 0.0006987461 0.0000010748 0.0007629627 0.0007019257 0.0000000002
635 0.0000010940 0.0007725025 0.0007051321 0.0000010748 0.0007629627 0.0007019257 0.0000000001
636 0.0000010994 0.0007701278 0.0007115358 0.0007982900 -0.0123294778 -0.0254219184 0.0008545571
637 0.0000011049 0.0007677253 0.0007179574 0.0000010748 0.0007629627 0.0007019257 0.0000000003
638 0.0000011104 0.0007652950 0.0007243971 0.0000102536 -0.0031434065 -0.0006103702 0.0000170596
639 0.0000011161 0.0007628366 0.0007308552 0.0000805503 0.0002136296 -0.0089724418 0.0000944556
640 0.0000011218 0.0007603497 0.0007373319 0.0019532442 -0.0312509537 -0.0312509537 0.0020479740
641 0.0000011276 0.0007578342 0.0007438274 0.0001413843 -0.0083925901 -0.0084231086 0.0001677630
642 0.0000011335 0.0007552897 0.0007503418 0.0009338252 0.0007629627 -0.0305490280 0.0009796506
643 0.0000011394 0.0007527161 0.0007568756 0.0000011186 0.0007324442 0.0007629627 0.0000000004
644 0.0000011455 0.0007501130 0.0007634287 0.0010455293 -0.0312509537 0.0083010346 0.0010808838
645 0.0000011516 0.0007474802 0.0007700016 0.0000011186 0.0007324442 0.0007629627 0.0000000003
646 0.0000011579 0.0007448175 0.0007765945 0.0000011186 0.0007324442 0.0007629627 0.0000000003
647 0.0000011642 0.0007421244 0.0007832075 0.0000011661 0.0007324442 0.0007934812 0.0000000002
648 0.0000011706 0.0007394008 0.0007898409 0.0002307893 0.0151676992 -0.0008545183 0.0002108797
649 0.0000011771 0.0007366464 0.0007964950 0.0000011661 0.0007324442 0.0007934812 0.0000000000
650 0.0000011836 0.0007338608 0.0008031699 0.0000011223 0.0007019257 0.0007934812 0.0000000011
651 0.0000011903 0.0007310437 0.0008098661 0.0000011661 0.0007324442 0.0007934812 0.0000000003
652 0.0000011971 0.0007281950 0.0008165836 0.0003372059 0.0123599963 0.0135807367 0.0002982224
653 0.0000012039 0.0007253141 0.0008233227 0.0000011223 0.0007019257 0.0007934812 0.0000000014
654 0.0000012109 0.0007224010 0.0008300838 0.0000011717 0.0007019257 0.0008239998 0.0000000005
655 0.0000012180 0.0007194551 0.0008368670 0.0000005188 -0.0005798517 -0.0004272591 0.0000032862
656 0.0000012251 0.0007164763 0.0008436726 0.0016654703 -0.0262459181 -0.0312509537 0.0017570358
657 0.0000012324 0.0007134641 0.0008505009 0.0000011717 0.0007019257 0.0008239998 0.0000000008
658 0.0000012397 0.0007104183 0.0008573521 0.0000012229 0.0007019257 0.0008545183 0.0000000001
659 0.0000012472 0.0007073385 0.0008642266 0.0000011298 0.0006714072 0.0008239998 0.0000000029
660 0.0000012548 0.0007042243 0.0008711245 0.0012382466 -0.0312509537 -0.0161748100 0.0013116973
661 0.0000012625 0.0007010755 0.0008780462 0.0000011810 0.0006714072 0.0008545183 0.0000000014
662 0.0000012703 0.0006978916 0.0008849920 0.0000011810 0.0006714072 0.0008545183 0.0000000016
663 0.0000012782 0.0006946724 0.0008919620 0.0000012341 0.0006714072 0.0008850368 0.0000000006
664 0.0000012862 0.0006914174 0.0008989566 0.0009735243 -0.0166325877 -0.0263985107 0.0010452729
665 0.0000012943 0.0006881262 0.0009059762 0.0000012341 0.0006714072 0.0008850368 0.0000000007
666 0.0000013026 0.0006847985 0.0009130209 0.0000012341 0.0006714072 0.0008850368 0.0000000010
667 0.0000013109 0.0006814340 0.0009200911 0.0000012490 0.0006408887 0.0009155553 0.0000000017
668 0.0000013194 0.0006780322 0.0009271870 0.0010177416 -0.0300607318 -0.0106814783 0.0010796327
669 0.0000013280 0.0006745927 0.0009343090 0.0000012890 0.0006714072 0.0009155553 0.0000000004
670 0.0000013367 0.0006711151 0.0009414574 0.0000013458 0.0006714072 0.0009460738 0.0000000000
671 0.0000013456 0.0006675991 0.0009486324 0.0000013058 0.0006408887 0.0009460738 0.0000000007
672 0.0000013546 0.0006640441 0.0009558345 0.0018950079 0.0303048799 -0.0312509537 0.0019158564
673 0.0000013637 0.0006604499 0.0009630639 0.0000013058 0.0006408887 0.0009460738 0.0000000007
674 0.0000013729 0.0006568159 0.0009703208 0.0000013058 0.0006408887 0.0009460738 0.0000000008
675 0.0000013823 0.0006531417 0.0009776058 0.0000013058 0.0006408887 0.0009460738 0.0000000011
676 0.0000013918 0.0006494269 0.0009849190 0.0019532442 -0.0312509537 -0.0312509537 0.0020567858
677 0.0000014015 0.0006456711 0.0009922608 0.0000013645 0.0006408887 0.0009765923 0.0000000003
678 0.0000014113 0.0006418737 0.0009996315 0.0000013645 0.0006408887 0.0009765923 0.0000000005
679 0.0000014212 0.0006380343 0.0010070316 0.0000013263 0.0006103702 0.0009765923 0.0000000017
680 0.0000014313 0.0006341525 0.0010144612 0.0010284962 -0.0072023682 -0.0312509537 0.0011024681
681 0.0000014415 0.0006302278 0.0010219209 0.0000013868 0.0006103702 0.0010071108 0.0000000006
682 0.0000014519 0.0006262596 0.0010294108 0.0000013868 0.0006103702 0.0010071108 0.0000000007
683 0.0000014624 0.0006222475 0.0010369314 0.0000014129 0.0005798517 0.0010376293 0.0000000018
684 0.0000014731 0.0006181910 0.0010444831 0.0003671311 0.0014648885 0.0191045869 0.0003268842
685 0.0000014839 0.0006140896 0.0010520661 0.0000014129 0.0005798517 0.0010376293 0.0000000014
686 0.0000014950 0.0006099428 0.0010596810 0.0000014772 0.0005798517 0.0010681478 0.0000000010
687 0.0000015061 0.0006057499 0.0010673280 0.0000014129 0.0005798517 0.0010376293 0.0000000016
688 0.0000015175 0.0006015106 0.0010750075 0.0019532442 -0.0312509537 -0.0312509537 0.0020595472
689 0.0000015290 0.0005972242 0.0010827199 0.0000014772 0.0005798517 0.0010681478 0.0000000005
690 0.0000015406 0.0005928902 0.0010904656 0.0000015433 0.0005798517 0.0010986663 0.0000000002
691 0.0000015525 0.0005885080 0.0010982450 0.0000015088 0.0005493332 0.0010986663 0.0000000015
692 0.0000015645 0.0005840771 0.0011060585 0.0014213381 -0.0312509537 -0.0210882900 0.0015060583
693 0.0000015767 0.0005795968 0.0011139066 0.0000015088 0.0005493332 0.0010986663 0.0000000011
694 0.0000015891 0.0005750667 0.0011217895 0.0000015088 0.0005493332 0.0010986663 0.0000000012
695 0.0000016017 0.0005704860 0.0011297077 0.0000015442 0.0005188147 0.0011291849 0.0000000027
696 0.0000016145 0.0005658541 0.0011376617 0.0009774603 -0.0312509537 0.0009155553 0.0010123586
697 0.0000016274 0.0005611705 0.0011456519 0.0000012760 -0.0000305185 0.0011291849 0.0000003504
698 0.0000016406 0.0005564346 0.0011536787 0.0000012760 -0.0000305185 0.0011291849 0.0000003451
699 0.0000016540 0.0005516455 0.0011617426 0.0000001351 -0.0000305185 -0.0003662221 0.0000026736
700 0.0000016675 0.0005468028 0.0011698439 0.0011858807 -0.0312509537 -0.0144657735 0.0012555699
701 0.0000016813 0.0005419058 0.0011779832 0.0009766230 -0.0000305185 -0.0312509537 0.0010519636
702 0.0000016953 0.0005369536 0.0011861609 0.0009766230 -0.0000305185 -0.0312509537 0.0010524884
703 0.0000017095 0.0005319458 0.0011943774 0.0011627201 -0.0136417737 -0.0312509537 0.0012535938
704 0.0000017239 0.0005268815 0.0012026333 0.0004685854 -0.0023804437 -0.0215155492 0.0005245684
705 0.0000017386 0.0005217601 0.0012109290 0.0018747736 -0.0312509537 -0.0299691763 0.0019817043
706 0.0000017535 0.0005165808 0.0012192650 0.0012645450 -0.0169682913 -0.0312509537 0.0013600359
707 0.0000017686 0.0005113429 0.0012276418 0.0009766230 -0.0000305185 -0.0312509537 0.0010551528
708 0.0000017839 0.0005060456 0.0012360599 0.0004515933 -0.0195623646 -0.0083010346 0.0004936973
709 0.0000017995 0.0005006882 0.0012445198 0.0009766230 -0.0000305185 -0.0312509537 0.0010562380
710 0.0000018154 0.0004952699 0.0012530220 0.0000015666 -0.0000305185 0.0012512589 0.0000002765
711 0.0000018314 0.0004897898 0.0012615670 0.0000016439 -0.0000305185 0.0012817774 0.0000002711
712 0.0000018478 0.0004842473 0.0012701554 0.0000730742 0.0061952574 0.0058900723 0.0000539593
713 0.0000018644 0.0004786414 0.0012787877 0.0000018525 0.0004577776 0.0012817774 0.0000000004
714 0.0000018813 0.0004729714 0.0012874644 0.0000017752 0.0004577776 0.0012512589 0.0000000015
715 0.0000018984 0.0004672363 0.0012961860 0.0000018525 0.0004577776 0.0012817774 0.0000000003
716 0.0000019158 0.0004614353 0.0013049533 0.0001290594 0.0109256264 -0.0031128880 0.0001290166
717 0.0000019335 0.0004555676 0.0013137666 0.0000018255 0.0004272591 0.0012817774 0.0000000018
718 0.0000019515 0.0004496322 0.0013226266 0.0000019047 0.0004272591 0.0013122959 0.0000000006
719 0.0000019698 0.0004436282 0.0013315339 0.0000040310 0.0018921476 0.0006714072 0.0000025340
720 0.0000019884 0.0004375547 0.0013404891 0.0019361525 -0.0312509537 -0.0309762871 0.0020485356
721 0.0000020072 0.0004314107 0.0013494927 0.0000019857 0.0004272591 0.0013428144 0.0000000001
722 0.0000020264 0.0004251952 0.0013585454 0.0000019606 0.0003967406 0.0013428144 0.0000000011
723 0.0000020459 0.0004189074 0.0013676478 0.0000019606 0.0003967406 0.0013428144 0.0000000011
724 0.0000020658 0.0004125461 0.0013768006 0.0019532442 -0.0312509537 -0.0312509537 0.0020671476
725 0.0000020859 0.0004061104 0.0013860043 0.0000020202 0.0003662221 0.0013733329 0.0000000018
726 0.0000021064 0.0003995992 0.0013952597 0.0000020434 0.0003967406 0.0013733329 0.0000000005
727 0.0000021273 0.0003930115 0.0014045674 0.0000020202 0.0003662221 0.0013733329 0.0000000017
728 0.0000021485 0.0003863462 0.0014139280 0.0009766677 -0.0312509537 -0.0002136296 0.0010035677
729 0.0000021700 0.0003796021 0.0014233423 0.0000021049 0.0003662221 0.0014038514 0.0000000006
730 0.0000021919 0.0003727782 0.0014328109 0.0000021049 0.0003662221 0.0014038514 0.0000000009
731 0.0000022142 0.0003658733 0.0014423345 0.0000021701 0.0003357036 0.0014343699 0.0000000010
732 0.0000022369 0.0003588862 0.0014519139 0.0002022407 -0.0100405896 -0.0100711081 0.0002409291
733 0.0000022599 0.0003518158 0.0014615499 0.0000021701 0.0003357036 0.0014343699 0.0000000010
734 0.0000022833 0.0003446609 0.0014712430 0.0000022586 0.0003357036 0.0014648885 0.0000000001
735 0.0000023072 0.0003374202 0.0014809941 0.0000021701 0.0003357036 0.0014343699 0.0000000022
736 0.0000023315 0.0003300924 0.0014908040 0.0009766230 -0.0312509537 -0.0000305185 0.0009996769
737 0.0000023561 0.0003226764 0.0015006734 0.0000023294 0.0003051851 0.0014954070 0.0000000003
738 0.0000023813 0.0003151707 0.0015106031 0.0000023117 0.0002746666 0.0014954070 0.0000000019
739 0.0000024068 0.0003075741 0.0015205940 0.0000023117 0.0002746666 0.0014954070 0.0000000017
740 0.0000024328 0.0002998851 0.0015306468 0.0011241563 -0.0312509537 0.0121463668 0.0011081489
741 0.0000024593 0.0002921025 0.0015407623 0.0000024039 0.0002746666 0.0015259255 0.0000000005
742 0.0000024862 0.0002842248 0.0015509415 0.0000024821 0.0002441481 0.0015564440 0.0000000016
743 0.0000025136 0.0002762505 0.0015611852 0.0000024821 0.0002441481 0.0015564440 0.0000000011
744 0.0000025415 0.0002681782 0.0015714942 0.0010124020 -0.0312509537 0.0059816279 0.0010129050
745 0.0000025699 0.0002600064 0.0015818694 0.0000024821 0.0002441481 0.0015564440 0.0000000009
746 0.0000025988 0.0002517336 0.0015923118 0.0000024682 0.0002136296 0.0015564440 0.0000000027
747 0.0000026283 0.0002433582 0.0016028223 0.0000025641 0.0002136296 0.0015869625 0.0000000011
748 0.0000026582 0.0002348786 0.0016134017 0.0005541680 0.0182805872 -0.0148319956 0.0005960987
749 0.0000026888 0.0002262932 0.0016240511 0.0000026619 0.0002136296 0.0016174810 0.0000000002
750 0.0000027198 0.0002176003 0.0016347715 0.0000027615 0.0002136296 0.0016479995 0.0000000002
751 0.0000027515 0.0002087982 0.0016455638 0.0000027494 0.0001831111 0.0016479995 0.0000000007
752 0.0000027837 0.0001998853 0.0016564290 0.0009975781 -0.0312509537 -0.0045777764 0.0010280206
753 0.0000028165 0.0001908598 0.0016673681 0.0000027392 0.0001525925 0.0016479995 0.0000000018
754 0.0000028500 0.0001817198 0.0016783822 0.0000028510 0.0001831111 0.0016785180 0.0000000000
755 0.0000028841 0.0001724635 0.0016894724 0.0000028407 0.0001525925 0.0016785180 0.0000000005
756 0.0000029188 0.0001630890 0.0017006398 0.0001015436 -0.0085451827 -0.0053407392 0.0001254150
757 0.0000029541 0.0001535945 0.0017118853 0.0000028323 0.0001220740 0.0016785180 0.0000000021
758 0.0000029902 0.0001439780 0.0017232103 0.0000029357 0.0001220740 0.0017090365 0.0000000007
759 0.0000030269 0.0001342375 0.0017346157 0.0000029357 0.0001220740 0.0017090365 0.0000000008
760 0.0000030643 0.0001243709 0.0017461028 0.0010074731 -0.0312509537 -0.0055543687 0.0010377079
761 0.0000031025 0.0001143762 0.0017576728 0.0000030344 0.0000915555 0.0017395550 0.0000000008
762 0.0000031414 0.0001042512 0.0017693268 0.0000030344 0.0000915555 0.0017395550 0.0000000010
763 0.0000031810 0.0000939937 0.0017810661 0.0000031415 0.0000915555 0.0017700735 0.0000000001
764 0.0000032215 0.0000836017 0.0017928920 0.0009772042 -0.0312509537 -0.0007629627 0.0009883868
765 0.0000032627 0.0000730726 0.0018048057 0.0000059171 -0.0022278512 0.0009765923 0.0000059802
766 0.0000033047 0.0000624044 0.0018168086 0.0000278389 0.0027771844 -0.0044862209 0.0000470982
767 0.0000033475 0.0000515945 0.0018289019 0.0009766864 0.0312204352 0.0014038514 0.0009716773
768 0.0000033913 0.0000406406 0.0018410870 0.0000000009 0.0000000000 -0.0000305185 0.0000035046
769 0.0000034358 0.0000295401 0.0018533654 0.0000033530 0.0000000000 0.0018311106 0.0000000014
770 0.0000034813 0.0000182906 0.0018657384 0.0000033539 0.0000305185 0.0018311106 0.0000000013
771 0.0000035277 0.0000068895 0.0018782074 0.0000033539 0.0000305185 0.0018311106 0.0000000028
772 0.0000035750 -0.0000046659 0.0018907740 0.0000189489 -0.0035401471 -0.0025330363 0.0000320697
773 0.0000036234 -0.0000163784 0.0019034396 0.0000035812 -0.0000305185 0.0018921476 0.0000000003
774 0.0000036726 -0.0000282506 0.0019162057 0.0000035839 -0.0000610370 0.0018921476 0.0000000017
775 0.0000037229 -0.0000402854 0.0019290740 0.0000036976 -0.0000305185 0.0019226661 0.0000000001
776 0.0000037743 -0.0000524857 0.0019420459 0.0009766230 -0.0000305185 -0.0312509537 0.0011017757
777 0.0000038267 -0.0000648545 0.0019551232 0.0000038187 -0.0000610370 0.0019531846 0.0000000000
778 0.0000038802 -0.0000773948 0.0019683075 0.0000038233 -0.0000915555 0.0019531846 0.0000000004
779 0.0000039349 -0.0000901098 0.0019816005 0.0000038298 -0.0001220740 0.0019531846 0.0000000018
780 0.0000039906 -0.0001030025 0.0019950039 0.0000172268 0.0000000000 -0.0041505173 0.0000377780
781 0.0000040476 -0.0001160763 0.0020085194 0.0000039500 -0.0001220740 0.0019837031 0.0000000007
782 0.0000041058 -0.0001293345 0.0020221490 0.0000040804 -0.0001525925 0.0020142216 0.0000000006
783 0.0000041653 -0.0001427805 0.0020358943 0.0000145677 -0.0001220740 0.0038148137 0.0000031650
784 0.0000042260 -0.0001564177 0.0020497574 0.0009987107 -0.0312509537 -0.0046998505 0.0010124274
785 0.0000042880 -0.0001702499 0.0020637401 0.0000042145 -0.0001831111 0.0020447401 0.0000000005
786 0.0000043514 -0.0001842806 0.0020778444 0.0000043402 -0.0001831111 0.0020752586 0.0000000000
787 0.0000044162 -0.0001985136 0.0020920723 0.0000043523 -0.0002136296 0.0020752586 0.0000000005
788 0.0000044824 -0.0002129528 0.0021064259 0.0001880688 -0.0130008850 0.0043641469 0.0001686285
789 0.0000045500 -0.0002276020 0.0021209072 0.0000044939 -0.0002441481 0.0021057772 0.0000000005
790 0.0000046192 -0.0002424654 0.0021355184 0.0000045097 -0.0002746666 0.0021057772 0.0000000019
791 0.0000046900 -0.0002575471 0.0021502617 0.0000046392 -0.0002746666 0.0021362957 0.0000000005
792 0.0000047623 -0.0002728513 0.0021651393 0.0000229585 0.0047914060 -0.0000305185 0.0000304676
793 0.0000048362 -0.0002883824 0.0021801536 0.0000047882 -0.0003051851 0.0021668142 0.0000000005
794 0.0000049119 -0.0003041449 0.0021953068 0.0000049410 -0.0003357036 0.0021973327 0.0000000010
795 0.0000049893 -0.0003201432 0.0022106014 0.0000049410 -0.0003357036 0.0021973327 0.0000000004
796 0.0000050684 -0.0003363822 0.0022260399 0.0010730925 0.0312204352 -0.0099185156 0.0011433230
797 0.0000051494 -0.0003528666 0.0022416247 0.0000050974 -0.0003662221 0.0022278512 0.0000000004
798 0.0000052323 -0.0003696014 0.0022573584 0.0000051207 -0.0003967406 0.0022278512 0.0000000016
799 0.0000053171 -0.0003865917 0.0022732437 0.0000052576 -0.0003967406 0.0022583697 0.0000000003
800 0.0000054039 -0.0004038426 0.0022892833 0.0009766230 -0.0000305185 -0.0312509537 0.0011250869
801 0.0000054928 -0.0004213595 0.0023054799 0.0000054216 -0.0004272591 0.0022888882 0.0000000003
802 0.0000055838 -0.0004391479 0.0023218363 0.0000054486 -0.0004577776 0.0022888882 0.0000000014
803 0.0000056770 -0.0004572133 0.0023383556 0.0000055892 -0.0004577776 0.0023194067 0.0000000004
804 0.0000057724 -0.0004755617 0.0023550405 0.0006936635 -0.0000305185 -0.0263374737 0.0008234584
805 0.0000058701 -0.0004941989 0.0023718942 0.0000057913 -0.0005188147 0.0023499252 0.0000000011
806 0.0000059702 -0.0005131311 0.0023889198 0.0000059357 -0.0005188147 0.0023804437 0.0000000001
807 0.0000060728 -0.0005323644 0.0024061205 0.0000059683 -0.0005493332 0.0023804437 0.0000000009
808 0.0000061779 -0.0005519054 0.0024234996 0.0010280575 0.0071718497 -0.0312509537 0.0011936252
809 0.0000062857 -0.0005717606 0.0024410604 0.0000063334 -0.0006103702 0.0024414808 0.0000000015
810 0.0000063961 -0.0005919369 0.0024588065 0.0000063334 -0.0006103702 0.0024414808 0.0000000006
811 0.0000065093 -0.0006124412 0.0024767412 0.0000065215 -0.0006408887 0.0024719993 0.0000000008
812 0.0000066254 -0.0006332808 0.0024948683 0.0005975078 -0.0066225166 -0.0235297708 0.0007131528
813 0.0000067445 -0.0006544630 0.0025131915 0.0000067134 -0.0006714072 0.0025025178 0.0000000004
814 0.0000068665 -0.0006759955 0.0025317145 0.0000068671 -0.0006714072 0.0025330363 0.0000000000
815 0.0000069918 -0.0006978860 0.0025504415 0.0000071083 -0.0007324442 0.0025635548 0.0000000014
816 0.0000071203 -0.0007201426 0.0025693762 0.0002715912 -0.0000305185 -0.0164799951 0.0003633541
817 0.0000072522 -0.0007427737 0.0025885230 0.0000071539 -0.0007629627 0.0025635548 0.0000000010
818 0.0000073875 -0.0007657877 0.0026078860 0.0000073588 -0.0007934812 0.0025940733 0.0000000010
819 0.0000075264 -0.0007891934 0.0026274697 0.0000073588 -0.0007934812 0.0025940733 0.0000000011
820 0.0000076691 -0.0008129999 0.0026472784 0.0019513377 0.0312204352 -0.0312509537 0.0021752311
821 0.0000078155 -0.0008372164 0.0026673169 0.0000077798 -0.0008545183 0.0026551103 0.0000000004
822 0.0000079659 -0.0008618526 0.0026875898 0.0000079959 -0.0008850368 0.0026856288 0.0000000005
823 0.0000081204 -0.0008869184 0.0027081021 0.0000080508 -0.0009155553 0.0026856288 0.0000000013
824 0.0000082792 -0.0009124239 0.0027288587 0.0004193461 0.0204779199 -0.0000305185 0.0004651610
825 0.0000084423 -0.0009383797 0.0027498648 0.0000009547 -0.0009765923 -0.0000305185 0.0000077320
826 0.0000086100 -0.0009647966 0.0027711257 0.0000009547 -0.0009765923 -0.0000305185 0.0000078493
827 0.0000087823 -0.0009916857 0.0027926469 0.0000005830 -0.0007629627 -0.0000305185 0.0000080226
828 0.0000089595 -0.0010190586 0.0028144340 0.0011798575 0.0256660665 -0.0228278451 0.0013696224
829 0.0000091417 -0.0010469272 0.0028364928 0.0000006305 -0.0007934812 -0.0000305185 0.0000082840
830 0.0000093292 -0.0010753037 0.0028588292 0.0000318774 -0.0056459243 -0.0000305185 0.0000292389
831 0.0000095220 -0.0011042007 0.0028814494 0.0001140502 -0.0041810358 0.0098269601 0.0000577070
832 0.0000097204 -0.0011336314 0.0029043597 0.0001420559 0.0110171819 0.0045472579 0.0001503414
833 0.0000099246 -0.0011636092 0.0029275665 0.0009891547 -0.0312509537 -0.0035401471 0.0009470796
834 0.0000101348 -0.0011941480 0.0029510768 0.0009865031 -0.0312509537 -0.0031434065 0.0009405543
835 0.0000103513 -0.0012252624 0.0029748972 0.0009766230 -0.0312509537 -0.0000305185 0.0009105747
836 0.0000105742 -0.0012569670 0.0029990351 0.0014284874 0.0213019196 0.0312204352 0.0013053508
837 0.0000108038 -0.0012892774 0.0030234977 0.0000000047 0.0000610370 -0.0000305185 0.0000111504
838 0.0000110403 -0.0013222094 0.0030482927 0.0000018041 -0.0013428144 -0.0000305185 0.0000094795
839 0.0000112841 -0.0013557795 0.0030734280 0.0000018870 -0.0013733329 -0.0000305185 0.0000096348
840 0.0000115354 -0.0013900046 0.0030989115 0.0019532442 -0.0312509537 -0.0312509537 0.0020715895
841 0.0000117944 -0.0014249024 0.0031247517 0.0000117475 -0.0014343699 0.0031128880 0.0000000002
842 0.0000120616 -0.0014604911 0.0031509572 0.0000118360 -0.0014648885 0.0031128880 0.0000000015
843 0.0000123371 -0.0014967895 0.0031775370 0.0000122095 -0.0015259255 0.0031434065 0.0000000020
844 0.0000126214 -0.0015338172 0.0032045003 0.0013455685 -0.0284432508 0.0231635487 0.0011224812
845 0.0000129148 -0.0015715943 0.0032318566 0.0000129834 -0.0015869625 0.0032349620 0.0000000002
846 0.0000132177 -0.0016101419 0.0032596158 0.0000131809 -0.0016479995 0.0032349620 0.0000000020
847 0.0000135303 -0.0016494816 0.0032877881 0.0000171234 -0.0031739250 0.0026551103 0.0000027242
848 0.0000138533 -0.0016896361 0.0033163840 0.0009779670 -0.0312509537 -0.0011597034 0.0008939069
849 0.0000141869 -0.0017306285 0.0033454145 0.0000140918 -0.0017395550 0.0033265175 0.0000000004
850 0.0000145316 -0.0017724832 0.0033748910 0.0000145118 -0.0018005921 0.0033570360 0.0000000011
851 0.0000148879 -0.0018152253 0.0034048251 0.0000148285 -0.0018311106 0.0033875546 0.0000000006
852 0.0000152562 -0.0018588809 0.0034352290 0.0009774315 0.0312204352 -0.0016479995 0.0011200804
853 0.0000156372 -0.0019034771 0.0034661153 0.0000155894 -0.0019226661 0.0034485916 0.0000000007
854 0.0000160313 -0.0019490421 0.0034974970 0.0000160393 -0.0019837031 0.0034791101 0.0000000015
855 0.0000164390 -0.0019956050 0.0035293878 0.0000163746 -0.0020142216 0.0035096286 0.0000000007
856 0.0000168611 -0.0020431963 0.0035618016 0.0011055101 -0.0312509537 -0.0113528855 0.0010755410
857 0.0000172981 -0.0020918477 0.0035947531 0.0000171840 -0.0021057772 0.0035706656 0.0000000008
858 0.0000177507 -0.0021415919 0.0036282573 0.0000176636 -0.0021668142 0.0036011841 0.0000000014
859 0.0000182196 -0.0021924632 0.0036623302 0.0000182401 -0.0021973327 0.0036622211 0.0000000000
860 0.0000187055 -0.0022444973 0.0036969879 0.0013653016 -0.0312509537 -0.0197149571 0.0013894937
861 0.0000192092 -0.0022977312 0.0037322475 0.0000192423 -0.0023194067 0.0037232582 0.0000000006
862 0.0000197316 -0.0023522036 0.0037681267 0.0000197574 -0.0023804437 0.0037537767 0.0000000010
863 0.0000202736 -0.0024079547 0.0038046439 0.0000201336 -0.0024109622 0.0037842952 0.0000000004
864 0.0000208359 -0.0024650265 0.0038418182 0.0003081245 0.0046082949 0.0169377728 0.0002215359
865 0.0000214197 -0.0025234629 0.0038796696 0.0000214385 -0.0025330363 0.0038758507 0.0000000001
866 0.0000220259 -0.0025833095 0.0039182188 0.0000219107 -0.0026245918 0.0038758507 0.0000000035
867 0.0000226557 -0.0026446140 0.0039574876 0.0000225487 -0.0026551103 0.0039368877 0.0000000005
868 0.0000233102 -0.0027074263 0.0039974984 0.0014290946 -0.0212714011 -0.0312509537 0.0015870745
869 0.0000239905 -0.0027717984 0.0040382749 0.0000241116 -0.0028077029 0.0040284433 0.0000000014
870 0.0000246981 -0.0028377848 0.0040798416 0.0000245307 -0.0028382214 0.0040589618 0.0000000004
871 0.0000254343 -0.0029054423 0.0041222243 0.0000255580 -0.0029297769 0.0041199988 0.0000000006
872 0.0000262006 -0.0029748306 0.0041654496 0.0006593142 -0.0256050295 -0.0019226661 0.0005491911
873 0.0000269985 -0.0030460119 0.0042095457 0.0000269821 -0.0030823695 0.0041810358 0.0000000021
874 0.0000278296 -0.0031190516 0.0042545418 0.0000276853 -0.0031128880 0.0042420728 0.0000000002
875 0.0000286958 -0.0031940180 0.0043004688 0.0000287852 -0.0032044435 0.0043031098 0.0000000001
876 0.0000295989 -0.0032709830 0.0043473586 0.0015505614 -0.0312509537 0.0239570299 0.0011674180
877 0.0000305408 -0.0033500217 0.0043952449 0.0000307886 -0.0033875546 0.0043946654 0.0000000014
878 0.0000315238 -0.0034312132 0.0044441629 0.0000314750 -0.0034485916 0.0044251839 0.0000000007
879 0.0000325501 -0.0035146405 0.0044941498 0.0000326588 -0.0035401471 0.0044862209 0.0000000007
880 0.0000336221 -0.0036003907 0.0045452442 0.0019532442 -0.0312509537 -0.0312509537 0.0020459214
881 0.0000347423 -0.0036885554 0.0045974869 0.0000345924 -0.0036927396 0.0045777764 0.0000000004
882 0.0000359137 -0.0037792312 0.0046509208 0.0000358395 -0.0037842952 0.0046388134 0.0000000002
883 0.0000371390 -0.0038725195 0.0047055908 0.0000370624 -0.0039063692 0.0046693319 0.0000000025
884 0.0000384215 -0.0039685273 0.0047615443 0.0018583860 -0.0312509537 -0.0296945097 0.0019315504
885 0.0000397646 -0.0040673673 0.0048188311 0.0000396814 -0.0040894803 0.0047914060 0.0000000012
886 0.0000411719 -0.0041691585 0.0048775038 0.0000413244 -0.0041810358 0.0048829615 0.0000000002
887 0.0000426474 -0.0042740263 0.0049376178 0.0000426590 -0.0043031098 0.0049134800 0.0000000014
888 0.0000441951 -0.0043821033 0.0049992314 0.0010381388 -0.0078432569 -0.0312509537 0.0013260555
889 0.0000458198 -0.0044935298 0.0050624063 0.0000454830 -0.0044862209 0.0050355541 0.0000000008
890 0.0000475261 -0.0046084540 0.0051272077 0.0000474938 -0.0046388134 0.0050965911 0.0000000019
891 0.0000493194 -0.0047270328 0.0051937045 0.0000495829 -0.0047608875 0.0051881466 0.0000000012
892 0.0000512053 -0.0048494326 0.0052619696 0.0015061262 -0.0312509537 -0.0230109561 0.0014963986
893 0.0000531900 -0.0049758298 0.0053320802 0.0000532488 -0.0050050356 0.0053102206 0.0000000013
894 0.0000552799 -0.0051064116 0.0054041184 0.0002523293 -0.0037232582 0.0154423658 0.0001026795
895 0.0000574824 -0.0052413767 0.0054781709 0.0010878931 -0.0308542131 0.0116580706 0.0006942085
896 0.0000598051 -0.0053809367 0.0055543300 0.0010604463 -0.0091555528 -0.0312509537 0.0013688766
897 0.0000622564 -0.0055253165 0.0056326939 0.0007944303 -0.0114444411 -0.0257576220 0.0010203880
898 0.0000648454 -0.0056747558 0.0057133670 0.0006889237 -0.0054933317 -0.0256660665 0.0009847018
899 0.0000675821 -0.0058295100 0.0057964604 0.0000672475 -0.0058290353 0.0057679983 0.0000000008
900 0.0000704773 -0.0059898520 0.0058820927 0.0011894274 -0.0145878475 -0.0312509537 0.0014527887
901 0.0000735428 -0.0061560731 0.0059703905 0.0000737839 -0.0061647389 0.0059816279 0.0000000002
902 0.0000767914 -0.0063284850 0.0060614891 0.0000764225 -0.0063173315 0.0060426649 0.0000000005
903 0.0000802371 -0.0065074215 0.0061555332 0.0000798844 -0.0065004425 0.0061342204 0.0000000005
904 0.0000838954 -0.0066932404 0.0062526777 0.0009947505 0.0101931822 0.0298471023 0.0008418481
905 0.0000877832 -0.0068863258 0.0063530889 0.0000874798 -0.0068971831 0.0063173315 0.0000000014
906 0.0000919190 -0.0070870905 0.0064569452 0.0000920296 -0.0071108127 0.0064394055 0.0000000009
907 0.0000963232 -0.0072959786 0.0065644386 0.0000963009 -0.0073244423 0.0065309610 0.0000000019
908 0.0001010182 -0.0075134689 0.0066757757 0.0019494311 0.0312204352 0.0312204352 0.0021027556
909 0.0001060289 -0.0077400777 0.0067911793 0.0001059910 -0.0077517014 0.0067751091 0.0000000004
910 0.0001113828 -0.0079763631 0.0069108899 0.0001115047 -0.0079958495 0.0068971831 0.0000000006
911 0.0001171102 -0.0082229293 0.0070351678 0.0000813355 -0.0069582202 0.0057374798 0.0000032835
912 0.0001232448 -0.0084804308 0.0071642946 0.0015682427 -0.0312509537 -0.0243232521 0.0015099623
913 0.0001298243 -0.0087495786 0.0072985762 0.0001299181 -0.0087588122 0.0072939238 0.0000000001
914 0.0001368906 -0.0090311456 0.0074383449 0.0001371531 -0.0090639973 0.0074159978 0.0000000016
915 0.0001444903 -0.0093259742 0.0075839623 0.0001439251 -0.0093081454 0.0075685904 0.0000000006
916 0.0001526759 -0.0096349836 0.0077358233 0.0019532442 -0.0312509537 -0.0312509537 0.0019872189
917 0.0001615062 -0.0099591794 0.0078943591 0.0001615878 -0.0099795526 0.0078737754 0.0000000008
918 0.0001710473 -0.0102996631 0.0080600421 0.0001713179 -0.0103152562 0.0080568865 0.0000000003
919 0.0001813741 -0.0106576449 0.0082333910 0.0001814895 -0.0106814783 0.0082094790 0.0000000011
920 0.0001925710 -0.0110344563 0.0084149760 0.0009747165 -0.0000305185 0.0312204352 0.0006411756
921 0.0002047341 -0.0114315664 0.0086054260 0.0002057417 -0.0114749596 0.0086062197 0.0000000019
922 0.0002179724 -0.0118505999 0.0088054364 0.0002181896 -0.0118717002 0.0087893307 0.0000000007
923 0.0002324109 -0.0122933581 0.0090157773 0.0002323177 -0.0122989593 0.0090029603 0.0000000002
924 0.0002481925 -0.0127618434 0.0092373051 0.0010811201 0.0103152562 0.0312204352 0.0010158105
925 0.0002654816 -0.0132582888 0.0094709738 0.0002657458 -0.0132755516 0.0094607379 0.0000000004
926 0.0002844681 -0.0137851911 0.0097178500 0.0002844694 -0.0137943663 0.0097048860 0.0000000003
927 0.0003053721 -0.0143453516 0.0099791299 0.0003056014 -0.0143742180 0.0099490341 0.0000000017
928 0.0003284499 -0.0149419238 0.0102561594 0.0013694351 0.0312204352 0.0198675497 0.0022233422
929 0.0003540009 -0.0155784703 0.0105504589 0.0003531092 -0.0155644398 0.0105288858 0.0000000007
930 0.0003823772 -0.0162590313 0.0108637516 0.0003819717 -0.0162663656 0.0108340709 0.0000000009
931 0.0004139944 -0.0169882077 0.0111979997 0.0004137234 -0.0169988098 0.0111697745 0.0000000009
932 0.0004493461 -0.0177712611 0.0115554462 0.0009766230 -0.0000305185 -0.0312509537 0.0021471218
933 0.0004890216 -0.0186142373 0.0119386681 0.0004893663 -0.0186468093 0.0119022187 0.0000000024
934 0.0005337295 -0.0195241175 0.0123506400 0.0005335090 -0.0195318461 0.0123294778 0.0000000005
935 0.0005843266 -0.0205090068 0.0127948148 0.0005853627 -0.0205389569 0.0127872555 0.0000000010
936 0.0006418576 -0.0215783691 0.0132752236 0.0010498369 0.0312204352 0.0086672567 0.0028089471
937 0.0007076050 -0.0227433245 0.0137966019 0.0007086121 -0.0227668081 0.0137943663 0.0000000006
938 0.0007831579 -0.0240170280 0.0143645506 0.0007826093 -0.0240180670 0.0143436995 0.0000000004
939 0.0008705027 -0.0254151568 0.0149857439 0.0008698981 -0.0254219184 0.0149540696 0.0000000010
940 0.0009721478 -0.0269565450 0.0156681986 0.0018047013 0.0288094729 0.0312204352 0.0033517208
941 0.0010912960 -0.0286640204 0.0164216299 0.0010915478 -0.0286873989 0.0163884396 0.0000000016
942 0.0012320871 -0.0305655213 0.0172579271 0.0012324283 -0.0305795465 0.0172429579 0.0000000004
943 0.0013999445 -0.0326956112 0.0181917972 0.0013074630 -0.0312509537 0.0181890316 0.0000020870
944 0.0016020804 -0.0350975665 0.0192416530 0.0008357165 -0.0286873989 0.0035706656 0.0002866701
945 0.0018482493 -0.0378263048 0.0204308586 0.0013934712 -0.0312509537 0.0204168828 0.0000432354
946 0.0021518969 -0.0409525822 0.0217895143 0.0014501065 -0.0312509537 0.0217596973 0.0000941225
947 0.0025319615 -0.0445691444 0.0233570726 0.0015202645 -0.0312509537 0.0233161412 0.0001773759
948 0.0030157875 -0.0487999890 0.0251862781 0.0010624972 -0.0093691824 0.0312204352 0.0015911996
949 0.0036440090 -0.0538147375 0.0273492790 0.0017243484 -0.0312509537 0.0273445845 0.0005091244
950 0.0044790813 -0.0598517438 0.0299474557 0.0018729453 -0.0312509537 0.0299386578 0.0008180053
951 0.0056209385 -0.0672568291 0.0331278948 0.0019513377 -0.0312509537 0.0312204352 0.0013000615
952 0.0072374703 -0.0765515424 0.0371124196 0.0008993446 -0.0121768853 0.0274056215 0.0042383184
953 0.0096282826 -0.0885610174 0.0422519683 0.0019513377 -0.0312509537 0.0312204352 0.0034061381
954 0.0133707262 -0.1046724756 0.0491365347 0.0019513377 -0.0312509537 0.0312204352 0.0057117065
955 0.0196960434 -0.1274120814 0.0588405039 0.0019513377 -0.0312509537 0.0312204352 0.0100098307
956 0.0316260206 -0.1619156850 0.0735481584 0.0011393564 -0.0312509537 0.0127567370 0.0207688689
957 0.0583074503 -0.2204721482 0.0984859492 0.0019513377 -0.0312509537 0.0312204352 0.0403293098
958 0.1392244945 -0.3416286114 0.1500479469 0.0019513377 -0.0312509537 0.0312204352 0.1104542679
959 0.6510079716 -0.7407540182 0.3198303553 0.0019513377 -0.0312509537 0.0312204352 0.5866902845
960 30.6584076670 5.0970625991 -2.1629518090 0.0019513377 0.0312204352 -0.0312509537 30.2069053659
961 0.4006459244 0.5842110957 -0.2436048440 0.0015907215 0.0247810297 -0.0312509537 0.3580561735
962 0.1142628491 0.3127996713 -0.1281374834 0.0019532442 -0.0312509537 -0.0312509537 0.1277578322
963 0.0536840168 0.2149516349 -0.0864859033 0.0009814504 -0.0021973327 -0.0312509537 0.0502045738
964 0.0312961575 0.1645312904 -0.0650047071 0.0019513377 0.0312204352 -0.0312509537 0.0189111000
965 0.0205934386 0.1337927329 -0.0518935761 0.0009810564 -0.0021057772 -0.0312509537 0.0188945229
966 0.0146455411 0.1131009726 -0.0430547448 0.0019513377 0.0312204352 -0.0312509537 0.0068437519
967 0.0109948688 0.0982278703 -0.0366899750 0.0019513377 0.0312204352 -0.0312509537 0.0045195793
968 0.0085902534 0.0870260729 -0.0318859845 0.0019513377 0.0312204352 -0.0312509537 0.0031146725
969 0.0069204838 0.0782892319 -0.0281296988 0.0017664663 0.0312204352 -0.0281380657 0.0022154717
970 0.0057124462 0.0712874477 -0.0251106761 0.0016055659 0.0312204352 -0.0251167333 0.0016053655
971 0.0048093408 0.0655531932 -0.0226300608 0.0014874996 0.0312204352 -0.0226447340 0.0011787385
972 0.0041158660 0.0607731461 -0.0205545798 0.0012482123 -0.0164799951 -0.0312509537 0.0060824602
973 0.0035713543 0.0567294580 -0.0187915645 0.0013269866 0.0312204352 -0.0187688833 0.0006507108
974 0.0031356742 0.0532659657 -0.0172745801 0.0012730886 0.0312204352 -0.0172734764 0.0004860054
975 0.0027814063 0.0502678035 -0.0159547553 0.0011830922 0.0312204352 -0.0144352550 0.0003651111
976 0.0024892912 0.0476486010 -0.0147953366 0.0011168357 0.0118411817 -0.0312509537 0.0015529586
977 0.0022454739 0.0453421644 -0.0137681515 0.0011650001 0.0312204352 -0.0137943663 0.0001994239
978 0.0020397770 0.0432969121 -0.0128512407 0.0011397942 0.0312204352 -0.0128482925 0.0001458413
979 0.0018645858 0.0414720555 -0.0120272347 0.0011192992 0.0312204352 -0.0120242927 0.0001050957
980 0.0017141090 0.0398349176 -0.0112822130 0.0011097013 -0.0312509537 -0.0115359966 0.0050532655
981 0.0015838776 0.0383590144 -0.0106048882 0.0010875093 0.0312204352 -0.0106204413 0.0000509596
982 0.0014703974 0.0370226553 -0.0099860103 0.0010749171 0.0312204352 -0.0100100711 0.0000336663
983 0.0013709036 0.0358079073 -0.0094179267 0.0010636446 0.0312204352 -0.0094302194 0.0000210451
984 0.0012831850 0.0346998163 -0.0088942509 0.0013108020 -0.0182805872 -0.0312509537 0.0033067453
985 0.0012054557 0.0336858153 -0.0084096103 0.0010456643 0.0312204352 -0.0084231086 0.0000060783
986 0.0011362604 0.0327552672 -0.0079594520 0.0010381621 0.0312204352 -0.0079653310 0.0000023557
987 0.0010744032 0.0318991097 -0.0075398920 0.0010319991 0.0312204352 -0.0075685904 0.0000004614
988 0.0010188938 0.0311095758 -0.0071475957 0.0018565745 -0.0296639912 -0.0312509537 0.0042743983
989 0.0009689068 0.0303799715 -0.0067796837 0.0009684055 0.0303659169 -0.0068056276 0.0000000009
990 0.0009237491 0.0297044981 -0.0064336561 0.0009232299 0.0296945097 -0.0064394055 0.0000000001
991 0.0008828359 0.0290781089 -0.0061073313 0.0008813681 0.0290536210 -0.0061037019 0.0000000006
992 0.0008456704 0.0284963923 -0.0057987966 0.0019532442 -0.0312509537 -0.0312509537 0.0042175577
993 0.0008118287 0.0279554765 -0.0055063670 0.0008119924 0.0279549547 -0.0055238502 0.0000000003
994 0.0007809473 0.0274519506 -0.0052285521 0.0007802957 0.0274361400 -0.0052491836 0.0000000007
995 0.0007527130 0.0269827992 -0.0049640280 0.0007525779 0.0269783624 -0.0049745170 0.0000000001
996 0.0007268549 0.0265453488 -0.0047116143 0.0019513377 0.0312204352 -0.0312509537 0.0007261930
997 0.0007031375 0.0261372211 -0.0044702544 0.0007025814 0.0261238441 -0.0044862209 0.0000000004
998 0.0006813559 0.0257562955 -0.0042389992 0.0006798790 0.0257271035 -0.0042420728 0.0000000009
999 0.0006613306 0.0254006764 -0.0040169932 0.0006609515 0.0253913999 -0.0040284433 0.0000000002
1000 0.0006429043 0.0250686654 -0.0038034624 0.0009954024 0.0043336283 -0.0312509537 0.0011833065
1001 0.0006259386 0.0247587382 -0.0035977047 0.0006240466 0.0247199927 -0.0036011841 0.0000000015
1002 0.0006103113 0.0244695238 -0.0033990806 0.0006092572 0.0244453261 -0.0034180731 0.0000000009
1003 0.0005959146 0.0241997881 -0.0032070061 0.0005944892 0.0241706595 -0.0032044435 0.0000000009
1004 0.0005826528 0.0239484180 -0.0030209460 0.0010298234 -0.0072939238 -0.0312509537 0.0017730173
1005 0.0005704411 0.0237144094 -0.0028404083 0.0005690840 0.0236823634 -0.0028687399 0.0000000018
1006 0.0005592041 0.0234968554 -0.0026649393 0.0005579941 0.0234687338 -0.0026856288 0.0000000012
1007 0.0005488747 0.0232949368 -0.0024941192 0.0005470625 0.0232551042 -0.0025025178 0.0000000017
1008 0.0005393932 0.0231079136 -0.0023275585 0.0016897095 -0.0267036958 -0.0312509537 0.0033177592
1009 0.0005307064 0.0229351179 -0.0021648942 0.0005299940 0.0229194006 -0.0021668142 0.0000000003
1010 0.0005227669 0.0227759469 -0.0020057874 0.0005223846 0.0227668081 -0.0020142216 0.0000000002
1011 0.0005155327 0.0226298580 -0.0018499200 0.0005148684 0.0226142155 -0.0018616291 0.0000000004
1012 0.0005089661 0.0224963631 -0.0016969930 0.0014035003 -0.0206610309 -0.0312509537 0.0027359973
1013 0.0005030341 0.0223750249 -0.0015467239 0.0005028424 0.0223700674 -0.0015564440 0.0000000001
1014 0.0004977072 0.0222654529 -0.0013988449 0.0004969440 0.0222479934 -0.0014038514 0.0000000003
1015 0.0004929595 0.0221673000 -0.0012531010 0.0004925507 0.0221564379 -0.0012817774 0.0000000009
1016 0.0004887683 0.0220802600 -0.0011092490 0.0010276207 -0.0071413312 -0.0312509537 0.0017624238
1017 0.0004851141 0.0220040649 -0.0009670551 0.0004837808 0.0219733268 -0.0009765923 0.0000000010
1018 0.0004819798 0.0219384827 -0.0008262943 0.0004808786 0.0219122898 -0.0008545183 0.0000000015
1019 0.0004793511 0.0218833160 -0.0006867490 0.0004779699 0.0218512528 -0.0007019257 0.0000000013
1020 0.0004772162 0.0218384000 -0.0005482075 0.0010638328 -0.0093386639 -0.0312509537 0.0019146679
1021 0.0004755655 0.0218036016 -0.0004104632 0.0004384133 0.0208441420 0.0019837031 0.0000066526
1022 0.0004743916 0.0217788182 -0.0002733134 0.0007142749 0.0265511032 -0.0030518509 0.0000304950
1023 0.0004736893 0.0217639771 -0.0001365582 0.0017681847 0.0312204352 -0.0281685842 0.0008752191
