#int double real img int16 real16 img16 error
0 3.7607914861 1.9392760211 0.0000000000 0.0018176885 0.0426343577 0.0000000000 3.5972495993
1 3.7626482181 1.9397164975 0.0121707661 0.0555849809 -0.0877712333 0.2188177129 4.1534094589
2 3.7682265919 1.9410392132 0.0243590791 0.0085052684 -0.0304879910 -0.0870387890 3.8993290018
3 3.7775512209 1.9432480378 0.0365825716 0.0365315956 0.0884426405 -0.1694387646 3.4827478529
4 3.7906633953 1.9463494518 0.0488590480 0.1669827478 -0.4083681753 -0.0147709586 5.5487438813
5 3.8076214888 1.9503525948 0.0612065727 0.0286822186 -0.1235084078 0.1158787805 4.3038885088
6 3.8285015376 1.9552693327 0.0736435612 0.0044929417 -0.0065004425 -0.0667134617 3.8682407449
7 3.8533980021 1.9611143465 0.0861888743 0.1947191012 -0.3701590014 0.2402111881 5.4585582959
8 3.8824247245 1.9679052431 0.0988619178 0.1830238509 0.0126651814 0.4276253548 3.9310490961
9 3.9157160995 1.9756626897 0.1116827469 0.0195803830 -0.1055024873 -0.0919217505 4.3727032853
10 3.9534284797 1.9844105743 0.1246721789 0.0170748467 0.0188299203 -0.1293069246 3.9280126924
11 3.9957418414 1.9941761937 0.1378519133 0.1750976937 -0.2051149022 0.3647267067 4.8883534963
12 4.0428617432 2.0049904726 0.1512446626 0.0622009247 -0.0441602832 0.2454603717 4.2078954200
13 4.0950216148 2.0168882175 0.1648742943 0.0625689155 0.1780755028 -0.1756645405 3.4971988978
14 4.1524854225 2.0299084079 0.1787659867 0.0182718201 -0.0807519761 -0.1084017457 4.5373525631
15 4.2155507670 2.0440945314 0.1929464007 0.0207691892 -0.1150242622 0.0868251595 4.6730556830
16 4.2845524781 2.0594949670 0.2074438698 0.0045469468 0.0089419233 -0.0668355358 4.2799969773
17 4.3598667870 2.0761634232 0.2222886118 0.0097169045 -0.0807824946 0.0564897610 4.6799049513
18 4.4419161712 2.0941594406 0.2375129654 0.0048383643 -0.0588702048 -0.0370494705 4.7109211849
19 4.5311749866 2.1135489646 0.2531516561 0.0011572687 -0.0217902158 -0.0261238441 4.6376682201
20 4.6281760253 2.1344050036 0.2692420954 0.0155760355 -0.1246986297 0.0051271096 5.1733059518
21 4.7335181682 2.1568083822 0.2858247204 0.1285809945 -0.3528855251 -0.0636616108 6.4207042037
22 4.8478753360 2.1808486067 0.3029433788 0.0068091622 0.0623798334 -0.0540177618 4.6153311994
23 4.9720069886 2.2066248615 0.3206457692 0.0483420585 -0.2041993469 0.0815149388 5.8692569177
24 5.1067704792 2.2342471583 0.3389839445 0.0170394226 0.1040681173 0.0787987915 4.6053590607
25 5.2531356401 2.2638376658 0.3580148919 0.0721984948 0.0026245918 0.2686849574 5.1210644034
26 5.4122020669 2.2955322518 0.3778012016 0.0035840561 0.0515762810 0.0303964354 5.1560284703
27 5.5852196813 2.3294822783 0.3984118425 0.0309537217 -0.1342509232 0.1137119663 6.1510353078
28 5.7736132991 2.3658566985 0.4199230656 0.1569728136 0.3359477523 0.2100283822 4.1645861081
29 5.9790121164 2.4048445143 0.4424194598 0.0029134759 -0.0528275399 0.0110782189 6.2262071921
30 6.2032852702 2.4466576693 0.4659951924 0.0023113084 0.0052186651 0.0477919858 6.1355183333
31 6.4485849441 2.4915344690 0.4907554729 0.0601378401 0.0719321268 0.2344431898 5.9201714804
32 6.7173989080 2.5397436414 0.5168182891 0.0007155015 -0.0106509598 0.0245368816 6.7468536060
33 7.0126149282 2.5915891845 0.5443164769 0.0002834979 0.0008545183 0.0168156987 6.9901631818
34 7.3376002209 2.6474161802 0.5734002003 0.0029747001 -0.0045167394 -0.0543534654 7.4268228749
35 7.6963001087 2.7076178091 0.6042399427 0.0007099663 0.0200506607 0.0175481429 7.5672244451
36 8.0933613869 2.7726438637 0.6370301341 0.0280306954 -0.1642506180 -0.0324411756 9.0735410314
37 8.5342877529 2.8430111469 0.6719935799 0.0037488264 0.0389110996 -0.0472731712 8.3803217347
38 9.0256372095 2.9193162602 0.7093869059 0.0161962001 0.1272621845 0.0007324442 8.2977571078
39 9.5752749553 3.0022514482 0.7495073028 0.0069602254 0.0126651814 0.0824610126 9.3825767998
40 10.1927003744 3.0926243846 0.7927009463 0.0182220742 0.1326029237 0.0252693258 9.3506783412
41 10.8894740926 3.1913830935 0.8393736015 0.0001627129 0.0088503677 -0.0091860714 10.8485680691
42 11.6797817855 3.2996476305 0.8900041012 0.0763726887 0.0972624897 -0.2586748863 11.5747340063
43 12.5811873160 3.4187507614 0.9451616515 0.0243631579 -0.0759605701 0.1363567003 12.8671727394
44 13.6156517057 3.5502907703 1.0055282948 0.0426955652 -0.1867732780 0.0883816034 14.8068057549
45 14.8109311346 3.6962008332 1.0719284189 0.0287224914 0.1586046937 -0.0597247230 13.7952252795
46 16.2025245266 3.8588413547 1.1453680309 0.0024458340 0.0083925901 0.0487380596 16.0285529823
47 17.8364329035 4.0411246528 1.2270877899 0.0101528553 0.0426038392 -0.0913113804 17.7263450686
48 19.7731425340 4.2466860314 1.3186357666 0.0567770031 -0.1803949095 0.1556749168 20.9515235952
49 22.0934954500 4.4801227036 1.4219690610 0.0040886299 -0.0511795404 0.0383312479 22.4471536244
50 24.9075456460 4.7473341862 1.5395985744 0.0188190279 0.0774559771 -0.1132236702 24.5395838606
51 28.3682755915 5.0560182681 1.6747999475 0.0079261301 0.0837122715 -0.0303048799 27.6312093964
52 32.6934860506 5.4164123483 1.8319288532 0.9873446856 -0.8707846309 0.4786217841 41.3602858788
53 38.2019517579 5.8424344907 2.0169062891 0.0296009741 -0.1425214393 0.0963774529 39.5081284948
54 45.3755734493 6.3535004609 2.2379913633 0.0274826084 0.1494186224 -0.0718100528 43.8258140411
55 54.9713566873 6.9775351365 2.5070620468 0.0041219360 -0.0604571673 0.0216071047 55.7108219368
56 68.2348079459 7.7562069093 2.8418413618 0.0097589088 -0.0187688833 0.0969878231 67.9844695251
57 87.3353469662 8.7545681531 3.2699974646 0.0644245623 -0.0527970214 0.2482680746 86.7005298238
58 116.3336677013 10.0801347930 3.8372581691 0.0054771015 -0.0740073855 0.0000915555 117.8304510010
59 163.5794973834 11.9242898675 4.6250198420 0.1016315272 0.2038636433 0.2450941496 156.5521399482
60 248.5942150997 14.6638666907 5.7935506191 0.0128797526 0.0926847133 0.0654927213 245.1299915003
61 426.4273032130 19.1575846300 7.7080642419 0.0242490081 0.1044648579 0.1154820399 420.6686775435
62 907.6220718752 27.8783000537 11.4202652330 0.2137139279 -0.4615619373 0.0259712516 932.9777130041
63 3182.4436986744 52.0678687122 21.7113045771 0.1064297444 -0.3051240577 0.1154515213 3209.3112408899
64 243528.3884162201 454.2761823172 192.7732828883 0.1985653844 -0.4329966124 -0.1052583392 243962.5690689117
65 5171.1401288856 -66.0197713632 -28.5049104196 0.0023588190 -0.0473647267 -0.0107425153 5164.2760419742
66 1105.8994694251 -30.4476820393 -13.3730373461 0.0641841957 0.2332529679 0.0988799707 1122.8123291069
67 463.1525409141 -19.6496008936 -8.7775694606 0.0007091011 0.0116885891 -0.0239265114 463.1925690059
68 251.2144114282 -14.4307506119 -6.5549865145 0.1311544368 -0.3593554491 -0.0449232459 240.3850855888
69 156.4512337125 -11.3556137054 -5.2441654328 0.0684473242 0.0065004425 0.2615436262 159.4104701524
70 106.2074533732 -9.3289442104 -4.3792982649 0.1196320393 -0.2358470412 -0.2529984436 99.7107663431
71 76.4801675296 -7.8930089880 -3.7657106428 0.0544924859 0.0213324381 0.2324594867 78.6221645931
72 57.4892703508 -6.8226633996 -3.3076478782 0.1856522809 0.1380657369 0.4081545457 62.2589377653
73 44.6487013786 -5.9942712066 -2.9525267281 0.0030162397 -0.0285653249 0.0469069491 44.5862490512
74 35.5786077019 -5.3342922785 -2.6690697985 0.0664713440 0.1584215827 0.2034058657 38.4210220023
75 28.9453926525 -4.7962435313 -2.4375070545 0.1537098115 -0.1597338786 -0.3580431532 25.8213918767
76 23.9552518427 -4.3493035971 -2.2447293963 0.1775521532 0.3205664235 0.2734763634 28.1490462583
77 20.1120848943 -3.9722291769 -2.0817012899 0.0305990570 -0.0292672506 -0.1724600970 19.1921506849
78 17.0931248069 -3.6499027289 -1.9419925017 0.0231626928 0.0290841395 -0.1493881039 16.7483749050
79 14.6811662204 -3.3712729675 -1.8209021937 0.0485267501 0.0065309610 -0.2201910459 13.9718355583
80 12.7257768277 -3.1280739037 -1.7149141322 0.0150831840 -0.1092867824 -0.0560319834 11.8649656670
81 11.1201542778 -2.9139994187 -1.6213456342 0.0086670183 -0.0911282693 0.0190435499 10.6594782015
82 9.7868160113 -2.7241549512 -1.5381143694 0.0193042169 -0.0023194067 -0.1389202551 9.3661329004
83 8.6684722127 -2.5546835097 -1.4635793036 0.0109277723 -0.0155949583 0.1033661916 8.9022888565
84 7.7220441891 -2.4025046051 -1.3964296659 0.0462021426 -0.0476393933 -0.2096011231 6.9539521556
85 6.9146488449 -2.2651282305 -1.3356058342 0.0333581223 -0.1369670705 -0.1208227790 6.0047677940
86 6.2208447050 -2.1405198719 -1.2802419236 0.0334401806 0.0775170141 -0.1656239509 6.1620608526
87 5.6207065627 -2.0270009298 -1.2296234355 0.0080398627 0.0688802759 -0.0574053163 5.7668133475
88 5.0984559452 -1.9231741699 -1.1831555509 0.0583000339 -0.2005066073 0.1345255898 4.7038671197
89 4.6414715433 -1.8278671567 -1.1403390727 0.1012078092 -0.2395092624 0.2093874935 4.3446426040
90 4.2395639056 -1.7400888069 -1.1007519474 0.0287821845 -0.1577806940 0.0623493149 3.8565035104
91 3.8844368362 -1.6589956428 -1.0640349118 0.0049419039 0.0290231025 0.0640278329 4.1219328403
92 3.5692826106 -1.5838653105 -1.0298802304 0.0433634844 -0.2080141606 0.0096743675 2.9736401486
93 3.2884743830 -1.5140756019 -0.9980227727 0.0110062606 -0.0627460555 0.0840784936 3.2773006027
94 3.0373300487 -1.4490876900 -0.9682328828 0.0097026833 -0.0593890194 -0.0785851619 2.7227354623
95 2.8119292381 -1.3884326226 -0.9403106351 0.0031171108 0.0557878353 -0.0021973327 2.9658292994
96 2.6089702322 -1.3317003588 -0.9140811707 0.0016185512 0.0383922849 -0.0120242927 2.6908604634
97 2.4256571697 -1.2785308062 -0.8893908855 0.0019465457 0.0402233955 0.0181279946 2.5627031623
98 2.2596104482 -1.2286064469 -0.8661042933 0.0277931638 -0.1058992279 -0.1287575915 1.8041516583
99 2.1087950369 -1.1816462308 -0.8441014288 0.1295495965 0.3380535295 -0.1235694449 2.8286537013
100 1.9714627319 -1.1374004918 -0.8232756848 0.0932360322 -0.3051545763 0.0108035524 1.3883214378
101 1.8461053466 -1.0956466902 -0.8035320011 0.0087744370 -0.0874965667 0.0334482864 1.7169026733
102 1.7314165401 -1.0561858305 -0.7847853410 0.0313274023 -0.1650440992 0.0639362774 1.5144619707
103 1.6262605119 -1.0188394317 -0.7669594020 0.0109523411 0.0453810236 -0.0943021943 1.5850328966
104 1.5296461926 -0.9834469536 -0.7499855212 0.0191390880 0.1193578906 -0.0699484237 1.6786289783
105 1.4407058562 -0.9498636010 -0.7338017414 0.0588521789 -0.0409558397 -0.2391125217 1.0708307426
106 1.3586773135 -0.9179584429 -0.7183520102 0.0050628761 0.0655232398 -0.0277413251 1.4441793387
107 1.2828890176 -0.8876127942 -0.7035854924 0.0058920226 -0.0192266610 -0.0743125706 1.1500788866
108 1.2127475530 -0.8587188197 -0.6894559752 0.0286553446 0.1391644032 0.0963774529 1.6133051033
109 1.1477270824 -0.8311783237 -0.6759213538 0.0121683846 -0.0292672506 0.1063570055 1.2550208007
110 1.0873604107 -0.8049016993 -0.6629431840 0.0313889264 -0.1582384716 0.0796838282 0.9696682093
111 1.0312313897 -0.7798070108 -0.6504862916 0.0144993097 -0.0601519822 -0.1043122654 0.8162094272
112 0.9789684391 -0.7558191923 -0.6385184317 0.0116434433 -0.0360118412 -0.1017181921 0.8062771200
113 0.9302390012 -0.7328693438 -0.6270099889 0.0123851482 -0.0495010224 0.0996734519 0.9950610859
114 0.8847447796 -0.7108941127 -0.6159337141 0.0089500542 -0.0198370312 -0.0925016022 0.7515410657
115 0.8422176368 -0.6898351479 -0.6052644922 0.0174862807 -0.0238349559 -0.1300698874 0.6693661682
116 0.8024160504 -0.6696386172 -0.5949791365 0.0966623274 0.2888576922 -0.1149937437 1.1491011523
117 0.7651220428 -0.6502547793 -0.5850562065 0.0152736213 -0.1124912259 -0.0511795404 0.5742139340
118 0.7301385125 -0.6316376039 -0.5754758464 0.0001351404 0.0091250343 0.0072023682 0.7500906604
119 0.6972869100 -0.6137444327 -0.5662196406 0.0155454797 0.0402233955 -0.1180150761 0.6285612518
120 0.6664052078 -0.5965356774 -0.5572704849 0.0459950345 -0.1097750786 0.1842402417 0.7867740382
121 0.6373461223 -0.5799745496 -0.5486124718 0.0800816195 0.0534073916 0.2779015473 1.0842981071
122 0.6099755543 -0.5640268179 -0.5402307868 0.0005956246 -0.0165410321 0.0179448836 0.6113007646
123 0.5841712162 -0.5486605909 -0.5321116163 0.0029060901 -0.0011597034 0.0538956877 0.6431617822
124 0.5598214223 -0.5338461213 -0.5242420634 0.0182480178 -0.1065706351 0.0830103458 0.5513198296
125 0.5368240199 -0.5195556292 -0.5166100736 0.0188518618 0.0254524369 0.1349223304 0.7215282655
126 0.5150854433 -0.5057631430 -0.5092043661 0.0207548190 0.0490127262 -0.1354716636 0.4474523981
127 0.4945198739 -0.4924443553 -0.5020143731 0.0303991299 -0.1019318216 -0.1414532914 0.2825043325
128 0.4750484943 -0.4795764920 -0.4950301836 0.0019543935 -0.0068666646 0.0436719871 0.5136546095
129 0.4565988245 -0.4671381943 -0.4882424930 0.0216088836 0.0873134556 0.1182592242 0.6752609651
130 0.4391041288 -0.4551094107 -0.4816425573 0.0721286796 0.0566728721 -0.2625202185 0.3099357044
131 0.4225028863 -0.4434712991 -0.4752221514 0.0236454183 -0.1159092990 -0.1010467849 0.2473040689
132 0.4067383176 -0.4322061374 -0.4689735307 0.0034734529 0.0562150945 -0.0177007355 0.4422024354
133 0.3917579592 -0.4212972418 -0.4628893964 0.0662132579 -0.1843623157 -0.1795098727 0.1364421136
134 0.3775132823 -0.4107288927 -0.4569628639 0.0024771898 -0.0440687277 0.0231330302 0.3649317441
135 0.3639593494 -0.4004862661 -0.4511874334 0.0036921976 -0.0173650319 -0.0582293161 0.3011979620
136 0.3510545055 -0.3905553711 -0.4455569634 0.0021978142 -0.0077517014 -0.0462355419 0.3059962472
137 0.3387600993 -0.3809229928 -0.4400656460 0.0666809733 -0.1148716697 -0.2312692648 0.1143792354
138 0.3270402309 -0.3715766392 -0.4347079849 0.0274445448 0.0486465041 -0.1583605457 0.2529553973
139 0.3158615248 -0.3625044932 -0.4294787739 0.0005223669 -0.0163884396 0.0159306619 0.3181858880
140 0.3051929226 -0.3536953674 -0.4243730784 0.0110147408 -0.0481887265 0.0932340464 0.3612514433
141 0.2950054967 -0.3451386635 -0.4193862178 0.0132886328 -0.0961638234 0.0635700552 0.2952352326
142 0.2852722800 -0.3368243340 -0.4145137489 0.0081992544 -0.0721457564 0.0547196875 0.2902347673
143 0.2759681116 -0.3287428473 -0.4097514514 0.0237161333 -0.1536606952 0.0102237007 0.2070328884
144 0.2670694959 -0.3208851551 -0.4050953136 0.0003470785 -0.0055238502 -0.0177922910 0.2494563839
145 0.2585544746 -0.3132426625 -0.4005415197 0.0111478386 0.0713217566 0.0778527177 0.3767508388
146 0.2504025099 -0.3058071999 -0.3960864380 0.0092405850 -0.0436719871 -0.0856349376 0.1650950039
147 0.2425943775 -0.2985709979 -0.3917266097 0.0055939812 -0.0506912442 0.0549943541 0.2610039917
148 0.2351120690 -0.2915266623 -0.3874587387 0.0047922228 -0.0305185095 -0.0621356853 0.1739603449
149 0.2279387027 -0.2846671529 -0.3832796822 0.0408392776 -0.0612811670 -0.1925717948 0.0862707970
150 0.2210584413 -0.2779857620 -0.3791864415 0.0053420468 -0.0640278329 -0.0352488784 0.1640710427
151 0.2144564171 -0.2714760956 -0.3751761541 0.0003119097 0.0174871059 -0.0024719993 0.2224081189
152 0.2081186629 -0.2651320552 -0.3712460858 0.0424209796 -0.2008117924 0.0457777642 0.1780459877
153 0.2020320487 -0.2589478213 -0.3673936234 0.0031409933 0.0150456252 0.0539872433 0.2526342435
154 0.1961842233 -0.2529178375 -0.3636162686 0.0329807041 0.1067537461 -0.1469161046 0.1763226091
155 0.1905635606 -0.2470367961 -0.3599116309 0.0045661780 0.0551164281 0.0390942106 0.2505022324
156 0.1851591104 -0.2412996245 -0.3562774222 0.0058782680 0.0596331675 -0.0481887265 0.1854791897
157 0.1799605522 -0.2357014723 -0.3527114516 0.0156768154 -0.1135593738 0.0527359844 0.1793063156
158 0.1749581537 -0.2302376998 -0.3492116197 0.0090710739 0.0032349620 -0.0951872311 0.1190378738
159 0.1701427317 -0.2249038660 -0.3457759141 0.0105072359 -0.0765709403 -0.0681478317 0.0990800090
160 0.1655056158 -0.2196957191 -0.3424024048 0.0130118343 -0.0981780450 0.0580767235 0.1751500774
161 0.1610386155 -0.2146091859 -0.3390892403 0.0322771373 -0.0738853114 0.1637623218 0.2726629024
162 0.1567339893 -0.2096403631 -0.3358346430 0.0916582596 0.1184118168 -0.2786339915 0.1108901473
163 0.1525844158 -0.2047855084 -0.3326369062 0.0201440315 0.0903347880 -0.1094698935 0.1368995050
164 0.1485829677 -0.2000410325 -0.3294943900 0.0079732505 -0.0152287362 0.0879848628 0.2084445114
165 0.1447230867 -0.1954034911 -0.3264055183 0.0182333038 -0.0590533158 -0.1214331492 0.0606050424
166 0.1409985611 -0.1908695784 -0.3233687758 0.0161685698 -0.0262153996 -0.1244239631 0.0666900370
167 0.1374035041 -0.1864361195 -0.3203827046 0.0142947685 0.1014130070 -0.0633259072 0.1489353168
168 0.1339323344 -0.1821000649 -0.3174459021 0.0049558112 0.0654316843 -0.0259712516 0.1462294388
169 0.1305797577 -0.1778584836 -0.3145570179 0.0110799997 0.0573137608 -0.0882900479 0.1065027262
170 0.1273407494 -0.1737085580 -0.3117147515 0.0165950363 0.0356761376 -0.1237830744 0.0791602660
171 0.1242105390 -0.1696475786 -0.3089178501 0.0170030988 -0.0559099094 -0.1178014466 0.0494617371
172 0.1211845948 -0.1656729383 -0.3061651062 0.0014724755 0.0298776208 0.0240791040 0.1473012595
173 0.1182586102 -0.1617821286 -0.3034553559 0.0616786649 -0.2478713340 -0.0154423658 0.0903628338
174 0.1154284908 -0.1579727341 -0.3007874765 0.0105238889 -0.0765709403 -0.0682699057 0.0606906728
175 0.1126903420 -0.1542424291 -0.2981603849 0.0037529990 -0.0514236885 -0.0332956938 0.0807249980
176 0.1100404582 -0.1505889729 -0.2955730357 0.0799012616 -0.2657856990 -0.0962248604 0.0530099807
177 0.1074753114 -0.1470102062 -0.2930244198 0.0584212818 0.0845973083 -0.2264168218 0.0580786129
178 0.1049915419 -0.1435040478 -0.2905135628 0.0257440397 -0.0533768731 -0.1513107700 0.0275003252
179 0.1025859489 -0.1400684907 -0.2880395231 0.0454738942 0.0478835414 -0.2078005310 0.0417642622
180 0.1002554817 -0.1367015991 -0.2856013909 0.0948094524 0.3076570940 0.0125125889 0.2863265931
181 0.0979972313 -0.1334015052 -0.2831982868 0.0185498965 0.0817285684 -0.1089510788 0.0766430381
182 0.0958084231 -0.1301664066 -0.2808293605 0.5599713314 -0.6465346232 -0.3767815180 0.2758429517
183 0.0936864097 -0.1269945628 -0.2784937894 0.1181553484 -0.3424176763 -0.0300912503 0.1081109392
184 0.0916286639 -0.1238842936 -0.2761907777 0.0875714859 -0.1856135746 -0.2304757836 0.0059003648
185 0.0896327724 -0.1208339756 -0.2739195552 0.0209960872 0.1434064760 0.0207525864 0.1566546873
186 0.0876964301 -0.1178420404 -0.2716793765 0.0794129654 0.2712179937 0.0765099033 0.2726034846
187 0.0858174341 -0.1149069722 -0.2694695194 0.0547336405 0.1386761071 0.1884212775 0.2739683600
188 0.0839936789 -0.1120273057 -0.2672892847 0.1970416588 0.1006805628 0.4323252052 0.5347050718
189 0.0822231509 -0.1092016239 -0.2651379947 0.0210596902 0.0722983489 -0.1258278146 0.0523495664
190 0.0805039241 -0.1064285561 -0.2630149929 0.6650608012 -0.3527329325 -0.7352824488 0.2837023957
191 0.0788341554 -0.1037067766 -0.2609196426 0.0207841425 -0.1138035218 -0.0885036775 0.0298292093
192 0.0772120810 -0.1010350020 -0.2588513267 0.1101666026 -0.0812402722 -0.3218176824 0.0043565933
193 0.0756360117 -0.0984119905 -0.2568094465 0.2147407588 0.0852687155 0.4554887539 0.5411073280
194 0.0741043297 -0.0958365394 -0.2547934211 0.0614770445 0.1656239509 0.1845149083 0.2613533963
195 0.0726154852 -0.0933074843 -0.2528026871 0.0006135946 0.0238349559 -0.0067445906 0.0742669382
196 0.0711679927 -0.0908236972 -0.2508366974 0.1508798021 0.0126651814 -0.3882259590 0.0295857572
197 0.0697604282 -0.0883840851 -0.2488949210 0.1692774441 0.0293893246 0.4103823969 0.4485171579
198 0.0683914260 -0.0859875890 -0.2469768421 0.0910209632 0.1341288491 -0.2702414014 0.0489924861
199 0.0670596762 -0.0836331824 -0.2450819599 0.0321343121 -0.1657765435 0.0682088687 0.1048986750
200 0.0657639221 -0.0813198699 -0.2432097877 0.0398101229 -0.0273751030 0.1976378674 0.1972566928
201 0.0645029571 -0.0790466865 -0.2413598527 0.0956540412 0.0954008606 -0.2941984313 0.0332238621
202 0.0632756233 -0.0768126960 -0.2395316952 0.1231173291 0.1691030610 -0.3074434645 0.0650865679
203 0.0620808083 -0.0746169903 -0.2377248685 0.0508566889 0.0068666646 0.2254097110 0.2211332247
204 0.0609174439 -0.0724586881 -0.2359389380 0.0015157315 0.0104373302 -0.0375072481 0.0462468854
205 0.0597845036 -0.0703369343 -0.2341734812 0.5606897714 -0.3603320414 0.6563921018 0.8772042197
206 0.0586810008 -0.0682508987 -0.2324280870 0.3089244648 -0.2321848201 0.5049897763 0.5706594356
207 0.0576059870 -0.0661997752 -0.2307023554 0.1226250653 0.0340281381 0.3485213782 0.3455457682
208 0.0565585504 -0.0641827810 -0.2289958973 0.0679477071 -0.0897549364 0.2447279275 0.2250681973
209 0.0555378136 -0.0621991559 -0.2273083337 0.0117591365 -0.0277413251 0.1048310801 0.1115039323
210 0.0545429327 -0.0602481613 -0.2256392958 0.0503720410 -0.1814325388 0.1321146275 0.1426735230
211 0.0535730957 -0.0583290795 -0.2239884243 0.2635173598 0.4997405927 -0.1173741874 0.3228083545
212 0.0526275209 -0.0564412130 -0.2223553696 0.0071176174 0.0405590991 -0.0739768670 0.0314252406
213 0.0517054555 -0.0545838839 -0.2207397906 0.0002250408 0.0015259255 -0.0149235511 0.0455086351
214 0.0508061749 -0.0527564330 -0.2191413556 0.0044345303 0.0134586627 0.0652180548 0.0852447131
215 0.0499289810 -0.0509582197 -0.2175597408 0.0161461571 0.0378124332 -0.1213110752 0.0171440344
216 0.0490732009 -0.0491886204 -0.2159946309 0.0052289177 0.0680867946 -0.0243537706 0.0504797423
217 0.0482381867 -0.0474470291 -0.2144457185 0.0616714606 0.2453993347 0.0380870998 0.1495318171
218 0.0474233135 -0.0457328558 -0.2129127038 0.0072972507 -0.0854213080 0.0006714072 0.0471933457
219 0.0466279789 -0.0440455268 -0.2113952944 0.0106550970 -0.0576799829 0.0856044191 0.0883947282
220 0.0458516021 -0.0423844834 -0.2098932054 0.0041674535 -0.0568865017 0.0305185095 0.0580081012
221 0.0450936227 -0.0407491820 -0.2084061584 0.0113778549 -0.0575884274 -0.0897854549 0.0143544315
222 0.0443535003 -0.0391390935 -0.2069338822 0.0150940029 0.0241706595 0.1204565569 0.1111926245
223 0.0436307131 -0.0375537024 -0.2054761119 0.0008835438 0.0281991028 0.0093997009 0.0504950463
224 0.0429247580 -0.0359925071 -0.2040325890 0.0142886438 -0.1183202612 -0.0169988098 0.0417594937
225 0.0422351487 -0.0344550188 -0.2026030612 0.0732573913 -0.2614825892 -0.0698873867 0.0691549680
226 0.0415614163 -0.0329407614 -0.2011872822 0.0070779443 -0.0789208655 0.0291451765 0.0551672115
227 0.0409031074 -0.0314492710 -0.1997850113 0.0084952011 -0.0880764183 -0.0271614734 0.0330055196
228 0.0402597844 -0.0299800957 -0.1983960136 0.0096152156 0.0274056215 -0.0941496017 0.0141604349
229 0.0396310243 -0.0285327950 -0.1970200597 0.0841645447 -0.2219916379 -0.1867732780 0.0375313204
230 0.0390164186 -0.0271069396 -0.1956569254 0.0185747643 0.0725730155 0.1153599658 0.1066676001
231 0.0384155723 -0.0257021110 -0.1943063915 0.0044219334 -0.0614337596 -0.0254524369 0.0297884087
232 0.0378281035 -0.0243179012 -0.1929682440 0.1006053436 -0.0999176000 0.3010345775 0.2497541021
233 0.0372536432 -0.0229539121 -0.1916422738 0.0652922727 -0.1317484054 0.2189397870 0.1804138704
234 0.0366918343 -0.0216097559 -0.1903282761 0.0245757295 0.0298165838 0.1539048433 0.1211411089
235 0.0361423315 -0.0202850540 -0.1890260512 0.0215542079 -0.1221045564 0.0815149388 0.0835596384
236 0.0356048008 -0.0189794372 -0.1877354035 0.0238313654 0.0151371807 0.1536301767 0.1176944030
237 0.0350789189 -0.0176925453 -0.1864561417 0.0041974560 0.0088503677 0.0641804254 0.0635232150
238 0.0345643732 -0.0164240267 -0.1851880789 0.0007555583 0.0274666585 0.0010681478 0.0366177742
239 0.0340608608 -0.0151735384 -0.1839310321 0.0269510180 0.1399884030 0.0857570116 0.0968068690
240 0.0335680887 -0.0139407456 -0.1826848224 0.0098532361 0.0829798273 0.0544755394 0.0656386347
241 0.0330857731 -0.0127253215 -0.1814492746 0.0222441729 0.0085451827 0.1488998077 0.1095829505
242 0.0326136390 -0.0115269470 -0.1802242173 0.0271314784 -0.0423291726 -0.1591845454 0.0013914449
243 0.0321514204 -0.0103453105 -0.1790094829 0.0125814616 0.0511490219 -0.0998260445 0.0100515698
244 0.0316988594 -0.0091801079 -0.1778049071 0.0131691276 0.1048005615 0.0467543565 0.0634184559
245 0.0312557060 -0.0080310420 -0.1766103292 0.0158680462 0.1248817408 -0.0165105136 0.0432977588
246 0.0308217182 -0.0068978225 -0.1754255918 0.0176101942 0.0649433882 -0.1157261879 0.0087251784
247 0.0303966613 -0.0057801661 -0.1742505409 0.0735151226 0.0934476760 -0.2545243690 0.0162900521
248 0.0299803078 -0.0046777956 -0.1730850254 0.0137858432 0.0177617725 0.1160618915 0.0841094738
249 0.0295724371 -0.0035904405 -0.1719288977 0.0312646012 0.1153904843 0.1339762566 0.1077344239
250 0.0291728354 -0.0025178363 -0.1707820127 0.0012453381 -0.0091250343 -0.0340891751 0.0187285869
251 0.0287812952 -0.0014597245 -0.1696442288 0.0403890544 -0.1885738701 0.0694906461 0.0921971918
252 0.0283976153 -0.0004158525 -0.1685154068 0.0343267951 -0.1820429090 0.0344553972 0.0741855349
253 0.0280216005 0.0006140267 -0.1673954106 0.0085271856 -0.0479445784 0.0789208655 0.0630296460
254 0.0276530615 0.0016301546 -0.1662841066 0.0181680691 -0.0837733085 0.1055940428 0.0812114796
255 0.0272918145 0.0026327672 -0.1651813639 0.0286638844 -0.0837122715 -0.1471602527 0.0077802262
256 0.0269376810 0.0036220954 -0.1640870544 0.0023837287 -0.0155034028 -0.0462965789 0.0142403808
257 0.0265904880 0.0045983649 -0.1630010522 0.0446842763 -0.1718802454 -0.1230506302 0.0327407361
258 0.0262500673 0.0055617967 -0.1619232340 0.0096350978 -0.0976592303 0.0098879971 0.0401736795
259 0.0259162557 0.0065126066 -0.1608534789 0.0004901449 0.0043946654 -0.0216986602 0.0193685492
260 0.0255888948 0.0074510060 -0.1597916683 0.0141503926 -0.1166112247 -0.0234992523 0.0339670597
261 0.0252678304 0.0083772016 -0.1587376859 0.0243946758 0.1500289926 -0.0434278390 0.0333615907
262 0.0249529132 0.0092913958 -0.1576914175 0.0444440894 0.2094485305 0.0239875484 0.0730701253
263 0.0246439978 0.0101937864 -0.1566527513 0.0565420859 0.2330393384 -0.0472731712 0.0616240326
264 0.0243409430 0.0110845672 -0.1556215773 0.0027222218 0.0461745048 0.0242927335 0.0336004630
265 0.0240436116 0.0119639278 -0.1545977879 0.0421205539 0.0145268105 -0.2047181616 0.0025186202
266 0.0237518703 0.0128320539 -0.1535812772 0.0025184732 0.0389721366 -0.0316171758 0.0155585460
267 0.0234655895 0.0136891271 -0.1525719415 0.0538881464 -0.1275673696 0.1939451277 0.1400274771
268 0.0231846432 0.0145353253 -0.1515696789 0.0256434982 0.0792260506 0.1391644032 0.0887111964
269 0.0229089089 0.0153708228 -0.1505743893 0.0030836827 -0.0555131687 -0.0014038514 0.0272763896
270 0.0226382674 0.0161957900 -0.1495859746 0.0264794159 0.0438245796 -0.1567125462 0.0008141380
271 0.0223726029 0.0170103940 -0.1486043383 0.0227501802 -0.1389202551 0.0587481307 0.0673094138
272 0.0221118026 0.0178147984 -0.1476293859 0.0022596764 0.0169682913 0.0444044313 0.0368777035
273 0.0218557570 0.0186091634 -0.1466610242 0.0033165043 0.0145268105 0.0557267983 0.0409774963
274 0.0216043593 0.0193936461 -0.1456991620 0.0056276785 -0.0383312479 -0.0644856105 0.0099278043
275 0.0213575059 0.0201684002 -0.1447437097 0.0032261586 -0.0492873928 -0.0282296213 0.0183996400
276 0.0211150956 0.0209335764 -0.1437945790 0.0440035796 -0.1727347636 -0.1190221870 0.0381210973
277 0.0208770302 0.0216893222 -0.1428516836 0.0359329766 0.0964079714 0.1632129887 0.0992584601
278 0.0206432140 0.0224357824 -0.1419149382 0.0431008428 0.1711172826 -0.1175572985 0.0226994831
279 0.0204135539 0.0231730987 -0.1409842594 0.0102870084 0.1013519700 -0.0038453322 0.0249190213
280 0.0201879591 0.0239014101 -0.1400595650 0.0057686186 0.0580462050 -0.0489822077 0.0094609520
281 0.0199663415 0.0246208528 -0.1391407743 0.0228641354 -0.0123905148 -0.1507003998 0.0015034663
282 0.0197486149 0.0253315603 -0.1382278081 0.0432057087 -0.1931211280 0.0768761254 0.0939912792
283 0.0195346956 0.0260336634 -0.1373205883 0.0915404773 -0.0762352367 0.2927945799 0.1954579858
284 0.0193245020 0.0267272904 -0.1364190383 0.0579299419 -0.2106692709 0.1163975951 0.1202733774
285 0.0191179548 0.0274125672 -0.1355230827 0.0155973362 0.0049745170 0.1247901852 0.0682664635
286 0.0189149763 0.0280896171 -0.1346326474 0.0238596505 0.1504257332 0.0350962859 0.0437740361
287 0.0187154913 0.0287585611 -0.1337476597 0.0069239128 0.0793481246 0.0250556963 0.0277778098
288 0.0185194261 0.0294195179 -0.1328680478 0.0296049324 0.1622669149 -0.0572222053 0.0233707244
289 0.0183267092 0.0300726037 -0.1319937412 0.0019571132 -0.0376903592 0.0231635487 0.0286656038
290 0.0181372707 0.0307179327 -0.1311246708 0.0167095224 0.1152684103 -0.0585039827 0.0124225476
291 0.0179510424 0.0313556169 -0.1302607682 0.0004113018 0.0191045869 -0.0068056276 0.0153912595
292 0.0177679581 0.0319857661 -0.1294019664 0.0089072732 -0.0787987915 0.0519425031 0.0451590348
293 0.0175879531 0.0326084880 -0.1285481995 0.0241813313 -0.0357371746 -0.1513412885 0.0051906545
294 0.0174109642 0.0332238884 -0.1276994026 0.0164268525 0.0924405652 0.0887783441 0.0503692296
295 0.0172369299 0.0338320709 -0.1268555117 0.0206974572 -0.0151066622 -0.1430707724 0.0026579343
296 0.0170657902 0.0344331375 -0.1260164640 0.0664004093 -0.2544022950 -0.0409863582 0.0906560259
297 0.0168974865 0.0350271879 -0.1251821977 0.0938211731 -0.1628772851 -0.2594073305 0.0571825667
298 0.0167319618 0.0356143202 -0.1243526518 0.0700309672 -0.2520218513 -0.0807214576 0.0846382482
299 0.0165691604 0.0361946306 -0.1235277664 0.0443516593 0.0841395306 0.1930600909 0.1025265849
300 0.0164090278 0.0367682136 -0.1227074826 0.0552715494 0.0700094607 0.2244331187 0.1216115776
301 0.0162515111 0.0373351618 -0.1218917422 0.0054646378 0.0706198309 0.0218512528 0.0217699178
302 0.0160965585 0.0378955664 -0.1210804881 0.0293935317 0.1642811365 0.0490432447 0.0449153968
303 0.0159441196 0.0384495165 -0.1202736640 0.0261147585 -0.0201116977 0.1603442488 0.0821758288
304 0.0157941449 0.0389971000 -0.1194712144 0.0350132534 0.1303140355 0.1342814417 0.0727291932
305 0.0156465863 0.0395384030 -0.1186730847 0.0342880004 -0.1845454268 -0.0151982177 0.0609206109
306 0.0155013970 0.0400735100 -0.1178792213 0.0426646471 -0.1160924100 -0.1708426160 0.0271929158
307 0.0153585310 0.0406025042 -0.1170895710 0.0332108610 -0.1459700308 -0.1091036714 0.0348730854
308 0.0152179435 0.0411254670 -0.1163040819 0.0193171091 0.0475783563 0.1305887020 0.0609976865
309 0.0150795908 0.0416424786 -0.1155227024 0.1883504386 -0.1851252785 -0.3925290689 0.1281561427
310 0.0149434302 0.0421536177 -0.1147453820 0.0422115506 0.0441297647 0.2006591998 0.0994839554
311 0.0148094199 0.0426589615 -0.1139720708 0.0299861451 0.1502121036 0.0861537523 0.0516180234
312 0.0146775193 0.0431585860 -0.1132027197 0.0135092580 -0.1085543382 0.0415356914 0.0469607872
313 0.0145476885 0.0436525657 -0.1124372802 0.0272965886 -0.0760521256 0.1466719565 0.0814668097
314 0.0144198886 0.0441409739 -0.1116757047 0.1863234255 0.0289925840 0.4306772057 0.2943761532
315 0.0142940817 0.0446238825 -0.1109179461 0.0000366824 0.0030213324 0.0052491836 0.0152255742
316 0.0141702305 0.0451013623 -0.1101639581 0.1360225046 -0.1072115238 0.3528855251 0.2376140391
317 0.0140482990 0.0455734828 -0.1094136950 0.0769309156 0.1077913755 -0.2555619984 0.0252303927
318 0.0139282515 0.0460403122 -0.1086671118 0.1551136890 0.0821863460 -0.3851741081 0.0777626548
319 0.0138100535 0.0465019176 -0.1079241640 0.0532497780 -0.0921658986 0.2115543077 0.1212952572
320 0.0136936711 0.0469583651 -0.1071848081 0.0712982067 0.1293069246 -0.2336191900 0.0227669382
321 0.0135790712 0.0474097192 -0.1064490007 0.1548635494 -0.1544541765 0.3619495224 0.2601462088
322 0.0134662215 0.0478560439 -0.1057166994 0.0019718467 -0.0268868068 -0.0353404340 0.0105393125
323 0.0133550902 0.0482974015 -0.1049878622 0.0122627836 0.1102328562 -0.0105594043 0.0127527342
324 0.0132456465 0.0487338538 -0.1042624477 0.0162178584 0.0816980499 -0.0976897488 0.0011298386
325 0.0131378602 0.0491654611 -0.1035404153 0.2674256505 -0.3413800470 0.3884395886 0.3945701182
326 0.0130317016 0.0495922830 -0.1028217245 0.0352915095 -0.1628467666 0.0936613056 0.0837359309
327 0.0129271418 0.0500143778 -0.1021063358 0.1453351877 0.2537003693 -0.2845545824 0.0747753458
328 0.0128241526 0.0504318031 -0.1013942101 0.0012195892 0.0036622211 0.0347300638 0.0207172117
329 0.0127227063 0.0508446154 -0.1006853086 0.3668788051 -0.5403912473 0.2735984375 0.4896481678
330 0.0126227758 0.0512528701 -0.0999795932 0.1199102135 -0.3286233100 0.1091647084 0.1880472511
331 0.0125243346 0.0516566220 -0.0992770265 0.1712514693 -0.3957945494 -0.1208227790 0.2006767702
332 0.0124273569 0.0520559246 -0.0985775713 0.0191944073 -0.1381267739 0.0107425153 0.0481203402
333 0.0123318172 0.0524508310 -0.0978811911 0.2438463089 0.4876857814 0.0775170141 0.2201939925
334 0.0122376909 0.0528413929 -0.0971878496 0.0147264964 0.1040375988 0.0624713889 0.0281121239
335 0.0121449536 0.0532276615 -0.0964975113 0.0024176794 -0.0397350993 -0.0289620655 0.0132031113
336 0.0120535817 0.0536096870 -0.0958101410 0.0072062782 -0.0414746544 0.0740684225 0.0378997583
337 0.0119635517 0.0539875188 -0.0951257040 0.1527280016 0.3678395947 0.1319925535 0.1500858284
338 0.0118748411 0.0543612055 -0.0944441659 0.0353991658 -0.1879024628 0.0095828120 0.0695132971
339 0.0117874276 0.0547307950 -0.0937654931 0.0389739239 0.1958372753 0.0249336222 0.0340005188
340 0.0117012894 0.0550963341 -0.0930896520 0.0064930455 -0.0582903531 -0.0556352428 0.0142593736
341 0.0116164050 0.0554578693 -0.0924166098 0.0917660658 -0.2897122105 -0.0885036775 0.1191576950
342 0.0115327538 0.0558154460 -0.0917463338 0.0013182558 -0.0111697745 0.0345469527 0.0204370140
343 0.0114503151 0.0561691089 -0.0910787919 0.2142346724 0.4123661000 0.2102114933 0.2176521324
344 0.0113690691 0.0565189022 -0.0904139524 0.0032789669 0.0566118351 -0.0086062197 0.0066925138
345 0.0112889960 0.0568648690 -0.0897517839 0.0361019251 -0.1040681173 -0.1589709159 0.0306907143
346 0.0112100768 0.0572070522 -0.0890922554 0.0426176618 0.1484115116 0.1434980316 0.0624164950
347 0.0111322926 0.0575454935 -0.0884353365 0.0238288321 0.1543015839 -0.0044557024 0.0164143200
348 0.0110556249 0.0578802342 -0.0877809968 0.0364508795 0.1358989227 0.1340983306 0.0553173517
349 0.0109800558 0.0582113151 -0.0871292065 0.0312467252 -0.0827661977 0.1561937315 0.0790807113
350 0.0109055677 0.0585387760 -0.0864799363 0.0144636267 -0.0908536027 -0.0787987915 0.0223770828
351 0.0108321431 0.0588626562 -0.0858331569 0.0149373886 -0.0699484237 -0.1002227851 0.0167993557
352 0.0107597652 0.0591829945 -0.0851888396 0.0094127477 -0.0591448714 -0.0769066439 0.0140700786
353 0.0106884174 0.0594998289 -0.0845469560 0.0099787293 -0.0824915311 0.0563371685 0.0400098829
354 0.0106180834 0.0598131970 -0.0839074779 0.0077492007 -0.0629291665 -0.0615558336 0.0155652838
355 0.0105487472 0.0601231355 -0.0832703777 0.0497957257 -0.0168767357 -0.2225104526 0.0253167786
356 0.0104803933 0.0604296808 -0.0826356279 0.0145390507 0.1145359661 -0.0376903592 0.0049475673
357 0.0104130064 0.0607328687 -0.0820032014 0.0024039136 0.0328379162 0.0364085818 0.0147994788
358 0.0103465714 0.0610327342 -0.0813730714 0.0068806027 -0.0829493088 0.0001220740 0.0273722874
359 0.0102810737 0.0613293121 -0.0807452114 0.0055384459 0.0687582018 -0.0284737693 0.0027874921
360 0.0102164989 0.0616226363 -0.0801195953 0.0036931066 0.0137028108 0.0592059084 0.0217079057
361 0.0101528328 0.0619127404 -0.0794961972 0.0111059545 0.0990630818 -0.0359508042 0.0032763491
362 0.0100900617 0.0621996575 -0.0788749914 0.0515664633 0.0843836787 -0.2108218635 0.0179021078
363 0.0100281719 0.0624834200 -0.0782559528 0.0836135043 -0.0039979247 -0.2891323588 0.0488886278
364 0.0099671503 0.0627640599 -0.0776390562 0.0559567186 -0.1843012787 -0.1482894375 0.0660327579
365 0.0099069837 0.0630416087 -0.0770242770 0.0050720464 -0.0668355358 -0.0245979186 0.0196165957
366 0.0098476594 0.0633160974 -0.0764115906 0.0005199873 -0.0092471084 -0.0208441420 0.0083531602
367 0.0097891649 0.0635875566 -0.0758009730 0.0065619182 0.0122074038 -0.0800805689 0.0026582350
368 0.0097314879 0.0638560162 -0.0751924002 0.0133039000 -0.0948820460 0.0655842769 0.0450158452
369 0.0096746163 0.0641215059 -0.0745858486 0.0065571794 0.0198980682 0.0784936064 0.0253890320
370 0.0096185385 0.0643840548 -0.0739812946 0.0537066196 -0.1775566881 0.1489303262 0.1082249138
371 0.0095632427 0.0646436916 -0.0733787153 0.0023254029 0.0348826563 -0.0332956938 0.0024923678
372 0.0095087177 0.0649004444 -0.0727780877 0.0134155342 -0.0937223426 -0.0680562761 0.0251834841
373 0.0094549524 0.0651543412 -0.0721793890 0.0806845656 -0.0556657613 -0.2785424360 0.0571832043
374 0.0094019358 0.0654054092 -0.0715825971 0.0009010770 0.0296945097 0.0043946654 0.0070478127
375 0.0093496572 0.0656536754 -0.0709876895 0.0450919383 -0.1833857234 -0.1070589312 0.0633217566
376 0.0092981061 0.0658991663 -0.0703946445 0.0025842053 0.0186162908 0.0473036897 0.0160885682
377 0.0092472723 0.0661419082 -0.0698034402 0.0224190105 0.0722067934 0.1311685537 0.0404265252
378 0.0091971456 0.0663819266 -0.0692140553 0.0510038468 0.2145451216 -0.0705282754 0.0219540595
379 0.0091477162 0.0666192469 -0.0686264683 0.0400063524 -0.1215857418 -0.1588183233 0.0435556885
380 0.0090989744 0.0668538941 -0.0680406584 0.0520262071 -0.2250129704 0.0373546556 0.0962944388
381 0.0090509105 0.0670858927 -0.0674566046 0.0219050055 -0.0547196875 -0.1375164037 0.0197449748
382 0.0090035153 0.0673152670 -0.0668742862 0.0016794876 0.0212103641 -0.0350657674 0.0031374439
383 0.0089567797 0.0675420406 -0.0662936830 0.0350766915 0.1859797967 -0.0220954009 0.0159809902
384 0.0089106945 0.0677662371 -0.0657147746 0.0151937210 0.1119113742 0.0516678365 0.0157274705
385 0.0088652510 0.0679878796 -0.0651375411 0.0209432631 -0.0148319956 0.1439558092 0.0505791609
386 0.0088204406 0.0682069908 -0.0645619626 0.0291634688 -0.0393688772 -0.1661732841 0.0218974280
387 0.0087762547 0.0684235930 -0.0639880195 0.0184631925 -0.1044953764 0.0868556780 0.0526547911
388 0.0087326851 0.0686377084 -0.0634156924 0.0206808591 -0.1223181860 -0.0756248665 0.0366132175
389 0.0086897234 0.0688493586 -0.0628449620 0.0479947490 0.0283822138 -0.2172307505 0.0254725615
390 0.0086473618 0.0690585650 -0.0622758093 0.0038562955 -0.0496536149 0.0372936186 0.0240066526
391 0.0086055924 0.0692653487 -0.0617082154 0.0439543366 -0.1746574297 -0.1159703360 0.0624426996
392 0.0085644074 0.0694697304 -0.0611421615 0.0052486174 -0.0489516892 0.0534073916 0.0271452327
393 0.0085237992 0.0696717305 -0.0605776293 0.0002090612 -0.0093997009 -0.0109866634 0.0087115552
394 0.0084837604 0.0698713691 -0.0600146002 0.0021855051 0.0298471023 0.0359813227 0.0108171591
395 0.0084442838 0.0700686659 -0.0594530561 0.0483631152 -0.0344553972 0.2172002319 0.0874623216
396 0.0084053622 0.0702636406 -0.0588929790 0.0030268499 0.0493179113 -0.0243842891 0.0016295733
397 0.0083669884 0.0704563122 -0.0583343511 0.0218002812 -0.0189519944 0.1464278085 0.0499213873
398 0.0083291558 0.0706466997 -0.0577771547 0.0468246701 -0.0731528672 0.2036500137 0.0890224798
399 0.0082918574 0.0708348216 -0.0572213722 0.0284338681 -0.1656849879 -0.0313425092 0.0566113359
400 0.0082550866 0.0710206963 -0.0566669862 0.0069826679 0.0812402722 -0.0195623646 0.0014811927
401 0.0082188370 0.0712043418 -0.0561139796 0.0018684309 0.0393383587 0.0179143651 0.0064956367
402 0.0081831021 0.0713857759 -0.0555623353 0.0397433830 0.1897640919 -0.0610980560 0.0140440699
403 0.0081478757 0.0715650161 -0.0550120363 0.0183130523 0.1214331492 -0.0597247230 0.0025090401
404 0.0081131515 0.0717420795 -0.0544630659 0.1048008661 -0.3235877560 0.0095828120 0.1603875533
405 0.0080789236 0.0719169832 -0.0539154075 0.0079869334 0.0447401349 -0.0773644215 0.0012884373
406 0.0080451861 0.0720897437 -0.0533690446 0.0046535330 0.0548722800 -0.0405285806 0.0004613186
407 0.0080119330 0.0722603776 -0.0528239607 0.0174608541 -0.0943327128 0.0925321207 0.0488816482
408 0.0079791587 0.0724289009 -0.0522801399 0.0247822051 0.0288399915 0.1547593616 0.0447653482
409 0.0079468576 0.0725953297 -0.0517375658 0.0347674820 -0.1704763939 0.0755333110 0.0752817389
410 0.0079150242 0.0727596796 -0.0511962227 0.1363592570 0.3683584094 -0.0259102145 0.0880179912
411 0.0078836531 0.0729219660 -0.0506560947 0.0221747376 -0.0470900601 0.1412701804 0.0512385815
412 0.0078527389 0.0730822041 -0.0501171661 0.0244833990 0.0844141972 0.1317484054 0.0332035002
413 0.0078222765 0.0732404088 -0.0495794214 0.0093840919 -0.0168156987 -0.0954008606 0.0102097068
414 0.0077922608 0.0733965949 -0.0490428452 0.0397203826 -0.1958372753 -0.0369884335 0.0726321857
415 0.0077626868 0.0735507769 -0.0485074221 0.0119043348 0.0857875301 0.0674153874 0.0135878359
416 0.0077335495 0.0737029689 -0.0479731369 0.0074282883 -0.0506912442 0.0697042756 0.0293218937
417 0.0077048441 0.0738531850 -0.0474399746 0.0026632422 0.0151982177 -0.0493179113 0.0034439318
418 0.0076765660 0.0740014391 -0.0469079203 0.1303681020 -0.3353373821 -0.1338541826 0.1751179230
419 0.0076487104 0.0741477446 -0.0463769591 0.0016130299 -0.0001220740 0.0401623585 0.0130050594
420 0.0076212727 0.0742921150 -0.0458470762 0.0624056819 0.2418897061 -0.0624103519 0.0283632947
421 0.0075942487 0.0744345634 -0.0453182571 0.0034055739 -0.0119022187 -0.0571306497 0.0075935726
422 0.0075676337 0.0745751027 -0.0447904873 0.0070920240 -0.0136417737 -0.0831019013 0.0092499817
423 0.0075414236 0.0747137457 -0.0442637523 0.0325114463 -0.0301522874 0.1777703177 0.0602960131
424 0.0075156140 0.0748505049 -0.0437380379 0.0087551789 -0.0641499069 0.0681173132 0.0318327340
425 0.0074902010 0.0749853926 -0.0432133299 0.0090734108 -0.0810266427 0.0500808741 0.0330435636
426 0.0074651803 0.0751184209 -0.0426896142 0.0237539352 0.0815149388 0.1308023316 0.0301403707
427 0.0074405481 0.0752496018 -0.0421668768 0.0240623745 0.0412305063 -0.1495406964 0.0126864360
428 0.0074163003 0.0753789469 -0.0416451038 0.0163929372 -0.0145878475 -0.1272011475 0.0154138607
429 0.0073924332 0.0755064678 -0.0411242815 0.0010068780 -0.0093081454 0.0303353984 0.0123000045
430 0.0073689430 0.0756321759 -0.0406043960 0.0187959259 -0.0746482742 -0.1149937437 0.0281179887
431 0.0073458260 0.0757560821 -0.0400854340 0.0450999296 -0.1083407086 0.1826532792 0.0835041627
432 0.0073230786 0.0758781977 -0.0395673817 0.0252918736 -0.1003753777 0.1233558153 0.0576092909
433 0.0073006972 0.0759985332 -0.0390502258 0.0004944405 -0.0045777764 -0.0217596973 0.0067915040
434 0.0072786783 0.0761170992 -0.0385339530 0.0173659959 -0.1142307810 0.0657063509 0.0470983565
435 0.0072570186 0.0762339063 -0.0380185500 0.0100945742 -0.0349131748 0.0942106388 0.0298382320
436 0.0072357147 0.0763489646 -0.0375040037 0.0094597497 0.0912503433 0.0336619160 0.0052866392
437 0.0072147633 0.0764622841 -0.0369903009 0.0288212158 0.0219733268 0.1683400983 0.0451296193
438 0.0071941611 0.0765738748 -0.0364774287 0.1910238124 -0.1645863216 0.4048890652 0.2529626223
439 0.0071739051 0.0766837463 -0.0359653742 0.0157901224 -0.1188390759 -0.0408337657 0.0382528752
440 0.0071539921 0.0767919082 -0.0354541245 0.0070216927 -0.0776390881 0.0315256203 0.0283352188
441 0.0071344191 0.0768983698 -0.0349436669 0.1227033840 0.2461928159 -0.2491836299 0.0745593712
442 0.0071151832 0.0770031403 -0.0344339887 0.0097357557 -0.0464186529 -0.0870693075 0.0180034158
443 0.0070962814 0.0771062288 -0.0339250773 0.0164654060 -0.1282998138 -0.0021362957 0.0432021690
444 0.0070777109 0.0772076441 -0.0334169201 0.0221024998 -0.1192968535 0.0887173070 0.0535307870
445 0.0070594688 0.0773073950 -0.0329095047 0.4407726331 0.4680013428 -0.4709006012 0.3444779615
446 0.0070415525 0.0774054899 -0.0324028188 0.1817150402 0.3923764763 -0.1666005432 0.1172157516
447 0.0070239593 0.0775019372 -0.0318968499 0.0058442680 0.0584124271 -0.0493179113 0.0006679028
448 0.0070066865 0.0775967452 -0.0313915859 0.0012672497 -0.0271614734 0.0230109561 0.0139339209
449 0.0069897316 0.0776899219 -0.0308870145 0.4219279634 -0.6254158147 0.1754509110 0.5369330163
450 0.0069730921 0.0777814753 -0.0303831237 0.0069511640 0.0044557024 -0.0832544939 0.0081720508
451 0.0069567655 0.0778714131 -0.0298799013 0.6825028591 0.8137455367 -0.1425519578 0.5542057181
452 0.0069407493 0.0779597429 -0.0293773355 0.0408441962 -0.0195928831 0.2011474960 0.0626582127
453 0.0069250414 0.0780464721 -0.0288754142 0.0648807520 -0.2350230415 0.0982085635 0.1141628577
454 0.0069096392 0.0781316082 -0.0283741256 0.0032729465 -0.0571916868 0.0014343699 0.0192009406
455 0.0068945406 0.0782151582 -0.0278734579 0.6609584400 0.8129520554 0.0082094790 0.5411402865
456 0.0068797434 0.0782971292 -0.0273733993 0.0016989748 -0.0090029603 -0.0402233955 0.0077864280
457 0.0068652454 0.0783775280 -0.0268739382 0.0352653154 -0.1738944670 0.0708944975 0.0731998265
458 0.0068510446 0.0784563613 -0.0263750628 0.0244173977 0.1490829188 0.0468153935 0.0103449535
459 0.0068371388 0.0785336358 -0.0258767617 0.7050455382 0.8345591601 0.0925016022 0.5855880304
460 0.0068235260 0.0786093579 -0.0253790233 0.0405045733 0.0950956755 -0.1773735771 0.0233741430
461 0.0068102043 0.0786835340 -0.0248818361 0.1218073626 -0.3094882046 -0.1613208411 0.1692929007
462 0.0067971717 0.0787561700 -0.0243851886 0.0040674429 -0.0230109561 -0.0594805750 0.0115882341
463 0.0067844265 0.0788272722 -0.0238890696 0.0168743840 0.0854823450 -0.0978118229 0.0055088634
464 0.0067719667 0.0788968463 -0.0233934677 0.0049660825 0.0659810175 -0.0247505112 0.0001686602
465 0.0067597906 0.0789648982 -0.0228983715 0.0518159790 -0.1138950774 -0.1970885342 0.0675371830
466 0.0067478964 0.0790314335 -0.0224037699 0.0043797121 0.0081484420 -0.0656758324 0.0068968699
467 0.0067362824 0.0790964576 -0.0219096516 0.0294417417 0.0684224982 -0.1573534349 0.0184589518
468 0.0067249471 0.0791599760 -0.0214160056 0.0108826041 -0.0621662038 0.0837733085 0.0310378809
469 0.0067138887 0.0792219937 -0.0209228207 0.1269595365 -0.0881984924 0.3452253792 0.1620941235
470 0.0067031058 0.0792825160 -0.0204300859 0.0551102661 -0.1402325510 -0.1882686850 0.0763566600
471 0.0066925967 0.0793415479 -0.0199377901 0.1772264201 0.0488906522 -0.4181340983 0.1594875570
472 0.0066823600 0.0793990940 -0.0194459223 0.0033265939 0.0307931761 0.0487685781 0.0070157533
473 0.0066723943 0.0794551592 -0.0189544717 0.1510357094 -0.0230109561 0.3879512925 0.1760716057
474 0.0066626982 0.0795097480 -0.0184634273 0.0391505312 -0.1510971404 -0.1277504807 0.0651231970
475 0.0066532702 0.0795628650 -0.0179727782 0.0067901453 -0.0705893124 0.0425122837 0.0262041191
476 0.0066441092 0.0796145143 -0.0174825136 0.0295026400 -0.1697744682 0.0260628071 0.0640910596
477 0.0066352137 0.0796647003 -0.0169926228 0.0320361075 0.1181676687 0.1344340342 0.0244125110
478 0.0066265826 0.0797134269 -0.0165030949 0.0042437819 0.0509048738 -0.0406506546 0.0014130374
479 0.0066182146 0.0797606983 -0.0160139193 0.0104219727 0.0861842708 -0.0547196875 0.0015393988
480 0.0066101086 0.0798065181 -0.0155250852 0.0486463057 -0.0216986602 0.2194891202 0.0655349779
481 0.0066022635 0.0798508902 -0.0150365819 0.0073149571 0.0728171636 0.0448622089 0.0036373385
482 0.0065946781 0.0798938181 -0.0145483989 0.0073152496 0.0698568682 -0.0493484298 0.0013117825
483 0.0065873514 0.0799353053 -0.0140605255 0.0022009353 0.0191045869 0.0428479873 0.0069389551
484 0.0065802824 0.0799753551 -0.0135729512 0.0158485385 -0.0827051607 0.0949125645 0.0382340573
485 0.0065734702 0.0800139709 -0.0130856653 0.0032260608 -0.0064699240 0.0564287240 0.0123117144
486 0.0065669137 0.0800511556 -0.0125986574 0.0027877574 -0.0123599963 0.0513321329 0.0126269670
487 0.0065606121 0.0800869123 -0.0121119169 0.0142563957 0.0220648824 -0.1173436689 0.0144402776
488 0.0065545644 0.0801212439 -0.0116254334 0.0473472559 0.2162236396 0.0243842891 0.0198205622
489 0.0065487700 0.0801541532 -0.0111391964 0.0239988330 0.0289010285 -0.1521958068 0.0225238501
490 0.0065432279 0.0801856428 -0.0106531955 0.0246244983 -0.1470381787 -0.0548112430 0.0535805982
491 0.0065379374 0.0802157152 -0.0101674203 0.0290433405 -0.0378124332 -0.1661732841 0.0382684734
492 0.0065328978 0.0802443728 -0.0096818603 0.0008316594 0.0281380657 -0.0063173315 0.0027263873
493 0.0065281084 0.0802716180 -0.0091965053 0.0084892151 0.0774559771 0.0498977630 0.0035000604
494 0.0065235685 0.0802974529 -0.0087113448 0.0022197873 -0.0420239875 -0.0213019196 0.0151210574
495 0.0065192775 0.0803218796 -0.0082263684 0.0044851694 -0.0487685781 0.0458998383 0.0195939925
496 0.0065152348 0.0803449001 -0.0077415660 0.0020700057 0.0365001373 0.0271614734 0.0031405854
497 0.0065114399 0.0803665162 -0.0072569271 0.0117911331 0.1024201178 -0.0360728782 0.0013167204
498 0.0065078923 0.0803867296 -0.0067724415 0.0859282550 0.2862941374 -0.0629596850 0.0455548669
499 0.0065045914 0.0804055420 -0.0062880989 0.0039030619 -0.0091555528 -0.0617999817 0.0111027588
500 0.0065015368 0.0804229549 -0.0058038891 0.0708195364 0.2444837794 -0.1051057466 0.0367768131
501 0.0064987281 0.0804389696 -0.0053198017 0.0073900160 0.0571916868 0.0641804254 0.0053707177
502 0.0064961650 0.0804535875 -0.0048358266 0.0015819219 0.0144657735 0.0370494705 0.0061087697
503 0.0064938470 0.0804668096 -0.0043519534 0.0208204132 -0.0006103702 -0.1442915128 0.0261565894
504 0.0064917738 0.0804786372 -0.0038681720 0.0184251298 -0.0433362835 -0.1286355174 0.0308970250
505 0.0064899452 0.0804890710 -0.0033844722 0.0359011467 -0.1644642476 0.0940885647 0.0695031212
506 0.0064883609 0.0804981119 -0.0029008437 0.0079154305 0.0826746422 0.0328684347 0.0012841786
507 0.0064870207 0.0805057608 -0.0024172764 0.0031516389 0.0328379162 0.0455336161 0.0045715115
508 0.0064859245 0.0805120181 -0.0019337600 0.0428983917 -0.1535386212 -0.1390118107 0.0735700937
509 0.0064850720 0.0805168843 -0.0014502843 0.0480288244 -0.0378734703 0.2158574175 0.0612389134
510 0.0064844631 0.0805203600 -0.0009668392 0.0083720746 0.0025330363 -0.0914639729 0.0142717539
511 0.0064840979 0.0805224452 -0.0004834145 0.0198440193 0.1362041078 0.0359508042 0.0044278998
512 0.0064839761 0.0805231403 0.0000000000 0.0068552962 -0.0827967162 0.0000000000 0.0266733755
513 0.0064840979 0.0805224452 0.0004834145 0.0086638450 0.0929898984 -0.0040894803 0.0001763488
514 0.0064844631 0.0805203600 0.0009668392 0.0003571738 0.0177007355 0.0066225166 0.0039782919
515 0.0064850720 0.0805168843 0.0014502843 0.0316487198 -0.0075685904 -0.1777397992 0.0398681369
516 0.0064859245 0.0805120181 0.0019337600 0.0551999244 -0.2036500137 0.1171605579 0.0940252753
517 0.0064870207 0.0805057608 0.0024172764 0.0013181934 0.0362559893 -0.0019226661 0.0019768774
518 0.0064883609 0.0804981119 0.0029008437 0.0175935673 0.1132236702 -0.0690939055 0.0062542061
519 0.0064899452 0.0804890710 0.0033844722 0.0042724172 0.0540787988 -0.0367137669 0.0023053713
520 0.0064917738 0.0804786372 0.0038681720 0.0184224856 -0.0433057649 0.1286355174 0.0308894687
521 0.0064938470 0.0804668096 0.0043519534 0.0231657020 -0.0217596973 -0.1506393628 0.0344725668
522 0.0064961650 0.0804535875 0.0048358266 0.0212837717 0.0280770287 -0.1431623280 0.0246467576
523 0.0064987281 0.0804389696 0.0053198017 0.0123090825 -0.0156559954 -0.1098361156 0.0224951276
524 0.0065015368 0.0804229549 0.0058038891 0.1188959664 0.2379833369 0.2495193335 0.0842224918
525 0.0065045914 0.0804055420 0.0062880989 0.0187732655 -0.1348612934 0.0242011780 0.0466606888
526 0.0065078923 0.0803867296 0.0067724415 0.0646480161 0.2502212592 0.0451368755 0.0303155972
527 0.0065114399 0.0803665162 0.0072569271 0.0051132777 0.0618305002 -0.0359202857 0.0022078556
528 0.0065152348 0.0803449001 0.0077415660 0.0020700057 0.0365001373 -0.0271614734 0.0031405854
529 0.0065192775 0.0803218796 0.0082263684 0.0054421561 -0.0694296091 -0.0249336222 0.0235250933
530 0.0065235685 0.0802974529 0.0087113448 0.0108490586 -0.1009857479 -0.0255134739 0.0340349371
531 0.0065281084 0.0802716180 0.0091965053 0.0003168041 -0.0004882962 0.0177922910 0.0065960513
532 0.0065328978 0.0802443728 0.0096818603 0.0343261394 0.0189519944 0.1843012787 0.0342486969
533 0.0065379374 0.0802157152 0.0101674203 0.0146989602 -0.1128269295 -0.0443739128 0.0402402197
534 0.0065432279 0.0801856428 0.0106531955 0.0196301895 -0.1354411451 0.0358592486 0.0471302567
535 0.0065487700 0.0801541532 0.0111391964 0.0206979750 0.0479140599 -0.1356547746 0.0225878936
536 0.0065545644 0.0801212439 0.0116254334 0.0473193769 0.2161626026 -0.0243537706 0.0198017544
537 0.0065606121 0.0800869123 0.0121119169 0.0155997279 0.1113010041 0.0566728721 0.0029599982
538 0.0065669137 0.0800511556 0.0125986574 0.0184398409 -0.0067751091 -0.1356242561 0.0295088323
539 0.0065734702 0.0800139709 0.0130856653 0.0190385996 0.0829493088 0.1102633747 0.0094521234
540 0.0065802824 0.0799753551 0.0135729512 0.0093094773 0.0879238258 -0.0397350993 0.0029049264
541 0.0065873514 0.0799353053 0.0140605255 0.0009464380 0.0043336283 0.0304574725 0.0059844734
542 0.0065946781 0.0798938181 0.0145483989 0.0104355038 0.0992461928 0.0242011780 0.0004676906
543 0.0066022635 0.0798508902 0.0150365819 0.0017370040 0.0252693258 -0.0331431013 0.0053004290
544 0.0066101086 0.0798065181 0.0155250852 0.0486463057 -0.0216986602 -0.2194891202 0.0655349779
545 0.0066182146 0.0797606983 0.0160139193 0.0100597518 0.0857264931 0.0520645772 0.0013352406
546 0.0066265826 0.0797134269 0.0165030949 0.0023529792 0.0461745048 -0.0148625141 0.0021086607
547 0.0066352137 0.0796647003 0.0169926228 0.0042425497 0.0650044252 -0.0041199988 0.0006606665
548 0.0066441092 0.0796145143 0.0174825136 0.0080637573 -0.0465102084 -0.0768150884 0.0247994834
549 0.0066532702 0.0795628650 0.0179727782 0.0017772219 -0.0175481429 0.0383312479 0.0098450151
550 0.0066626982 0.0795097480 0.0184634273 0.0131314598 -0.1118198187 0.0250556963 0.0366504611
551 0.0066723943 0.0794551592 0.0189544717 0.1005351586 0.0289925840 -0.3157444990 0.1145698725
552 0.0066823600 0.0793990940 0.0194459223 0.0033344315 0.0308236946 -0.0488296152 0.0070211184
553 0.0066925967 0.0793415479 0.0199377901 0.0241903265 -0.0297860652 0.1526535844 0.0295223180
554 0.0067031058 0.0792825160 0.0204300859 0.0421048788 -0.1658070620 0.1208838160 0.0701598532
555 0.0067138887 0.0792219937 0.0209228207 0.1048172090 0.0169072542 -0.3233130894 0.1223814886
556 0.0067249471 0.0791599760 0.0214160056 0.0169839086 -0.0159916990 -0.1293374432 0.0317804436
557 0.0067362824 0.0790964576 0.0219096516 0.0454344810 -0.0849330119 0.1955015717 0.0570398216
558 0.0067478964 0.0790314335 0.0224037699 0.0006874670 0.0184942167 -0.0185857723 0.0053448972
559 0.0067597906 0.0789648982 0.0228983715 0.0430237060 -0.1232337413 0.1668446913 0.0616048328
560 0.0067719667 0.0788968463 0.0233934677 0.0049645727 0.0659810175 0.0247199927 0.0001685783
561 0.0067844265 0.0788272722 0.0238890696 0.0253653753 -0.0897549364 0.1315652944 0.0400141304
562 0.0067971717 0.0787561700 0.0243851886 0.0022483890 0.0472731712 0.0036927396 0.0014193567
563 0.0068102043 0.0786835340 0.0248818361 0.0369262853 -0.1813104648 0.0636616108 0.0691007503
564 0.0068235260 0.0786093579 0.0253790233 0.0050975485 -0.0140079958 0.0700094607 0.0105698502
565 0.0068371388 0.0785336358 0.0258767617 0.8170417080 0.8574785607 -0.2859584338 0.7039963852
566 0.0068510446 0.0784563613 0.0263750628 0.0222823678 0.1448713645 -0.0359813227 0.0082992715
567 0.0068652454 0.0783775280 0.0268739382 0.0527474860 -0.1399884030 -0.1820734275 0.0913426814
568 0.0068797434 0.0782971292 0.0273733993 0.0016965207 -0.0090029603 0.0401928770 0.0077856446
569 0.0068945406 0.0782151582 0.0278734579 0.4281596965 0.6120487075 -0.2314218574 0.3522123189
570 0.0069096392 0.0781316082 0.0283741256 0.0054302121 -0.0509964293 -0.0531937620 0.0233273704
571 0.0069250414 0.0780464721 0.0288754142 0.1454354935 -0.3813592944 -0.0007629627 0.2119320917
572 0.0069407493 0.0779597429 0.0293773355 0.0074101031 0.0093386639 -0.0855739006 0.0179226391
573 0.0069567655 0.0778714131 0.0298799013 0.6870861726 0.8284554582 -0.0273445845 0.5666510506
574 0.0069730921 0.0777814753 0.0303831237 0.0019316250 -0.0362559893 0.0248420667 0.0130352466
575 0.0069897316 0.0776899219 0.0308870145 0.5190329215 -0.6949064608 -0.1900997955 0.6457403407
576 0.0070066865 0.0775967452 0.0313915859 0.0012686552 -0.0271614734 -0.0230414747 0.0139372424
577 0.0070239593 0.0775019372 0.0318968499 0.0004263967 -0.0181279946 -0.0098879971 0.0108910573
578 0.0070415525 0.0774054899 0.0324028188 0.1654609148 0.3538315989 0.2006591998 0.1047216035
579 0.0070594688 0.0773073950 0.0329095047 0.6169085001 0.5917538987 0.5164647359 0.4984808668
580 0.0070777109 0.0772076441 0.0334169201 0.0678152603 -0.1803949095 -0.1878109073 0.1153008273
581 0.0070962814 0.0771062288 0.0339250773 0.0431638944 -0.1443220313 0.1494491409 0.0623762837
582 0.0071151832 0.0770031403 0.0344339887 0.0024852975 -0.0341196936 0.0363475448 0.0123519459
583 0.0071344191 0.0768983698 0.0349436669 0.3599090079 0.5109408856 0.3144016846 0.2664896892
584 0.0071539921 0.0767919082 0.0354541245 0.0070141439 -0.0775780511 -0.0315561388 0.0283204597
585 0.0071739051 0.0766837463 0.0359653742 0.2600463174 0.3089388714 0.4057130650 0.1906557980
586 0.0071941611 0.0765738748 0.0364774287 0.2001456232 -0.2508926664 -0.3704031495 0.2727861405
587 0.0072147633 0.0764622841 0.0369903009 0.3590842910 0.1115451521 -0.5887630848 0.3927981074
588 0.0072357147 0.0763489646 0.0375040037 0.0244551745 0.0257881405 0.1542405469 0.0161838175
589 0.0072570186 0.0762339063 0.0380185500 0.0323448896 0.0985747856 -0.1504257332 0.0360103628
590 0.0072786783 0.0761170992 0.0385339530 0.0202717208 -0.0939664907 -0.1069673757 0.0500990642
591 0.0073006972 0.0759985332 0.0390502258 0.0333520311 0.1825922422 0.0034791101 0.0126275231
592 0.0073230786 0.0758781977 0.0395673817 0.0253069359 -0.1003753777 -0.1234168523 0.0576291833
593 0.0073458260 0.0757560821 0.0400854340 0.0240016076 0.0278023621 -0.1524094363 0.0393538343
594 0.0073689430 0.0756321759 0.0406043960 0.0118478885 -0.0728171636 0.0809045686 0.0236613103
595 0.0073924332 0.0755064678 0.0411242815 0.0053071983 0.0122684408 -0.0718100528 0.0167532119
596 0.0074163003 0.0753789469 0.0416451038 0.0175637668 0.1321451460 -0.0100711081 0.0058969679
597 0.0074405481 0.0752496018 0.0421668768 0.0058601397 -0.0330210273 -0.0690633869 0.0240947007
598 0.0074651803 0.0751184209 0.0426896142 0.0304464822 0.0675984985 -0.1608630634 0.0414902418
599 0.0074902010 0.0749853926 0.0432133299 0.0035020099 -0.0545976135 0.0228278451 0.0172073235
600 0.0075156140 0.0748505049 0.0437380379 0.0087556707 -0.0640888699 -0.0681783502 0.0318294278
601 0.0075414236 0.0747137457 0.0442637523 0.0358253800 0.1886349071 0.0155644398 0.0138016815
602 0.0075676337 0.0745751027 0.0447904873 0.0021678424 0.0039979247 0.0463881344 0.0049836905
603 0.0075942487 0.0744345634 0.0453182571 0.0009138592 0.0302133244 0.0010071108 0.0039189957
604 0.0076212727 0.0742921150 0.0458470762 0.0069093898 -0.0076906644 0.0827661977 0.0080841976
605 0.0076487104 0.0741477446 0.0463769591 0.0064059764 -0.0068361461 -0.0797448653 0.0224651051
606 0.0076765660 0.0740014391 0.0469079203 0.1146198731 -0.3217871639 0.1052278207 0.1600498290
607 0.0077048441 0.0738531850 0.0474399746 0.0144018175 0.0118717002 0.1194189276 0.0090226741
608 0.0077335495 0.0737029689 0.0479731369 0.0074251952 -0.0506607257 -0.0697042756 0.0293143020
609 0.0077626868 0.0735507769 0.0485074221 0.0030021600 -0.0525528733 -0.0155034028 0.0199995163
610 0.0077922608 0.0733965949 0.0490428452 0.0316694346 -0.1776177252 -0.0110171819 0.0666153957
611 0.0078222765 0.0732404088 0.0495794214 0.0037409274 0.0550553911 -0.0266426588 0.0061405004
612 0.0078527389 0.0730822041 0.0501171661 0.0248469909 0.1514938810 0.0435499130 0.0061915199
613 0.0078836531 0.0729219660 0.0506560947 0.0016994694 0.0409558397 -0.0046998505 0.0040861139
614 0.0079150242 0.0727596796 0.0511962227 0.1091060045 0.3241370891 -0.0635700552 0.0763619006
615 0.0079468576 0.0725953297 0.0517375658 0.0059710111 -0.0710165716 -0.0304574725 0.0273804025
616 0.0079791587 0.0724289009 0.0522801399 0.0247898927 0.0288094729 -0.1547898801 0.0447806477
617 0.0080119330 0.0722603776 0.0528239607 0.0186965105 -0.1307412946 0.0400402844 0.0413731013
618 0.0080451861 0.0720897437 0.0533690446 0.0058807185 0.0757469405 0.0119632557 0.0017278144
619 0.0080789236 0.0719169832 0.0539154075 0.0085179650 -0.0383312479 -0.0839564196 0.0311633132
620 0.0081131515 0.0717420795 0.0544630659 0.0996675237 -0.3156834620 0.0033875546 0.1527072581
621 0.0081478757 0.0715650161 0.0550120363 0.0180980294 0.0799584948 -0.1081881161 0.0267047402
622 0.0081831021 0.0713857759 0.0555623353 0.0294033437 0.1706595050 -0.0166936247 0.0150761970
623 0.0082188370 0.0712043418 0.0561139796 0.0003615848 0.0184331797 0.0046693319 0.0054313473
624 0.0082550866 0.0710206963 0.0566669862 0.0069864344 0.0812707907 0.0195318461 0.0014840831
625 0.0082918574 0.0708348216 0.0572213722 0.0341343293 -0.0156865139 -0.1840876492 0.0657159853
626 0.0083291558 0.0706466997 0.0577771547 0.0860305494 -0.0902127140 -0.2790917692 0.1393564228
627 0.0083669884 0.0704563122 0.0583343511 0.0430304827 -0.1380962554 -0.1547898801 0.0889161114
628 0.0084053622 0.0702636406 0.0588929790 0.0283919253 0.1170690023 0.1211890011 0.0060715363
629 0.0084442838 0.0700686659 0.0594530561 0.0118163260 -0.1013824885 -0.0392162847 0.0391311372
630 0.0084837604 0.0698713691 0.0600146002 0.0025319587 0.0335093234 -0.0375377667 0.0108386626
631 0.0085237992 0.0696717305 0.0605776293 0.0139888877 -0.0721457564 -0.0937223426 0.0439206809
632 0.0085644074 0.0694697304 0.0611421615 0.0052423715 -0.0489211707 -0.0533768731 0.0271310148
633 0.0086055924 0.0692653487 0.0617082154 0.0049582058 -0.0687276833 -0.0153202918 0.0249754678
634 0.0086473618 0.0690585650 0.0622758093 0.0057530115 -0.0514542070 -0.0557267983 0.0284479436
635 0.0086897234 0.0688493586 0.0628449620 0.0066854461 -0.0722067934 0.0383617664 0.0204962649
636 0.0087326851 0.0686377084 0.0634156924 0.0234780494 -0.0560319834 0.1426129948 0.0218147448
637 0.0087762547 0.0684235930 0.0639880195 0.0471670452 0.0279854732 -0.2153691214 0.0796756537
638 0.0088204406 0.0682069908 0.0645619626 0.0171079386 -0.0463270974 0.1223181860 0.0164538387
639 0.0088652510 0.0679878796 0.0651375411 0.0595067495 0.1974242378 -0.1432844020 0.0601934772
640 0.0089106945 0.0677662371 0.0657147746 0.0152005527 0.1119418928 -0.0516678365 0.0157301660
641 0.0089567797 0.0675420406 0.0662936830 0.0039719253 -0.0426953948 -0.0463576159 0.0248426073
642 0.0090035153 0.0673152670 0.0668742862 0.0009580886 0.0307016205 0.0039368877 0.0053016752
643 0.0090509105 0.0670858927 0.0674566046 0.0042574518 0.0407422102 0.0509659108 0.0009659326
644 0.0090989744 0.0668538941 0.0680406584 0.0102102469 -0.0976592303 -0.0259407331 0.0358970700
645 0.0091477162 0.0666192469 0.0686264683 0.0496728954 -0.2149418622 0.0589312418 0.0793706556
646 0.0091971456 0.0663819266 0.0692140553 0.0278144188 0.1666005432 0.0076601459 0.0138326549
647 0.0092472723 0.0661419082 0.0698034402 0.0151740577 -0.1213110752 0.0213934751 0.0374821457
648 0.0092981061 0.0658991663 0.0703946445 0.0025859582 0.0185857723 -0.0473342082 0.0160986400
649 0.0093496572 0.0656536754 0.0709876895 0.0025861091 -0.0454115421 -0.0228888821 0.0211482932
650 0.0094019358 0.0654054092 0.0715825971 0.0063920067 0.0729087191 -0.0328073977 0.0109535707
651 0.0094549524 0.0651543412 0.0721793890 0.0392701799 -0.1973021638 -0.0184942167 0.0771051198
652 0.0095087177 0.0649004444 0.0727780877 0.0126968595 -0.1116672262 0.0150761437 0.0345056566
653 0.0095632427 0.0646436916 0.0733787153 0.0223193799 0.1351969970 -0.0635700552 0.0237327347
654 0.0096185385 0.0643840548 0.0739812946 0.0736620393 -0.1760307627 -0.2065797906 0.1365138070
655 0.0096746163 0.0641215059 0.0745858486 0.0058473975 0.0419934690 0.0639057588 0.0006037143
656 0.0097314879 0.0638560162 0.0751924002 0.0133119099 -0.0948820460 -0.0656453139 0.0450330341
657 0.0097891649 0.0635875566 0.0758009730 0.0009443535 -0.0292672506 -0.0093691824 0.0158759706
658 0.0098476594 0.0633160974 0.0764115906 0.0043057484 0.0049439985 -0.0654316843 0.0235268166
659 0.0099069837 0.0630416087 0.0770242770 0.0024608628 -0.0485549486 0.0101626637 0.0169242669
660 0.0099671503 0.0627640599 0.0776390562 0.0684812785 -0.0991851558 0.2421643727 0.0532961282
661 0.0100281719 0.0624834200 0.0782559528 0.0382023692 0.1674550615 0.1008026368 0.0115273985
662 0.0100900617 0.0621996575 0.0788749914 0.0298460284 0.1048921171 0.1372722556 0.0052328866
663 0.0101528328 0.0619127404 0.0794961972 0.0118302370 0.0952787866 -0.0524613178 0.0185260788
664 0.0102164989 0.0616226363 0.0801195953 0.0037003378 0.0137028108 -0.0592669454 0.0217249174
665 0.0102810737 0.0613293121 0.0807452114 0.0183063678 -0.0809656056 0.1084017457 0.0210127275
666 0.0103465714 0.0610327342 0.0813730714 0.0303500825 -0.1599780267 -0.0689718314 0.0714493462
667 0.0104130064 0.0607328687 0.0820032014 0.0120096654 -0.0603656117 -0.0914639729 0.0447557025
668 0.0104803933 0.0604296808 0.0826356279 0.0313028809 0.1653798029 0.0628681295 0.0114052821
669 0.0105487472 0.0601231355 0.0832703777 0.0600223751 0.0872829371 0.2289193396 0.0219512749
670 0.0106180834 0.0598131970 0.0839074779 0.0102661930 -0.0995513779 0.0188604389 0.0296281850
671 0.0106884174 0.0594998289 0.0845469560 0.0212259600 -0.1181981872 -0.0851771599 0.0603828605
672 0.0107597652 0.0591829945 0.0851888396 0.0094163586 -0.0591753899 0.0769066439 0.0140773019
673 0.0108321431 0.0588626562 0.0858331569 0.0005977267 -0.0224921415 -0.0095828120 0.0157228102
674 0.0109055677 0.0585387760 0.0864799363 0.0141185729 -0.1152378918 0.0289620655 0.0335066357
675 0.0109800558 0.0582113151 0.0871292065 0.0159122495 -0.0016479995 -0.1261329997 0.0490639061
676 0.0110556249 0.0578802342 0.0877809968 0.0422885049 0.1729178747 -0.1113010041 0.0528673018
677 0.0111322926 0.0575454935 0.0884353365 0.0073591054 0.0072023682 -0.0854823450 0.0327817902
678 0.0112100768 0.0572070522 0.0890922554 0.0346951995 0.1201818903 -0.1423078097 0.0575118204
679 0.0112889960 0.0568648690 0.0897517839 0.0232116004 -0.1393780328 0.0615253151 0.0393080101
680 0.0113690691 0.0565189022 0.0904139524 0.0032720598 0.0565507981 0.0086062197 0.0066925061
681 0.0114503151 0.0561691089 0.0910787919 0.1032213928 0.1849116489 -0.2627338481 0.1417580258
682 0.0115327538 0.0558154460 0.0917463338 0.0127248530 -0.0112002930 -0.1122470779 0.0461044213
683 0.0116164050 0.0554578693 0.0924166098 0.0471088777 -0.1865901669 0.1108737449 0.0589279177
684 0.0117012894 0.0550963341 0.0930896520 0.0057789308 -0.0172429579 0.0740379040 0.0055959423
685 0.0117874276 0.0547307950 0.0937654931 0.0712238677 0.2668233283 0.0054017762 0.0527913892
686 0.0118748411 0.0543612055 0.0944441659 0.0122394004 -0.1023895993 -0.0419019135 0.0431610682
687 0.0119635517 0.0539875188 0.0951257040 0.0676760079 0.2592242195 -0.0218817713 0.0558128526
688 0.0120535817 0.0536096870 0.0958101410 0.0072062782 -0.0414746544 -0.0740684225 0.0378997583
689 0.0121449536 0.0532276615 0.0964975113 0.0017207766 0.0317697684 0.0266731773 0.0053358788
690 0.0122376909 0.0528413929 0.0971878496 0.0180929096 0.1165196692 -0.0672017579 0.0310788659
691 0.0123318172 0.0524508310 0.0978811911 0.3692833939 0.5960264901 0.1184728538 0.2958985137
692 0.0124273569 0.0520559246 0.0985775713 0.0029824446 0.0303353984 -0.0454115421 0.0212046460
693 0.0125243346 0.0516566220 0.0992770265 0.1390354742 -0.3190404981 -0.1929990539 0.2228416620
694 0.0126227758 0.0512528701 0.0999795932 0.1822574746 -0.3028351695 -0.3009125034 0.2860928130
695 0.0127227063 0.0508446154 0.1006853086 0.3920355291 -0.3429059725 -0.5238807337 0.5451222665
696 0.0128241526 0.0504318031 0.1013942101 0.0012193666 0.0036317026 -0.0347300638 0.0207200673
697 0.0129271418 0.0500143778 0.1021063358 0.1747724998 0.2347483749 0.3459273049 0.0935753146
698 0.0130317016 0.0495922830 0.1028217245 0.0371091831 -0.1459700308 -0.1257057405 0.0904694209
699 0.0131378602 0.0491654611 0.1035404153 0.2161190727 -0.3667714469 -0.2856532487 0.3244752195
700 0.0132456465 0.0487338538 0.1042624477 0.0111225424 -0.0555742058 0.0896328623 0.0110941961
701 0.0133550902 0.0482974015 0.1049878622 0.0835300741 0.2247993408 0.1816461684 0.0370294305
702 0.0134662215 0.0478560439 0.1057166994 0.0071545214 -0.0841700491 0.0083620716 0.0269088128
703 0.0135790712 0.0474097192 0.1064490007 0.0716998911 -0.2489394818 -0.0986358226 0.1298826337
704 0.0136936711 0.0469583650 0.1071848081 0.0712839482 0.1293069246 0.2335886715 0.0227592220
705 0.0138100535 0.0465019176 0.1079241640 0.0393651256 0.0014954070 -0.1984008301 0.0958605880
706 0.0139282515 0.0460403122 0.1086671118 0.1191792110 0.0531632435 0.3411053804 0.0540782849
707 0.0140482990 0.0455734828 0.1094136950 0.0580705764 -0.0533768731 0.2349925230 0.0255612150
708 0.0141702305 0.0451013623 0.1101639581 0.0997074920 -0.0445875423 -0.3126010926 0.1867743877
709 0.0142940817 0.0446238825 0.1109179461 0.0168271174 -0.0533768731 0.1182287057 0.0096575953
710 0.0144198886 0.0441409739 0.1116757047 0.1690106291 0.0528580584 -0.4076967681 0.2698237531
711 0.0145476885 0.0436525657 0.1124372802 0.0134252988 0.0857875301 0.0778832362 0.0029693372
712 0.0146775193 0.0431585860 0.1132027197 0.0135067237 -0.1085543382 -0.0415051729 0.0469513434
713 0.0148094199 0.0426589615 0.1139720708 0.0444055275 0.0744956816 0.1971190527 0.0079269973
714 0.0149434302 0.0421536177 0.1147453820 0.0802659059 0.0684835353 -0.2749107334 0.1525251528
715 0.0150795908 0.0416424786 0.1155227024 0.0063294766 -0.0520340587 -0.0601825007 0.0396476120
716 0.0152179435 0.0411254670 0.1163040819 0.0316502556 -0.0238044374 -0.1763054292 0.0898362185
717 0.0153585310 0.0406025042 0.1170895710 0.0837601826 -0.1458479568 0.2499771111 0.0524228727
718 0.0155013970 0.0400735100 0.1178792213 0.0375689586 -0.1192052980 0.1528366955 0.0265917637
719 0.0156465863 0.0395384030 0.1186730847 0.0571255281 -0.2273323771 -0.0737937559 0.1082634980
720 0.0157941449 0.0389971000 0.1194712144 0.0350214505 0.1303140355 -0.1343119602 0.0727446824
721 0.0159441196 0.0384495165 0.1202736640 0.0186206562 0.1124912259 -0.0772423475 0.0444947495
722 0.0160965585 0.0378955664 0.1210804881 0.0430854341 0.1822565386 -0.0993377483 0.0694242893
723 0.0162515111 0.0373351618 0.1218917422 0.0149144069 0.0097048860 0.1217383343 0.0007634557
724 0.0164090278 0.0367682136 0.1227074826 0.0337133868 0.1312295907 -0.1284218879 0.0719889125
725 0.0165691604 0.0361946306 0.1235277664 0.0694077598 0.2435071871 -0.1005584887 0.0931931458
726 0.0167319618 0.0356143202 0.1243526518 0.0597760998 -0.2444227424 0.0057985168 0.0924758393
727 0.0168974865 0.0350271879 0.1251821977 0.0435752382 0.0003051851 0.2087466048 0.0081886276
728 0.0170657902 0.0344331375 0.1260164640 0.0664159381 -0.2544328135 0.0409863582 0.0906736565
729 0.0172369299 0.0338320709 0.1268555117 0.0200040871 -0.0035096286 0.1413922544 0.0016057194
730 0.0174109642 0.0332238884 0.1276994026 0.0168238604 0.0663472396 -0.1114535966 0.0582913134
731 0.0175879531 0.0326084880 0.1285481995 0.0010968157 -0.0268562883 -0.0193792535 0.0254185910
732 0.0177679581 0.0319857661 0.1294019664 0.0206802481 -0.0700094607 -0.1256141850 0.0754362638
733 0.0179510424 0.0313556169 0.1302607682 0.0016594741 -0.0254219184 0.0318308054 0.0129121461
734 0.0181372707 0.0307179327 0.1311246708 0.0206685406 0.1437116611 -0.0039368877 0.0310092072
735 0.0183267092 0.0300726037 0.1319937412 0.0056425620 -0.0608539079 0.0440382092 0.0160038061
736 0.0185194261 0.0294195179 0.1328680478 0.0296113459 0.1622974334 0.0571916868 0.0233834521
737 0.0187154913 0.0287585611 0.1337476597 0.0035329177 0.0591753899 0.0055848872 0.0173508797
738 0.0189149763 0.0280896171 0.1346326474 0.0387301931 0.1548203986 -0.1214941862 0.0816616459
739 0.0191179548 0.0274125672 0.1355230827 0.0143180176 -0.0714133122 -0.0960112308 0.0633746928
740 0.0193245020 0.0267272904 0.1364190383 0.0651553114 -0.2548905911 -0.0136417737 0.1018268785
741 0.0195346956 0.0260336634 0.1373205883 0.0632070631 0.1667226173 -0.1881771294 0.1257421460
742 0.0197486149 0.0253315603 0.1382278081 0.0579471342 -0.1981261635 -0.1367229225 0.1255312585
743 0.0199663415 0.0246208528 0.1391407743 0.0215913914 0.1453291421 0.0216986602 0.0283631413
744 0.0201879591 0.0239014101 0.1400595650 0.0057721625 0.0580767235 0.0489822077 0.0094630371
745 0.0204135539 0.0231730987 0.1409842594 0.0335585179 0.1649220252 0.0797448653 0.0238430215
746 0.0206432140 0.0224357824 0.1419149382 0.0380528921 0.1709646901 0.0939359722 0.0243628176
747 0.0208770302 0.0216893222 0.1428516836 0.0226833975 -0.0213934751 -0.1490829188 0.0870819395
748 0.0211150956 0.0209335764 0.1437945790 0.0530852079 -0.0842310862 0.2144535661 0.0160522987
749 0.0213575059 0.0201684002 0.1447437097 0.0238612934 0.0072328867 0.1543015839 0.0002586805
750 0.0216043593 0.0193936461 0.1456991620 0.0022591176 -0.0457777642 -0.0127872555 0.0293652573
751 0.0218557570 0.0186091634 0.1466610242 0.0522350224 -0.1003753777 -0.2053285318 0.1380539685
752 0.0221118026 0.0178147984 0.1476293859 0.0022651008 0.0169682913 -0.0444654683 0.0369011496
753 0.0223726029 0.0170103940 0.1486043383 0.0010817907 -0.0250862148 -0.0212714011 0.0306298913
754 0.0226382674 0.0161957900 0.1495859746 0.0184791722 0.0488296152 0.1268654439 0.0015811891
755 0.0229089089 0.0153708228 0.1505743893 0.0010765405 -0.0292977691 0.0147709586 0.0204378549
756 0.0231846432 0.0145353253 0.1515696789 0.0390441937 0.1656849879 -0.1076693014 0.0900510694
757 0.0234655895 0.0136891271 0.1525719415 0.0192234943 0.1114841151 -0.0824304941 0.0647900044
758 0.0237518703 0.0128320539 0.1535812772 0.0000751698 -0.0025025178 -0.0083010346 0.0264410320
759 0.0240436116 0.0119639278 0.1545977879 0.0321003354 -0.0823999756 0.1590929899 0.0089247531
760 0.0243409430 0.0110845672 0.1556215773 0.0027151070 0.0461134678 -0.0242622150 0.0335852026
761 0.0246439978 0.0101937864 0.1566527513 0.0087995424 0.0819116794 -0.0457167272 0.0460968620
762 0.0249529132 0.0092913958 0.1576914175 0.0716051959 0.2448805200 -0.1078829310 0.1260319701
763 0.0252678304 0.0083772016 0.1587376859 0.0037197133 0.0609759819 0.0012817774 0.0275589948
764 0.0255888948 0.0074510060 0.1597916683 0.0110340306 -0.0586260567 0.0871608631 0.0096414121
765 0.0259162557 0.0065126066 0.1608534789 0.0461938347 0.1011993774 0.1896114994 0.0097926083
766 0.0262500673 0.0055617967 0.1619232340 0.0196228316 -0.1231421857 -0.0667744987 0.0688673681
767 0.0265904880 0.0045983649 0.1630010522 0.0538688342 -0.2099368267 0.0989715262 0.0501251286
768 0.0269376810 0.0036220954 0.1640870544 0.0023809038 -0.0155034028 0.0462660604 0.0142475713
769 0.0272918145 0.0026327672 0.1651813639 0.0132369217 -0.0701925718 0.0911587878 0.0107828718
770 0.0276530615 0.0016301546 0.1662841066 0.0208840870 -0.0940580462 -0.1097140416 0.0853312095
771 0.0280216005 0.0006140267 0.1673954106 0.0034295793 -0.0447706534 -0.0377513962 0.0441449815
772 0.0283976153 -0.0004158525 0.1685154068 0.0071175047 0.0545060579 -0.0643940550 0.0572632336
773 0.0287812952 -0.0014597245 0.1696442288 0.0041210429 -0.0346385083 -0.0540482803 0.0511391703
774 0.0291728354 -0.0025178363 0.1707820127 0.0002699259 -0.0011597034 -0.0163884396 0.0350346227
775 0.0295724371 -0.0035904405 0.1719288977 0.0232082288 0.1519211402 -0.0113223670 0.0577648777
776 0.0299803078 -0.0046777956 0.1730850254 0.0138032759 0.0178533280 -0.1161229286 0.0841488922
777 0.0303966613 -0.0057801661 0.1742505409 0.0146619919 -0.1180150761 -0.0271004364 0.0531388911
778 0.0308217182 -0.0068978225 0.1754255918 0.0016850982 0.0249946593 0.0325632496 0.0214267792
779 0.0312557060 -0.0080310420 0.1766103292 0.1078804722 0.3284096805 -0.0052491836 0.1462652421
780 0.0316988594 -0.0091801079 0.1778049071 0.0275568617 0.0906399731 -0.1390728477 0.1103755601
781 0.0321514204 -0.0103453105 0.1790094829 0.0220166593 0.0390026551 0.1431623280 0.0037202402
782 0.0326136390 -0.0115269470 0.1802242173 0.0141654884 -0.0242622150 0.1165196692 0.0042204565
783 0.0330857731 -0.0127253215 0.1814492746 0.0184483240 -0.0324106571 -0.1319009980 0.0985759057
784 0.0335680887 -0.0139407456 0.1826848224 0.0098682854 0.0830103458 -0.0545670949 0.0656879864
785 0.0340608608 -0.0151735384 0.1839310321 0.0160007566 0.1102328562 -0.0620441298 0.0762305441
786 0.0345643732 -0.0164240267 0.1851880789 0.0142162420 0.0265205847 -0.1162450026 0.0927061423
787 0.0350789189 -0.0176925453 0.1864561417 0.0201502755 0.0888698996 -0.1106906339 0.0996517609
788 0.0356048008 -0.0189794372 0.1877354035 0.0634464537 0.1978514969 -0.1558885464 0.1650930729
789 0.0361423315 -0.0202850540 0.1890260512 0.1331107583 -0.0560319834 -0.3605151524 0.3032733775
790 0.0366918343 -0.0216097559 0.1903282761 0.0489747436 0.0428785058 -0.2171086764 0.1701636062
791 0.0372536432 -0.0229539121 0.1916422738 0.0671384194 0.1091647084 -0.2349925230 0.1994725797
792 0.0378281035 -0.0243179012 0.1929682440 0.1006543770 -0.0998870815 -0.3011261330 0.2498399544
793 0.0384155723 -0.0257021110 0.1943063915 0.0458934462 -0.1425824763 0.1598864711 0.0148457507
794 0.0390164186 -0.0271069396 0.1956569254 0.0377069340 0.0756553850 -0.1788384655 0.1508068932
795 0.0396310243 -0.0285327950 0.1970200597 0.0905168923 0.1716666158 0.2470778527 0.0425855867
796 0.0402597844 -0.0299800957 0.1983960136 0.0164648295 0.0285653249 -0.1250953703 0.1080742418
797 0.0409031074 -0.0314492710 0.1997850113 0.0161670330 -0.1182897427 -0.0466322825 0.0682627502
798 0.0415614163 -0.0329407614 0.2011872822 0.0226903670 -0.1257972961 -0.0828577532 0.0893039182
799 0.0422351487 -0.0344550188 0.2026030612 0.1032700434 -0.3198034608 -0.0315561388 0.1362542643
800 0.0429247580 -0.0359925071 0.2040325890 0.0142638821 -0.1182287057 0.0169072542 0.0417786833
801 0.0436307131 -0.0375537024 0.2054761119 0.0062233217 0.0075685904 0.0785241249 0.0181528283
802 0.0443535003 -0.0391390935 0.2069338822 0.0341637367 0.0575884274 -0.1756340220 0.1557144147
803 0.0450936227 -0.0407491820 0.2084061584 0.0003030867 0.0114749596 -0.0130924406 0.0517889903
804 0.0458516021 -0.0423844834 0.2098932054 0.0097887241 -0.0988799707 -0.0033875546 0.0486804226
805 0.0466279789 -0.0440455268 0.2113952944 0.0081950557 0.0905178991 -0.0012512589 0.0633258722
806 0.0474233135 -0.0457328558 0.2129127038 0.0143739711 -0.1002227851 -0.0657979064 0.0806487566
807 0.0482381867 -0.0474470291 0.2144457185 0.0510354504 0.2053285318 0.0942106388 0.0783519585
808 0.0490732009 -0.0491886204 0.2159946309 0.0052229867 0.0680867946 0.0242316965 0.0505265460
809 0.0499289810 -0.0509582197 0.2175597408 0.0526321141 0.1886654256 0.1305276650 0.0649940736
810 0.0508061749 -0.0527564330 0.2191413556 0.0173282862 0.0219428083 -0.1297952208 0.1273367110
811 0.0517054555 -0.0545838839 0.2207397906 0.1046178361 0.0347605823 -0.3215735343 0.3020861761
812 0.0526275209 -0.0564412130 0.2223553696 0.0000909417 -0.0048524430 -0.0082094790 0.0558215506
813 0.0535730957 -0.0583290795 0.2239884243 0.1783226378 0.3943601794 0.1510055849 0.2102540600
814 0.0545429327 -0.0602481613 0.2256392958 0.0543147582 -0.1593676565 -0.1700491348 0.1663940084
815 0.0555378136 -0.0621991559 0.2273083337 0.0162388321 0.0020752586 -0.1274147771 0.1299596857
816 0.0565585504 -0.0641827810 0.2289958973 0.0679666327 -0.0896938993 -0.2447889645 0.2251229124
817 0.0576059870 -0.0661997752 0.2307023554 0.0662622112 -0.0116885891 -0.2571489608 0.2409703762
818 0.0586810008 -0.0682508987 0.2324280870 0.3437903433 -0.2645344401 -0.5232703635 0.6096073766
819 0.0597845036 -0.0703369343 0.2341734812 1.0076484738 -0.5434430982 -0.8439893796 1.3862645966
820 0.0609174439 -0.0724586881 0.2359389380 0.0001859220 -0.0051271096 -0.0126346629 0.0663223765
821 0.0620808083 -0.0746169903 0.2377248685 0.1640382169 -0.0997955260 -0.3925290689 0.3978539842
822 0.0632756233 -0.0768126960 0.2395316952 0.1027829581 0.1843317972 0.2623065889 0.0687151421
823 0.0645029571 -0.0790466865 0.2413598527 0.0382487361 0.0227057711 0.1942503128 0.0125728714
824 0.0657639221 -0.0813198699 0.2432097877 0.0398342531 -0.0273751030 -0.1976989044 0.1973105126
825 0.0670596762 -0.0836331824 0.2450819599 0.0774485996 -0.2047791986 -0.1884517960 0.2026278747
826 0.0683914260 -0.0859875890 0.2469768421 0.0938923184 0.1469771416 0.2688680685 0.0547517915
827 0.0697604282 -0.0883840851 0.2488949210 0.0509775633 -0.0988799707 -0.2029786065 0.2042998485
828 0.0711679927 -0.0908236972 0.2508366974 0.1053805986 -0.1290017396 0.2978911710 0.0036716864
829 0.0726154852 -0.0933074843 0.2528026871 0.0262882335 -0.1106906339 -0.1184728538 0.1381477012
830 0.0741043297 -0.0958365394 0.2547934211 0.0660812227 0.1465193640 -0.2112186041 0.2759035916
831 0.0756360117 -0.0984119905 0.2568094465 0.1673240285 0.0921353801 -0.3985412152 0.4657927903
832 0.0772120810 -0.1010350021 0.2588513267 0.1100977690 -0.0811792352 0.3217261269 0.0043474920
833 0.0788341554 -0.1037067766 0.2609196426 0.0003331777 0.0043336283 -0.0177312540 0.0893190513
834 0.0805039241 -0.1064285561 0.2630149929 0.6901028342 -0.3859065523 0.7356486709 0.3014905439
835 0.0822231509 -0.1092016239 0.2651379947 0.0262129306 -0.1016571551 0.1260109256 0.0194132604
836 0.0839936789 -0.1120273057 0.2672892847 0.0242675248 0.0909146397 -0.1264992218 0.1962548210
837 0.0858174341 -0.1149069722 0.2694695194 0.0248042033 -0.0194708090 -0.1562852870 0.1903752164
838 0.0876964301 -0.1178420404 0.2716793765 0.1423724474 0.3345133824 -0.1745658742 0.4037602522
839 0.0896327724 -0.1208339756 0.2739195552 0.0329487327 0.1777092807 -0.0369884335 0.1857918533
840 0.0916286639 -0.1238842936 0.2761907777 0.0874812511 -0.1855220191 0.2303537095 0.0059002460
841 0.0936864097 -0.1269945628 0.2784937894 0.0806462831 -0.1791131321 0.2203741569 0.0060942369
842 0.0958084231 -0.1301664066 0.2808293605 0.4394420049 -0.5789361248 0.3229163488 0.2031655746
843 0.0979972313 -0.1334015052 0.2831982868 0.0344554698 -0.1728873562 0.0675679800 0.0480555617
844 0.1002554817 -0.1367015991 0.2856013909 0.2538496983 0.4998626667 -0.0631427961 0.5268365725
845 0.1025859489 -0.1400684907 0.2880395231 0.0169951159 -0.1047700430 0.0775780511 0.0455400116
846 0.1049915419 -0.1435040478 0.2905135628 0.0142931814 0.0175481429 0.1182592242 0.0556093653
847 0.1074753114 -0.1470102062 0.2930244198 0.1442677896 0.3694875942 0.0880153813 0.3087986837
848 0.1100404582 -0.1505889729 0.2955730357 0.0798570769 -0.2657246620 0.0961638234 0.0530202609
849 0.1126903420 -0.1542424291 0.2981603849 0.0247141911 -0.1524704733 0.0383007294 0.0675301804
850 0.1154284908 -0.1579727341 0.3007874765 0.0032878001 -0.0571611682 0.0045167394 0.0979393215
851 0.1182586102 -0.1617821286 0.3034553559 0.0118869022 -0.1078524125 0.0159611805 0.0855613152
852 0.1211845948 -0.1656729383 0.3061651062 0.0017538778 -0.0172124393 -0.0381786554 0.1406131459
853 0.1242105390 -0.1696475786 0.3089178501 0.0086195440 0.0881984924 -0.0289925840 0.1806680578
854 0.1273407494 -0.1737085580 0.3117147515 0.0080846947 0.0333567309 0.0834986419 0.0949586265
855 0.1305797577 -0.1778584836 0.3145570179 0.0380249954 0.1924497208 0.0314340648 0.2172867728
856 0.1339323344 -0.1821000649 0.3174459021 0.0049534800 0.0654622028 0.0258491775 0.1463157262
857 0.1374035041 -0.1864361195 0.3203827046 0.0073837833 0.0490432447 0.0705587939 0.1178625174
858 0.1409985611 -0.1908695784 0.3233687758 0.0117257623 0.0011291849 0.1082796716 0.0831268478
859 0.1447230867 -0.1954034911 0.3264055183 0.0377728170 -0.1424298837 0.1322367016 0.0405077325
860 0.1485829677 -0.2000410325 0.3294943900 0.0143032031 0.1192968535 -0.0084536271 0.2161855477
861 0.1525844158 -0.2047855084 0.3326369062 0.0364641349 0.1510971404 0.1167638173 0.1732536503
862 0.1567339893 -0.2096403631 0.3358346430 0.0525750318 0.0905178991 0.2106692709 0.1057613528
863 0.1610386155 -0.2146091859 0.3390892403 0.0414361390 -0.1218909268 -0.1630298776 0.2607202841
864 0.1655056158 -0.2196957191 0.3424024048 0.0130164856 -0.0981475265 -0.0581682791 0.1752308359
865 0.1701427317 -0.2249038660 0.3457759141 0.0215159450 0.0134891812 0.1460615864 0.0967170577
866 0.1749581537 -0.2302376998 0.3492116197 0.0039379914 -0.0040284433 0.0626239814 0.1333031021
867 0.1799605522 -0.2357014723 0.3527114516 0.0042914275 0.0192266610 0.0626239814 0.1491390935
868 0.1851591104 -0.2412996245 0.3562774222 0.0314514555 0.1773430586 -0.0009460738 0.3028703222
869 0.1905635606 -0.2470367961 0.3599116309 0.0181222536 -0.1307718131 0.0319528794 0.1210744889
870 0.1961842233 -0.2529178375 0.3636162686 0.0192550522 0.0623493149 0.1239661855 0.1568255397
871 0.2020320487 -0.2589478213 0.3673936234 0.0668823497 0.0731528672 0.2480544450 0.1245327068
872 0.2081186629 -0.2651320552 0.3712460858 0.0423992645 -0.2007507553 -0.0458082827 0.1780792980
873 0.2144564171 -0.2714760956 0.3751761541 0.0357903117 -0.0260322886 -0.1873836482 0.3767161935
874 0.2210584413 -0.2779857620 0.3791864415 0.0048298505 -0.0621356853 -0.0311288797 0.2149499184
875 0.2279387027 -0.2846671529 0.3832796822 0.0070362362 0.0838648640 -0.0017090365 0.2840321610
876 0.2351120690 -0.2915266623 0.3874587387 0.0195460049 -0.1337015900 -0.0408642842 0.2083693654
877 0.2425943775 -0.2985709979 0.3917266097 0.0022816952 0.0186468093 0.0439771722 0.2215568085
878 0.2504025099 -0.3058071999 0.3960864380 0.0022916898 -0.0285958434 0.0383922849 0.2047912433
879 0.2585544746 -0.3132426625 0.4005415197 0.0190117787 0.0782494583 -0.1135288553 0.4175344310
880 0.2670694959 -0.3208851551 0.4050953136 0.0003442397 -0.0054628132 0.0177312540 0.2495421684
881 0.2759681116 -0.3287428473 0.4097514514 0.0081591007 -0.0821863460 0.0374767296 0.1993785768
882 0.2852722800 -0.3368243340 0.4145137489 0.0261654144 -0.0922879727 -0.1328470717 0.3594019000
883 0.2950054967 -0.3451386635 0.4193862178 0.0125143958 0.0519119846 -0.0990936003 0.4264705389
884 0.3051929226 -0.3536953674 0.4243730784 0.0000216313 0.0009765923 0.0045472579 0.3020459185
885 0.3158615248 -0.3625044932 0.4294787739 0.0092334655 -0.0955839717 -0.0098574786 0.2642629075
886 0.3270402309 -0.3715766392 0.4347079849 0.0188707762 0.0668660543 0.1199987793 0.2912738796
887 0.3387600993 -0.3809229928 0.4400656460 0.0294339265 0.1644947661 0.0487380596 0.4506178116
888 0.3510545055 -0.3905553711 0.4455569634 0.0021879453 -0.0076601459 0.0461439863 0.3061394797
889 0.3639593494 -0.4004862661 0.4511874334 0.0065218633 -0.0724204230 -0.0357371746 0.3447227713
890 0.3775132823 -0.4107288927 0.4569628639 0.0056730488 -0.0525833918 -0.0539262062 0.3892758418
891 0.3917579592 -0.4212972418 0.4628893964 0.0386762532 -0.0903347880 -0.1746879482 0.5160410162
892 0.4067383176 -0.4322061374 0.4689735307 0.0253743156 0.1281777398 -0.0945768609 0.6316191336
893 0.4225028863 -0.4434712991 0.4752221514 0.0445053788 -0.2023682363 0.0596026490 0.2308702577
894 0.4391041288 -0.4551094107 0.4816425573 0.0338249781 0.0436719871 0.1786553545 0.3405841279
895 0.4565988245 -0.4671381943 0.4882424930 0.0138149246 -0.0134586627 -0.1167638173 0.5718577528
896 0.4750484943 -0.4795764920 0.4950301836 0.0019566419 -0.0068361461 -0.0437025056 0.5137163450
897 0.4945198739 -0.4924443553 0.5020143731 0.0043293086 -0.0267342143 -0.0601214637 0.5328826344
898 0.5150854433 -0.5057631430 0.5092043661 0.0135029758 0.0503250221 0.1047395245 0.4728258555
899 0.5368240199 -0.5195556292 0.5166100736 0.0027396349 0.0099185156 0.0513931700 0.4967696374
900 0.5598214223 -0.5338461213 0.5242420634 0.0018810176 -0.0137333293 -0.0411389508 0.5901730076
901 0.5841712162 -0.5486605909 0.5321116163 0.0729529680 0.2033753471 -0.1777397992 1.0694470841
902 0.6099755543 -0.5640268179 0.5402307868 0.0034493171 -0.0294503616 -0.0508133183 0.6351051217
903 0.6373461223 -0.5799745496 0.5486124718 0.0426759317 0.1981872005 -0.0582903531 0.9738667481
904 0.6664052078 -0.5965356774 0.5572704849 0.0460333319 -0.1097445601 -0.1843623157 0.7869848029
905 0.6972869100 -0.6137444327 0.5662196406 0.0527448297 -0.2097231971 0.0936002686 0.3866022296
906 0.7301385125 -0.6316376039 0.5754758464 0.0048574790 0.0246589557 -0.0651875362 0.8411747440
907 0.7651220428 -0.6502547793 0.5850562065 0.0229308044 0.0418103580 0.1455427717 0.6721262136
908 0.8024160504 -0.6696386172 0.5949791365 0.1007771394 0.2901699881 -0.1287575915 1.4450274101
909 0.8422176368 -0.6898351479 0.6052644922 0.0521435833 -0.0920133061 0.2089907529 0.5144238310
910 0.8847447796 -0.7108941127 0.6159337141 0.0046958977 -0.0450148015 0.0516678365 0.7617912377
911 0.9302390012 -0.7328693438 0.6270099889 0.0176216483 -0.0093081454 -0.1324198126 1.1002744313
912 0.9789684391 -0.7558191923 0.6385184317 0.0116182402 -0.0359202857 0.1016266366 0.8065072355
913 1.0312313897 -0.7798070108 0.6504862916 0.0959109352 -0.1624805445 0.2636494034 0.5307347442
914 1.0873604107 -0.8049016993 0.6629431840 0.0342535133 -0.1137424848 -0.1460005493 1.1320910234
915 1.1477270824 -0.8311783237 0.6759213538 0.0213795920 -0.1329386273 -0.0608844264 1.0304214315
916 1.2127475530 -0.8587188197 0.6894559752 0.0030712730 -0.0514847255 0.0205084384 1.0991176898
917 1.2828890176 -0.8876127942 0.7035854924 0.0164383857 0.1261024812 -0.0231635487 1.5557828283
918 1.3586773135 -0.9179584429 0.7183520102 0.0018338637 0.0256355480 -0.0343028047 1.4568588900
919 1.4407058562 -0.9498636010 0.7338017414 0.0830523370 -0.1632435072 0.2374950407 0.8650915131
920 1.5296461926 -0.9834469536 0.7499855212 0.0191262881 0.1193578906 0.0698568682 1.6787535090
921 1.6262605119 -1.0188394317 0.7669594020 0.0143452223 0.1175878170 -0.0227668081 1.9151343785
922 1.7314165401 -1.0561858305 0.7847853410 0.0452723512 -0.1976073489 -0.0788903470 1.4830927032
923 1.8461053466 -1.0956466902 0.8035320011 0.0148592962 -0.0913418989 0.0807214576 1.5310831958
924 1.9714627319 -1.1374004918 0.8232756848 0.0424119434 -0.2049928282 0.0197454756 1.5150448482
925 2.1087950369 -1.1816462308 0.8441014288 0.1112697656 0.3150120548 0.1097140416 2.7793108585
926 2.2596104482 -1.2286064469 0.8661042933 0.0075905355 -0.0702841273 0.0514847255 2.0053156363
927 2.4256571696 -1.2785308062 0.8893908855 0.0043212503 -0.0369273965 -0.0543839839 2.4322900312
928 2.6089702322 -1.3317003588 0.9140811707 0.0016203208 0.0384533219 0.0119022187 2.6912479702
929 2.8119292381 -1.3884326226 0.9403106351 0.0000711593 -0.0079653310 0.0027771844 2.7846589146
930 3.0373300487 -1.4490876900 0.9682328828 0.0080154001 -0.0892361217 0.0072328867 2.7727172802
931 3.2884743830 -1.5140756019 0.9980227727 0.0231971715 -0.1494796594 -0.0292062136 2.9173214764
932 3.5692826106 -1.5838653105 1.0298802304 0.0072946325 -0.0169377728 -0.0837122715 3.6953501687
933 3.8844368362 -1.6589956428 1.0640349118 0.0176558840 -0.0106204413 -0.1324503311 4.1487177413
934 4.2395639056 -1.7400888069 1.1007519474 0.0219655125 -0.1090426344 -0.1003753777 4.1030184680
935 4.6414715432 -1.8278671567 1.1403390727 0.0109648840 -0.0932645650 -0.0476088748 4.4200664772
936 5.0984559452 -1.9231741699 1.1831555509 0.0582837729 -0.2004455702 -0.1345561083 4.7041578446
937 5.6207065627 -2.0270009298 1.2296234355 0.0104541910 -0.0805383465 -0.0629902036 5.4595666082
938 6.2208447050 -2.1405198719 1.2802419236 0.0257861008 0.0425122837 0.1548509171 6.0321343100
939 6.9146488449 -2.2651282305 1.3356058342 0.0451428447 0.0381176183 0.2090212714 6.5741342173
940 7.7220441891 -2.4025046051 1.3964296659 0.0100882781 0.0579546495 -0.0820337535 8.2397138257
941 8.6684722127 -2.5546835097 1.4635793036 0.0219345535 -0.1474959563 -0.0133976257 7.9760127668
942 9.7868160113 -2.7241549512 1.5381143694 0.0121821541 0.0049134800 0.1102633747 9.4865729651
943 11.1201542778 -2.9139994187 1.6213456342 0.0148810476 -0.0106204413 -0.1215247047 11.4672065048
944 12.7257768277 -3.1280739037 1.7149141322 0.0150561814 -0.1092257454 0.0559099094 11.8657392141
945 14.6811662204 -3.3712729675 1.8209021937 0.1491213568 0.0202337718 0.3856318857 13.5623188195
946 17.0931248069 -3.6499027289 1.9419925017 0.0332791125 -0.0118106632 0.1820429090 16.3331364473
947 20.1120848943 -3.9722291769 2.0817012899 0.1052804706 -0.1084017457 0.3058259835 18.0828955225
948 23.9552518427 -4.3493035972 2.2447293963 0.1014340776 0.0866725669 -0.3064668722 26.1864869283
949 28.9453926525 -4.7962435313 2.4375070545 0.0046835355 -0.0502029481 0.0465102084 28.2417671356
950 35.5786077020 -5.3342922785 2.6690697985 0.0761798215 0.1138950774 -0.2514114811 38.2119563691
951 44.6487013786 -5.9942712066 2.9525267281 0.0210110331 -0.0427869503 -0.1384929960 44.9745677881
952 57.4892703508 -6.8226633996 3.3076478782 0.1857105378 0.1380962554 -0.4082155828 62.2598162352
953 76.4801675296 -7.8930089880 3.7657106428 0.0866084601 0.0147404401 -0.2939237648 79.0131325400
954 106.2074533732 -9.3289442104 4.3792982649 0.0422293101 -0.1740470595 0.1092562639 102.0454005324
955 156.4512337125 -11.3556137054 5.2441654328 0.0222794694 0.1372417371 0.0586870937 158.9749118272
956 251.2144114282 -14.4307506119 6.5549865145 0.1348058847 -0.3603930784 0.0701620533 240.0279094133
957 463.1525409144 -19.6496008936 8.7775694606 0.0274143858 -0.1245155187 -0.1091341899 460.2024606711
958 1105.8994694255 -30.4476820393 13.3730373461 0.0298525080 0.1360209967 -0.1065401166 1117.0618999677
959 5171.1401288864 -66.0197713632 28.5049104197 0.0671452753 -0.2458876308 0.0817590869 5134.0793129271
960 243528.3884162200 454.2761823172 -192.7732828884 0.1984932649 -0.4329355754 0.1051667837 243962.4782425446
961 3182.4436986742 52.0678687122 -21.7113045772 0.0843954281 -0.2876979888 0.0403149510 3214.2383166857
962 907.6220718749 27.8783000537 -11.4202652331 0.1709772553 -0.3955504013 -0.1204870754 927.0956059621
963 426.4273032127 19.1575846300 -7.7080642419 0.0239777047 0.0554826502 -0.1445661794 422.0968029871
964 248.5942150997 14.6638666907 -5.7935506191 0.0119962880 0.0489211707 0.0979949339 248.3069415573
965 163.5794973835 11.9242898675 -4.6250198420 0.0340349660 0.1737723930 0.0619525742 160.0423713505
966 116.3336677013 10.0801347930 -3.8372581691 0.0046486488 -0.0387585070 -0.0560930204 116.6892114990
967 87.3353469662 8.7545681531 -3.2699974646 0.0331081587 -0.1120334483 -0.1433759575 88.3923860067
968 68.2348079459 7.7562069093 -2.8418413618 0.0097826031 -0.0187688833 -0.0971098972 67.9837993893
969 54.9713566873 6.9775351365 -2.5070620468 0.0375503356 0.1839960936 -0.0607928709 52.1364056077
970 45.3755734493 6.3535004609 -2.2379913633 0.0170676369 0.1165501877 0.0590227973 44.1758227651
971 38.2019517578 5.8424344907 -2.0169062891 0.0300690593 0.1202429273 -0.1249427778 36.3230022166
972 32.6934860505 5.4164123483 -1.8319288532 0.7772490736 -0.7335123753 -0.4890896329 39.6247912776
973 28.3682755915 5.0560182681 -1.6747999475 0.0986986842 0.2840052492 0.1343119602 26.0449941473
974 24.9075456460 4.7473341862 -1.5395985744 0.0266341590 0.1388897366 0.0856959746 23.8793426161
975 22.0934954499 4.4801227036 -1.4219690610 0.0092324596 -0.0333262123 -0.0901211585 22.1450399525
976 19.7731425340 4.2466860314 -1.3186357666 0.0567739929 -0.1803338725 -0.1557359539 20.9508412037
977 17.8364329035 4.0411246528 -1.2270877899 0.0094524552 -0.0474257637 0.0848719749 18.4374829327
978 16.2025245266 3.8588413547 -1.1453680309 0.0222902678 -0.0074465163 -0.1491134373 15.9407051165
979 14.8109311346 3.6962008332 -1.0719284189 0.0394348031 0.0964995270 0.1735587634 14.5090878153
980 13.6156517057 3.5502907703 -1.0055282948 0.0275534268 -0.1362651448 -0.0947904904 14.4201378639
981 12.5811873160 3.4187507614 -0.9451616515 0.0133304210 0.0933561205 0.0679342021 12.0846127263
982 11.6797817855 3.2996476305 -0.8900041012 0.0417123303 0.0712302011 0.1914120914 11.5921400799
983 10.8894740926 3.1913830935 -0.8393736015 0.0777469716 0.1544846950 0.2321237831 10.3708585284
984 10.1927003744 3.0926243846 -0.7927009463 0.0182460004 0.1326639607 -0.0254219184 9.3500828177
985 9.5752749553 3.0022514482 -0.7495073028 0.0332150187 0.1778313547 -0.0398876919 8.4809088568
986 9.0256372095 2.9193162602 -0.7093869059 0.0264922941 0.1409344768 -0.0814233833 8.1137435205
987 8.5342877529 2.8430111469 -0.6719935799 0.0155241251 0.0669576098 0.1050752281 8.3103091734
988 8.0933613869 2.7726438637 -0.6370301341 0.0219140259 -0.0892056032 -0.1181371502 8.4594323002
989 7.6963001086 2.7076178091 -0.6042399427 0.0044466624 0.0557267983 -0.0366222114 7.3547158222
990 7.3376002209 2.6474161802 -0.5734002003 0.0002716592 -0.0144962920 0.0078432569 7.4236219663
991 7.0126149282 2.5915891845 -0.5443164769 0.0488800298 0.1662648396 -0.1457258827 6.0410726396
992 6.7173989080 2.5397436414 -0.5168182891 0.0007187064 -0.0105899228 -0.0246284371 6.7464521390
993 6.4485849441 2.4915344690 -0.4907554729 0.0325040996 0.0300302133 -0.1777703177 6.1569629079
994 6.2032852703 2.4466576693 -0.4659951924 0.0016200311 -0.0021362957 -0.0401928770 6.1778994948
995 5.9790121164 2.4048445143 -0.4424194598 0.0160753974 0.0128788110 -0.1261329997 5.8215370507
996 5.7736132991 2.3658566985 -0.4199230656 0.0490076223 0.1775872066 -0.1321756645 4.8713219360
997 5.5852196813 2.3294822783 -0.3984118425 0.0144847615 0.1073335978 -0.0544450209 5.0562579326
998 5.4122020669 2.2955322518 -0.3778012016 0.0047778693 0.0318002869 -0.0613727226 5.2246093913
999 5.2531356401 2.2638376658 -0.3580148919 0.0399131195 0.1676381726 -0.1086764122 4.4562219931
1000 5.1067704792 2.2342471583 -0.3389839445 0.0170650290 0.1040986358 -0.0789208655 4.6051655330
1001 4.9720069886 2.2066248615 -0.3206457692 0.0325818222 0.0820032350 -0.1608020264 4.5395670779
1002 4.8478753360 2.1808486067 -0.3029433788 0.0046511468 0.0624103519 0.0274971770 4.5969716003
1003 4.7335181682 2.1568083822 -0.2858247204 0.0004137746 0.0107425153 0.0172734764 4.6974672217
1004 4.6281760253 2.1344050036 -0.2692420954 0.0043830716 0.0140385144 0.0646992401 4.6074708642
1005 4.5311749866 2.1135489646 -0.2531516561 0.0137295842 -0.0801721244 -0.0854518265 4.8405354490
1006 4.4419161712 2.0941594406 -0.2375129654 0.0044900954 -0.0533158361 -0.0405896176 4.6504288685
1007 4.3598667869 2.0761634232 -0.2222886118 0.0048379591 0.0182805872 -0.0671102023 4.2589621057
1008 4.2845524781 2.0594949670 -0.2074438698 0.0045230504 0.0089724418 0.0666524247 4.2797714049
1009 4.2155507670 2.0440945314 -0.1929464007 0.0592272835 -0.2347178564 0.0643024995 5.2591628955
1010 4.1524854225 2.0299084079 -0.1787659867 0.0049235548 -0.0472426527 0.0518814661 4.3677547760
1011 4.0950216148 2.0168882175 -0.1648742943 0.0053009618 0.0359813227 0.0632953887 3.9760535302
1012 4.0428617432 2.0049904726 -0.1512446626 0.0165715208 0.0978728599 -0.0836207160 3.6416705869
1013 3.9957418414 1.9941761937 -0.1378519133 0.0011987421 -0.0295724357 -0.0180059206 4.1099215768
1014 3.9534284797 1.9844105743 -0.1246721789 0.0061253807 0.0358287301 0.0695822016 3.8347059679
1015 3.9157160995 1.9756626897 -0.1116827469 0.1059706088 0.1438337352 0.2920316172 3.5185826065
1016 3.8824247245 1.9679052431 -0.0988619178 0.1831590508 0.0128482925 -0.4277779473 3.9304334345
1017 3.8533980021 1.9611143465 -0.0861888743 0.0540379820 0.1959898679 -0.1250038148 3.1171710247
1018 3.8285015376 1.9552693327 -0.0736435612 0.0002934851 -0.0168462172 -0.0031128880 3.8942143182
1019 3.8076214888 1.9503525948 -0.0612065727 0.0710850056 0.1475264748 -0.2220831935 3.2760633062
1020 3.7906633953 1.9463494518 -0.0488590480 0.2105404127 0.0009765923 -0.4588457900 3.9525646912
1021 3.7775512209 1.9432480378 -0.0365825716 0.0233113465 0.1238441115 -0.0892971587 3.3130094748
1022 3.7682265919 1.9410392132 -0.0243590791 0.0007718760 0.0130314035 0.0245368816 3.7196049290
1023 3.7626482181 1.9397164975 -0.0121707661 0.1668989768 0.0058900723 -0.4084902493 3.8967537754
