#int double real img int16 real16 img16 error
0 0.0000002373 0.0004871241 0.0000000000 0.0000002384 0.0004882962 0.0000000000 0.0000000000
1 0.0000002374 0.0004872348 0.0000030572 0.0000002692 0.0004577776 -0.0002441481 0.0000000620
2 0.0000002378 0.0004875670 0.0000061187 0.0000001490 0.0003662221 -0.0001220740 0.0000000312
3 0.0000002383 0.0004881218 0.0000091891 0.0000002692 0.0004577776 -0.0002441481 0.0000000651
4 0.0000002392 0.0004889009 0.0000122728 0.0000002422 0.0004882962 -0.0000610370 0.0000000054
5 0.0000002402 0.0004899064 0.0000153744 0.0000002422 0.0004882962 -0.0000610370 0.0000000058
6 0.0000002416 0.0004911415 0.0000184984 0.0000002422 0.0004882962 -0.0000610370 0.0000000063
7 0.0000002431 0.0004926097 0.0000216497 0.0000002422 0.0004882962 -0.0000610370 0.0000000069
8 0.0000002450 0.0004943154 0.0000248330 0.0000001826 0.0004272591 0.0000000000 0.0000000051
9 0.0000002471 0.0004962640 0.0000280534 0.0000002394 0.0004882962 -0.0000305185 0.0000000035
10 0.0000002494 0.0004984614 0.0000313162 0.0000002133 0.0004577776 -0.0000610370 0.0000000102
11 0.0000002521 0.0005009144 0.0000346268 0.0000002394 0.0004882962 -0.0000305185 0.0000000044
12 0.0000002551 0.0005036308 0.0000379909 0.0000002394 0.0004882962 -0.0000305185 0.0000000049
13 0.0000002584 0.0005066194 0.0000414146 0.0000002394 0.0004882962 -0.0000305185 0.0000000055
14 0.0000002620 0.0005098899 0.0000449040 0.0000002394 0.0004882962 -0.0000305185 0.0000000062
15 0.0000002660 0.0005134533 0.0000484659 0.0000002384 0.0004882962 0.0000000000 0.0000000030
16 0.0000002703 0.0005173217 0.0000521075 0.0000002701 0.0005188147 0.0000305185 0.0000000005
17 0.0000002751 0.0005215087 0.0000558364 0.0000002394 0.0004882962 0.0000305185 0.0000000017
18 0.0000002803 0.0005260291 0.0000596606 0.0000002394 0.0004882962 0.0000305185 0.0000000023
19 0.0000002859 0.0005308995 0.0000635888 0.0000002701 0.0005188147 0.0000305185 0.0000000012
20 0.0000002920 0.0005361383 0.0000676306 0.0000002729 0.0005188147 0.0000610370 0.0000000003
21 0.0000002987 0.0005417658 0.0000717959 0.0000002701 0.0005188147 0.0000305185 0.0000000022
22 0.0000003059 0.0005478044 0.0000760959 0.0000002729 0.0005188147 0.0000610370 0.0000000011
23 0.0000003137 0.0005542791 0.0000805426 0.0000003055 0.0005493332 0.0000610370 0.0000000004
24 0.0000003222 0.0005612175 0.0000851489 0.0000003055 0.0005493332 0.0000610370 0.0000000007
25 0.0000003315 0.0005686503 0.0000899293 0.0000003055 0.0005493332 0.0000610370 0.0000000012
26 0.0000003415 0.0005766116 0.0000948994 0.0000003055 0.0005493332 0.0000610370 0.0000000019
27 0.0000003524 0.0005851395 0.0001000765 0.0000003055 0.0005493332 0.0000610370 0.0000000028
28 0.0000003643 0.0005942763 0.0001054799 0.0000003400 0.0005798517 0.0000610370 0.0000000022
29 0.0000003773 0.0006040696 0.0001111307 0.0000003446 0.0005798517 0.0000915555 0.0000000010
30 0.0000003914 0.0006145726 0.0001170527 0.0000003446 0.0005798517 0.0000915555 0.0000000019
31 0.0000004069 0.0006258452 0.0001232722 0.0000003809 0.0006103702 0.0000915555 0.0000000012
32 0.0000004238 0.0006379548 0.0001298189 0.0000003875 0.0006103702 0.0001220740 0.0000000008
33 0.0000004425 0.0006509778 0.0001367261 0.0000003875 0.0006103702 0.0001220740 0.0000000019
34 0.0000004630 0.0006650009 0.0001440316 0.0000004256 0.0006408887 0.0001220740 0.0000000011
35 0.0000004856 0.0006801228 0.0001517782 0.0000004657 0.0006714072 0.0001220740 0.0000000010
36 0.0000005107 0.0006964567 0.0001600147 0.0000004657 0.0006714072 0.0001220740 0.0000000021
37 0.0000005385 0.0007141321 0.0001687972 0.0000005160 0.0007019257 0.0001525925 0.0000000004
38 0.0000005695 0.0007332991 0.0001781899 0.0000005160 0.0007019257 0.0001525925 0.0000000016
39 0.0000006042 0.0007541315 0.0001882677 0.0000005598 0.0007324442 0.0001525925 0.0000000017
40 0.0000006431 0.0007768321 0.0001991175 0.0000006054 0.0007629627 0.0001525925 0.0000000024
41 0.0000006871 0.0008016392 0.0002108411 0.0000006054 0.0007629627 0.0001525925 0.0000000049
42 0.0000007369 0.0008288340 0.0002235589 0.0000007246 0.0008239998 0.0002136296 0.0000000001
43 0.0000007938 0.0008587514 0.0002374139 0.0000007246 0.0008239998 0.0002136296 0.0000000018
44 0.0000008591 0.0008917927 0.0002525773 0.0000008429 0.0008850368 0.0002441481 0.0000000001
45 0.0000009345 0.0009284437 0.0002692562 0.0000008978 0.0009155553 0.0002441481 0.0000000008
46 0.0000010223 0.0009692971 0.0002877034 0.0000009547 0.0009460738 0.0002441481 0.0000000024
47 0.0000011254 0.0010150846 0.0003082305 0.0000010292 0.0009765923 0.0002746666 0.0000000026
48 0.0000012476 0.0010667193 0.0003312263 0.0000011698 0.0010376293 0.0003051851 0.0000000015
49 0.0000013940 0.0011253559 0.0003571825 0.0000013198 0.0010986663 0.0003357036 0.0000000012
50 0.0000015716 0.0011924764 0.0003867297 0.0000015293 0.0011902219 0.0003357036 0.0000000026
51 0.0000017899 0.0012700144 0.0004206907 0.0000016476 0.0012207404 0.0003967406 0.0000000030
52 0.0000020628 0.0013605413 0.0004601597 0.0000019857 0.0013428144 0.0004272591 0.0000000014
53 0.0000024104 0.0014675532 0.0005066240 0.0000022959 0.0014343699 0.0004882962 0.0000000014
54 0.0000028630 0.0015959272 0.0005621580 0.0000027876 0.0015869625 0.0005188147 0.0000000020
55 0.0000034685 0.0017526776 0.0006297455 0.0000033986 0.0017395550 0.0006103702 0.0000000005
56 0.0000043053 0.0019482711 0.0007138383 0.0000041474 0.0019226661 0.0006714072 0.0000000025
57 0.0000055105 0.0021990481 0.0008213862 0.0000053247 0.0021668142 0.0007934812 0.0000000018
58 0.0000073402 0.0025320154 0.0009638757 0.0000071008 0.0025025178 0.0009155553 0.0000000032
59 0.0000103212 0.0029952462 0.0011617525 0.0000099704 0.0029602954 0.0010986663 0.0000000052
60 0.0000156852 0.0036833968 0.0014552741 0.0000154693 0.0036622211 0.0014343699 0.0000000009
61 0.0000269057 0.0048121677 0.0019361782 0.0000265378 0.0047914060 0.0018921476 0.0000000024
62 0.0000572671 0.0070027124 0.0028686409 0.0000568980 0.0069887387 0.0028382214 0.0000000011
63 0.0002007986 0.0130788573 0.0054536331 0.0001982022 0.0130008850 0.0054017762 0.0000000088
64 0.0153656025 0.1141090179 0.0484224594 0.0019494311 0.0312204352 0.0312204352 0.0071664268
65 0.0003262769 -0.0165834168 -0.0071601098 0.0003260517 -0.0165715506 -0.0071718497 0.0000000003
66 0.0000697775 -0.0076481119 -0.0033591551 0.0000696867 -0.0076296274 -0.0033875546 0.0000000011
67 0.0000292229 -0.0049357566 -0.0022048258 0.0000294064 -0.0049439985 -0.0022278512 0.0000000006
68 0.0000158506 -0.0036248407 -0.0016465382 0.0000159052 -0.0036317026 -0.0016479995 0.0000000000
69 0.0000098714 -0.0028524012 -0.0013172748 0.0000099518 -0.0028687399 -0.0013122959 0.0000000003
70 0.0000067012 -0.0023433248 -0.0011000300 0.0000067972 -0.0023499252 -0.0011291849 0.0000000009
71 0.0000048256 -0.0019826342 -0.0009459037 0.0000048301 -0.0019837031 -0.0009460738 0.0000000000
72 0.0000036273 -0.0017137756 -0.0008308436 0.0000035998 -0.0017090365 -0.0008239998 0.0000000001
73 0.0000028171 -0.0015056929 -0.0007416412 0.0000028649 -0.0015259255 -0.0007324442 0.0000000005
74 0.0000022449 -0.0013399136 -0.0006704400 0.0000022959 -0.0013428144 -0.0007019257 0.0000000010
75 0.0000018263 -0.0012047619 -0.0006122741 0.0000018628 -0.0012207404 -0.0006103702 0.0000000003
76 0.0000015115 -0.0010924957 -0.0005638505 0.0000016113 -0.0011291849 -0.0005798517 0.0000000016
77 0.0000012690 -0.0009977789 -0.0005228997 0.0000013160 -0.0010071108 -0.0005493332 0.0000000008
78 0.0000010785 -0.0009168141 -0.0004878065 0.0000011335 -0.0009460738 -0.0004882962 0.0000000009
79 0.0000009263 -0.0008468255 -0.0004573900 0.0000009398 -0.0008545183 -0.0004577776 0.0000000001
80 0.0000008029 -0.0007857366 -0.0004307670 0.0000008392 -0.0007934812 -0.0004577776 0.0000000008
81 0.0000007016 -0.0007319636 -0.0004072636 0.0000007190 -0.0007324442 -0.0004272591 0.0000000004
82 0.0000006175 -0.0006842768 -0.0003863569 0.0000006501 -0.0007019257 -0.0003967406 0.0000000004
83 0.0000005469 -0.0006417075 -0.0003676345 0.0000005449 -0.0006408887 -0.0003662221 0.0000000000
84 0.0000004872 -0.0006034819 -0.0003507673 0.0000005067 -0.0006103702 -0.0003662221 0.0000000003
85 0.0000004363 -0.0005689745 -0.0003354890 0.0000004489 -0.0005798517 -0.0003357036 0.0000000001
86 0.0000003925 -0.0005376743 -0.0003215822 0.0000004489 -0.0005798517 -0.0003357036 0.0000000020
87 0.0000003546 -0.0005091596 -0.0003088674 0.0000003949 -0.0005493332 -0.0003051851 0.0000000016
88 0.0000003217 -0.0004830795 -0.0002971952 0.0000003316 -0.0004882962 -0.0003051851 0.0000000001
89 0.0000002929 -0.0004591395 -0.0002864402 0.0000003027 -0.0004577776 -0.0003051851 0.0000000004
90 0.0000002675 -0.0004370905 -0.0002764964 0.0000002580 -0.0004272591 -0.0002746666 0.0000000001
91 0.0000002451 -0.0004167209 -0.0002672735 0.0000002580 -0.0004272591 -0.0002746666 0.0000000002
92 0.0000002252 -0.0003978490 -0.0002586942 0.0000002580 -0.0004272591 -0.0002746666 0.0000000011
93 0.0000002075 -0.0003803186 -0.0002506920 0.0000002328 -0.0003967406 -0.0002746666 0.0000000008
94 0.0000001916 -0.0003639944 -0.0002432091 0.0000002096 -0.0003662221 -0.0002746666 0.0000000010
95 0.0000001774 -0.0003487585 -0.0002361954 0.0000001937 -0.0003662221 -0.0002441481 0.0000000004
96 0.0000001646 -0.0003345080 -0.0002296068 0.0000001723 -0.0003357036 -0.0002441481 0.0000000002
97 0.0000001530 -0.0003211524 -0.0002234049 0.0000001723 -0.0003357036 -0.0002441481 0.0000000006
98 0.0000001426 -0.0003086120 -0.0002175556 0.0000001723 -0.0003357036 -0.0002441481 0.0000000014
99 0.0000001331 -0.0002968161 -0.0002120287 0.0000001527 -0.0003051851 -0.0002441481 0.0000000011
100 0.0000001244 -0.0002857021 -0.0002067975 0.0000001527 -0.0003051851 -0.0002441481 0.0000000018
101 0.0000001165 -0.0002752140 -0.0002018381 0.0000001211 -0.0002746666 -0.0002136296 0.0000000001
102 0.0000001092 -0.0002653019 -0.0001971292 0.0000001211 -0.0002746666 -0.0002136296 0.0000000004
103 0.0000001026 -0.0002559209 -0.0001926515 0.0000001211 -0.0002746666 -0.0002136296 0.0000000008
104 0.0000000965 -0.0002470307 -0.0001883878 0.0000001211 -0.0002746666 -0.0002136296 0.0000000014
105 0.0000000909 -0.0002385949 -0.0001843227 0.0000001090 -0.0002746666 -0.0001831111 0.0000000013
106 0.0000000857 -0.0002305807 -0.0001804419 0.0000001052 -0.0002441481 -0.0002136296 0.0000000013
107 0.0000000809 -0.0002229583 -0.0001767327 0.0000001052 -0.0002441481 -0.0002136296 0.0000000018
108 0.0000000765 -0.0002157004 -0.0001731835 0.0000000792 -0.0002136296 -0.0001831111 0.0000000001
109 0.0000000724 -0.0002087826 -0.0001697838 0.0000000792 -0.0002136296 -0.0001831111 0.0000000002
110 0.0000000686 -0.0002021822 -0.0001665238 0.0000000792 -0.0002136296 -0.0001831111 0.0000000004
111 0.0000000651 -0.0001958787 -0.0001633948 0.0000000792 -0.0002136296 -0.0001831111 0.0000000007
112 0.0000000618 -0.0001898532 -0.0001603886 0.0000000689 -0.0002136296 -0.0001525925 0.0000000006
113 0.0000000587 -0.0001840885 -0.0001574978 0.0000000671 -0.0001831111 -0.0001831111 0.0000000007
114 0.0000000558 -0.0001785685 -0.0001547156 0.0000000671 -0.0001831111 -0.0001831111 0.0000000008
115 0.0000000531 -0.0001732788 -0.0001520356 0.0000000568 -0.0001831111 -0.0001525925 0.0000000001
116 0.0000000506 -0.0001682056 -0.0001494520 0.0000000568 -0.0001831111 -0.0001525925 0.0000000002
117 0.0000000483 -0.0001633366 -0.0001469595 0.0000000568 -0.0001831111 -0.0001525925 0.0000000004
118 0.0000000461 -0.0001586602 -0.0001445530 0.0000000466 -0.0001525925 -0.0001525925 0.0000000001
119 0.0000000440 -0.0001541656 -0.0001422279 0.0000000568 -0.0001525925 -0.0001831111 0.0000000017
120 0.0000000420 -0.0001498430 -0.0001399800 0.0000000466 -0.0001525925 -0.0001525925 0.0000000002
121 0.0000000402 -0.0001456830 -0.0001378052 0.0000000484 -0.0001831111 -0.0001220740 0.0000000016
122 0.0000000385 -0.0001416771 -0.0001356998 0.0000000568 -0.0001831111 -0.0001525925 0.0000000020
123 0.0000000369 -0.0001378173 -0.0001336604 0.0000000568 -0.0001831111 -0.0001525925 0.0000000024
124 0.0000000353 -0.0001340961 -0.0001316837 0.0000000466 -0.0001525925 -0.0001525925 0.0000000008
125 0.0000000339 -0.0001305065 -0.0001297666 0.0000000466 -0.0001525925 -0.0001525925 0.0000000010
126 0.0000000325 -0.0001270420 -0.0001279064 0.0000000466 -0.0001525925 -0.0001525925 0.0000000013
127 0.0000000312 -0.0001236964 -0.0001261003 0.0000000298 -0.0001220740 -0.0001220740 0.0000000000
128 0.0000000300 -0.0001204642 -0.0001243460 0.0000000466 -0.0001525925 -0.0001525925 0.0000000018
129 0.0000000288 -0.0001173398 -0.0001226410 0.0000000298 -0.0001220740 -0.0001220740 0.0000000000
130 0.0000000277 -0.0001143183 -0.0001209831 0.0000000298 -0.0001220740 -0.0001220740 0.0000000001
131 0.0000000267 -0.0001113950 -0.0001193704 0.0000000382 -0.0001220740 -0.0001525925 0.0000000012
132 0.0000000257 -0.0001085653 -0.0001178008 0.0000000382 -0.0001220740 -0.0001525925 0.0000000014
133 0.0000000247 -0.0001058251 -0.0001162726 0.0000000298 -0.0001220740 -0.0001220740 0.0000000003
134 0.0000000238 -0.0001031704 -0.0001147839 0.0000000233 -0.0000915555 -0.0001220740 0.0000000002
135 0.0000000230 -0.0001005976 -0.0001133332 0.0000000298 -0.0001220740 -0.0001220740 0.0000000005
136 0.0000000222 -0.0000981031 -0.0001119188 0.0000000298 -0.0001220740 -0.0001220740 0.0000000007
137 0.0000000214 -0.0000956835 -0.0001105395 0.0000000298 -0.0001220740 -0.0001220740 0.0000000008
138 0.0000000206 -0.0000933358 -0.0001091937 0.0000000298 -0.0001220740 -0.0001220740 0.0000000010
139 0.0000000199 -0.0000910570 -0.0001078802 0.0000000298 -0.0001220740 -0.0001220740 0.0000000012
140 0.0000000193 -0.0000888443 -0.0001065977 0.0000000298 -0.0001220740 -0.0001220740 0.0000000013
141 0.0000000186 -0.0000866949 -0.0001053451 0.0000000168 -0.0000915555 -0.0000915555 0.0000000002
142 0.0000000180 -0.0000846064 -0.0001041211 0.0000000298 -0.0001220740 -0.0001220740 0.0000000017
143 0.0000000174 -0.0000825765 -0.0001029249 0.0000000317 -0.0000915555 -0.0001525925 0.0000000025
144 0.0000000169 -0.0000806027 -0.0001017553 0.0000000233 -0.0000915555 -0.0001220740 0.0000000005
145 0.0000000163 -0.0000786830 -0.0001006115 0.0000000233 -0.0000915555 -0.0001220740 0.0000000006
146 0.0000000158 -0.0000768153 -0.0000994924 0.0000000233 -0.0000915555 -0.0001220740 0.0000000007
147 0.0000000153 -0.0000749976 -0.0000983973 0.0000000233 -0.0000915555 -0.0001220740 0.0000000008
148 0.0000000148 -0.0000732282 -0.0000973252 0.0000000233 -0.0000915555 -0.0001220740 0.0000000009
149 0.0000000144 -0.0000715052 -0.0000962755 0.0000000233 -0.0000915555 -0.0001220740 0.0000000011
150 0.0000000139 -0.0000698269 -0.0000952473 0.0000000168 -0.0000915555 -0.0000915555 0.0000000005
151 0.0000000135 -0.0000681917 -0.0000942400 0.0000000233 -0.0000915555 -0.0001220740 0.0000000013
152 0.0000000131 -0.0000665982 -0.0000932528 0.0000000233 -0.0000915555 -0.0001220740 0.0000000015
153 0.0000000127 -0.0000650448 -0.0000922851 0.0000000233 -0.0000915555 -0.0001220740 0.0000000016
154 0.0000000124 -0.0000635301 -0.0000913363 0.0000000121 -0.0000610370 -0.0000915555 0.0000000000
155 0.0000000120 -0.0000620528 -0.0000904057 0.0000000168 -0.0000915555 -0.0000915555 0.0000000009
156 0.0000000117 -0.0000606117 -0.0000894928 0.0000000168 -0.0000915555 -0.0000915555 0.0000000010
157 0.0000000114 -0.0000592055 -0.0000885971 0.0000000168 -0.0000915555 -0.0000915555 0.0000000011
158 0.0000000110 -0.0000578331 -0.0000877180 0.0000000121 -0.0000610370 -0.0000915555 0.0000000000
159 0.0000000107 -0.0000564933 -0.0000868550 0.0000000121 -0.0000610370 -0.0000915555 0.0000000000
160 0.0000000104 -0.0000551851 -0.0000860076 0.0000000121 -0.0000610370 -0.0000915555 0.0000000001
161 0.0000000102 -0.0000539074 -0.0000851754 0.0000000121 -0.0000610370 -0.0000915555 0.0000000001
162 0.0000000099 -0.0000526593 -0.0000843578 0.0000000186 -0.0000610370 -0.0001220740 0.0000000015
163 0.0000000096 -0.0000514398 -0.0000835546 0.0000000121 -0.0000610370 -0.0000915555 0.0000000002
164 0.0000000094 -0.0000502480 -0.0000827652 0.0000000121 -0.0000610370 -0.0000915555 0.0000000002
165 0.0000000091 -0.0000490831 -0.0000819894 0.0000000121 -0.0000610370 -0.0000915555 0.0000000002
166 0.0000000089 -0.0000479443 -0.0000812266 0.0000000121 -0.0000610370 -0.0000915555 0.0000000003
167 0.0000000087 -0.0000468306 -0.0000804765 0.0000000186 -0.0000610370 -0.0001220740 0.0000000019
168 0.0000000085 -0.0000457415 -0.0000797388 0.0000000121 -0.0000610370 -0.0000915555 0.0000000004
169 0.0000000082 -0.0000446760 -0.0000790132 0.0000000121 -0.0000610370 -0.0000915555 0.0000000004
170 0.0000000080 -0.0000436336 -0.0000782992 0.0000000121 -0.0000610370 -0.0000915555 0.0000000005
171 0.0000000078 -0.0000426135 -0.0000775967 0.0000000121 -0.0000610370 -0.0000915555 0.0000000005
172 0.0000000076 -0.0000416152 -0.0000769052 0.0000000121 -0.0000610370 -0.0000915555 0.0000000006
173 0.0000000075 -0.0000406378 -0.0000762245 0.0000000093 -0.0000305185 -0.0000915555 0.0000000003
174 0.0000000073 -0.0000396810 -0.0000755544 0.0000000121 -0.0000610370 -0.0000915555 0.0000000007
175 0.0000000071 -0.0000387439 -0.0000748945 0.0000000121 -0.0000610370 -0.0000915555 0.0000000008
176 0.0000000069 -0.0000378262 -0.0000742446 0.0000000121 -0.0000610370 -0.0000915555 0.0000000008
177 0.0000000068 -0.0000369273 -0.0000736044 0.0000000121 -0.0000610370 -0.0000915555 0.0000000009
178 0.0000000066 -0.0000360466 -0.0000729737 0.0000000121 -0.0000610370 -0.0000915555 0.0000000010
179 0.0000000065 -0.0000351836 -0.0000723523 0.0000000121 -0.0000610370 -0.0000915555 0.0000000010
180 0.0000000063 -0.0000343379 -0.0000717398 0.0000000121 -0.0000610370 -0.0000915555 0.0000000011
181 0.0000000062 -0.0000335089 -0.0000711362 0.0000000093 -0.0000305185 -0.0000915555 0.0000000004
182 0.0000000060 -0.0000326963 -0.0000705411 0.0000000047 -0.0000305185 -0.0000610370 0.0000000001
183 0.0000000059 -0.0000318996 -0.0000699545 0.0000000047 -0.0000305185 -0.0000610370 0.0000000001
184 0.0000000058 -0.0000311183 -0.0000693760 0.0000000121 -0.0000610370 -0.0000915555 0.0000000014
185 0.0000000057 -0.0000303521 -0.0000688055 0.0000000093 -0.0000305185 -0.0000915555 0.0000000005
186 0.0000000055 -0.0000296006 -0.0000682428 0.0000000121 -0.0000610370 -0.0000915555 0.0000000015
187 0.0000000054 -0.0000288633 -0.0000676877 0.0000000121 -0.0000610370 -0.0000915555 0.0000000016
188 0.0000000053 -0.0000281400 -0.0000671400 0.0000000093 -0.0000305185 -0.0000915555 0.0000000006
189 0.0000000052 -0.0000274302 -0.0000665997 0.0000000093 -0.0000305185 -0.0000915555 0.0000000006
190 0.0000000051 -0.0000267336 -0.0000660664 0.0000000121 -0.0000610370 -0.0000915555 0.0000000018
191 0.0000000050 -0.0000260500 -0.0000655401 0.0000000019 -0.0000305185 -0.0000305185 0.0000000012
192 0.0000000049 -0.0000253788 -0.0000650205 0.0000000009 0.0000000000 -0.0000305185 0.0000000018
193 0.0000000048 -0.0000247200 -0.0000645076 0.0000000233 -0.0000915555 -0.0001220740 0.0000000078
194 0.0000000047 -0.0000240731 -0.0000640012 0.0000000093 -0.0000305185 -0.0000915555 0.0000000008
195 0.0000000046 -0.0000234378 -0.0000635012 0.0000000093 -0.0000305185 -0.0000915555 0.0000000008
196 0.0000000045 -0.0000228139 -0.0000630073 0.0000000121 -0.0000610370 -0.0000915555 0.0000000023
197 0.0000000044 -0.0000222011 -0.0000625196 0.0000000047 -0.0000305185 -0.0000610370 0.0000000001
198 0.0000000043 -0.0000215991 -0.0000620378 0.0000000093 -0.0000305185 -0.0000915555 0.0000000010
199 0.0000000042 -0.0000210077 -0.0000615618 0.0000000093 -0.0000305185 -0.0000915555 0.0000000010
200 0.0000000041 -0.0000204266 -0.0000610915 0.0000000093 -0.0000305185 -0.0000915555 0.0000000010
201 0.0000000041 -0.0000198556 -0.0000606269 0.0000000075 -0.0000610370 -0.0000610370 0.0000000017
202 0.0000000040 -0.0000192945 -0.0000601676 0.0000000047 -0.0000305185 -0.0000610370 0.0000000001
203 0.0000000039 -0.0000187429 -0.0000597138 0.0000000093 -0.0000305185 -0.0000915555 0.0000000012
204 0.0000000038 -0.0000182008 -0.0000592652 0.0000000093 -0.0000305185 -0.0000915555 0.0000000012
205 0.0000000038 -0.0000176678 -0.0000588217 0.0000000047 -0.0000305185 -0.0000610370 0.0000000002
206 0.0000000037 -0.0000171439 -0.0000583833 0.0000000093 -0.0000305185 -0.0000915555 0.0000000013
207 0.0000000036 -0.0000166286 -0.0000579498 0.0000000093 -0.0000305185 -0.0000915555 0.0000000013
208 0.0000000036 -0.0000161220 -0.0000575212 0.0000000047 -0.0000305185 -0.0000610370 0.0000000002
209 0.0000000035 -0.0000156237 -0.0000570973 0.0000000047 -0.0000305185 -0.0000610370 0.0000000002
210 0.0000000034 -0.0000151337 -0.0000566780 0.0000000037 0.0000000000 -0.0000610370 0.0000000002
211 0.0000000034 -0.0000146516 -0.0000562633 0.0000000047 -0.0000305185 -0.0000610370 0.0000000003
212 0.0000000033 -0.0000141774 -0.0000558531 0.0000000093 -0.0000305185 -0.0000915555 0.0000000015
213 0.0000000033 -0.0000137109 -0.0000554473 0.0000000047 -0.0000305185 -0.0000610370 0.0000000003
214 0.0000000032 -0.0000132518 -0.0000550458 0.0000000047 -0.0000305185 -0.0000610370 0.0000000003
215 0.0000000032 -0.0000128001 -0.0000546485 0.0000000093 -0.0000305185 -0.0000915555 0.0000000017
216 0.0000000031 -0.0000123556 -0.0000542554 0.0000000047 -0.0000305185 -0.0000610370 0.0000000004
217 0.0000000030 -0.0000119182 -0.0000538663 0.0000000047 -0.0000305185 -0.0000610370 0.0000000004
218 0.0000000030 -0.0000114876 -0.0000534813 0.0000000047 -0.0000305185 -0.0000610370 0.0000000004
219 0.0000000029 -0.0000110637 -0.0000531001 0.0000000093 -0.0000305185 -0.0000915555 0.0000000019
220 0.0000000029 -0.0000106465 -0.0000527228 0.0000000047 -0.0000305185 -0.0000610370 0.0000000005
221 0.0000000028 -0.0000102357 -0.0000523493 0.0000000047 -0.0000305185 -0.0000610370 0.0000000005
222 0.0000000028 -0.0000098313 -0.0000519794 0.0000000047 -0.0000305185 -0.0000610370 0.0000000005
223 0.0000000028 -0.0000094331 -0.0000516133 0.0000000047 -0.0000305185 -0.0000610370 0.0000000005
224 0.0000000027 -0.0000090409 -0.0000512507 0.0000000047 -0.0000305185 -0.0000610370 0.0000000006
225 0.0000000027 -0.0000086547 -0.0000508916 0.0000000047 -0.0000305185 -0.0000610370 0.0000000006
226 0.0000000026 -0.0000082743 -0.0000505360 0.0000000047 -0.0000305185 -0.0000610370 0.0000000006
227 0.0000000026 -0.0000078997 -0.0000501837 0.0000000047 -0.0000305185 -0.0000610370 0.0000000006
228 0.0000000025 -0.0000075307 -0.0000498348 0.0000000047 -0.0000305185 -0.0000610370 0.0000000007
229 0.0000000025 -0.0000071671 -0.0000494892 0.0000000084 0.0000000000 -0.0000915555 0.0000000018
230 0.0000000025 -0.0000068090 -0.0000491468 0.0000000047 -0.0000305185 -0.0000610370 0.0000000007
231 0.0000000024 -0.0000064561 -0.0000488076 0.0000000047 -0.0000305185 -0.0000610370 0.0000000007
232 0.0000000024 -0.0000061084 -0.0000484714 0.0000000047 -0.0000305185 -0.0000610370 0.0000000008
233 0.0000000024 -0.0000057658 -0.0000481384 0.0000000047 -0.0000305185 -0.0000610370 0.0000000008
234 0.0000000023 -0.0000054281 -0.0000478083 0.0000000047 -0.0000305185 -0.0000610370 0.0000000008
235 0.0000000023 -0.0000050954 -0.0000474812 0.0000000047 -0.0000305185 -0.0000610370 0.0000000008
236 0.0000000022 -0.0000047674 -0.0000471570 0.0000000047 -0.0000305185 -0.0000610370 0.0000000009
237 0.0000000022 -0.0000044442 -0.0000468357 0.0000000047 -0.0000305185 -0.0000610370 0.0000000009
238 0.0000000022 -0.0000041255 -0.0000465171 0.0000000037 0.0000000000 -0.0000610370 0.0000000002
239 0.0000000021 -0.0000038114 -0.0000462014 0.0000000047 -0.0000305185 -0.0000610370 0.0000000009
240 0.0000000021 -0.0000035018 -0.0000458884 0.0000000037 0.0000000000 -0.0000610370 0.0000000002
241 0.0000000021 -0.0000031965 -0.0000455780 0.0000000037 0.0000000000 -0.0000610370 0.0000000002
242 0.0000000021 -0.0000028954 -0.0000452703 0.0000000047 -0.0000305185 -0.0000610370 0.0000000010
243 0.0000000020 -0.0000025986 -0.0000449651 0.0000000047 -0.0000305185 -0.0000610370 0.0000000010
244 0.0000000020 -0.0000023059 -0.0000446626 0.0000000037 0.0000000000 -0.0000610370 0.0000000003
245 0.0000000020 -0.0000020173 -0.0000443625 0.0000000037 0.0000000000 -0.0000610370 0.0000000003
246 0.0000000019 -0.0000017327 -0.0000440649 0.0000000047 -0.0000305185 -0.0000610370 0.0000000011
247 0.0000000019 -0.0000014519 -0.0000437698 0.0000000047 -0.0000305185 -0.0000610370 0.0000000011
248 0.0000000019 -0.0000011750 -0.0000434770 0.0000000047 -0.0000305185 -0.0000610370 0.0000000012
249 0.0000000019 -0.0000009019 -0.0000431866 0.0000000047 -0.0000305185 -0.0000610370 0.0000000012
250 0.0000000018 -0.0000006325 -0.0000428985 0.0000000037 0.0000000000 -0.0000610370 0.0000000003
251 0.0000000018 -0.0000003667 -0.0000426127 0.0000000037 0.0000000000 -0.0000610370 0.0000000003
252 0.0000000018 -0.0000001045 -0.0000423292 0.0000000037 0.0000000000 -0.0000610370 0.0000000003
253 0.0000000018 0.0000001542 -0.0000420478 0.0000000037 0.0000000000 -0.0000610370 0.0000000004
254 0.0000000017 0.0000004095 -0.0000417687 0.0000000037 0.0000000000 -0.0000610370 0.0000000004
255 0.0000000017 0.0000006613 -0.0000414917 0.0000000009 0.0000000000 -0.0000305185 0.0000000001
256 0.0000000017 0.0000009098 -0.0000412168 0.0000000037 0.0000000000 -0.0000610370 0.0000000004
257 0.0000000017 0.0000011551 -0.0000409440 0.0000000037 0.0000000000 -0.0000610370 0.0000000004
258 0.0000000017 0.0000013971 -0.0000406733 0.0000000037 0.0000000000 -0.0000610370 0.0000000004
259 0.0000000016 0.0000016359 -0.0000404046 0.0000000037 0.0000000000 -0.0000610370 0.0000000004
260 0.0000000016 0.0000018716 -0.0000401379 0.0000000037 0.0000000000 -0.0000610370 0.0000000004
261 0.0000000016 0.0000021043 -0.0000398731 0.0000000009 0.0000000000 -0.0000305185 0.0000000001
262 0.0000000016 0.0000023339 -0.0000396103 0.0000000037 0.0000000000 -0.0000610370 0.0000000005
263 0.0000000016 0.0000025606 -0.0000393494 0.0000000009 0.0000000000 -0.0000305185 0.0000000001
264 0.0000000015 0.0000027843 -0.0000390904 0.0000000037 0.0000000000 -0.0000610370 0.0000000005
265 0.0000000015 0.0000030052 -0.0000388332 0.0000000037 0.0000000000 -0.0000610370 0.0000000005
266 0.0000000015 0.0000032233 -0.0000385779 0.0000000037 0.0000000000 -0.0000610370 0.0000000005
267 0.0000000015 0.0000034386 -0.0000383243 0.0000000037 0.0000000000 -0.0000610370 0.0000000005
268 0.0000000015 0.0000036511 -0.0000380726 0.0000000047 -0.0000305185 -0.0000610370 0.0000000017
269 0.0000000014 0.0000038610 -0.0000378226 0.0000000009 0.0000000000 -0.0000305185 0.0000000001
270 0.0000000014 0.0000040682 -0.0000375743 0.0000000037 0.0000000000 -0.0000610370 0.0000000006
271 0.0000000014 0.0000042728 -0.0000373277 0.0000000037 0.0000000000 -0.0000610370 0.0000000006
272 0.0000000014 0.0000044749 -0.0000370828 0.0000000047 -0.0000305185 -0.0000610370 0.0000000018
273 0.0000000014 0.0000046744 -0.0000368396 0.0000000009 0.0000000000 -0.0000305185 0.0000000001
274 0.0000000014 0.0000048715 -0.0000365980 0.0000000009 0.0000000000 -0.0000305185 0.0000000001
275 0.0000000013 0.0000050661 -0.0000363580 0.0000000037 0.0000000000 -0.0000610370 0.0000000006
276 0.0000000013 0.0000052583 -0.0000361196 0.0000000037 0.0000000000 -0.0000610370 0.0000000006
277 0.0000000013 0.0000054481 -0.0000358827 0.0000000009 0.0000000000 -0.0000305185 0.0000000001
278 0.0000000013 0.0000056356 -0.0000356474 0.0000000009 0.0000000000 -0.0000305185 0.0000000001
279 0.0000000013 0.0000058208 -0.0000354136 0.0000000009 0.0000000000 -0.0000305185 0.0000000001
280 0.0000000013 0.0000060038 -0.0000351814 0.0000000037 0.0000000000 -0.0000610370 0.0000000007
281 0.0000000013 0.0000061845 -0.0000349506 0.0000000047 -0.0000305185 -0.0000610370 0.0000000020
282 0.0000000012 0.0000063630 -0.0000347213 0.0000000037 0.0000000000 -0.0000610370 0.0000000007
283 0.0000000012 0.0000065394 -0.0000344934 0.0000000009 0.0000000000 -0.0000305185 0.0000000001
284 0.0000000012 0.0000067136 -0.0000342669 0.0000000037 0.0000000000 -0.0000610370 0.0000000008
285 0.0000000012 0.0000068857 -0.0000340419 0.0000000037 0.0000000000 -0.0000610370 0.0000000008
286 0.0000000012 0.0000070558 -0.0000338182 0.0000000009 0.0000000000 -0.0000305185 0.0000000001
287 0.0000000012 0.0000072238 -0.0000335959 0.0000000037 0.0000000000 -0.0000610370 0.0000000008
288 0.0000000012 0.0000073898 -0.0000333749 0.0000000037 0.0000000000 -0.0000610370 0.0000000008
289 0.0000000012 0.0000075539 -0.0000331553 0.0000000019 -0.0000305185 -0.0000305185 0.0000000015
290 0.0000000011 0.0000077160 -0.0000329370 0.0000000037 0.0000000000 -0.0000610370 0.0000000008
291 0.0000000011 0.0000078762 -0.0000327200 0.0000000019 -0.0000305185 -0.0000305185 0.0000000015
292 0.0000000011 0.0000080345 -0.0000325043 0.0000000009 0.0000000000 -0.0000305185 0.0000000001
293 0.0000000011 0.0000081909 -0.0000322898 0.0000000009 0.0000000000 -0.0000305185 0.0000000001
294 0.0000000011 0.0000083455 -0.0000320766 0.0000000037 0.0000000000 -0.0000610370 0.0000000009
295 0.0000000011 0.0000084982 -0.0000318647 0.0000000009 0.0000000000 -0.0000305185 0.0000000001
296 0.0000000011 0.0000086492 -0.0000316539 0.0000000009 0.0000000000 -0.0000305185 0.0000000001
297 0.0000000011 0.0000087984 -0.0000314443 0.0000000009 0.0000000000 -0.0000305185 0.0000000001
298 0.0000000011 0.0000089459 -0.0000312360 0.0000000009 0.0000000000 -0.0000305185 0.0000000001
299 0.0000000010 0.0000090917 -0.0000310288 0.0000000009 0.0000000000 -0.0000305185 0.0000000001
300 0.0000000010 0.0000092358 -0.0000308227 0.0000000037 0.0000000000 -0.0000610370 0.0000000010
301 0.0000000010 0.0000093782 -0.0000306178 0.0000000009 0.0000000000 -0.0000305185 0.0000000001
302 0.0000000010 0.0000095189 -0.0000304140 0.0000000037 0.0000000000 -0.0000610370 0.0000000010
303 0.0000000010 0.0000096581 -0.0000302114 0.0000000009 0.0000000000 -0.0000305185 0.0000000001
304 0.0000000010 0.0000097956 -0.0000300098 0.0000000009 0.0000000000 -0.0000305185 0.0000000001
305 0.0000000010 0.0000099316 -0.0000298093 0.0000000037 0.0000000000 -0.0000610370 0.0000000011
306 0.0000000010 0.0000100660 -0.0000296099 0.0000000037 0.0000000000 -0.0000610370 0.0000000011
307 0.0000000010 0.0000101989 -0.0000294116 0.0000000047 -0.0000305185 -0.0000610370 0.0000000027
308 0.0000000010 0.0000103303 -0.0000292143 0.0000000037 0.0000000000 -0.0000610370 0.0000000011
309 0.0000000010 0.0000104601 -0.0000290180 0.0000000009 0.0000000000 -0.0000305185 0.0000000001
310 0.0000000009 0.0000105885 -0.0000288227 0.0000000009 0.0000000000 -0.0000305185 0.0000000001
311 0.0000000009 0.0000107154 -0.0000286285 0.0000000009 0.0000000000 -0.0000305185 0.0000000001
312 0.0000000009 0.0000108409 -0.0000284352 0.0000000009 0.0000000000 -0.0000305185 0.0000000001
313 0.0000000009 0.0000109650 -0.0000282430 0.0000000037 0.0000000000 -0.0000610370 0.0000000012
314 0.0000000009 0.0000110877 -0.0000280517 0.0000000009 0.0000000000 -0.0000305185 0.0000000001
315 0.0000000009 0.0000112090 -0.0000278613 0.0000000009 0.0000000000 -0.0000305185 0.0000000001
316 0.0000000009 0.0000113290 -0.0000276719 0.0000000009 0.0000000000 -0.0000305185 0.0000000001
317 0.0000000009 0.0000114475 -0.0000274835 0.0000000037 0.0000000000 -0.0000610370 0.0000000013
318 0.0000000009 0.0000115648 -0.0000272959 0.0000000009 0.0000000000 -0.0000305185 0.0000000001
319 0.0000000009 0.0000116808 -0.0000271093 0.0000000037 0.0000000000 -0.0000610370 0.0000000013
320 0.0000000009 0.0000117954 -0.0000269236 0.0000000037 0.0000000000 -0.0000610370 0.0000000013
321 0.0000000009 0.0000119088 -0.0000267388 0.0000000009 -0.0000305185 0.0000000000 0.0000000025
322 0.0000000008 0.0000120209 -0.0000265548 0.0000000009 0.0000000000 -0.0000305185 0.0000000002
323 0.0000000008 0.0000121318 -0.0000263718 0.0000000009 0.0000000000 -0.0000305185 0.0000000002
324 0.0000000008 0.0000122414 -0.0000261895 0.0000000009 0.0000000000 -0.0000305185 0.0000000002
325 0.0000000008 0.0000123498 -0.0000260082 0.0000000019 -0.0000305185 -0.0000305185 0.0000000019
326 0.0000000008 0.0000124570 -0.0000258276 0.0000000009 0.0000000000 -0.0000305185 0.0000000002
327 0.0000000008 0.0000125630 -0.0000256480 0.0000000019 -0.0000305185 -0.0000305185 0.0000000019
328 0.0000000008 0.0000126679 -0.0000254691 0.0000000037 0.0000000000 -0.0000610370 0.0000000014
329 0.0000000008 0.0000127716 -0.0000252910 0.0000000009 0.0000000000 -0.0000305185 0.0000000002
330 0.0000000008 0.0000128741 -0.0000251137 0.0000000009 0.0000000000 -0.0000305185 0.0000000002
331 0.0000000008 0.0000129756 -0.0000249373 0.0000000009 0.0000000000 -0.0000305185 0.0000000002
332 0.0000000008 0.0000130759 -0.0000247616 0.0000000009 0.0000000000 -0.0000305185 0.0000000002
333 0.0000000008 0.0000131751 -0.0000245866 0.0000000009 0.0000000000 -0.0000305185 0.0000000002
334 0.0000000008 0.0000132732 -0.0000244125 0.0000000009 0.0000000000 -0.0000305185 0.0000000002
335 0.0000000008 0.0000133702 -0.0000242391 0.0000000009 0.0000000000 -0.0000305185 0.0000000002
336 0.0000000008 0.0000134661 -0.0000240664 0.0000000009 0.0000000000 -0.0000305185 0.0000000002
337 0.0000000008 0.0000135611 -0.0000238945 0.0000000009 0.0000000000 -0.0000305185 0.0000000002
338 0.0000000007 0.0000136549 -0.0000237233 0.0000000009 0.0000000000 -0.0000305185 0.0000000002
339 0.0000000007 0.0000137478 -0.0000235528 0.0000000009 0.0000000000 -0.0000305185 0.0000000002
340 0.0000000007 0.0000138396 -0.0000233831 0.0000000009 0.0000000000 -0.0000305185 0.0000000002
341 0.0000000007 0.0000139304 -0.0000232140 0.0000000009 0.0000000000 -0.0000305185 0.0000000002
342 0.0000000007 0.0000140202 -0.0000230456 0.0000000009 0.0000000000 -0.0000305185 0.0000000003
343 0.0000000007 0.0000141090 -0.0000228780 0.0000000009 0.0000000000 -0.0000305185 0.0000000003
344 0.0000000007 0.0000141969 -0.0000227110 0.0000000009 0.0000000000 -0.0000305185 0.0000000003
345 0.0000000007 0.0000142838 -0.0000225446 0.0000000009 0.0000000000 -0.0000305185 0.0000000003
346 0.0000000007 0.0000143698 -0.0000223790 0.0000000009 0.0000000000 -0.0000305185 0.0000000003
347 0.0000000007 0.0000144548 -0.0000222140 0.0000000009 0.0000000000 -0.0000305185 0.0000000003
348 0.0000000007 0.0000145389 -0.0000220496 0.0000000009 0.0000000000 -0.0000305185 0.0000000003
349 0.0000000007 0.0000146220 -0.0000218859 0.0000000009 0.0000000000 -0.0000305185 0.0000000003
350 0.0000000007 0.0000147043 -0.0000217228 0.0000000009 0.0000000000 -0.0000305185 0.0000000003
351 0.0000000007 0.0000147856 -0.0000215603 0.0000000009 0.0000000000 -0.0000305185 0.0000000003
352 0.0000000007 0.0000148661 -0.0000213985 0.0000000009 0.0000000000 -0.0000305185 0.0000000003
353 0.0000000007 0.0000149457 -0.0000212372 0.0000000009 0.0000000000 -0.0000305185 0.0000000003
354 0.0000000007 0.0000150244 -0.0000210766 0.0000000009 0.0000000000 -0.0000305185 0.0000000003
355 0.0000000007 0.0000151022 -0.0000209166 0.0000000009 0.0000000000 -0.0000305185 0.0000000003
356 0.0000000007 0.0000151792 -0.0000207571 0.0000000009 0.0000000000 -0.0000305185 0.0000000003
357 0.0000000007 0.0000152554 -0.0000205983 0.0000000009 0.0000000000 -0.0000305185 0.0000000003
358 0.0000000007 0.0000153307 -0.0000204400 0.0000000009 0.0000000000 -0.0000305185 0.0000000003
359 0.0000000006 0.0000154052 -0.0000202823 0.0000000000 0.0000000000 0.0000000000 0.0000000006
360 0.0000000006 0.0000154789 -0.0000201251 0.0000000009 0.0000000000 -0.0000305185 0.0000000003
361 0.0000000006 0.0000155518 -0.0000199685 0.0000000037 0.0000000000 -0.0000610370 0.0000000019
362 0.0000000006 0.0000156238 -0.0000198125 0.0000000009 0.0000000000 -0.0000305185 0.0000000004
363 0.0000000006 0.0000156951 -0.0000196570 0.0000000009 0.0000000000 -0.0000305185 0.0000000004
364 0.0000000006 0.0000157656 -0.0000195020 0.0000000009 0.0000000000 -0.0000305185 0.0000000004
365 0.0000000006 0.0000158353 -0.0000193476 0.0000000009 0.0000000000 -0.0000305185 0.0000000004
366 0.0000000006 0.0000159043 -0.0000191937 0.0000000047 -0.0000305185 -0.0000610370 0.0000000039
367 0.0000000006 0.0000159725 -0.0000190403 0.0000000009 0.0000000000 -0.0000305185 0.0000000004
368 0.0000000006 0.0000160399 -0.0000188875 0.0000000009 0.0000000000 -0.0000305185 0.0000000004
369 0.0000000006 0.0000161066 -0.0000187351 0.0000000009 0.0000000000 -0.0000305185 0.0000000004
370 0.0000000006 0.0000161725 -0.0000185833 0.0000000009 0.0000000000 -0.0000305185 0.0000000004
371 0.0000000006 0.0000162378 -0.0000184319 0.0000000009 0.0000000000 -0.0000305185 0.0000000004
372 0.0000000006 0.0000163023 -0.0000182810 0.0000000009 0.0000000000 -0.0000305185 0.0000000004
373 0.0000000006 0.0000163660 -0.0000181306 0.0000000009 0.0000000000 -0.0000305185 0.0000000004
374 0.0000000006 0.0000164291 -0.0000179807 0.0000000009 0.0000000000 -0.0000305185 0.0000000004
375 0.0000000006 0.0000164915 -0.0000178313 0.0000000009 0.0000000000 -0.0000305185 0.0000000004
376 0.0000000006 0.0000165531 -0.0000176823 0.0000000009 0.0000000000 -0.0000305185 0.0000000004
377 0.0000000006 0.0000166141 -0.0000175338 0.0000000009 0.0000000000 -0.0000305185 0.0000000004
378 0.0000000006 0.0000166744 -0.0000173858 0.0000000009 0.0000000000 -0.0000305185 0.0000000005
379 0.0000000006 0.0000167340 -0.0000172382 0.0000000009 0.0000000000 -0.0000305185 0.0000000005
380 0.0000000006 0.0000167929 -0.0000170910 0.0000000009 0.0000000000 -0.0000305185 0.0000000005
381 0.0000000006 0.0000168512 -0.0000169443 0.0000000009 0.0000000000 -0.0000305185 0.0000000005
382 0.0000000006 0.0000169088 -0.0000167981 0.0000000009 0.0000000000 -0.0000305185 0.0000000005
383 0.0000000006 0.0000169658 -0.0000166522 0.0000000009 0.0000000000 -0.0000305185 0.0000000005
384 0.0000000006 0.0000170221 -0.0000165068 0.0000000009 0.0000000000 -0.0000305185 0.0000000005
385 0.0000000006 0.0000170778 -0.0000163618 0.0000000009 0.0000000000 -0.0000305185 0.0000000005
386 0.0000000006 0.0000171328 -0.0000162172 0.0000000009 0.0000000000 -0.0000305185 0.0000000005
387 0.0000000006 0.0000171872 -0.0000160731 0.0000000019 0.0000305185 -0.0000305185 0.0000000004
388 0.0000000006 0.0000172410 -0.0000159293 0.0000000009 0.0000000000 -0.0000305185 0.0000000005
389 0.0000000005 0.0000172942 -0.0000157859 0.0000000009 0.0000000000 -0.0000305185 0.0000000005
390 0.0000000005 0.0000173467 -0.0000156430 0.0000000009 0.0000000000 -0.0000305185 0.0000000005
391 0.0000000005 0.0000173987 -0.0000155004 0.0000000009 0.0000000000 -0.0000305185 0.0000000005
392 0.0000000005 0.0000174500 -0.0000153582 0.0000000009 0.0000000000 -0.0000305185 0.0000000005
393 0.0000000005 0.0000175007 -0.0000152164 0.0000000019 -0.0000305185 -0.0000305185 0.0000000025
394 0.0000000005 0.0000175509 -0.0000150750 0.0000000009 0.0000000000 -0.0000305185 0.0000000005
395 0.0000000005 0.0000176005 -0.0000149339 0.0000000009 0.0000000000 -0.0000305185 0.0000000006
396 0.0000000005 0.0000176494 -0.0000147932 0.0000000009 0.0000000000 -0.0000305185 0.0000000006
397 0.0000000005 0.0000176978 -0.0000146529 0.0000000009 0.0000000000 -0.0000305185 0.0000000006
398 0.0000000005 0.0000177456 -0.0000145130 0.0000000009 0.0000000000 -0.0000305185 0.0000000006
399 0.0000000005 0.0000177929 -0.0000143734 0.0000000009 0.0000000000 -0.0000305185 0.0000000006
400 0.0000000005 0.0000178396 -0.0000142341 0.0000000009 0.0000000000 -0.0000305185 0.0000000006
401 0.0000000005 0.0000178857 -0.0000140952 0.0000000009 0.0000000000 -0.0000305185 0.0000000006
402 0.0000000005 0.0000179313 -0.0000139566 0.0000000009 0.0000000000 -0.0000305185 0.0000000006
403 0.0000000005 0.0000179763 -0.0000138184 0.0000000009 0.0000000000 -0.0000305185 0.0000000006
404 0.0000000005 0.0000180208 -0.0000136805 0.0000000009 0.0000000000 -0.0000305185 0.0000000006
405 0.0000000005 0.0000180647 -0.0000135429 0.0000000009 0.0000000000 -0.0000305185 0.0000000006
406 0.0000000005 0.0000181081 -0.0000134057 0.0000000009 0.0000000000 -0.0000305185 0.0000000006
407 0.0000000005 0.0000181510 -0.0000132688 0.0000000009 0.0000000000 -0.0000305185 0.0000000006
408 0.0000000005 0.0000181933 -0.0000131322 0.0000000009 0.0000000000 -0.0000305185 0.0000000006
409 0.0000000005 0.0000182351 -0.0000129959 0.0000000009 0.0000000000 -0.0000305185 0.0000000006
410 0.0000000005 0.0000182764 -0.0000128599 0.0000000009 0.0000000000 -0.0000305185 0.0000000006
411 0.0000000005 0.0000183172 -0.0000127242 0.0000000009 0.0000000000 -0.0000305185 0.0000000007
412 0.0000000005 0.0000183574 -0.0000125889 0.0000000009 0.0000000000 -0.0000305185 0.0000000007
413 0.0000000005 0.0000183972 -0.0000124538 0.0000000009 0.0000000000 -0.0000305185 0.0000000007
414 0.0000000005 0.0000184364 -0.0000123190 0.0000000009 0.0000000000 -0.0000305185 0.0000000007
415 0.0000000005 0.0000184751 -0.0000121845 0.0000000009 0.0000000000 -0.0000305185 0.0000000007
416 0.0000000005 0.0000185133 -0.0000120503 0.0000000009 0.0000000000 -0.0000305185 0.0000000007
417 0.0000000005 0.0000185511 -0.0000119164 0.0000000009 0.0000000000 -0.0000305185 0.0000000007
418 0.0000000005 0.0000185883 -0.0000117827 0.0000000000 0.0000000000 0.0000000000 0.0000000005
419 0.0000000005 0.0000186251 -0.0000116494 0.0000000009 0.0000000000 -0.0000305185 0.0000000007
420 0.0000000005 0.0000186613 -0.0000115163 0.0000000009 0.0000000000 -0.0000305185 0.0000000007
421 0.0000000005 0.0000186971 -0.0000113834 0.0000000019 0.0000305185 -0.0000305185 0.0000000005
422 0.0000000005 0.0000187324 -0.0000112509 0.0000000019 0.0000305185 -0.0000305185 0.0000000005
423 0.0000000005 0.0000187672 -0.0000111186 0.0000000009 0.0000000000 -0.0000305185 0.0000000007
424 0.0000000005 0.0000188016 -0.0000109865 0.0000000009 0.0000000000 -0.0000305185 0.0000000007
425 0.0000000005 0.0000188355 -0.0000108547 0.0000000009 0.0000000000 -0.0000305185 0.0000000007
426 0.0000000005 0.0000188689 -0.0000107231 0.0000000009 0.0000000000 -0.0000305185 0.0000000007
427 0.0000000005 0.0000189018 -0.0000105918 0.0000000009 0.0000000000 -0.0000305185 0.0000000008
428 0.0000000005 0.0000189343 -0.0000104608 0.0000000009 0.0000000000 -0.0000305185 0.0000000008
429 0.0000000005 0.0000189664 -0.0000103300 0.0000000009 0.0000000000 -0.0000305185 0.0000000008
430 0.0000000005 0.0000189979 -0.0000101994 0.0000000009 0.0000000000 -0.0000305185 0.0000000008
431 0.0000000005 0.0000190291 -0.0000100690 0.0000000000 0.0000000000 0.0000000000 0.0000000005
432 0.0000000005 0.0000190597 -0.0000099389 0.0000000009 0.0000000000 -0.0000305185 0.0000000008
433 0.0000000005 0.0000190900 -0.0000098090 0.0000000009 0.0000000000 -0.0000305185 0.0000000008
434 0.0000000005 0.0000191198 -0.0000096793 0.0000000009 0.0000000000 -0.0000305185 0.0000000008
435 0.0000000005 0.0000191491 -0.0000095498 0.0000000009 0.0000000000 -0.0000305185 0.0000000008
436 0.0000000005 0.0000191780 -0.0000094206 0.0000000019 0.0000305185 -0.0000305185 0.0000000006
437 0.0000000005 0.0000192065 -0.0000092915 0.0000000009 0.0000000000 -0.0000305185 0.0000000008
438 0.0000000005 0.0000192345 -0.0000091627 0.0000000000 0.0000000000 0.0000000000 0.0000000005
439 0.0000000005 0.0000192621 -0.0000090341 0.0000000000 0.0000000000 0.0000000000 0.0000000005
440 0.0000000005 0.0000192893 -0.0000089057 0.0000000009 0.0000000000 -0.0000305185 0.0000000008
441 0.0000000005 0.0000193160 -0.0000087775 0.0000000009 0.0000000000 -0.0000305185 0.0000000008
442 0.0000000004 0.0000193423 -0.0000086494 0.0000000009 0.0000000000 -0.0000305185 0.0000000009
443 0.0000000004 0.0000193682 -0.0000085216 0.0000000000 0.0000000000 0.0000000000 0.0000000004
444 0.0000000004 0.0000193937 -0.0000083940 0.0000000009 0.0000000000 -0.0000305185 0.0000000009
445 0.0000000004 0.0000194187 -0.0000082665 0.0000000019 -0.0000305185 -0.0000305185 0.0000000030
446 0.0000000004 0.0000194434 -0.0000081392 0.0000000000 0.0000000000 0.0000000000 0.0000000004
447 0.0000000004 0.0000194676 -0.0000080121 0.0000000009 -0.0000305185 0.0000000000 0.0000000026
448 0.0000000004 0.0000194914 -0.0000078852 0.0000000009 0.0000000000 -0.0000305185 0.0000000009
449 0.0000000004 0.0000195148 -0.0000077585 0.0000000019 0.0000305185 -0.0000305185 0.0000000006
450 0.0000000004 0.0000195378 -0.0000076319 0.0000000009 0.0000000000 -0.0000305185 0.0000000009
451 0.0000000004 0.0000195604 -0.0000075055 0.0000000019 0.0000305185 -0.0000305185 0.0000000006
452 0.0000000004 0.0000195826 -0.0000073793 0.0000000009 0.0000000000 -0.0000305185 0.0000000009
453 0.0000000004 0.0000196044 -0.0000072532 0.0000000000 0.0000000000 0.0000000000 0.0000000004
454 0.0000000004 0.0000196258 -0.0000071273 0.0000000009 0.0000000000 -0.0000305185 0.0000000009
455 0.0000000004 0.0000196468 -0.0000070015 0.0000000009 0.0000000000 -0.0000305185 0.0000000009
456 0.0000000004 0.0000196673 -0.0000068759 0.0000000000 0.0000000000 0.0000000000 0.0000000004
457 0.0000000004 0.0000196875 -0.0000067504 0.0000000009 0.0000000000 -0.0000305185 0.0000000010
458 0.0000000004 0.0000197073 -0.0000066251 0.0000000009 0.0000000000 -0.0000305185 0.0000000010
459 0.0000000004 0.0000197268 -0.0000064999 0.0000000000 0.0000000000 0.0000000000 0.0000000004
460 0.0000000004 0.0000197458 -0.0000063749 0.0000000009 0.0000000000 -0.0000305185 0.0000000010
461 0.0000000004 0.0000197644 -0.0000062500 0.0000000009 0.0000000000 -0.0000305185 0.0000000010
462 0.0000000004 0.0000197827 -0.0000061253 0.0000000000 0.0000000000 0.0000000000 0.0000000004
463 0.0000000004 0.0000198005 -0.0000060007 0.0000000000 0.0000000000 0.0000000000 0.0000000004
464 0.0000000004 0.0000198180 -0.0000058762 0.0000000009 0.0000000000 -0.0000305185 0.0000000010
465 0.0000000004 0.0000198351 -0.0000057518 0.0000000009 0.0000000000 -0.0000305185 0.0000000010
466 0.0000000004 0.0000198518 -0.0000056276 0.0000000019 -0.0000305185 -0.0000305185 0.0000000032
467 0.0000000004 0.0000198681 -0.0000055035 0.0000000009 0.0000000000 -0.0000305185 0.0000000010
468 0.0000000004 0.0000198841 -0.0000053795 0.0000000009 0.0000000000 -0.0000305185 0.0000000010
469 0.0000000004 0.0000198997 -0.0000052556 0.0000000000 0.0000000000 0.0000000000 0.0000000004
470 0.0000000004 0.0000199149 -0.0000051318 0.0000000009 0.0000000000 -0.0000305185 0.0000000010
471 0.0000000004 0.0000199297 -0.0000050081 0.0000000000 0.0000000000 0.0000000000 0.0000000004
472 0.0000000004 0.0000199442 -0.0000048846 0.0000000009 0.0000000000 -0.0000305185 0.0000000011
473 0.0000000004 0.0000199582 -0.0000047611 0.0000000000 0.0000000000 0.0000000000 0.0000000004
474 0.0000000004 0.0000199719 -0.0000046378 0.0000000009 0.0000000000 -0.0000305185 0.0000000011
475 0.0000000004 0.0000199853 -0.0000045146 0.0000000000 0.0000000000 0.0000000000 0.0000000004
476 0.0000000004 0.0000199983 -0.0000043914 0.0000000000 0.0000000000 0.0000000000 0.0000000004
477 0.0000000004 0.0000200109 -0.0000042684 0.0000000000 0.0000000000 0.0000000000 0.0000000004
478 0.0000000004 0.0000200231 -0.0000041454 0.0000000009 0.0000000000 -0.0000305185 0.0000000011
479 0.0000000004 0.0000200350 -0.0000040225 0.0000000009 0.0000000000 -0.0000305185 0.0000000011
480 0.0000000004 0.0000200465 -0.0000038997 0.0000000009 0.0000000000 -0.0000305185 0.0000000011
481 0.0000000004 0.0000200576 -0.0000037770 0.0000000009 0.0000000000 -0.0000305185 0.0000000011
482 0.0000000004 0.0000200684 -0.0000036544 0.0000000009 0.0000000000 -0.0000305185 0.0000000011
483 0.0000000004 0.0000200788 -0.0000035318 0.0000000000 0.0000000000 0.0000000000 0.0000000004
484 0.0000000004 0.0000200889 -0.0000034094 0.0000000009 0.0000000000 -0.0000305185 0.0000000011
485 0.0000000004 0.0000200986 -0.0000032870 0.0000000009 0.0000000000 -0.0000305185 0.0000000011
486 0.0000000004 0.0000201079 -0.0000031646 0.0000000000 0.0000000000 0.0000000000 0.0000000004
487 0.0000000004 0.0000201169 -0.0000030424 0.0000000009 0.0000000000 -0.0000305185 0.0000000012
488 0.0000000004 0.0000201255 -0.0000029202 0.0000000009 0.0000000000 -0.0000305185 0.0000000012
489 0.0000000004 0.0000201338 -0.0000027980 0.0000000000 0.0000000000 0.0000000000 0.0000000004
490 0.0000000004 0.0000201417 -0.0000026760 0.0000000000 0.0000000000 0.0000000000 0.0000000004
491 0.0000000004 0.0000201493 -0.0000025539 0.0000000000 0.0000000000 0.0000000000 0.0000000004
492 0.0000000004 0.0000201565 -0.0000024320 0.0000000000 0.0000000000 0.0000000000 0.0000000004
493 0.0000000004 0.0000201633 -0.0000023101 0.0000000000 0.0000000000 0.0000000000 0.0000000004
494 0.0000000004 0.0000201698 -0.0000021882 0.0000000000 0.0000000000 0.0000000000 0.0000000004
495 0.0000000004 0.0000201759 -0.0000020664 0.0000000000 0.0000000000 0.0000000000 0.0000000004
496 0.0000000004 0.0000201817 -0.0000019446 0.0000000000 0.0000000000 0.0000000000 0.0000000004
497 0.0000000004 0.0000201872 -0.0000018229 0.0000000009 0.0000000000 -0.0000305185 0.0000000012
498 0.0000000004 0.0000201922 -0.0000017012 0.0000000009 0.0000000000 -0.0000305185 0.0000000012
499 0.0000000004 0.0000201970 -0.0000015795 0.0000000000 0.0000000000 0.0000000000 0.0000000004
500 0.0000000004 0.0000202013 -0.0000014579 0.0000000009 0.0000000000 -0.0000305185 0.0000000013
501 0.0000000004 0.0000202054 -0.0000013363 0.0000000000 0.0000000000 0.0000000000 0.0000000004
502 0.0000000004 0.0000202090 -0.0000012147 0.0000000009 0.0000000000 -0.0000305185 0.0000000013
503 0.0000000004 0.0000202123 -0.0000010932 0.0000000019 0.0000305185 -0.0000305185 0.0000000010
504 0.0000000004 0.0000202153 -0.0000009716 0.0000000009 0.0000000000 -0.0000305185 0.0000000013
505 0.0000000004 0.0000202179 -0.0000008501 0.0000000000 0.0000000000 0.0000000000 0.0000000004
506 0.0000000004 0.0000202202 -0.0000007287 0.0000000009 0.0000000000 -0.0000305185 0.0000000013
507 0.0000000004 0.0000202221 -0.0000006072 0.0000000000 0.0000000000 0.0000000000 0.0000000004
508 0.0000000004 0.0000202237 -0.0000004857 0.0000000000 0.0000000000 0.0000000000 0.0000000004
509 0.0000000004 0.0000202249 -0.0000003643 0.0000000009 0.0000000000 -0.0000305185 0.0000000013
510 0.0000000004 0.0000202258 -0.0000002429 0.0000000000 0.0000000000 0.0000000000 0.0000000004
511 0.0000000004 0.0000202263 -0.0000001214 0.0000000009 0.0000000000 -0.0000305185 0.0000000013
512 0.0000000004 0.0000202265 0.0000000000 0.0000000000 0.0000000000 0.0000000000 0.0000000004
513 0.0000000004 0.0000202263 0.0000001214 0.0000000000 0.0000000000 0.0000000000 0.0000000004
514 0.0000000004 0.0000202258 0.0000002429 0.0000000009 0.0000000000 -0.0000305185 0.0000000014
515 0.0000000004 0.0000202249 0.0000003643 0.0000000009 0.0000000000 -0.0000305185 0.0000000014
516 0.0000000004 0.0000202237 0.0000004857 0.0000000009 0.0000000000 -0.0000305185 0.0000000014
517 0.0000000004 0.0000202221 0.0000006072 0.0000000009 0.0000000000 -0.0000305185 0.0000000014
518 0.0000000004 0.0000202202 0.0000007287 0.0000000000 0.0000000000 0.0000000000 0.0000000004
519 0.0000000004 0.0000202179 0.0000008501 0.0000000009 0.0000000000 -0.0000305185 0.0000000014
520 0.0000000004 0.0000202153 0.0000009716 0.0000000000 0.0000000000 0.0000000000 0.0000000004
521 0.0000000004 0.0000202123 0.0000010932 0.0000000009 0.0000305185 0.0000000000 0.0000000001
522 0.0000000004 0.0000202090 0.0000012147 0.0000000009 0.0000000000 -0.0000305185 0.0000000014
523 0.0000000004 0.0000202054 0.0000013363 0.0000000009 0.0000000000 -0.0000305185 0.0000000014
524 0.0000000004 0.0000202013 0.0000014579 0.0000000009 0.0000000000 -0.0000305185 0.0000000014
525 0.0000000004 0.0000201970 0.0000015795 0.0000000009 0.0000000000 -0.0000305185 0.0000000014
526 0.0000000004 0.0000201922 0.0000017012 0.0000000000 0.0000000000 0.0000000000 0.0000000004
527 0.0000000004 0.0000201872 0.0000018229 0.0000000000 0.0000000000 0.0000000000 0.0000000004
528 0.0000000004 0.0000201817 0.0000019446 0.0000000009 0.0000000000 -0.0000305185 0.0000000015
529 0.0000000004 0.0000201759 0.0000020664 0.0000000000 0.0000000000 0.0000000000 0.0000000004
530 0.0000000004 0.0000201698 0.0000021882 0.0000000009 0.0000000000 -0.0000305185 0.0000000015
531 0.0000000004 0.0000201633 0.0000023101 0.0000000009 0.0000000000 -0.0000305185 0.0000000015
532 0.0000000004 0.0000201565 0.0000024320 0.0000000009 0.0000000000 -0.0000305185 0.0000000015
533 0.0000000004 0.0000201493 0.0000025539 0.0000000009 0.0000000000 -0.0000305185 0.0000000015
534 0.0000000004 0.0000201417 0.0000026760 0.0000000009 0.0000000000 -0.0000305185 0.0000000015
535 0.0000000004 0.0000201338 0.0000027980 0.0000000000 0.0000000000 0.0000000000 0.0000000004
536 0.0000000004 0.0000201255 0.0000029202 0.0000000000 0.0000000000 0.0000000000 0.0000000004
537 0.0000000004 0.0000201169 0.0000030424 0.0000000000 0.0000000000 0.0000000000 0.0000000004
538 0.0000000004 0.0000201079 0.0000031646 0.0000000009 0.0000000000 -0.0000305185 0.0000000015
539 0.0000000004 0.0000200986 0.0000032870 0.0000000000 0.0000000000 0.0000000000 0.0000000004
540 0.0000000004 0.0000200889 0.0000034094 0.0000000000 0.0000000000 0.0000000000 0.0000000004
541 0.0000000004 0.0000200788 0.0000035318 0.0000000000 0.0000000000 0.0000000000 0.0000000004
542 0.0000000004 0.0000200684 0.0000036544 0.0000000000 0.0000000000 0.0000000000 0.0000000004
543 0.0000000004 0.0000200576 0.0000037770 0.0000000000 0.0000000000 0.0000000000 0.0000000004
544 0.0000000004 0.0000200465 0.0000038997 0.0000000000 0.0000000000 0.0000000000 0.0000000004
545 0.0000000004 0.0000200350 0.0000040225 0.0000000000 0.0000000000 0.0000000000 0.0000000004
546 0.0000000004 0.0000200231 0.0000041454 0.0000000000 0.0000000000 0.0000000000 0.0000000004
547 0.0000000004 0.0000200109 0.0000042684 0.0000000019 0.0000305185 -0.0000305185 0.0000000013
548 0.0000000004 0.0000199983 0.0000043914 0.0000000000 0.0000000000 0.0000000000 0.0000000004
549 0.0000000004 0.0000199853 0.0000045146 0.0000000009 0.0000305185 0.0000000000 0.0000000001
550 0.0000000004 0.0000199719 0.0000046378 0.0000000019 -0.0000305185 -0.0000305185 0.0000000038
551 0.0000000004 0.0000199582 0.0000047611 0.0000000009 0.0000000000 -0.0000305185 0.0000000016
552 0.0000000004 0.0000199442 0.0000048846 0.0000000000 0.0000000000 0.0000000000 0.0000000004
553 0.0000000004 0.0000199297 0.0000050081 0.0000000009 0.0000000000 -0.0000305185 0.0000000017
554 0.0000000004 0.0000199149 0.0000051318 0.0000000000 0.0000000000 0.0000000000 0.0000000004
555 0.0000000004 0.0000198997 0.0000052556 0.0000000000 0.0000000000 0.0000000000 0.0000000004
556 0.0000000004 0.0000198841 0.0000053795 0.0000000000 0.0000000000 0.0000000000 0.0000000004
557 0.0000000004 0.0000198681 0.0000055035 0.0000000000 0.0000000000 0.0000000000 0.0000000004
558 0.0000000004 0.0000198518 0.0000056276 0.0000000000 0.0000000000 0.0000000000 0.0000000004
559 0.0000000004 0.0000198351 0.0000057518 0.0000000000 0.0000000000 0.0000000000 0.0000000004
560 0.0000000004 0.0000198180 0.0000058762 0.0000000000 0.0000000000 0.0000000000 0.0000000004
561 0.0000000004 0.0000198005 0.0000060007 0.0000000000 0.0000000000 0.0000000000 0.0000000004
562 0.0000000004 0.0000197827 0.0000061253 0.0000000009 0.0000000000 -0.0000305185 0.0000000017
563 0.0000000004 0.0000197644 0.0000062500 0.0000000000 0.0000000000 0.0000000000 0.0000000004
564 0.0000000004 0.0000197458 0.0000063749 0.0000000000 0.0000000000 0.0000000000 0.0000000004
565 0.0000000004 0.0000197268 0.0000064999 0.0000000009 0.0000000000 -0.0000305185 0.0000000018
566 0.0000000004 0.0000197073 0.0000066251 0.0000000000 0.0000000000 0.0000000000 0.0000000004
567 0.0000000004 0.0000196875 0.0000067504 0.0000000000 0.0000000000 0.0000000000 0.0000000004
568 0.0000000004 0.0000196673 0.0000068759 0.0000000009 0.0000000000 -0.0000305185 0.0000000018
569 0.0000000004 0.0000196468 0.0000070015 0.0000000000 0.0000000000 0.0000000000 0.0000000004
570 0.0000000004 0.0000196258 0.0000071273 0.0000000000 0.0000000000 0.0000000000 0.0000000004
571 0.0000000004 0.0000196044 0.0000072532 0.0000000000 0.0000000000 0.0000000000 0.0000000004
572 0.0000000004 0.0000195826 0.0000073793 0.0000000000 0.0000000000 0.0000000000 0.0000000004
573 0.0000000004 0.0000195604 0.0000075055 0.0000000000 0.0000000000 0.0000000000 0.0000000004
574 0.0000000004 0.0000195378 0.0000076319 0.0000000000 0.0000000000 0.0000000000 0.0000000004
575 0.0000000004 0.0000195148 0.0000077585 0.0000000009 0.0000305185 0.0000000000 0.0000000002
576 0.0000000004 0.0000194914 0.0000078852 0.0000000000 0.0000000000 0.0000000000 0.0000000004
577 0.0000000004 0.0000194676 0.0000080121 0.0000000019 -0.0000305185 -0.0000305185 0.0000000040
578 0.0000000004 0.0000194434 0.0000081392 0.0000000000 0.0000000000 0.0000000000 0.0000000004
579 0.0000000004 0.0000194187 0.0000082665 0.0000000000 0.0000000000 0.0000000000 0.0000000004
580 0.0000000004 0.0000193937 0.0000083940 0.0000000000 0.0000000000 0.0000000000 0.0000000004
581 0.0000000004 0.0000193682 0.0000085216 0.0000000009 -0.0000305185 0.0000000000 0.0000000026
582 0.0000000004 0.0000193423 0.0000086494 0.0000000000 0.0000000000 0.0000000000 0.0000000004
583 0.0000000005 0.0000193160 0.0000087775 0.0000000000 0.0000000000 0.0000000000 0.0000000005
584 0.0000000005 0.0000192893 0.0000089057 0.0000000000 0.0000000000 0.0000000000 0.0000000005
585 0.0000000005 0.0000192621 0.0000090341 0.0000000000 0.0000000000 0.0000000000 0.0000000005
586 0.0000000005 0.0000192345 0.0000091627 0.0000000000 0.0000000000 0.0000000000 0.0000000005
587 0.0000000005 0.0000192065 0.0000092915 0.0000000000 0.0000000000 0.0000000000 0.0000000005
588 0.0000000005 0.0000191780 0.0000094206 0.0000000009 0.0000305185 0.0000000000 0.0000000002
589 0.0000000005 0.0000191491 0.0000095498 0.0000000000 0.0000000000 0.0000000000 0.0000000005
590 0.0000000005 0.0000191198 0.0000096793 0.0000000000 0.0000000000 0.0000000000 0.0000000005
591 0.0000000005 0.0000190900 0.0000098090 0.0000000000 0.0000000000 0.0000000000 0.0000000005
592 0.0000000005 0.0000190597 0.0000099389 0.0000000000 0.0000000000 0.0000000000 0.0000000005
593 0.0000000005 0.0000190291 0.0000100690 0.0000000009 0.0000000000 -0.0000305185 0.0000000020
594 0.0000000005 0.0000189979 0.0000101994 0.0000000000 0.0000000000 0.0000000000 0.0000000005
595 0.0000000005 0.0000189664 0.0000103300 0.0000000000 0.0000000000 0.0000000000 0.0000000005
596 0.0000000005 0.0000189343 0.0000104608 0.0000000000 0.0000000000 0.0000000000 0.0000000005
597 0.0000000005 0.0000189018 0.0000105918 0.0000000000 0.0000000000 0.0000000000 0.0000000005
598 0.0000000005 0.0000188689 0.0000107231 0.0000000009 0.0000000000 0.0000305185 0.0000000007
599 0.0000000005 0.0000188355 0.0000108547 0.0000000000 0.0000000000 0.0000000000 0.0000000005
600 0.0000000005 0.0000188016 0.0000109865 0.0000000000 0.0000000000 0.0000000000 0.0000000005
601 0.0000000005 0.0000187672 0.0000111186 0.0000000000 0.0000000000 0.0000000000 0.0000000005
602 0.0000000005 0.0000187324 0.0000112509 0.0000000000 0.0000000000 0.0000000000 0.0000000005
603 0.0000000005 0.0000186971 0.0000113834 0.0000000000 0.0000000000 0.0000000000 0.0000000005
604 0.0000000005 0.0000186613 0.0000115163 0.0000000000 0.0000000000 0.0000000000 0.0000000005
605 0.0000000005 0.0000186251 0.0000116494 0.0000000000 0.0000000000 0.0000000000 0.0000000005
606 0.0000000005 0.0000185883 0.0000117827 0.0000000009 0.0000305185 0.0000000000 0.0000000003
607 0.0000000005 0.0000185511 0.0000119164 0.0000000000 0.0000000000 0.0000000000 0.0000000005
608 0.0000000005 0.0000185133 0.0000120503 0.0000000000 0.0000000000 0.0000000000 0.0000000005
609 0.0000000005 0.0000184751 0.0000121845 0.0000000000 0.0000000000 0.0000000000 0.0000000005
610 0.0000000005 0.0000184364 0.0000123190 0.0000000000 0.0000000000 0.0000000000 0.0000000005
611 0.0000000005 0.0000183972 0.0000124538 0.0000000000 0.0000000000 0.0000000000 0.0000000005
612 0.0000000005 0.0000183574 0.0000125889 0.0000000000 0.0000000000 0.0000000000 0.0000000005
613 0.0000000005 0.0000183172 0.0000127242 0.0000000000 0.0000000000 0.0000000000 0.0000000005
614 0.0000000005 0.0000182764 0.0000128599 0.0000000000 0.0000000000 0.0000000000 0.0000000005
615 0.0000000005 0.0000182351 0.0000129959 0.0000000009 0.0000305185 0.0000000000 0.0000000003
616 0.0000000005 0.0000181933 0.0000131322 0.0000000000 0.0000000000 0.0000000000 0.0000000005
617 0.0000000005 0.0000181510 0.0000132688 0.0000000009 -0.0000305185 0.0000000000 0.0000000025
618 0.0000000005 0.0000181081 0.0000134057 0.0000000000 0.0000000000 0.0000000000 0.0000000005
619 0.0000000005 0.0000180647 0.0000135429 0.0000000000 0.0000000000 0.0000000000 0.0000000005
620 0.0000000005 0.0000180208 0.0000136805 0.0000000000 0.0000000000 0.0000000000 0.0000000005
621 0.0000000005 0.0000179763 0.0000138184 0.0000000000 0.0000000000 0.0000000000 0.0000000005
622 0.0000000005 0.0000179313 0.0000139566 0.0000000000 0.0000000000 0.0000000000 0.0000000005
623 0.0000000005 0.0000178857 0.0000140952 0.0000000000 0.0000000000 0.0000000000 0.0000000005
624 0.0000000005 0.0000178396 0.0000142341 0.0000000000 0.0000000000 0.0000000000 0.0000000005
625 0.0000000005 0.0000177929 0.0000143734 0.0000000009 -0.0000305185 0.0000000000 0.0000000025
626 0.0000000005 0.0000177456 0.0000145130 0.0000000000 0.0000000000 0.0000000000 0.0000000005
627 0.0000000005 0.0000176978 0.0000146529 0.0000000000 0.0000000000 0.0000000000 0.0000000005
628 0.0000000005 0.0000176494 0.0000147932 0.0000000000 0.0000000000 0.0000000000 0.0000000005
629 0.0000000005 0.0000176005 0.0000149339 0.0000000000 0.0000000000 0.0000000000 0.0000000005
630 0.0000000005 0.0000175509 0.0000150750 0.0000000000 0.0000000000 0.0000000000 0.0000000005
631 0.0000000005 0.0000175007 0.0000152164 0.0000000009 -0.0000305185 0.0000000000 0.0000000025
632 0.0000000005 0.0000174500 0.0000153582 0.0000000000 0.0000000000 0.0000000000 0.0000000005
633 0.0000000005 0.0000173987 0.0000155004 0.0000000000 0.0000000000 0.0000000000 0.0000000005
634 0.0000000005 0.0000173467 0.0000156430 0.0000000000 0.0000000000 0.0000000000 0.0000000005
635 0.0000000005 0.0000172942 0.0000157859 0.0000000009 0.0000000000 0.0000305185 0.0000000005
636 0.0000000006 0.0000172410 0.0000159293 0.0000000000 0.0000000000 0.0000000000 0.0000000006
637 0.0000000006 0.0000171872 0.0000160731 0.0000000000 0.0000000000 0.0000000000 0.0000000006
638 0.0000000006 0.0000171328 0.0000162172 0.0000000000 0.0000000000 0.0000000000 0.0000000006
639 0.0000000006 0.0000170778 0.0000163618 0.0000000000 0.0000000000 0.0000000000 0.0000000006
640 0.0000000006 0.0000170221 0.0000165068 0.0000000000 0.0000000000 0.0000000000 0.0000000006
641 0.0000000006 0.0000169658 0.0000166522 0.0000000000 0.0000000000 0.0000000000 0.0000000006
642 0.0000000006 0.0000169088 0.0000167981 0.0000000000 0.0000000000 0.0000000000 0.0000000006
643 0.0000000006 0.0000168512 0.0000169443 0.0000000009 0.0000000000 0.0000305185 0.0000000005
644 0.0000000006 0.0000167929 0.0000170910 0.0000000000 0.0000000000 0.0000000000 0.0000000006
645 0.0000000006 0.0000167340 0.0000172382 0.0000000000 0.0000000000 0.0000000000 0.0000000006
646 0.0000000006 0.0000166744 0.0000173858 0.0000000000 0.0000000000 0.0000000000 0.0000000006
647 0.0000000006 0.0000166141 0.0000175338 0.0000000000 0.0000000000 0.0000000000 0.0000000006
648 0.0000000006 0.0000165531 0.0000176823 0.0000000000 0.0000000000 0.0000000000 0.0000000006
649 0.0000000006 0.0000164915 0.0000178313 0.0000000009 0.0000305185 0.0000000000 0.0000000005
650 0.0000000006 0.0000164291 0.0000179807 0.0000000000 0.0000000000 0.0000000000 0.0000000006
651 0.0000000006 0.0000163660 0.0000181306 0.0000000009 0.0000305185 0.0000000000 0.0000000005
652 0.0000000006 0.0000163023 0.0000182810 0.0000000000 0.0000000000 0.0000000000 0.0000000006
653 0.0000000006 0.0000162378 0.0000184319 0.0000000000 0.0000000000 0.0000000000 0.0000000006
654 0.0000000006 0.0000161725 0.0000185833 0.0000000000 0.0000000000 0.0000000000 0.0000000006
655 0.0000000006 0.0000161066 0.0000187351 0.0000000000 0.0000000000 0.0000000000 0.0000000006
656 0.0000000006 0.0000160399 0.0000188875 0.0000000000 0.0000000000 0.0000000000 0.0000000006
657 0.0000000006 0.0000159725 0.0000190403 0.0000000000 0.0000000000 0.0000000000 0.0000000006
658 0.0000000006 0.0000159043 0.0000191937 0.0000000000 0.0000000000 0.0000000000 0.0000000006
659 0.0000000006 0.0000158353 0.0000193476 0.0000000000 0.0000000000 0.0000000000 0.0000000006
660 0.0000000006 0.0000157656 0.0000195020 0.0000000000 0.0000000000 0.0000000000 0.0000000006
661 0.0000000006 0.0000156951 0.0000196570 0.0000000000 0.0000000000 0.0000000000 0.0000000006
662 0.0000000006 0.0000156238 0.0000198125 0.0000000000 0.0000000000 0.0000000000 0.0000000006
663 0.0000000006 0.0000155518 0.0000199685 0.0000000009 0.0000000000 0.0000305185 0.0000000004
664 0.0000000006 0.0000154789 0.0000201251 0.0000000000 0.0000000000 0.0000000000 0.0000000006
665 0.0000000006 0.0000154052 0.0000202823 0.0000000000 0.0000000000 0.0000000000 0.0000000006
666 0.0000000007 0.0000153307 0.0000204400 0.0000000000 0.0000000000 0.0000000000 0.0000000007
667 0.0000000007 0.0000152554 0.0000205983 0.0000000000 0.0000000000 0.0000000000 0.0000000007
668 0.0000000007 0.0000151792 0.0000207571 0.0000000000 0.0000000000 0.0000000000 0.0000000007
669 0.0000000007 0.0000151022 0.0000209166 0.0000000000 0.0000000000 0.0000000000 0.0000000007
670 0.0000000007 0.0000150244 0.0000210766 0.0000000000 0.0000000000 0.0000000000 0.0000000007
671 0.0000000007 0.0000149457 0.0000212372 0.0000000000 0.0000000000 0.0000000000 0.0000000007
672 0.0000000007 0.0000148661 0.0000213985 0.0000000000 0.0000000000 0.0000000000 0.0000000007
673 0.0000000007 0.0000147856 0.0000215603 0.0000000000 0.0000000000 0.0000000000 0.0000000007
674 0.0000000007 0.0000147043 0.0000217228 0.0000000000 0.0000000000 0.0000000000 0.0000000007
675 0.0000000007 0.0000146220 0.0000218859 0.0000000000 0.0000000000 0.0000000000 0.0000000007
676 0.0000000007 0.0000145389 0.0000220496 0.0000000000 0.0000000000 0.0000000000 0.0000000007
677 0.0000000007 0.0000144548 0.0000222140 0.0000000000 0.0000000000 0.0000000000 0.0000000007
678 0.0000000007 0.0000143698 0.0000223790 0.0000000019 -0.0000305185 0.0000305185 0.0000000021
679 0.0000000007 0.0000142838 0.0000225446 0.0000000009 0.0000000000 0.0000305185 0.0000000003
680 0.0000000007 0.0000141969 0.0000227110 0.0000000000 0.0000000000 0.0000000000 0.0000000007
681 0.0000000007 0.0000141090 0.0000228780 0.0000000000 0.0000000000 0.0000000000 0.0000000007
682 0.0000000007 0.0000140202 0.0000230456 0.0000000000 0.0000000000 0.0000000000 0.0000000007
683 0.0000000007 0.0000139304 0.0000232140 0.0000000009 0.0000000000 0.0000305185 0.0000000002
684 0.0000000007 0.0000138396 0.0000233831 0.0000000000 0.0000000000 0.0000000000 0.0000000007
685 0.0000000007 0.0000137478 0.0000235528 0.0000000009 -0.0000305185 0.0000000000 0.0000000025
686 0.0000000007 0.0000136549 0.0000237233 0.0000000000 0.0000000000 0.0000000000 0.0000000007
687 0.0000000008 0.0000135611 0.0000238945 0.0000000009 0.0000000000 0.0000305185 0.0000000002
688 0.0000000008 0.0000134661 0.0000240664 0.0000000009 0.0000000000 0.0000305185 0.0000000002
689 0.0000000008 0.0000133702 0.0000242391 0.0000000000 0.0000000000 0.0000000000 0.0000000008
690 0.0000000008 0.0000132732 0.0000244125 0.0000000009 0.0000000000 0.0000305185 0.0000000002
691 0.0000000008 0.0000131751 0.0000245866 0.0000000000 0.0000000000 0.0000000000 0.0000000008
692 0.0000000008 0.0000130759 0.0000247616 0.0000000000 0.0000000000 0.0000000000 0.0000000008
693 0.0000000008 0.0000129756 0.0000249373 0.0000000000 0.0000000000 0.0000000000 0.0000000008
694 0.0000000008 0.0000128741 0.0000251137 0.0000000000 0.0000000000 0.0000000000 0.0000000008
695 0.0000000008 0.0000127716 0.0000252910 0.0000000000 0.0000000000 0.0000000000 0.0000000008
696 0.0000000008 0.0000126679 0.0000254691 0.0000000009 0.0000000000 0.0000305185 0.0000000002
697 0.0000000008 0.0000125630 0.0000256480 0.0000000009 -0.0000305185 0.0000000000 0.0000000025
698 0.0000000008 0.0000124570 0.0000258276 0.0000000000 0.0000000000 0.0000000000 0.0000000008
699 0.0000000008 0.0000123498 0.0000260082 0.0000000000 0.0000000000 0.0000000000 0.0000000008
700 0.0000000008 0.0000122414 0.0000261895 0.0000000000 0.0000000000 0.0000000000 0.0000000008
701 0.0000000008 0.0000121318 0.0000263718 0.0000000009 0.0000000000 0.0000305185 0.0000000002
702 0.0000000008 0.0000120209 0.0000265548 0.0000000000 0.0000000000 0.0000000000 0.0000000008
703 0.0000000009 0.0000119088 0.0000267388 0.0000000019 -0.0000305185 -0.0000305185 0.0000000051
704 0.0000000009 0.0000117954 0.0000269236 0.0000000047 -0.0000305185 0.0000610370 0.0000000030
705 0.0000000009 0.0000116808 0.0000271093 0.0000000019 0.0000305185 0.0000305185 0.0000000004
706 0.0000000009 0.0000115648 0.0000272959 0.0000000000 0.0000000000 0.0000000000 0.0000000009
707 0.0000000009 0.0000114475 0.0000274835 0.0000000009 0.0000000000 0.0000305185 0.0000000001
708 0.0000000009 0.0000113290 0.0000276719 0.0000000000 0.0000000000 0.0000000000 0.0000000009
709 0.0000000009 0.0000112090 0.0000278613 0.0000000000 0.0000000000 0.0000000000 0.0000000009
710 0.0000000009 0.0000110877 0.0000280517 0.0000000000 0.0000000000 0.0000000000 0.0000000009
711 0.0000000009 0.0000109650 0.0000282430 0.0000000009 -0.0000305185 0.0000000000 0.0000000025
712 0.0000000009 0.0000108409 0.0000284352 0.0000000000 0.0000000000 0.0000000000 0.0000000009
713 0.0000000009 0.0000107154 0.0000286285 0.0000000000 0.0000000000 0.0000000000 0.0000000009
714 0.0000000009 0.0000105885 0.0000288227 0.0000000009 -0.0000305185 0.0000000000 0.0000000025
715 0.0000000010 0.0000104601 0.0000290180 0.0000000009 0.0000000000 0.0000305185 0.0000000001
716 0.0000000010 0.0000103303 0.0000292143 0.0000000009 0.0000000000 0.0000305185 0.0000000001
717 0.0000000010 0.0000101989 0.0000294116 0.0000000019 -0.0000305185 0.0000305185 0.0000000017
718 0.0000000010 0.0000100660 0.0000296099 0.0000000019 -0.0000305185 0.0000305185 0.0000000016
719 0.0000000010 0.0000099316 0.0000298093 0.0000000009 0.0000000000 0.0000305185 0.0000000001
720 0.0000000010 0.0000097956 0.0000300098 0.0000000000 0.0000000000 0.0000000000 0.0000000010
721 0.0000000010 0.0000096581 0.0000302114 0.0000000000 0.0000000000 0.0000000000 0.0000000010
722 0.0000000010 0.0000095189 0.0000304140 0.0000000009 0.0000000000 0.0000305185 0.0000000001
723 0.0000000010 0.0000093782 0.0000306178 0.0000000000 0.0000000000 0.0000000000 0.0000000010
724 0.0000000010 0.0000092358 0.0000308227 0.0000000019 -0.0000305185 0.0000305185 0.0000000016
725 0.0000000010 0.0000090917 0.0000310288 0.0000000009 0.0000000000 0.0000305185 0.0000000001
726 0.0000000011 0.0000089459 0.0000312360 0.0000000009 0.0000000000 0.0000305185 0.0000000001
727 0.0000000011 0.0000087984 0.0000314443 0.0000000000 0.0000000000 0.0000000000 0.0000000011
728 0.0000000011 0.0000086492 0.0000316539 0.0000000000 0.0000000000 0.0000000000 0.0000000011
729 0.0000000011 0.0000084982 0.0000318647 0.0000000000 0.0000000000 0.0000000000 0.0000000011
730 0.0000000011 0.0000083455 0.0000320766 0.0000000000 0.0000000000 0.0000000000 0.0000000011
731 0.0000000011 0.0000081909 0.0000322898 0.0000000009 0.0000000000 0.0000305185 0.0000000001
732 0.0000000011 0.0000080345 0.0000325043 0.0000000009 0.0000000000 0.0000305185 0.0000000001
733 0.0000000011 0.0000078762 0.0000327200 0.0000000019 -0.0000305185 0.0000305185 0.0000000015
734 0.0000000011 0.0000077160 0.0000329370 0.0000000000 0.0000000000 0.0000000000 0.0000000011
735 0.0000000012 0.0000075539 0.0000331553 0.0000000019 -0.0000305185 0.0000305185 0.0000000015
736 0.0000000012 0.0000073898 0.0000333749 0.0000000009 0.0000000000 0.0000305185 0.0000000001
737 0.0000000012 0.0000072238 0.0000335959 0.0000000019 -0.0000305185 0.0000305185 0.0000000014
738 0.0000000012 0.0000070558 0.0000338182 0.0000000009 0.0000000000 0.0000305185 0.0000000001
739 0.0000000012 0.0000068857 0.0000340419 0.0000000009 0.0000000000 0.0000305185 0.0000000001
740 0.0000000012 0.0000067136 0.0000342669 0.0000000009 0.0000000000 0.0000305185 0.0000000001
741 0.0000000012 0.0000065394 0.0000344934 0.0000000000 0.0000000000 0.0000000000 0.0000000012
742 0.0000000012 0.0000063630 0.0000347213 0.0000000000 0.0000000000 0.0000000000 0.0000000012
743 0.0000000013 0.0000061845 0.0000349506 0.0000000009 -0.0000305185 0.0000000000 0.0000000026
744 0.0000000013 0.0000060038 0.0000351814 0.0000000009 0.0000000000 0.0000305185 0.0000000001
745 0.0000000013 0.0000058208 0.0000354136 0.0000000009 0.0000000000 0.0000305185 0.0000000001
746 0.0000000013 0.0000056356 0.0000356474 0.0000000009 -0.0000305185 0.0000000000 0.0000000026
747 0.0000000013 0.0000054481 0.0000358827 0.0000000000 0.0000000000 0.0000000000 0.0000000013
748 0.0000000013 0.0000052583 0.0000361196 0.0000000009 0.0000000000 0.0000305185 0.0000000001
749 0.0000000013 0.0000050661 0.0000363580 0.0000000000 0.0000000000 0.0000000000 0.0000000013
750 0.0000000014 0.0000048715 0.0000365980 0.0000000009 -0.0000305185 0.0000000000 0.0000000026
751 0.0000000014 0.0000046744 0.0000368396 0.0000000000 0.0000000000 0.0000000000 0.0000000014
752 0.0000000014 0.0000044749 0.0000370828 0.0000000019 -0.0000305185 0.0000305185 0.0000000013
753 0.0000000014 0.0000042728 0.0000373277 0.0000000009 0.0000000000 0.0000305185 0.0000000001
754 0.0000000014 0.0000040682 0.0000375743 0.0000000019 -0.0000305185 0.0000305185 0.0000000012
755 0.0000000014 0.0000038610 0.0000378226 0.0000000000 0.0000000000 0.0000000000 0.0000000014
756 0.0000000015 0.0000036511 0.0000380726 0.0000000019 -0.0000305185 0.0000305185 0.0000000012
757 0.0000000015 0.0000034386 0.0000383243 0.0000000019 -0.0000305185 0.0000305185 0.0000000012
758 0.0000000015 0.0000032233 0.0000385779 0.0000000009 0.0000000000 0.0000305185 0.0000000001
759 0.0000000015 0.0000030052 0.0000388332 0.0000000009 0.0000000000 0.0000305185 0.0000000001
760 0.0000000015 0.0000027843 0.0000390904 0.0000000019 -0.0000305185 0.0000305185 0.0000000012
761 0.0000000016 0.0000025606 0.0000393494 0.0000000009 0.0000000000 0.0000305185 0.0000000001
762 0.0000000016 0.0000023339 0.0000396103 0.0000000009 0.0000000000 0.0000305185 0.0000000001
763 0.0000000016 0.0000021043 0.0000398731 0.0000000009 0.0000000000 0.0000305185 0.0000000001
764 0.0000000016 0.0000018716 0.0000401379 0.0000000009 0.0000000000 0.0000305185 0.0000000001
765 0.0000000016 0.0000016359 0.0000404046 0.0000000009 0.0000000000 0.0000305185 0.0000000001
766 0.0000000017 0.0000013971 0.0000406733 0.0000000019 -0.0000305185 0.0000305185 0.0000000011
767 0.0000000017 0.0000011551 0.0000409440 0.0000000019 -0.0000305185 0.0000305185 0.0000000011
768 0.0000000017 0.0000009098 0.0000412168 0.0000000009 0.0000000000 0.0000305185 0.0000000001
769 0.0000000017 0.0000006613 0.0000414917 0.0000000009 0.0000000000 0.0000305185 0.0000000001
770 0.0000000017 0.0000004095 0.0000417687 0.0000000019 -0.0000305185 0.0000305185 0.0000000011
771 0.0000000018 0.0000001542 0.0000420478 0.0000000009 0.0000000000 0.0000305185 0.0000000001
772 0.0000000018 -0.0000001045 0.0000423292 0.0000000009 0.0000000000 0.0000305185 0.0000000001
773 0.0000000018 -0.0000003667 0.0000426127 0.0000000019 -0.0000305185 0.0000305185 0.0000000011
774 0.0000000018 -0.0000006325 0.0000428985 0.0000000009 0.0000000000 0.0000305185 0.0000000002
775 0.0000000019 -0.0000009019 0.0000431866 0.0000000019 -0.0000305185 0.0000305185 0.0000000010
776 0.0000000019 -0.0000011750 0.0000434770 0.0000000019 -0.0000305185 0.0000305185 0.0000000010
777 0.0000000019 -0.0000014519 0.0000437698 0.0000000009 0.0000000000 0.0000305185 0.0000000002
778 0.0000000019 -0.0000017327 0.0000440649 0.0000000009 0.0000000000 0.0000305185 0.0000000002
779 0.0000000020 -0.0000020173 0.0000443625 0.0000000009 0.0000000000 0.0000305185 0.0000000002
780 0.0000000020 -0.0000023059 0.0000446626 0.0000000009 0.0000000000 0.0000305185 0.0000000002
781 0.0000000020 -0.0000025986 0.0000449651 0.0000000009 0.0000000000 0.0000305185 0.0000000002
782 0.0000000021 -0.0000028954 0.0000452703 0.0000000019 -0.0000305185 0.0000305185 0.0000000010
783 0.0000000021 -0.0000031965 0.0000455780 0.0000000009 0.0000000000 0.0000305185 0.0000000002
784 0.0000000021 -0.0000035018 0.0000458884 0.0000000009 0.0000000000 0.0000305185 0.0000000002
785 0.0000000021 -0.0000038114 0.0000462014 0.0000000019 -0.0000305185 0.0000305185 0.0000000010
786 0.0000000022 -0.0000041255 0.0000465171 0.0000000009 0.0000000000 0.0000305185 0.0000000003
787 0.0000000022 -0.0000044442 0.0000468357 0.0000000009 0.0000000000 0.0000305185 0.0000000003
788 0.0000000022 -0.0000047674 0.0000471570 0.0000000019 -0.0000305185 0.0000305185 0.0000000009
789 0.0000000023 -0.0000050954 0.0000474812 0.0000000019 -0.0000305185 0.0000305185 0.0000000009
790 0.0000000023 -0.0000054281 0.0000478083 0.0000000019 -0.0000305185 0.0000305185 0.0000000009
791 0.0000000024 -0.0000057658 0.0000481384 0.0000000019 -0.0000305185 0.0000305185 0.0000000009
792 0.0000000024 -0.0000061084 0.0000484714 0.0000000019 -0.0000305185 0.0000305185 0.0000000009
793 0.0000000024 -0.0000064561 0.0000488076 0.0000000009 0.0000000000 0.0000305185 0.0000000004
794 0.0000000025 -0.0000068090 0.0000491468 0.0000000019 -0.0000305185 0.0000305185 0.0000000009
795 0.0000000025 -0.0000071671 0.0000494892 0.0000000019 -0.0000305185 0.0000305185 0.0000000009
796 0.0000000025 -0.0000075307 0.0000498348 0.0000000047 -0.0000305185 0.0000610370 0.0000000007
797 0.0000000026 -0.0000078997 0.0000501837 0.0000000019 -0.0000305185 0.0000305185 0.0000000009
798 0.0000000026 -0.0000082743 0.0000505360 0.0000000019 -0.0000305185 0.0000305185 0.0000000009
799 0.0000000027 -0.0000086547 0.0000508916 0.0000000019 -0.0000305185 0.0000305185 0.0000000009
800 0.0000000027 -0.0000090409 0.0000512507 0.0000000019 -0.0000305185 0.0000305185 0.0000000009
801 0.0000000028 -0.0000094331 0.0000516133 0.0000000009 0.0000000000 0.0000305185 0.0000000005
802 0.0000000028 -0.0000098313 0.0000519794 0.0000000009 0.0000000000 0.0000305185 0.0000000006
803 0.0000000028 -0.0000102357 0.0000523493 0.0000000037 0.0000000000 0.0000610370 0.0000000002
804 0.0000000029 -0.0000106465 0.0000527228 0.0000000019 -0.0000305185 0.0000305185 0.0000000009
805 0.0000000029 -0.0000110637 0.0000531001 0.0000000019 -0.0000305185 0.0000305185 0.0000000009
806 0.0000000030 -0.0000114876 0.0000534813 0.0000000047 -0.0000305185 0.0000610370 0.0000000004
807 0.0000000030 -0.0000119182 0.0000538663 0.0000000019 -0.0000305185 0.0000305185 0.0000000009
808 0.0000000031 -0.0000123556 0.0000542554 0.0000000019 -0.0000305185 0.0000305185 0.0000000009
809 0.0000000032 -0.0000128001 0.0000546485 0.0000000047 -0.0000305185 0.0000610370 0.0000000004
810 0.0000000032 -0.0000132518 0.0000550458 0.0000000047 -0.0000305185 0.0000610370 0.0000000003
811 0.0000000033 -0.0000137109 0.0000554473 0.0000000019 -0.0000305185 0.0000305185 0.0000000009
812 0.0000000033 -0.0000141774 0.0000558531 0.0000000047 -0.0000305185 0.0000610370 0.0000000003
813 0.0000000034 -0.0000146516 0.0000562633 0.0000000019 -0.0000305185 0.0000305185 0.0000000009
814 0.0000000034 -0.0000151337 0.0000566780 0.0000000019 -0.0000305185 0.0000305185 0.0000000009
815 0.0000000035 -0.0000156237 0.0000570973 0.0000000019 -0.0000305185 0.0000305185 0.0000000009
816 0.0000000036 -0.0000161220 0.0000575212 0.0000000019 -0.0000305185 0.0000305185 0.0000000009
817 0.0000000036 -0.0000166286 0.0000579498 0.0000000019 -0.0000305185 0.0000305185 0.0000000009
818 0.0000000037 -0.0000171439 0.0000583833 0.0000000047 -0.0000305185 0.0000610370 0.0000000002
819 0.0000000038 -0.0000176678 0.0000588217 0.0000000019 -0.0000305185 0.0000305185 0.0000000010
820 0.0000000038 -0.0000182008 0.0000592652 0.0000000047 -0.0000305185 0.0000610370 0.0000000002
821 0.0000000039 -0.0000187429 0.0000597138 0.0000000019 -0.0000305185 0.0000305185 0.0000000010
822 0.0000000040 -0.0000192945 0.0000601676 0.0000000019 -0.0000305185 0.0000305185 0.0000000010
823 0.0000000041 -0.0000198556 0.0000606269 0.0000000019 -0.0000305185 0.0000305185 0.0000000010
824 0.0000000041 -0.0000204266 0.0000610915 0.0000000019 -0.0000305185 0.0000305185 0.0000000010
825 0.0000000042 -0.0000210077 0.0000615618 0.0000000047 -0.0000305185 0.0000610370 0.0000000001
826 0.0000000043 -0.0000215991 0.0000620378 0.0000000047 -0.0000305185 0.0000610370 0.0000000001
827 0.0000000044 -0.0000222011 0.0000625196 0.0000000047 -0.0000305185 0.0000610370 0.0000000001
828 0.0000000045 -0.0000228139 0.0000630073 0.0000000019 -0.0000305185 0.0000305185 0.0000000011
829 0.0000000046 -0.0000234378 0.0000635012 0.0000000047 -0.0000305185 0.0000610370 0.0000000001
830 0.0000000047 -0.0000240731 0.0000640012 0.0000000047 -0.0000305185 0.0000610370 0.0000000001
831 0.0000000048 -0.0000247200 0.0000645076 0.0000000121 -0.0000610370 0.0000915555 0.0000000021
832 0.0000000049 -0.0000253788 0.0000650205 0.0000000009 0.0000000000 -0.0000305185 0.0000000098
833 0.0000000050 -0.0000260500 0.0000655401 0.0000000009 -0.0000305185 0.0000000000 0.0000000043
834 0.0000000051 -0.0000267336 0.0000660664 0.0000000075 -0.0000610370 0.0000610370 0.0000000012
835 0.0000000052 -0.0000274302 0.0000665997 0.0000000047 -0.0000305185 0.0000610370 0.0000000000
836 0.0000000053 -0.0000281400 0.0000671400 0.0000000047 -0.0000305185 0.0000610370 0.0000000000
837 0.0000000054 -0.0000288633 0.0000676877 0.0000000075 -0.0000610370 0.0000610370 0.0000000011
838 0.0000000055 -0.0000296006 0.0000682428 0.0000000075 -0.0000610370 0.0000610370 0.0000000010
839 0.0000000057 -0.0000303521 0.0000688055 0.0000000047 -0.0000305185 0.0000610370 0.0000000001
840 0.0000000058 -0.0000311183 0.0000693760 0.0000000075 -0.0000610370 0.0000610370 0.0000000010
841 0.0000000059 -0.0000318996 0.0000699545 0.0000000047 -0.0000610370 0.0000305185 0.0000000024
842 0.0000000060 -0.0000326963 0.0000705411 0.0000000075 -0.0000610370 0.0000610370 0.0000000009
843 0.0000000062 -0.0000335089 0.0000711362 0.0000000047 -0.0000305185 0.0000610370 0.0000000001
844 0.0000000063 -0.0000343379 0.0000717398 0.0000000075 -0.0000610370 0.0000610370 0.0000000008
845 0.0000000065 -0.0000351836 0.0000723523 0.0000000075 -0.0000610370 0.0000610370 0.0000000008
846 0.0000000066 -0.0000360466 0.0000729737 0.0000000075 -0.0000610370 0.0000610370 0.0000000008
847 0.0000000068 -0.0000369273 0.0000736044 0.0000000075 -0.0000610370 0.0000610370 0.0000000007
848 0.0000000069 -0.0000378262 0.0000742446 0.0000000075 -0.0000610370 0.0000610370 0.0000000007
849 0.0000000071 -0.0000387439 0.0000748945 0.0000000121 -0.0000915555 0.0000610370 0.0000000030
850 0.0000000073 -0.0000396810 0.0000755544 0.0000000075 -0.0000610370 0.0000610370 0.0000000007
851 0.0000000075 -0.0000406378 0.0000762245 0.0000000075 -0.0000610370 0.0000610370 0.0000000006
852 0.0000000076 -0.0000416152 0.0000769052 0.0000000075 -0.0000610370 0.0000610370 0.0000000006
853 0.0000000078 -0.0000426135 0.0000775967 0.0000000075 -0.0000610370 0.0000610370 0.0000000006
854 0.0000000080 -0.0000436336 0.0000782992 0.0000000075 -0.0000610370 0.0000610370 0.0000000006
855 0.0000000082 -0.0000446760 0.0000790132 0.0000000075 -0.0000610370 0.0000610370 0.0000000006
856 0.0000000085 -0.0000457415 0.0000797388 0.0000000075 -0.0000610370 0.0000610370 0.0000000006
857 0.0000000087 -0.0000468306 0.0000804765 0.0000000168 -0.0000915555 0.0000915555 0.0000000021
858 0.0000000089 -0.0000479443 0.0000812266 0.0000000075 -0.0000610370 0.0000610370 0.0000000006
859 0.0000000091 -0.0000490831 0.0000819894 0.0000000075 -0.0000610370 0.0000610370 0.0000000006
860 0.0000000094 -0.0000502480 0.0000827652 0.0000000075 -0.0000610370 0.0000610370 0.0000000006
861 0.0000000096 -0.0000514398 0.0000835546 0.0000000075 -0.0000610370 0.0000610370 0.0000000006
862 0.0000000099 -0.0000526593 0.0000843578 0.0000000075 -0.0000610370 0.0000610370 0.0000000006
863 0.0000000102 -0.0000539074 0.0000851754 0.0000000075 -0.0000610370 0.0000610370 0.0000000006
864 0.0000000104 -0.0000551851 0.0000860076 0.0000000075 -0.0000610370 0.0000610370 0.0000000007
865 0.0000000107 -0.0000564933 0.0000868550 0.0000000121 -0.0000610370 0.0000915555 0.0000000000
866 0.0000000110 -0.0000578331 0.0000877180 0.0000000075 -0.0000610370 0.0000610370 0.0000000007
867 0.0000000114 -0.0000592055 0.0000885971 0.0000000075 -0.0000610370 0.0000610370 0.0000000008
868 0.0000000117 -0.0000606117 0.0000894928 0.0000000121 -0.0000915555 0.0000610370 0.0000000018
869 0.0000000120 -0.0000620528 0.0000904057 0.0000000075 -0.0000610370 0.0000610370 0.0000000009
870 0.0000000124 -0.0000635301 0.0000913363 0.0000000121 -0.0000915555 0.0000610370 0.0000000017
871 0.0000000127 -0.0000650448 0.0000922851 0.0000000168 -0.0000915555 0.0000915555 0.0000000007
872 0.0000000131 -0.0000665982 0.0000932528 0.0000000121 -0.0000915555 0.0000610370 0.0000000017
873 0.0000000135 -0.0000681917 0.0000942400 0.0000000121 -0.0000915555 0.0000610370 0.0000000016
874 0.0000000139 -0.0000698269 0.0000952473 0.0000000121 -0.0000915555 0.0000610370 0.0000000016
875 0.0000000144 -0.0000715052 0.0000962755 0.0000000168 -0.0000915555 0.0000915555 0.0000000004
876 0.0000000148 -0.0000732282 0.0000973252 0.0000000168 -0.0000915555 0.0000915555 0.0000000004
877 0.0000000153 -0.0000749976 0.0000983973 0.0000000168 -0.0000915555 0.0000915555 0.0000000003
878 0.0000000158 -0.0000768153 0.0000994924 0.0000000186 -0.0001220740 0.0000610370 0.0000000035
879 0.0000000163 -0.0000786830 0.0001006115 0.0000000121 -0.0000915555 0.0000610370 0.0000000017
880 0.0000000169 -0.0000806027 0.0001017553 0.0000000168 -0.0000915555 0.0000915555 0.0000000002
881 0.0000000174 -0.0000825765 0.0001029249 0.0000000168 -0.0000915555 0.0000915555 0.0000000002
882 0.0000000180 -0.0000846064 0.0001041211 0.0000000168 -0.0000915555 0.0000915555 0.0000000002
883 0.0000000186 -0.0000866949 0.0001053451 0.0000000168 -0.0000915555 0.0000915555 0.0000000002
884 0.0000000193 -0.0000888443 0.0001065977 0.0000000233 -0.0001220740 0.0000915555 0.0000000013
885 0.0000000199 -0.0000910570 0.0001078802 0.0000000298 -0.0001220740 0.0001220740 0.0000000012
886 0.0000000206 -0.0000933358 0.0001091937 0.0000000233 -0.0001220740 0.0000915555 0.0000000011
887 0.0000000214 -0.0000956835 0.0001105395 0.0000000233 -0.0001220740 0.0000915555 0.0000000011
888 0.0000000222 -0.0000981031 0.0001119188 0.0000000233 -0.0001220740 0.0000915555 0.0000000010
889 0.0000000230 -0.0001005976 0.0001133332 0.0000000233 -0.0001220740 0.0000915555 0.0000000009
890 0.0000000238 -0.0001031704 0.0001147839 0.0000000168 -0.0000915555 0.0000915555 0.0000000007
891 0.0000000247 -0.0001058251 0.0001162726 0.0000000233 -0.0001220740 0.0000915555 0.0000000009
892 0.0000000257 -0.0001085653 0.0001178008 0.0000000298 -0.0001220740 0.0001220740 0.0000000002
893 0.0000000267 -0.0001113950 0.0001193704 0.0000000233 -0.0001220740 0.0000915555 0.0000000009
894 0.0000000277 -0.0001143183 0.0001209831 0.0000000233 -0.0001220740 0.0000915555 0.0000000009
895 0.0000000288 -0.0001173398 0.0001226410 0.0000000233 -0.0001220740 0.0000915555 0.0000000010
896 0.0000000300 -0.0001204642 0.0001243460 0.0000000317 -0.0001525925 0.0000915555 0.0000000021
897 0.0000000312 -0.0001236964 0.0001261003 0.0000000298 -0.0001220740 0.0001220740 0.0000000000
898 0.0000000325 -0.0001270420 0.0001279064 0.0000000317 -0.0001525925 0.0000915555 0.0000000020
899 0.0000000339 -0.0001305065 0.0001297666 0.0000000382 -0.0001525925 0.0001220740 0.0000000005
900 0.0000000353 -0.0001340961 0.0001316837 0.0000000382 -0.0001525925 0.0001220740 0.0000000004
901 0.0000000369 -0.0001378173 0.0001336604 0.0000000317 -0.0001525925 0.0000915555 0.0000000020
902 0.0000000385 -0.0001416771 0.0001356998 0.0000000484 -0.0001831111 0.0001220740 0.0000000019
903 0.0000000402 -0.0001456830 0.0001378052 0.0000000484 -0.0001831111 0.0001220740 0.0000000016
904 0.0000000420 -0.0001498430 0.0001399800 0.0000000382 -0.0001525925 0.0001220740 0.0000000003
905 0.0000000440 -0.0001541656 0.0001422279 0.0000000466 -0.0001525925 0.0001525925 0.0000000001
906 0.0000000461 -0.0001586602 0.0001445530 0.0000000382 -0.0001525925 0.0001220740 0.0000000005
907 0.0000000483 -0.0001633366 0.0001469595 0.0000000382 -0.0001525925 0.0001220740 0.0000000007
908 0.0000000506 -0.0001682056 0.0001494520 0.0000000568 -0.0001831111 0.0001525925 0.0000000002
909 0.0000000531 -0.0001732788 0.0001520356 0.0000000382 -0.0001525925 0.0001220740 0.0000000013
910 0.0000000558 -0.0001785685 0.0001547156 0.0000000568 -0.0001831111 0.0001525925 0.0000000000
911 0.0000000587 -0.0001840885 0.0001574978 0.0000000689 -0.0002136296 0.0001525925 0.0000000009
912 0.0000000618 -0.0001898532 0.0001603886 0.0000000605 -0.0002136296 0.0001220740 0.0000000020
913 0.0000000651 -0.0001958787 0.0001633948 0.0000000689 -0.0002136296 0.0001525925 0.0000000004
914 0.0000000686 -0.0002021822 0.0001665238 0.0000000689 -0.0002136296 0.0001525925 0.0000000003
915 0.0000000724 -0.0002087826 0.0001697838 0.0000000829 -0.0002441481 0.0001525925 0.0000000015
916 0.0000000765 -0.0002157004 0.0001731835 0.0000000689 -0.0002136296 0.0001525925 0.0000000004
917 0.0000000809 -0.0002229583 0.0001767327 0.0000000829 -0.0002441481 0.0001525925 0.0000000010
918 0.0000000857 -0.0002305807 0.0001804419 0.0000000829 -0.0002441481 0.0001525925 0.0000000010
919 0.0000000909 -0.0002385949 0.0001843227 0.0000000931 -0.0002441481 0.0001831111 0.0000000000
920 0.0000000965 -0.0002470307 0.0001883878 0.0000001090 -0.0002746666 0.0001831111 0.0000000008
921 0.0000001026 -0.0002559209 0.0001926515 0.0000000987 -0.0002746666 0.0001525925 0.0000000020
922 0.0000001092 -0.0002653019 0.0001971292 0.0000001090 -0.0002746666 0.0001831111 0.0000000003
923 0.0000001165 -0.0002752140 0.0002018381 0.0000001090 -0.0002746666 0.0001831111 0.0000000004
924 0.0000001244 -0.0002857021 0.0002067975 0.0000001388 -0.0003051851 0.0002136296 0.0000000004
925 0.0000001331 -0.0002968161 0.0002120287 0.0000001267 -0.0003051851 0.0001831111 0.0000000009
926 0.0000001426 -0.0003086120 0.0002175556 0.0000001583 -0.0003357036 0.0002136296 0.0000000007
927 0.0000001530 -0.0003211524 0.0002234049 0.0000001583 -0.0003357036 0.0002136296 0.0000000003
928 0.0000001646 -0.0003345080 0.0002296068 0.0000001583 -0.0003357036 0.0002136296 0.0000000003
929 0.0000001774 -0.0003487585 0.0002361954 0.0000001583 -0.0003357036 0.0002136296 0.0000000007
930 0.0000001916 -0.0003639944 0.0002432091 0.0000001937 -0.0003662221 0.0002441481 0.0000000000
931 0.0000002075 -0.0003803186 0.0002506920 0.0000002170 -0.0003967406 0.0002441481 0.0000000003
932 0.0000002252 -0.0003978490 0.0002586942 0.0000002422 -0.0004272591 0.0002441481 0.0000000011
933 0.0000002451 -0.0004167209 0.0002672735 0.0000002422 -0.0004272591 0.0002441481 0.0000000006
934 0.0000002675 -0.0004370905 0.0002764964 0.0000002692 -0.0004577776 0.0002441481 0.0000000015
935 0.0000002929 -0.0004591395 0.0002864402 0.0000002980 -0.0004882962 0.0002441481 0.0000000026
936 0.0000003217 -0.0004830795 0.0002971952 0.0000003139 -0.0004882962 0.0002746666 0.0000000005
937 0.0000003546 -0.0005091596 0.0003088674 0.0000003623 -0.0005188147 0.0003051851 0.0000000001
938 0.0000003925 -0.0005376743 0.0003215822 0.0000004294 -0.0005798517 0.0003051851 0.0000000020
939 0.0000004363 -0.0005689745 0.0003354890 0.0000004294 -0.0005798517 0.0003051851 0.0000000010
940 0.0000004872 -0.0006034819 0.0003507673 0.0000004852 -0.0006103702 0.0003357036 0.0000000003
941 0.0000005469 -0.0006417075 0.0003676345 0.0000005449 -0.0006408887 0.0003662221 0.0000000000
942 0.0000006175 -0.0006842768 0.0003863569 0.0000006268 -0.0007019257 0.0003662221 0.0000000007
943 0.0000007016 -0.0007319636 0.0004072636 0.0000007395 -0.0007629627 0.0003967406 0.0000000011
944 0.0000008029 -0.0007857366 0.0004307670 0.0000008122 -0.0007934812 0.0004272591 0.0000000001
945 0.0000009263 -0.0008468255 0.0004573900 0.0000009128 -0.0008545183 0.0004272591 0.0000000010
946 0.0000010785 -0.0009168141 0.0004878065 0.0000010478 -0.0009155553 0.0004577776 0.0000000009
947 0.0000012690 -0.0009977789 0.0005228997 0.0000012527 -0.0010071108 0.0004882962 0.0000000013
948 0.0000015115 -0.0010924957 0.0005638505 0.0000015768 -0.0011291849 0.0005493332 0.0000000016
949 0.0000018263 -0.0012047619 0.0006122741 0.0000018264 -0.0012207404 0.0005798517 0.0000000013
950 0.0000022449 -0.0013399136 0.0006704400 0.0000022139 -0.0013428144 0.0006408887 0.0000000009
951 0.0000028171 -0.0015056929 0.0007416412 0.0000028649 -0.0015259255 0.0007324442 0.0000000005
952 0.0000036273 -0.0017137756 0.0008308436 0.0000035998 -0.0017090365 0.0008239998 0.0000000001
953 0.0000048256 -0.0019826342 0.0009459037 0.0000048953 -0.0020142216 0.0009155553 0.0000000019
954 0.0000067012 -0.0023433248 0.0011000300 0.0000066631 -0.0023499252 0.0010681478 0.0000000011
955 0.0000098714 -0.0028524012 0.0013172748 0.0000098726 -0.0028687399 0.0012817774 0.0000000015
956 0.0000158506 -0.0036248407 0.0016465382 0.0000158055 -0.0036317026 0.0016174810 0.0000000009
957 0.0000292229 -0.0049357566 0.0022048258 0.0000292714 -0.0049439985 0.0021973327 0.0000000001
958 0.0000697775 -0.0076481119 0.0033591551 0.0000699475 -0.0076601459 0.0033570360 0.0000000001
959 0.0003262769 -0.0165834168 0.0071601098 0.0003246044 -0.0165410321 0.0071413312 0.0000000021
960 0.0153656025 0.1141090179 -0.0484224594 0.0019513377 0.0312204352 -0.0312509537 0.0071653777
961 0.0002007986 0.0130788573 -0.0054536331 0.0001993273 0.0130314035 -0.0054322947 0.0000000027
962 0.0000572671 0.0070027124 -0.0028686409 0.0000570721 0.0069887387 -0.0028687399 0.0000000002
963 0.0000269057 0.0048121677 -0.0019361782 0.0000266542 0.0047914060 -0.0019226661 0.0000000006
964 0.0000156852 0.0036833968 -0.0014552741 0.0000155578 0.0036622211 -0.0014648885 0.0000000005
965 0.0000103212 0.0029952462 -0.0011617525 0.0000101083 0.0029602954 -0.0011597034 0.0000000012
966 0.0000073402 0.0025320154 -0.0009638757 0.0000072163 0.0025025178 -0.0009765923 0.0000000010
967 0.0000055105 0.0021990481 -0.0008213862 0.0000053741 0.0021668142 -0.0008239998 0.0000000010
968 0.0000043053 0.0019482711 -0.0007138383 0.0000042331 0.0019226661 -0.0007324442 0.0000000010
969 0.0000034685 0.0017526776 -0.0006297455 0.0000034368 0.0017395550 -0.0006408887 0.0000000003
970 0.0000028630 0.0015959272 -0.0005621580 0.0000028547 0.0015869625 -0.0005798517 0.0000000004
971 0.0000024104 0.0014675532 -0.0005066240 0.0000024151 0.0014648885 -0.0005188147 0.0000000002
972 0.0000020628 0.0013605413 -0.0004601597 0.0000020416 0.0013428144 -0.0004882962 0.0000000011
973 0.0000017899 0.0012700144 -0.0004206907 0.0000017482 0.0012512589 -0.0004272591 0.0000000004
974 0.0000015716 0.0011924764 -0.0003867297 0.0000015023 0.0011597034 -0.0003967406 0.0000000012
975 0.0000013940 0.0011253559 -0.0003571825 0.0000013412 0.0010986663 -0.0003662221 0.0000000008
976 0.0000012476 0.0010667193 -0.0003312263 0.0000011894 0.0010376293 -0.0003357036 0.0000000009
977 0.0000011254 0.0010150846 -0.0003082305 0.0000010469 0.0009765923 -0.0003051851 0.0000000015
978 0.0000010223 0.0009692971 -0.0002877034 0.0000009882 0.0009460738 -0.0003051851 0.0000000008
979 0.0000009345 0.0009284437 -0.0002692562 0.0000008764 0.0008850368 -0.0003051851 0.0000000032
980 0.0000008591 0.0008917927 -0.0002525773 0.0000008587 0.0008850368 -0.0002746666 0.0000000005
981 0.0000007938 0.0008587514 -0.0002374139 0.0000006892 0.0007934812 -0.0002441481 0.0000000043
982 0.0000007369 0.0008288340 -0.0002235589 0.0000006892 0.0007934812 -0.0002441481 0.0000000017
983 0.0000006871 0.0008016392 -0.0002108411 0.0000006417 0.0007629627 -0.0002441481 0.0000000026
984 0.0000006431 0.0007768321 -0.0001991175 0.0000006277 0.0007629627 -0.0002136296 0.0000000004
985 0.0000006042 0.0007541315 -0.0001882677 0.0000005821 0.0007324442 -0.0002136296 0.0000000011
986 0.0000005695 0.0007332991 -0.0001781899 0.0000005262 0.0007019257 -0.0001831111 0.0000000010
987 0.0000005385 0.0007141321 -0.0001687972 0.0000005262 0.0007019257 -0.0001831111 0.0000000004
988 0.0000005107 0.0006964567 -0.0001600147 0.0000004843 0.0006714072 -0.0001831111 0.0000000012
989 0.0000004856 0.0006801228 -0.0001517782 0.0000004340 0.0006408887 -0.0001525925 0.0000000015
990 0.0000004630 0.0006650009 -0.0001440316 0.0000004340 0.0006408887 -0.0001525925 0.0000000007
991 0.0000004425 0.0006509778 -0.0001367261 0.0000004340 0.0006408887 -0.0001525925 0.0000000004
992 0.0000004238 0.0006379548 -0.0001298189 0.0000003958 0.0006103702 -0.0001525925 0.0000000013
993 0.0000004069 0.0006258452 -0.0001232722 0.0000003958 0.0006103702 -0.0001525925 0.0000000011
994 0.0000003914 0.0006145726 -0.0001170527 0.0000003511 0.0005798517 -0.0001220740 0.0000000012
995 0.0000003773 0.0006040696 -0.0001111307 0.0000003958 0.0006103702 -0.0001525925 0.0000000018
996 0.0000003643 0.0005942763 -0.0001054799 0.0000003167 0.0005493332 -0.0001220740 0.0000000023
997 0.0000003524 0.0005851395 -0.0001000765 0.0000003167 0.0005493332 -0.0001220740 0.0000000018
998 0.0000003415 0.0005766116 -0.0000948994 0.0000003101 0.0005493332 -0.0000915555 0.0000000008
999 0.0000003315 0.0005686503 -0.0000899293 0.0000003101 0.0005493332 -0.0000915555 0.0000000004
1000 0.0000003222 0.0005612175 -0.0000851489 0.0000003167 0.0005493332 -0.0001220740 0.0000000015
1001 0.0000003137 0.0005542791 -0.0000805426 0.0000002776 0.0005188147 -0.0000915555 0.0000000014
1002 0.0000003059 0.0005478044 -0.0000760959 0.0000002776 0.0005188147 -0.0000915555 0.0000000011
1003 0.0000002987 0.0005417658 -0.0000717959 0.0000002776 0.0005188147 -0.0000915555 0.0000000009
1004 0.0000002920 0.0005361383 -0.0000676306 0.0000002776 0.0005188147 -0.0000915555 0.0000000009
1005 0.0000002859 0.0005308995 -0.0000635888 0.0000002776 0.0005188147 -0.0000915555 0.0000000009
1006 0.0000002803 0.0005260291 -0.0000596606 0.0000002422 0.0004882962 -0.0000610370 0.0000000014
1007 0.0000002751 0.0005215087 -0.0000558364 0.0000002729 0.0005188147 -0.0000610370 0.0000000000
1008 0.0000002703 0.0005173217 -0.0000521075 0.0000002776 0.0005188147 -0.0000915555 0.0000000016
1009 0.0000002660 0.0005134533 -0.0000484659 0.0000002422 0.0004882962 -0.0000610370 0.0000000008
1010 0.0000002620 0.0005098899 -0.0000449040 0.0000002394 0.0004882962 -0.0000305185 0.0000000007
1011 0.0000002584 0.0005066194 -0.0000414146 0.0000002422 0.0004882962 -0.0000610370 0.0000000007
1012 0.0000002551 0.0005036308 -0.0000379909 0.0000002422 0.0004882962 -0.0000610370 0.0000000008
1013 0.0000002521 0.0005009144 -0.0000346268 0.0000002422 0.0004882962 -0.0000610370 0.0000000009
1014 0.0000002494 0.0004984614 -0.0000313162 0.0000002105 0.0004577776 -0.0000305185 0.0000000017
1015 0.0000002471 0.0004962640 -0.0000280534 0.0000002394 0.0004882962 -0.0000305185 0.0000000001
1016 0.0000002450 0.0004943154 -0.0000248330 0.0000002105 0.0004577776 -0.0000305185 0.0000000014
1017 0.0000002431 0.0004926097 -0.0000216497 0.0000002394 0.0004882962 -0.0000305185 0.0000000001
1018 0.0000002416 0.0004911415 -0.0000184984 0.0000002105 0.0004577776 -0.0000305185 0.0000000013
1019 0.0000002402 0.0004899064 -0.0000153744 0.0000002394 0.0004882962 -0.0000305185 0.0000000002
1020 0.0000002392 0.0004889009 -0.0000122728 0.0000002394 0.0004882962 -0.0000305185 0.0000000003
1021 0.0000002383 0.0004881218 -0.0000091891 0.0000002105 0.0004577776 -0.0000305185 0.0000000014
1022 0.0000002378 0.0004875670 -0.0000061187 0.0000002394 0.0004882962 -0.0000305185 0.0000000006
1023 0.0000002374 0.0004872348 -0.0000030572 0.0000002105 0.0004577776 -0.0000305185 0.0000000016
