#int double real img int16 real16 img16 error
0 0.2372899009 0.4871241124 0.0000000000 0.0022928335 -0.0478835414 0.0000000000 0.2862331896
1 0.2374070528 0.4872347551 0.0030571582 0.0007049648 -0.0265511032 -0.0000610370 0.2639856314
2 0.2377590244 0.4875670063 0.0061187240 0.0022399424 -0.0098269601 0.0462965789 0.2490150177
3 0.2383473687 0.4881218379 0.0091891265 0.0002576419 -0.0073244423 0.0142826624 0.2454929607
4 0.2391746910 0.4889008779 0.0122728380 0.0398822005 -0.1990417188 -0.0162663656 0.4740795025
5 0.2402446743 0.4899064220 0.0153743959 0.0281075109 -0.1369670705 -0.0966826380 0.4055271545
6 0.2415621163 0.4911414507 0.0184984262 0.0006223477 -0.0121463668 -0.0217902158 0.2549218019
7 0.2431329771 0.4926096518 0.0216496664 0.0269452658 -0.1508224738 -0.0647907956 0.4214768537
8 0.2449644394 0.4943154479 0.0248329910 0.0419433031 -0.0400708029 0.2008423109 0.3165479457
9 0.2470649832 0.4962640304 0.0280534377 0.0491272030 -0.1512802515 0.1619922483 0.4372532019
10 0.2494444735 0.4984613996 0.0313162354 0.0024932776 0.0166936247 0.0470595416 0.2323480407
11 0.2521142662 0.5009144123 0.0346268350 0.0365252455 -0.1565294351 0.1096530045 0.4378613386
12 0.2550873310 0.5036308363 0.0379909416 0.0292332850 0.0093691824 0.1707205420 0.2619117294
13 0.2583783964 0.5066194147 0.0414145503 0.0070047416 -0.0523392438 0.0653096103 0.3130057558
14 0.2620041175 0.5098899387 0.0449039856 0.0012775406 -0.0185552538 0.0305490280 0.2794603862
15 0.2659832717 0.5134533318 0.0484659446 0.0176774696 -0.0626850185 0.1172521134 0.3366669357
16 0.2703369854 0.5173217463 0.0521075442 0.0193094047 -0.1345561083 0.0346995453 0.4252477758
17 0.2750889970 0.5215086732 0.0558363748 0.0402578416 -0.1974242378 -0.0357982116 0.5252614280
18 0.2802659632 0.5260290684 0.0596605595 0.0079407416 -0.0879238258 -0.0144962920 0.3824373949
19 0.2858978137 0.5308994966 0.0635888210 0.0080312484 -0.0863979003 -0.0238044374 0.3886936579
20 0.2920181655 0.5361382968 0.0676305566 0.0191580211 -0.1303750725 0.0464796899 0.4446874306
21 0.2986648053 0.5417657711 0.0717959237 0.0574767177 -0.2073732719 -0.1203039644 0.5981116727
22 0.3058802548 0.5478044024 0.0760959363 0.0274530054 -0.1524704733 0.0648518326 0.4905113315
23 0.3137124326 0.5542791049 0.0805425757 0.0395703001 -0.1989196448 -0.0011291849 0.5739786330
24 0.3222154340 0.5612175122 0.0851489171 0.0379643636 0.0929593799 0.1712393567 0.2266772423
25 0.3314504514 0.5686503116 0.0899292749 0.0173841121 -0.0718710898 0.1105380413 0.4106923869
26 0.3414868644 0.5766116316 0.0948993712 0.0018003043 -0.0423596912 -0.0024414808 0.3926007399
27 0.3524035378 0.5851394927 0.1000765301 0.0137905486 -0.0771507920 0.0885341960 0.4387616467
28 0.3642903715 0.5942763340 0.1054799051 0.0021149987 0.0177617725 -0.0424207282 0.3542436369
29 0.3772501608 0.6040696305 0.1111307438 0.0169512703 -0.0961638234 -0.0877712333 0.5298888864
30 0.3914008401 0.6145726202 0.1170527001 0.0147780082 -0.1121250038 0.0469679861 0.5330013039
31 0.4068782032 0.6258451626 0.1232722013 0.0317055945 -0.1115756706 -0.1387676626 0.6124543756
32 0.4238392177 0.6379547592 0.1298188848 0.0065854355 -0.0213934751 0.0782799768 0.4373963532
33 0.4424660893 0.6509777709 0.1367261173 0.0097573637 -0.0856044191 0.0492873928 0.5501988531
34 0.4629712750 0.6650008782 0.1440316183 0.0106767274 -0.0604876858 0.0837733085 0.5299647203
35 0.4856037079 0.6801228436 0.1517782114 0.0107189198 -0.0932340464 0.0450148015 0.6094793051
36 0.5106565809 0.6964566501 0.1600147350 0.0446002957 -0.1839045381 0.1038239692 0.7781932238
37 0.5384771538 0.7141321125 0.1687971555 0.0105543366 -0.0563371685 -0.0859096042 0.6584984463
38 0.5694792086 0.7332990903 0.1781899344 0.0129524105 -0.0521866512 0.1011383404 0.6229247983
39 0.6041590058 0.7541314677 0.1882677224 0.0066533135 -0.0814233833 0.0048524430 0.7317930737
40 0.6431159161 0.7768321229 0.1991174751 0.0000167276 -0.0000610370 0.0040894803 0.6415989008
41 0.6870793656 0.8016391890 0.2108411161 0.0465207265 -0.1472212897 0.1576281014 0.9031678331
42 0.7369444099 0.8288340112 0.2235589226 0.0051188548 -0.0699789422 0.0148930326 0.8514061788
43 0.7938192539 0.8587513650 0.2374138728 0.0123537608 -0.0944853053 -0.0585345012 0.9962455898
44 0.8590895444 0.8917927214 0.2525772880 0.0093133108 -0.0628376110 0.0732444227 0.9434793481
45 0.9345065778 0.9284436721 0.2692562451 0.0155240692 -0.1115756706 -0.0554521317 1.1870757633
46 1.0223101849 0.9692971240 0.2877034416 0.0028289663 0.0461745048 -0.0263985107 0.9508154065
47 1.1254028340 1.0150846183 0.3082305170 0.0041548324 -0.0502945036 0.0403149510 1.2068114240
48 1.2476009505 1.0667193021 0.3312263290 0.0140567741 -0.1184118168 -0.0059511093 1.5182243939
49 1.3940053219 1.1253559431 0.3571824790 0.0034419620 -0.0392773217 0.0435804315 1.4547168856
50 1.5715598858 1.1924764328 0.3867296769 0.0319384915 0.0244148076 -0.1770378735 1.6822018112
51 1.7899171835 1.2700143685 0.4206907264 0.0071070518 0.0498367260 0.0679952391 1.6132275861
52 2.0628195140 1.3605412685 0.4601597230 0.0220688426 0.1407513657 0.0475173193 1.6581611604
53 2.4103802035 1.4675531924 0.5066239541 0.0087982291 -0.0492873928 -0.0798059023 2.6447053375
54 2.8630051328 1.5959271600 0.5621580139 0.0495246794 -0.2077394940 0.0798059023 3.4858769585
55 3.4684581238 1.7526775835 0.6297455138 0.0037169713 -0.0076296274 -0.0604876858 3.5751033464
56 4.3053253223 1.9482710895 0.7138382757 0.0335693406 0.1610766930 -0.0873134556 3.8359079076
57 5.5104878601 2.1990480958 0.8213862262 0.0127187842 -0.1005890072 0.0509964293 5.8818312446
58 7.3401582046 2.5320153814 0.9638756729 0.0539454374 0.2306894131 0.0269783624 6.1738777829
59 10.3211685280 2.9952461924 1.1617524587 0.0030562694 -0.0436414686 -0.0339365825 10.6645104989
60 15.6852345812 3.6833967774 1.4552741190 0.0466518955 -0.1948606830 -0.0931730094 17.4385694388
61 26.9057438849 4.8121676893 1.9361781982 0.0099299389 0.0969267861 0.0231330302 25.8932385899
62 57.2670812262 7.0027123638 2.8686409283 0.0586972486 -0.2422559282 0.0030518509 60.7011663132
63 200.7986225073 13.0788572936 5.4536331378 0.0023481947 0.0473342082 0.0103762932 199.4496390007
64 15365.6025260639 114.1090178521 48.4224593645 0.0647706219 -0.2195806757 -0.1286660360 15428.2402189629
65 326.2768843657 -16.5834167899 -7.1601097714 0.0053333859 0.0051576281 -0.0728476821 325.4100851433
66 69.7775392491 -7.6481119385 -3.3591551058 0.0392157203 -0.0709555345 -0.1848811304 67.4893144415
67 29.2229497304 -4.9357565869 -2.2048257630 0.0116716334 -0.0661030915 -0.0854518265 28.2052710477
68 15.8505577930 -3.6248406659 -1.6465381684 0.0035980249 -0.0086367382 0.0593585009 15.9870142931
69 9.8714054964 -2.8524011988 -1.3172747995 0.0242509453 -0.1511276589 -0.0375682852 8.9345275001
70 6.7012372744 -2.3433248382 -1.1000299891 0.0002647539 -0.0114749596 0.0115359966 6.6731027972
71 4.8255723410 -1.9826342181 -0.9459037469 0.0224895541 -0.1376384777 -0.0595416120 4.1896471160
72 3.6273277357 -1.7137755620 -0.8308435825 0.0020934820 -0.0216376232 -0.0403149510 3.4882663212
73 2.8171426056 -1.5056928511 -0.7416411827 0.0040171587 0.0493789483 0.0397350993 3.0287971954
74 2.2448583836 -1.3399136396 -0.6704400212 0.0105992105 -0.0545976135 -0.0872829371 1.9921094718
75 1.8263308083 -1.2047619049 -0.6122740897 0.0148368304 0.1051973022 0.0614032411 2.1698342700
76 1.5114742089 -1.0924956692 -0.5638505313 0.0017355790 -0.0407422102 -0.0086977752 1.4143799213
77 1.2689867677 -0.9977788572 -0.5228997225 0.0011814101 0.0007324442 -0.0343638417 1.2356921260
78 1.0785032637 -0.9168141141 -0.4878064615 0.0050521196 0.0654927213 -0.0276192511 1.1766989876
79 0.9263189652 -0.8468254824 -0.4573899513 0.0102053488 0.0660725730 0.0764183477 1.1183341597
80 0.8029422354 -0.7857366395 -0.4307669540 0.0035697091 -0.0523087252 -0.0288705100 0.6994372572
81 0.7016343013 -0.7319635601 -0.4072636099 0.0033076413 -0.0418103580 0.0394909513 0.6759010804
82 0.6175063441 -0.6842767859 -0.3863568615 0.0222180803 -0.1112399670 -0.0992156743 0.4108212571
83 0.5469436208 -0.6417074845 -0.3676344994 0.0080450291 0.0874660482 0.0198675497 0.6818518787
84 0.4872280496 -0.6034818719 -0.3507672730 0.0285339495 -0.1285439619 -0.1095919675 0.2837315463
85 0.4362848473 -0.5689744868 -0.3354890173 0.0041556660 -0.0644550920 -0.0010986663 0.3663567265
86 0.3925087655 -0.5376742823 -0.3215822317 0.0386258479 0.1935178686 0.0343028047 0.6612961206
87 0.3546426087 -0.5091596132 -0.3088674424 0.0044527480 -0.0409253212 0.0527054659 0.3499783202
88 0.3216908224 -0.4830795103 -0.2971952375 0.0158400164 0.0776696066 0.0990325632 0.4714360421
89 0.2928570559 -0.4591394709 -0.2864402244 0.0375712572 -0.0866115299 0.1734061708 0.3502357741
90 0.2674983984 -0.4370905464 -0.2764963881 0.0008911410 0.0083620716 0.0286568804 0.2915465521
91 0.2450913951 -0.4167208645 -0.2672734858 0.0088129729 0.0261848811 0.0901516770 0.3239182465
92 0.2252065078 -0.3978489783 -0.2586942177 0.0099015850 -0.0666524247 0.0738853114 0.2203003003
93 0.2074887064 -0.3803185961 -0.2506919861 0.0059688987 -0.0682393872 0.0362254707 0.1797150597
94 0.1916425702 -0.3639943707 -0.2432091041 0.0024267361 0.0075685904 -0.0486770226 0.1759017647
95 0.1774207405 -0.3487585066 -0.2361953526 0.0039898301 -0.0188909574 0.0602740562 0.1967067104
96 0.1646148930 -0.3345080062 -0.2296068090 0.0056513169 -0.0137028108 0.0739158300 0.1950419658
97 0.1530486206 -0.3211524184 -0.2234048898 0.0101835536 -0.0040284433 0.1008331553 0.2056979255
98 0.1425717808 -0.3086119864 -0.2175555623 0.0178726430 -0.0119632557 0.1331522568 0.2109964438
99 0.1330559717 -0.2968161134 -0.2120286926 0.0067503596 -0.0617999817 0.0541398358 0.1260782677
100 0.1243908890 -0.2857020863 -0.2067975022 0.0136752289 -0.1095004120 0.0410473952 0.0924741232
101 0.1164813727 -0.2752140055 -0.2018381131 0.0022131186 -0.0464796899 0.0072634053 0.0960428321
102 0.1092449982 -0.2653018857 -0.1971291650 0.0024927076 0.0017090365 -0.0498977630 0.0929719183
103 0.1026101014 -0.2559208944 -0.1926514915 0.0111057403 -0.0984832301 0.0375072481 0.0777596636
104 0.0965141500 -0.2470307059 -0.1883878455 0.0075322377 -0.0601825007 0.0625324259 0.0978732344
105 0.0909023941 -0.2385949491 -0.1843226638 0.0218042368 -0.1311075167 0.0679342021 0.0751870745
106 0.0857267430 -0.2305807357 -0.1804418668 0.0003596885 -0.0184636982 -0.0043336283 0.0760077492
107 0.0809448248 -0.2229582534 -0.1767326852 0.0116377014 0.0829493088 0.0689718314 0.1539501461
108 0.0765191976 -0.2157004152 -0.1731835109 0.0155990639 -0.1071810053 0.0641193884 0.0680891284
109 0.0724166832 -0.2087825554 -0.1697837677 0.0142857816 0.0703146458 0.0966521195 0.1488833297
110 0.0686078037 -0.2021821657 -0.1665237989 0.0039042624 -0.0498367260 0.0376903592 0.0649125554
111 0.0650663019 -0.1958786650 -0.1633947690 0.0030396964 -0.0454420606 -0.0312204352 0.0401012264
112 0.0617687327 -0.1898531974 -0.1603885785 0.0021346890 -0.0426648762 0.0177312540 0.0533910766
113 0.0586941130 -0.1840884561 -0.1574977884 0.0134444116 0.1049531541 0.0492873928 0.1263051636
114 0.0558236217 -0.1785685276 -0.1547155539 0.0118116514 -0.0484939116 0.0972624897 0.0804123402
115 0.0531403404 -0.1732787548 -0.1520355666 0.0038699281 0.0257881405 0.0566118351 0.0831613670
116 0.0506290300 -0.1682056156 -0.1494520020 0.0018373257 -0.0415662099 -0.0104678488 0.0353541339
117 0.0482759372 -0.1633366157 -0.1469594747 0.0284962920 -0.0784936064 0.1494491409 0.0950564036
118 0.0460686257 -0.1586601927 -0.1445529970 0.0016529917 -0.0289010285 0.0285958434 0.0468179616
119 0.0439958297 -0.1541656313 -0.1422279432 0.0120080038 -0.1045258950 0.0328989532 0.0331335333
120 0.0420473260 -0.1498429874 -0.1399800170 0.0022095533 0.0452589496 0.0126956999 0.0613746403
121 0.0402138217 -0.1456830202 -0.1378052224 0.0013716164 -0.0242927335 -0.0279549547 0.0268026830
122 0.0384868556 -0.1416771311 -0.1356998383 0.0006296209 0.0121158483 0.0219733268 0.0485131075
123 0.0368587119 -0.1378173094 -0.1336603949 0.0053441396 -0.0281991028 0.0674459059 0.0524598955
124 0.0353223438 -0.1340960829 -0.1316836526 0.0010466739 -0.0318002869 0.0059511093 0.0294077576
125 0.0338713058 -0.1305064735 -0.1297665834 0.0068248448 -0.0590533158 0.0577715384 0.0402761009
126 0.0324996943 -0.1270419577 -0.1279063538 0.0114464072 0.0253303629 0.1039460433 0.0769728581
127 0.0312020946 -0.1236964294 -0.1261003092 0.0211719251 -0.0049745170 0.1454206977 0.0878185497
128 0.0299735336 -0.1204641683 -0.1243459601 0.0035418804 -0.0150151067 0.0575884274 0.0442196260
129 0.0288094382 -0.1173398092 -0.1226409693 0.0007117946 0.0179754021 0.0197149571 0.0385754162
130 0.0277055975 -0.1143183154 -0.1209831405 0.0002091096 0.0122074038 0.0077517014 0.0325814171
131 0.0266581299 -0.1113949539 -0.1193704074 0.0069268941 0.0512405774 0.0655842769 0.0606585513
132 0.0256634529 -0.1085652732 -0.1178008248 0.0016467571 -0.0069582202 -0.0399792474 0.0163801911
133 0.0247182562 -0.1058250825 -0.1162725594 0.0091965978 -0.0804162725 0.0522476882 0.0290446815
134 0.0238194778 -0.1031704333 -0.1147838817 0.0001216242 0.0057679983 0.0093997009 0.0272891441
135 0.0229642825 -0.1005976018 -0.1133331592 0.0060095664 -0.0008239998 0.0775170141 0.0463785603
136 0.0221500419 -0.0981030737 -0.1119188491 0.0112443295 0.0810876797 0.0683309427 0.0645993136
137 0.0213743173 -0.0956835297 -0.1105394925 0.0543597820 0.2294991913 0.0411084323 0.1287408951
138 0.0206348436 -0.0933358318 -0.1091937089 0.0000433660 0.0054933317 0.0036317026 0.0224967770
139 0.0199295149 -0.0910570118 -0.1078801905 0.0371411555 0.1438337352 0.1282692953 0.1109402426
140 0.0192563716 -0.0888442594 -0.1065976977 0.0045613907 0.0649739067 0.0184331797 0.0392927485
141 0.0186135885 -0.0866949126 -0.1053450550 0.0041338214 -0.0544755394 0.0341502121 0.0204970175
142 0.0179994640 -0.0846064474 -0.1041211462 0.0015122482 -0.0388500626 0.0017090365 0.0132936743
143 0.0174124107 -0.0825764698 -0.1029249111 0.0077450206 0.0482802820 -0.0735801263 0.0179846059
144 0.0168509460 -0.0806027067 -0.1017553422 0.0103256448 -0.0891140477 0.0488296152 0.0227482723
145 0.0163136845 -0.0786829994 -0.1006114809 0.0006597612 0.0072939238 -0.0246284371 0.0131654542
146 0.0157993303 -0.0768152956 -0.0994924149 0.0180059672 -0.0730613117 -0.1125522629 0.0001846520
147 0.0153066704 -0.0749976438 -0.0983972756 0.0080145991 -0.0227668081 0.0865810114 0.0369450268
148 0.0148345687 -0.0732281867 -0.0973252349 0.0240606021 -0.0095522935 -0.1548203986 0.0073603132
149 0.0143819599 -0.0715051559 -0.0962755033 0.0142094691 -0.0602130192 0.1028778954 0.0397895886
150 0.0139478447 -0.0698268664 -0.0952473277 0.0024810253 0.0336619160 0.0367137669 0.0281236586
151 0.0135312851 -0.0681917121 -0.0942399891 0.0009334443 0.0030823695 0.0303964354 0.0206142330
152 0.0131313999 -0.0665981612 -0.0932528006 0.0153131164 0.0094302194 0.1233863338 0.0527128292
153 0.0127473605 -0.0650447519 -0.0922851058 0.0110326475 -0.0133060701 0.1041901914 0.0412794336
154 0.0123783877 -0.0635300884 -0.0913362771 0.0051597302 0.0365611744 -0.0618305002 0.0108888518
155 0.0120237478 -0.0620528376 -0.0904057142 0.0008859281 -0.0294198431 0.0045167394 0.0100751845
156 0.0116827501 -0.0606117253 -0.0894928423 0.0001721655 0.0091860714 -0.0093691824 0.0112915333
157 0.0113547432 -0.0592055330 -0.0885971110 0.0024449241 -0.0085146641 0.0487075411 0.0214221317
158 0.0110391132 -0.0578330954 -0.0877179929 0.0033648596 -0.0318308054 -0.0484939116 0.0022146476
159 0.0107352806 -0.0564932969 -0.0868549827 0.0079893550 -0.0271919919 -0.0851466414 0.0008614849
160 0.0104426984 -0.0551850696 -0.0860075955 0.0091916568 -0.0241706595 0.0927762688 0.0329255638
161 0.0101608497 -0.0539073902 -0.0851753662 0.0166979565 -0.1292153691 -0.0011597034 0.0127299233
162 0.0098892462 -0.0526592784 -0.0843578483 0.0128663445 -0.0077822199 -0.1131626331 0.0028436660
163 0.0096274258 -0.0514397940 -0.0835546131 0.0060423808 0.0684835353 -0.0367748039 0.0165699555
164 0.0093749515 -0.0502480355 -0.0827652487 0.0089131902 -0.0513931700 0.0791955321 0.0262326059
165 0.0091314094 -0.0490831378 -0.0819893593 0.0022362513 -0.0150456252 0.0448316904 0.0172421309
166 0.0088964078 -0.0479442704 -0.0812265640 0.0153680408 -0.0336008789 0.1193273721 0.0404276142
167 0.0086695750 -0.0468306359 -0.0804764969 0.0043393014 -0.0061647389 -0.0655842769 0.0018754934
168 0.0084505590 -0.0457414682 -0.0797388054 0.0220316358 0.0712302011 0.1302224799 0.0577661128
169 0.0082390257 -0.0446760312 -0.0790131505 0.0011170890 -0.0047608875 0.0330820643 0.0141585559
170 0.0080346581 -0.0436336170 -0.0782992055 0.0141930786 0.1057771538 -0.0548112430 0.0228752628
171 0.0078371552 -0.0426135451 -0.0775966556 0.0050588451 -0.0708334605 -0.0064394055 0.0058597179
172 0.0076462310 -0.0416151606 -0.0769051976 0.0101790177 -0.0165715506 0.0995208594 0.0317533360
173 0.0074616139 -0.0406378334 -0.0762245391 0.0013314479 0.0293588061 0.0216681417 0.0144825065
174 0.0072830454 -0.0396809567 -0.0755543981 0.0012302870 -0.0350657674 -0.0008239998 0.0056059324
175 0.0071102799 -0.0387439465 -0.0748945025 0.0006761377 -0.0260017701 0.0002136296 0.0058035946
176 0.0069430835 -0.0378262398 -0.0742445898 0.0356417939 0.1886654256 0.0068666646 0.0578775101
177 0.0067812337 -0.0369272942 -0.0736044064 0.0016239578 -0.0172734764 0.0364085818 0.0124891301
178 0.0066245184 -0.0360465871 -0.0729737077 0.0078004070 -0.0825830866 0.0313119907 0.0130411527
179 0.0064727358 -0.0351836141 -0.0723522570 0.0009443312 0.0063783685 0.0300607318 0.0122158187
180 0.0063256932 -0.0343378892 -0.0717398259 0.0021938549 -0.0449537645 0.0131534776 0.0073195698
181 0.0061832073 -0.0335089431 -0.0711361934 0.0147081519 -0.0721152379 -0.0975066378 0.0021858463
182 0.0060451028 -0.0326963230 -0.0705411460 0.0065072360 0.0775475326 0.0222174749 0.0207578695
183 0.0059112128 -0.0318995919 -0.0699544771 0.0302027793 -0.0884426405 -0.1496017335 0.0095408018
184 0.0057813778 -0.0311183276 -0.0693759867 0.0076052578 0.0536820582 0.0687276833 0.0262637291
185 0.0056554456 -0.0303521224 -0.0688054814 0.0110033398 -0.0981475265 0.0370189520 0.0157950275
186 0.0055332707 -0.0296005822 -0.0682427739 0.0125971675 -0.1075472274 -0.0321054720 0.0073815841
187 0.0054147140 -0.0288633264 -0.0676876829 0.0011290787 -0.0002441481 -0.0336008789 0.0019809676
188 0.0052996429 -0.0281399869 -0.0671400327 0.0151585149 0.0354930265 -0.1178930021 0.0066250243
189 0.0051879301 -0.0274302077 -0.0665996531 0.0108582830 -0.0216376232 0.1019318216 0.0284364120
190 0.0050794542 -0.0267336446 -0.0660663792 0.0137985463 -0.0581682791 0.1020538957 0.0292525631
191 0.0049740989 -0.0260499645 -0.0655400510 0.0046362885 -0.0388195441 -0.0559404279 0.0002552149
192 0.0048717530 -0.0253788451 -0.0650205135 0.0005456999 -0.0085757012 -0.0217291787 0.0021564853
193 0.0047723097 -0.0247199744 -0.0645076164 0.0025698714 0.0408642842 0.0299996948 0.0132329268
194 0.0046756671 -0.0240730503 -0.0640012137 0.0011727501 -0.0215155492 0.0266426588 0.0082228524
195 0.0045817274 -0.0234377804 -0.0635011640 0.0146693311 -0.0107425153 -0.1206396680 0.0034259784
196 0.0044903968 -0.0228138813 -0.0630073297 0.0215067747 -0.0681478317 0.1298562578 0.0392515304
197 0.0044015855 -0.0222010784 -0.0625195775 0.0323431302 -0.0504776147 -0.1726126896 0.0129200558
198 0.0043152073 -0.0215991058 -0.0620377778 0.0037947797 -0.0353099155 0.0504776147 0.0128476999
199 0.0042311795 -0.0210077056 -0.0615618050 0.0051845589 0.0551469466 -0.0462965789 0.0060325582
200 0.0041494230 -0.0204266278 -0.0610915366 0.0073910434 -0.0827661977 0.0232551042 0.0110005778
201 0.0040698615 -0.0198556299 -0.0606268539 0.0014919525 0.0297555467 0.0246284371 0.0097297335
202 0.0039924219 -0.0192944769 -0.0601676415 0.0004001215 0.0199896237 -0.0007324442 0.0050757832
203 0.0039170342 -0.0187429405 -0.0597137872 0.0098192128 0.0390636921 -0.0910672323 0.0043246453
204 0.0038436309 -0.0182007996 -0.0592651817 0.0096265533 -0.0894497513 0.0403149510 0.0149926160
205 0.0037721472 -0.0176678391 -0.0588217190 0.0109715676 0.0062868130 -0.1045564135 0.0026654876
206 0.0037025208 -0.0171438506 -0.0583832958 0.0043334151 -0.0001831111 -0.0658284249 0.0003430966
207 0.0036346921 -0.0166286317 -0.0579498116 0.0195085430 0.0366832484 0.1347697378 0.0399829813
208 0.0035686033 -0.0161219857 -0.0575211687 0.0063218347 -0.0594500565 0.0527970214 0.0140474248
209 0.0035041991 -0.0156237216 -0.0570972719 0.0073482493 0.0050355541 -0.0855739006 0.0012377240
210 0.0034414264 -0.0151336539 -0.0566780285 0.0103547281 -0.0075991089 -0.1014740440 0.0020634524
211 0.0033802338 -0.0146516023 -0.0562633484 0.0077010968 0.0805383465 -0.0348521378 0.0095195663
212 0.0033205721 -0.0141773917 -0.0558531436 0.0148211646 -0.0801721244 -0.0916165654 0.0056343271
213 0.0032623937 -0.0137108517 -0.0554473285 0.0028205568 0.0396435438 -0.0353404340 0.0032509787
214 0.0032056529 -0.0132518168 -0.0550458198 0.0056627915 -0.0536515397 -0.0527665029 0.0016373329
215 0.0031503057 -0.0128001261 -0.0546485361 0.0000049633 0.0000000000 -0.0022278512 0.0029117714
216 0.0030963097 -0.0123556228 -0.0542553983 0.0098237664 -0.0506302072 0.0852076785 0.0209148936
217 0.0030436238 -0.0119181549 -0.0538663291 0.0089142101 0.0347911008 0.0877712333 0.0222429536
218 0.0029922088 -0.0114875740 -0.0534812532 0.0045009562 0.0485549486 0.0462965789 0.0135607203
219 0.0029420266 -0.0110637361 -0.0531000972 0.0176294123 0.1302835170 0.0256050295 0.0261735429
220 0.0028930405 -0.0106465009 -0.0527227895 0.0355022239 -0.0973540452 -0.1613208411 0.0193117351
221 0.0028452152 -0.0102357317 -0.0523492602 0.0111173210 0.0870387890 0.0595110935 0.0219750711
222 0.0027985167 -0.0098312958 -0.0519794411 0.0113160010 0.0829798273 -0.0665608692 0.0088265226
223 0.0027529119 -0.0094330636 -0.0516132658 0.0088971630 0.0710470901 0.0620441298 0.0193950587
224 0.0027083691 -0.0090409090 -0.0512506692 0.0132471082 -0.0093081454 0.1147190771 0.0275460281
225 0.0026648577 -0.0086547094 -0.0508915881 0.0021929161 0.0332346568 -0.0329905087 0.0020751676
226 0.0026223481 -0.0082743451 -0.0505359604 0.0045972003 -0.0467543565 -0.0491042817 0.0014827610
227 0.0025808116 -0.0078996997 -0.0501837259 0.0077805146 0.0846278268 0.0248725852 0.0141947930
228 0.0025402207 -0.0075306596 -0.0498348255 0.0027126705 -0.0519730216 0.0033875546 0.0048077453
229 0.0025005486 -0.0071671141 -0.0494892015 0.0070117316 0.0417188025 0.0726035340 0.0172964689
230 0.0024617696 -0.0068089554 -0.0491467976 0.0115909396 -0.1069978942 -0.0119327372 0.0114227098
231 0.0024238587 -0.0064560784 -0.0488075588 0.0029824678 0.0504776147 0.0208441420 0.0080928048
232 0.0023867920 -0.0061083806 -0.0484714314 0.0091640601 -0.0227362896 0.0929898984 0.0202877952
233 0.0023505460 -0.0057657620 -0.0481383627 0.0020292196 0.0420545061 0.0161442915 0.0064190377
234 0.0023150982 -0.0054281253 -0.0478083014 0.0012127305 0.0224616230 0.0266121403 0.0063162402
235 0.0022804269 -0.0050953752 -0.0474811973 0.0082075483 0.0428785058 0.0798059023 0.0185034990
236 0.0022465111 -0.0047674191 -0.0471570013 0.0225404624 -0.1470381787 -0.0303353984 0.0205239354
237 0.0022133302 -0.0044441664 -0.0468356652 0.0047099159 -0.0571916868 0.0379345073 0.0099682830
238 0.0021808645 -0.0041255290 -0.0465171423 0.0350267743 -0.1236304819 -0.1405072176 0.0231155680
239 0.0021490950 -0.0038114205 -0.0462013864 0.0075974268 -0.0871608631 -0.0006408887 0.0090228885
240 0.0021180032 -0.0035017570 -0.0458883527 0.0099808491 -0.0564897610 0.0823999756 0.0192656237
241 0.0020875712 -0.0031964562 -0.0455779971 0.0070963251 -0.0697042756 0.0473036897 0.0130502978
242 0.0020577815 -0.0028954382 -0.0452702766 0.0164492801 -0.0579546495 -0.1144138920 0.0078123563
243 0.0020286175 -0.0025986245 -0.0449651491 0.0021738191 0.0404980621 -0.0231025117 0.0023352993
244 0.0020000628 -0.0023059388 -0.0446625734 0.0079799704 -0.0641804254 0.0621356853 0.0152343201
245 0.0019721017 -0.0020173065 -0.0443625090 0.0052467285 0.0176396985 -0.0702536088 0.0010567469
246 0.0019447189 -0.0017326547 -0.0440649164 0.0007897203 -0.0225836970 0.0167241432 0.0041300757
247 0.0019178997 -0.0014519121 -0.0437697569 0.0072741795 0.0524002808 -0.0672933134 0.0034534164
248 0.0018916295 -0.0011750091 -0.0434769927 0.0017149461 -0.0195623646 -0.0365001373 0.0003867714
249 0.0018658946 -0.0009018779 -0.0431865865 0.0000518778 -0.0000610370 0.0072023682 0.0025397538
250 0.0018406815 -0.0006324519 -0.0428985021 0.0015106024 0.0388500626 0.0011291849 0.0034973062
251 0.0018159770 -0.0003666662 -0.0426127036 0.0040680874 0.0618915372 0.0154118473 0.0072429324
252 0.0017917684 -0.0001044574 -0.0423291564 0.0078919616 0.0526749474 0.0715353862 0.0157507996
253 0.0017680435 0.0001542365 -0.0420478260 0.0130696227 0.1141392254 -0.0064699240 0.0142583648
254 0.0017447902 0.0004094763 -0.0417686791 0.0027525959 -0.0148319956 0.0503250221 0.0087135523
255 0.0017219971 0.0006613212 -0.0414916827 0.0058022423 0.0671712394 0.0359202857 0.0104161821
256 0.0016996528 0.0009098292 -0.0412168046 0.0023716739 0.0469069491 -0.0130924406 0.0029067149
257 0.0016777464 0.0011550570 -0.0409440131 0.0007341552 0.0017395550 -0.0270393994 0.0001936799
258 0.0016562673 0.0013970602 -0.0406732774 0.0007271559 -0.0113834040 -0.0244453261 0.0004266867
259 0.0016352052 0.0016358928 -0.0404045671 0.0059587066 -0.0235297708 -0.0735190893 0.0017298822
260 0.0016145501 0.0018716081 -0.0401378523 0.0003547624 -0.0083010346 -0.0169072542 0.0006431433
261 0.0015942923 0.0021042579 -0.0398731039 0.0028364536 -0.0260017701 -0.0464796899 0.0008335958
262 0.0015744224 0.0023338931 -0.0396102932 0.0018300674 0.0239265114 -0.0354625080 0.0004834453
263 0.0015549311 0.0025605634 -0.0393493920 0.0033267029 0.0457472457 0.0351268044 0.0074117934
264 0.0015358097 0.0027843174 -0.0390903728 0.0052732337 -0.0439161351 0.0578325755 0.0115749902
265 0.0015170493 0.0030052028 -0.0388332086 0.0050650508 -0.0446485794 -0.0554216132 0.0025460581
266 0.0014986417 0.0032232662 -0.0385778726 0.0018575133 -0.0412610248 -0.0124515519 0.0026614368
267 0.0014805786 0.0034385533 -0.0383243390 0.0047236286 0.0003662221 -0.0687276833 0.0009338026
268 0.0014628521 0.0036511086 -0.0380725820 0.0142865006 0.0709860530 -0.0961638234 0.0079085871
269 0.0014454544 0.0038609761 -0.0378225765 0.0141027609 0.0985747856 -0.0662251656 0.0097774128
270 0.0014283781 0.0040681985 -0.0375742980 0.0018624208 0.0062868130 -0.0426953948 0.0000311479
271 0.0014116158 0.0042728178 -0.0373277221 0.0051124581 -0.0698873867 -0.0151066622 0.0059935114
272 0.0013951604 0.0044748750 -0.0370828251 0.0020646493 -0.0436109500 -0.0127567370 0.0029040051
273 0.0013790050 0.0046744105 -0.0368395837 0.0100544215 -0.0942106388 0.0343333232 0.0148438356
274 0.0013631429 0.0048714637 -0.0365979748 0.0028324003 -0.0030518509 -0.0531327250 0.0003361769
275 0.0013475675 0.0050660731 -0.0363579760 0.0099817441 0.0964079714 -0.0262153996 0.0084462143
276 0.0013322725 0.0052582766 -0.0361195652 0.0050576743 -0.0708334605 0.0063478500 0.0075934338
277 0.0013172516 0.0054481114 -0.0358827206 0.0022670241 -0.0030213324 0.0475173193 0.0070272981
278 0.0013024987 0.0056356137 -0.0356474208 0.0041476188 -0.0241706595 0.0596942045 0.0099784394
279 0.0012880082 0.0058208192 -0.0354136448 0.0024630599 -0.0404980621 0.0286873989 0.0062543826
280 0.0012737741 0.0060037628 -0.0351813721 0.0031880969 0.0564592425 0.0006714072 0.0038311772
281 0.0012597910 0.0061844786 -0.0349505823 0.0144058634 0.1152073733 -0.0336619160 0.0118876522
282 0.0012460534 0.0063630003 -0.0347212556 0.0031375611 -0.0028687399 -0.0559404279 0.0005354783
283 0.0012325560 0.0065393606 -0.0344933722 0.0032760200 0.0200201422 -0.0536210211 0.0005475984
284 0.0012192936 0.0067135918 -0.0342669131 0.0122239544 -0.1028778954 -0.0404980621 0.0120491213
285 0.0012062614 0.0068857256 -0.0340418593 0.0003538618 -0.0061952574 0.0177617725 0.0028547284
286 0.0011934543 0.0070557928 -0.0338181920 0.0103923185 -0.0907925657 0.0463576159 0.0160024614
287 0.0011808677 0.0072238239 -0.0335958932 0.0040617876 -0.0598467971 -0.0219122898 0.0046349748
288 0.0011684968 0.0073898488 -0.0333749446 0.0003364860 0.0177312540 -0.0046998505 0.0009292057
289 0.0011563372 0.0075538965 -0.0331553288 0.0033443050 -0.0572222053 -0.0083620716 0.0048106490
290 0.0011443844 0.0077159958 -0.0329370281 0.0289120113 -0.1509445479 0.0782799768 0.0375423903
291 0.0011326342 0.0078761749 -0.0327200256 0.0061594915 0.0782494583 0.0060426649 0.0064549452
292 0.0011210824 0.0080344612 -0.0325043044 0.0133612804 -0.1135593738 0.0215765862 0.0177098034
293 0.0011097248 0.0081908819 -0.0322898478 0.0025123261 -0.0439771722 0.0240485855 0.0058955249
294 0.0010985576 0.0083454634 -0.0320766397 0.0051860706 0.0708029420 0.0131534776 0.0059467001
295 0.0010875768 0.0084982320 -0.0318646639 0.0013069349 -0.0028077029 -0.0360423597 0.0001452773
296 0.0010767786 0.0086492131 -0.0316539046 0.0121789595 0.0871608631 -0.0676900540 0.0074626832
297 0.0010661593 0.0087984318 -0.0314443464 0.0000922559 -0.0069277017 0.0066530351 0.0016987217
298 0.0010557154 0.0089459128 -0.0312359739 0.0141412977 -0.1187170019 0.0068971831 0.0177519574
299 0.0010454433 0.0090916802 -0.0310287720 0.0042227718 0.0143131809 -0.0633869442 0.0010743154
300 0.0010353397 0.0092357577 -0.0308227261 0.0008106251 0.0279244362 -0.0055543687 0.0009877566
301 0.0010254010 0.0093781686 -0.0306178213 0.0055734350 -0.0629902036 -0.0400708029 0.0053265402
302 0.0010156242 0.0095189359 -0.0304140435 0.0131829837 0.0279549547 -0.1113620411 0.0068924651
303 0.0010060059 0.0096580819 -0.0302113785 0.0132261140 0.1117587817 -0.0271309549 0.0104340419
304 0.0009965432 0.0097956286 -0.0300098122 0.0136749038 -0.1082186346 -0.0443128758 0.0141319440
305 0.0009872329 0.0099315978 -0.0298093311 0.0037639371 0.0487380596 0.0372631001 0.0060046525
306 0.0009780720 0.0100660106 -0.0296099216 0.0130323452 -0.1049226356 -0.0449842830 0.0134587597
307 0.0009690578 0.0101988879 -0.0294115705 0.0018361028 -0.0328379162 -0.0275276955 0.0018557155
308 0.0009601873 0.0103302503 -0.0292142645 0.0070969892 -0.0675374615 0.0503555406 0.0123947344
309 0.0009514579 0.0104601177 -0.0290179909 0.0067954374 -0.0820337535 -0.0081179235 0.0089919290
310 0.0009428667 0.0105885100 -0.0288227368 0.0064556366 0.0795922727 0.0109866634 0.0063463076
311 0.0009344112 0.0107154467 -0.0286284898 0.0228075867 0.0945768609 -0.1177404096 0.0149736710
312 0.0009260889 0.0108409467 -0.0284352376 0.0081520707 0.0902432325 0.0028687399 0.0072846620
313 0.0009178971 0.0109650287 -0.0282429679 0.0108485678 0.0221259194 -0.1017792291 0.0055321472
314 0.0009098335 0.0110877113 -0.0280516687 0.0091067458 0.0340586566 -0.0891445662 0.0042600064
315 0.0009018956 0.0112090125 -0.0278613284 0.0008573916 -0.0115970336 0.0268868068 0.0035174741
316 0.0008940811 0.0113289500 -0.0276719352 0.0041594632 0.0382702109 -0.0519119846 0.0013134115
317 0.0008863877 0.0114475413 -0.0274834776 0.0009639740 -0.0289925840 0.0111087374 0.0031247628
318 0.0008788133 0.0115648036 -0.0272959444 0.0156779592 0.1233863338 -0.0213019196 0.0125399830
319 0.0008713555 0.0116807536 -0.0271093243 0.0159999296 0.0834070864 -0.0950956755 0.0097668108
320 0.0008640122 0.0117954080 -0.0269236065 0.0010526320 0.0039979247 0.0321970275 0.0035560501
321 0.0008567815 0.0119087830 -0.0267387800 0.0375126744 -0.0198370312 0.1926633503 0.0491450915
322 0.0008496611 0.0120208947 -0.0265548343 0.0043743538 0.0478530229 -0.0456556902 0.0016487841
323 0.0008426492 0.0121317588 -0.0263717586 0.0131734678 0.0126346629 -0.1140781884 0.0076926707
324 0.0008357438 0.0122413906 -0.0261895428 0.0099353866 0.0284737693 0.0955229347 0.0150774173
325 0.0008289429 0.0123498055 -0.0260081764 0.0043488238 -0.0213019196 0.0624103519 0.0089502747
326 0.0008222448 0.0124570183 -0.0258276495 0.0144529912 0.1084933012 -0.0517899106 0.0098970066
327 0.0008156475 0.0125630437 -0.0256479520 0.0101404661 -0.0983611560 0.0215765862 0.0145343351
328 0.0008091493 0.0126678962 -0.0254690740 0.0143775411 0.1190527055 -0.0142826624 0.0114428634
329 0.0008027485 0.0127715899 -0.0252910060 0.0015184651 0.0361339152 -0.0145878475 0.0006603558
330 0.0007964433 0.0128741389 -0.0251137384 0.0026320652 -0.0162053285 0.0486770226 0.0062906918
331 0.0007902321 0.0129755568 -0.0249372616 0.0378451731 0.1003448592 -0.1666615802 0.0277191775
332 0.0007841132 0.0130758571 -0.0247615664 0.0033193739 -0.0330210273 0.0472121342 0.0073051363
333 0.0007780851 0.0131750531 -0.0245866436 0.0008956787 0.0263985107 0.0140995514 0.0016714815
334 0.0007721461 0.0132731578 -0.0244124841 0.0026810399 -0.0477004303 0.0201422163 0.0057028998
335 0.0007662948 0.0133701841 -0.0242390789 0.0051119356 0.0665303507 -0.0261848811 0.0028297895
336 0.0007605296 0.0134661445 -0.0240664193 0.0052466885 0.0014038514 -0.0724204230 0.0024836086
337 0.0007548491 0.0135610516 -0.0238944965 0.0016985613 -0.0060121464 0.0407727287 0.0045649601
338 0.0007492518 0.0136549175 -0.0237233019 0.0104948997 -0.0973540452 0.0318918424 0.0154160341
339 0.0007437364 0.0137477541 -0.0235528270 0.0011754912 -0.0195013276 -0.0281991028 0.0011270893
340 0.0007383014 0.0138395734 -0.0233830634 0.0009984807 0.0264595477 -0.0172734764 0.0001965908
341 0.0007329456 0.0139303869 -0.0232140028 0.0058191888 -0.0744956816 0.0164189581 0.0093899412
342 0.0007276676 0.0140202061 -0.0230456371 0.0015563695 -0.0262153996 -0.0294808802 0.0016603163
343 0.0007224660 0.0141090423 -0.0228779582 0.0302957999 0.0412305063 -0.1691030610 0.0221173545
344 0.0007173398 0.0141969064 -0.0227109580 0.0072579464 0.0814539018 -0.0249641408 0.0045285803
345 0.0007122875 0.0142838093 -0.0225446288 0.0015245582 -0.0097354045 -0.0378124332 0.0008100285
346 0.0007073080 0.0143697618 -0.0223789628 0.0054438801 0.0311899167 -0.0668660543 0.0022620189
347 0.0007024002 0.0144547744 -0.0222139522 0.0017397907 0.0114749596 -0.0401013215 0.0003288373
348 0.0006975628 0.0145388575 -0.0220495895 0.0028932389 0.0061342204 -0.0534379101 0.0010558646
349 0.0006927947 0.0146220213 -0.0218858672 0.0079220572 -0.0872219001 -0.0177312540 0.0103894451
350 0.0006880948 0.0147042757 -0.0217227779 0.0015698037 0.0032044435 0.0394909513 0.0038793668
351 0.0006834620 0.0147856307 -0.0215603142 0.0141115401 -0.1152073733 -0.0289620655 0.0169529670
352 0.0006788953 0.0148660961 -0.0213984690 0.0044804761 -0.0558488723 -0.0368968780 0.0052408074
353 0.0006743935 0.0149456813 -0.0212372351 0.0053258604 0.0215155492 0.0697347942 0.0083190733
354 0.0006699558 0.0150243958 -0.0210766055 0.0021105514 -0.0263985107 0.0375988037 0.0051586608
355 0.0006655810 0.0151022488 -0.0209165732 0.0051542723 -0.0639057588 -0.0327158422 0.0063814880
356 0.0006612681 0.0151792495 -0.0207571312 0.0034545422 0.0401013215 -0.0429700613 0.0011145239
357 0.0006570163 0.0152554069 -0.0205982729 0.0155777027 0.0231025117 -0.1226538896 0.0104769260
358 0.0006528245 0.0153307297 -0.0204399914 0.0090350966 -0.0141300699 0.0939970092 0.0139637658
359 0.0006486919 0.0154052267 -0.0202822801 0.0044301779 0.0100405896 -0.0657979064 0.0021004516
360 0.0006446175 0.0154789064 -0.0201251324 0.0005160447 0.0007019257 0.0227057711 0.0020528455
361 0.0006406004 0.0155517773 -0.0199685419 0.0019927356 0.0063173315 0.0441908017 0.0042016964
362 0.0006366399 0.0156238476 -0.0198125021 0.0054933997 0.0568559832 -0.0475478378 0.0024693379
363 0.0006327349 0.0156951255 -0.0196570066 0.0021605218 -0.0460829493 -0.0060731834 0.0040010508
364 0.0006288847 0.0157656190 -0.0195020492 0.0056765303 0.0249031037 0.0711081271 0.0082936977
365 0.0006250884 0.0158353362 -0.0193476236 0.0058850298 0.0655842769 0.0397961364 0.0059729414
366 0.0006213453 0.0159042846 -0.0191937238 0.0271563508 -0.0912198248 0.1372417371 0.0359476282
367 0.0006176545 0.0159724721 -0.0190403436 0.0132837394 -0.0354014710 0.1096835231 0.0192091159
368 0.0006140154 0.0160399061 -0.0188874770 0.0044266685 0.0474562822 -0.0466322825 0.0017567629
369 0.0006104270 0.0161065941 -0.0187351181 0.0020222790 -0.0406811731 -0.0191656240 0.0032250358
370 0.0006068887 0.0161725434 -0.0185832610 0.0161157270 -0.0989715262 0.0795007172 0.0228786235
371 0.0006033998 0.0162377612 -0.0184318999 0.0029811481 -0.0536515397 0.0101321451 0.0057004190
372 0.0005999595 0.0163022546 -0.0182810291 0.0031034475 -0.0258491775 -0.0493484298 0.0027419266
373 0.0005965672 0.0163660306 -0.0181306428 0.0090000237 -0.0038453322 0.0947904904 0.0131596815
374 0.0005932220 0.0164290960 -0.0179807354 0.0034196750 -0.0570696127 0.0127567370 0.0063468524
375 0.0005899235 0.0164914576 -0.0178313014 0.0253716183 -0.0078127384 0.1590929899 0.0318928988
376 0.0005866708 0.0165531222 -0.0176823352 0.0001386833 0.0007934812 -0.0117496261 0.0002835633
377 0.0005834634 0.0166140962 -0.0175338314 0.0043566744 -0.0603350932 -0.0267647328 0.0060063873
378 0.0005803007 0.0166743861 -0.0173857846 0.0022573666 -0.0378734703 -0.0286873989 0.0031031951
379 0.0005771819 0.0167339982 -0.0172381895 0.0020223079 -0.0397350993 0.0210577715 0.0046553396
380 0.0005741065 0.0167929389 -0.0170910407 0.0050107803 -0.0289925840 0.0645771661 0.0087660101
381 0.0005710738 0.0168512144 -0.0169443330 0.0002771236 0.0161748100 0.0039368877 0.0004364829
382 0.0005680834 0.0169088306 -0.0167980612 0.0053134050 -0.0526749474 -0.0503860591 0.0059700558
383 0.0005651346 0.0169657935 -0.0166522203 0.0023216728 -0.0261543626 0.0404675436 0.0051220153
384 0.0005622268 0.0170221092 -0.0165068051 0.0012726415 -0.0335093234 0.0122379223 0.0033796850
385 0.0005593595 0.0170777832 -0.0163618106 0.0007514416 -0.0202337718 0.0184942167 0.0026070948
386 0.0005565322 0.0171328215 -0.0162172318 0.0006202987 0.0073244423 0.0238044374 0.0016979383
387 0.0005537442 0.0171872295 -0.0160730638 0.0015735218 0.0390026551 0.0072328867 0.0010190801
388 0.0005509952 0.0172410128 -0.0159293017 0.0010792545 -0.0185247353 0.0271309549 0.0031333744
389 0.0005482845 0.0172941770 -0.0157859407 0.0013348390 -0.0344248787 0.0122379223 0.0034601976
390 0.0005456116 0.0173467272 -0.0156429760 0.0016512584 -0.0404675436 0.0036927396 0.0037163598
391 0.0005429762 0.0173986690 -0.0155004029 0.0010831021 0.0076296274 0.0320139164 0.0023530447
392 0.0005403776 0.0174500073 -0.0153582166 0.0003562871 -0.0186468093 -0.0029297769 0.0014574463
393 0.0005378154 0.0175007474 -0.0152164125 0.0012285453 0.0311899167 -0.0159916990 0.0001879944
394 0.0005352891 0.0175508944 -0.0150749860 0.0045439487 0.0524613178 0.0423291726 0.0045139751
395 0.0005327983 0.0176004531 -0.0149339325 0.0016811399 0.0405896176 0.0057985168 0.0009583361
396 0.0005303425 0.0176494285 -0.0147932475 0.0043577008 -0.0139774773 0.0645161290 0.0072902384
397 0.0005279213 0.0176978255 -0.0146529265 0.0043771200 -0.0581987976 -0.0314645833 0.0060429292
398 0.0005255342 0.0177456486 -0.0145129651 0.0034112870 -0.0450758385 0.0371410260 0.0066146740
399 0.0005231808 0.0177929027 -0.0143733588 0.0010736886 -0.0184636982 0.0270699179 0.0030320863
400 0.0005208608 0.0178395923 -0.0142341034 0.0032174204 -0.0014648885 -0.0567033906 0.0021763033
401 0.0005185736 0.0178857220 -0.0140951944 0.0188539108 -0.0842005676 0.1084627827 0.0254420683
402 0.0005163188 0.0179312962 -0.0139566276 0.0158716227 -0.1099887082 0.0614337596 0.0220472380
403 0.0005140962 0.0179763193 -0.0138183988 0.0052079654 0.0583819086 0.0424207282 0.0047954510
404 0.0005119053 0.0180207956 -0.0136805036 0.0011779426 -0.0018311106 0.0342722861 0.0026935682
405 0.0005097456 0.0180647294 -0.0135429381 0.0000269401 -0.0001525925 -0.0051881466 0.0004016734
406 0.0005076169 0.0181081249 -0.0134056979 0.0025553298 0.0235297708 0.0447401349 0.0034103321
407 0.0005055188 0.0181509862 -0.0132687790 0.0052321860 0.0535599841 0.0486159856 0.0050835212
408 0.0005034509 0.0181933174 -0.0131321774 0.0042925834 0.0300912503 -0.0581987976 0.0021725611
409 0.0005014128 0.0182351224 -0.0129958890 0.0010822862 0.0177312540 -0.0277108066 0.0002167827
410 0.0004994043 0.0182764052 -0.0128599097 0.0149352316 -0.1143833735 0.0430310984 0.0207224217
411 0.0004974249 0.0183171697 -0.0127242357 0.0164731113 -0.0292367321 0.1249732963 0.0212219839
412 0.0004954743 0.0183574197 -0.0125888630 0.0005924654 0.0015259255 -0.0242927335 0.0004202798
413 0.0004935523 0.0183971589 -0.0124537876 0.0157015706 0.1159092990 -0.0476088748 0.0107444976
414 0.0004916584 0.0184363911 -0.0123190057 0.0150755644 0.0542008728 0.1101718192 0.0162831003
415 0.0004897924 0.0184751198 -0.0121845135 0.0000593140 -0.0023804437 -0.0073244423 0.0004585748
416 0.0004879540 0.0185133488 -0.0120503072 0.0157946200 -0.1229895932 0.0258491775 0.0214594535
417 0.0004861428 0.0185510813 -0.0119163829 0.0240607679 -0.0643940550 0.1411175878 0.0302992918
418 0.0004843586 0.0185883211 -0.0117827369 0.0028576034 -0.0319223609 0.0428785058 0.0055391804
419 0.0004826010 0.0186250714 -0.0116493654 0.0202187794 0.0646382031 -0.1266518143 0.0153427715
420 0.0004808698 0.0186613356 -0.0115162649 0.0120461047 -0.0503250221 0.0975371563 0.0166517662
421 0.0004791647 0.0186971170 -0.0113834315 0.0009713328 -0.0194097720 0.0243842891 0.0027314648
422 0.0004774854 0.0187324189 -0.0112508617 0.0057153139 0.0380260628 0.0653401288 0.0062384245
423 0.0004758317 0.0187672444 -0.0111185519 0.0200570193 -0.1232642598 0.0697347942 0.0267102117
424 0.0004742032 0.0188015968 -0.0109864984 0.0077418688 0.0033570360 0.0879238258 0.0100217867
425 0.0004725997 0.0188354790 -0.0108546977 0.0106792011 -0.0750144963 -0.0710776086 0.0124346169
426 0.0004710210 0.0188688942 -0.0107231463 0.0038965422 0.0624103519 0.0012207404 0.0020385150
427 0.0004694668 0.0189018454 -0.0105918406 0.0106651810 -0.0474257637 -0.0917386395 0.0109841547
428 0.0004679369 0.0189343354 -0.0104607771 0.0130250143 -0.0478530229 0.1036103397 0.0174727709
429 0.0004664310 0.0189663672 -0.0103299525 0.0093837380 0.0655842769 0.0712912381 0.0088352483
430 0.0004649489 0.0189979436 -0.0101993631 0.0025443134 -0.0111392560 -0.0491958373 0.0024289758
431 0.0004634903 0.0190290675 -0.0100690058 0.0276741978 -0.1650135807 0.0210882900 0.0348424734
432 0.0004620550 0.0190597415 -0.0099388769 0.0013398787 -0.0357066561 -0.0080568865 0.0030029002
433 0.0004606429 0.0190899684 -0.0098089732 0.0282729258 -0.0988494522 0.1360209967 0.0351760871
434 0.0004592536 0.0191197509 -0.0096792914 0.0032997748 -0.0552690207 0.0156559954 0.0061755661
435 0.0004578869 0.0191490915 -0.0095498280 0.0013745409 -0.0260628071 -0.0263679922 0.0023269664
436 0.0004565427 0.0191779928 -0.0094205798 0.0021432205 -0.0402233955 -0.0229194006 0.0037107431
437 0.0004552208 0.0192064574 -0.0092915435 0.0166289385 -0.0898464919 0.0925016022 0.0222543903
438 0.0004539209 0.0192344877 -0.0091627158 0.0146816188 -0.0996429334 0.0689413129 0.0202320806
439 0.0004526428 0.0192620862 -0.0090340935 0.0039660464 -0.0410473952 -0.0477614673 0.0051370430
440 0.0004513864 0.0192892552 -0.0089056734 0.0103106394 -0.0607928709 0.0813318278 0.0145559535
441 0.0004501514 0.0193159972 -0.0087774523 0.0157181379 0.0135502182 -0.1246375927 0.0134568163
442 0.0004489377 0.0193423143 -0.0086494269 0.0063376756 -0.0212408826 -0.0767235328 0.0062810798
443 0.0004477451 0.0193682090 -0.0085215941 0.0018517993 -0.0211493271 -0.0374767296 0.0024800706
444 0.0004465734 0.0193936834 -0.0083939508 0.0115604043 -0.0984527116 0.0432142094 0.0165511750
445 0.0004454224 0.0194187396 -0.0082664938 0.0556106991 0.2077700125 -0.1115451521 0.0461426832
446 0.0004442919 0.0194433800 -0.0081392201 0.0041297596 -0.0484328745 -0.0422376171 0.0057698866
447 0.0004431819 0.0194676064 -0.0080121265 0.0367431799 0.1835993530 -0.0550859096 0.0291551713
448 0.0004420920 0.0194914211 -0.0078852099 0.0055641212 -0.0259102145 -0.0699484237 0.0059131510
449 0.0004410223 0.0195148261 -0.0077584673 0.0180384444 0.1211890011 -0.0578936125 0.0128511707
450 0.0004399724 0.0195378232 -0.0076318956 0.0067528408 -0.0177617725 -0.0802331614 0.0066622036
451 0.0004389422 0.0195604146 -0.0075054919 0.0112671101 -0.0823389386 -0.0669881283 0.0139216622
452 0.0004379317 0.0195826020 -0.0073792530 0.0035995076 -0.0018005921 -0.0599688711 0.0032229089
453 0.0004369406 0.0196043874 -0.0072531761 0.0033987088 -0.0582293161 -0.0028382214 0.0060775772
454 0.0004359688 0.0196257727 -0.0071272581 0.0071870247 0.0087588122 0.0843226417 0.0084811750
455 0.0004350161 0.0196467595 -0.0070014961 0.0015480346 -0.0383922849 0.0086062197 0.0036121315
456 0.0004340825 0.0196673496 -0.0068758870 0.0090441412 0.0874050111 0.0374767296 0.0065555454
457 0.0004331677 0.0196875449 -0.0067504281 0.0031795524 0.0562456130 0.0039979247 0.0014520194
458 0.0004322717 0.0197073469 -0.0066251162 0.0044993720 -0.0072634053 -0.0666829432 0.0043343641
459 0.0004313943 0.0197267574 -0.0064999487 0.0037295580 0.0507522813 -0.0339671010 0.0017170276
460 0.0004305354 0.0197457780 -0.0063749224 0.0076170537 0.0195623646 0.0850550859 0.0083594801
461 0.0004296948 0.0197644101 -0.0062500346 0.0033580559 -0.0304269539 -0.0493179113 0.0043740150
462 0.0004288725 0.0197826555 -0.0061252824 0.0123433200 0.1055024873 0.0348216193 0.0090245383
463 0.0004280684 0.0198005155 -0.0060006630 0.0130723656 -0.0921658986 -0.0676595355 0.0163382945
464 0.0004272822 0.0198179918 -0.0058761734 0.0055456724 0.0719931639 -0.0190435499 0.0028956284
465 0.0004265140 0.0198350856 -0.0057518109 0.0066688154 0.0656147954 -0.0486159856 0.0039331193
466 0.0004257635 0.0198517985 -0.0056275726 0.0008269103 0.0197454756 0.0209051790 0.0007039982
467 0.0004250307 0.0198681319 -0.0055034557 0.0145450190 0.1052583392 -0.0588702048 0.0101394974
468 0.0004243155 0.0198840870 -0.0053794574 0.0011436305 -0.0236518448 -0.0241706595 0.0022484866
469 0.0004236177 0.0198996651 -0.0052555749 0.0174973502 0.0546586505 -0.1204565569 0.0144794533
470 0.0004229374 0.0199148676 -0.0051318055 0.0071396510 0.0765099033 0.0358592486 0.0048832646
471 0.0004222743 0.0199296958 -0.0050081464 0.0054647719 -0.0463881344 0.0575579089 0.0083125659
472 0.0004216284 0.0199441507 -0.0048845948 0.0039785269 0.0251777703 0.0578325755 0.0039608342
473 0.0004209996 0.0199582336 -0.0047611480 0.0128675078 0.0392773217 0.1064180425 0.0127340396
474 0.0004203878 0.0199719457 -0.0046378032 0.0000587309 -0.0025330363 -0.0072328867 0.0005132087
475 0.0004197930 0.0199852881 -0.0045145578 0.0066734127 0.0745567186 0.0333872494 0.0044145880
476 0.0004192149 0.0199982618 -0.0043914089 0.0023820308 -0.0257271035 0.0414746544 0.0041945048
477 0.0004186537 0.0200108680 -0.0042683539 0.0213292975 0.1417279580 0.0352488784 0.0163766617
478 0.0004181091 0.0200231076 -0.0041453900 0.0017486881 0.0007629627 0.0418103580 0.0024828840
479 0.0004175811 0.0200349816 -0.0040225147 0.0279876554 0.1596423231 0.0500198370 0.0224107856
480 0.0004170697 0.0200464910 -0.0038997251 0.0035329876 0.0532853175 -0.0263374737 0.0016082722
481 0.0004165747 0.0200576368 -0.0037770186 0.0007198911 0.0082094790 0.0255439924 0.0010001005
482 0.0004160961 0.0200684198 -0.0036543926 0.0015603409 0.0337229530 -0.0205694754 0.0004725663
483 0.0004156338 0.0200788409 -0.0035318443 0.0035823460 0.0140995514 0.0581682791 0.0038426571
484 0.0004151878 0.0200889009 -0.0034093712 0.0002131313 -0.0090639973 0.0114444411 0.0010705272
485 0.0004147579 0.0200986008 -0.0032869705 0.0120332368 0.1060823389 0.0279244362 0.0083673551
486 0.0004143442 0.0201079412 -0.0031646397 0.0032786959 0.0553300577 0.0147404401 0.0015611894
487 0.0004139466 0.0201169228 -0.0030423760 0.0026091374 0.0360118412 0.0362254707 0.0017946122
488 0.0004135651 0.0201255466 -0.0029201768 0.0009050642 -0.0210272530 0.0215155492 0.0022906576
489 0.0004131995 0.0201338130 -0.0027980396 0.0039647350 0.0393383587 0.0491653188 0.0030690052
490 0.0004128498 0.0201417228 -0.0026759617 0.0118445626 0.0244453261 -0.1060518204 0.0107050892
491 0.0004125160 0.0201492767 -0.0025539405 0.0334600190 0.1815851314 0.0220648824 0.0266676216
492 0.0004121980 0.0201564751 -0.0024319734 0.0014090746 0.0373241371 0.0039979247 0.0003360722
493 0.0004118958 0.0201633188 -0.0023100577 0.0007392889 0.0250556963 0.0105594043 0.0001895584
494 0.0004116093 0.0201698082 -0.0021881909 0.0021898388 0.0467848750 0.0010071108 0.0007185717
495 0.0004113386 0.0201759440 -0.0020663703 0.0057480165 0.0542619098 0.0529496139 0.0041886116
496 0.0004110835 0.0201817264 -0.0019445935 0.0046416765 -0.0502639851 -0.0459913938 0.0069027189
497 0.0004108441 0.0201871562 -0.0018228577 0.0045985751 0.0668660543 0.0112918485 0.0023509150
498 0.0004106202 0.0201922335 -0.0017011604 0.0153840968 0.1218909268 0.0229499191 0.0109502999
499 0.0004104120 0.0201969590 -0.0015794990 0.0000594183 -0.0072023682 0.0027466659 0.0007694388
500 0.0004102192 0.0202013329 -0.0014578710 0.0084667773 -0.0899380474 -0.0194402905 0.0124540505
501 0.0004100420 0.0202053556 -0.0013362738 0.0103737012 0.0980864895 0.0274361400 0.0068933228
502 0.0004098803 0.0202090275 -0.0012147047 0.0073990365 0.0606402783 0.0610065004 0.0055061644
503 0.0004097340 0.0202123487 -0.0010931613 0.0015910643 0.0307626576 -0.0253913999 0.0007017134
504 0.0004096032 0.0202153197 -0.0009716409 0.0106518372 0.0947599719 0.0408948027 0.0073097043
505 0.0004094879 0.0202179405 -0.0008501410 0.0067214570 0.0650044252 -0.0499588000 0.0044174896
506 0.0004093879 0.0202202115 -0.0007286590 0.0005559599 0.0042420728 -0.0231940672 0.0007599955
507 0.0004093033 0.0202221328 -0.0006071924 0.0002272007 0.0148319956 -0.0026856288 0.0000333735
508 0.0004092342 0.0202237046 -0.0004857385 0.0001781775 0.0074465163 -0.0110782189 0.0002754572
509 0.0004091804 0.0202249269 -0.0003642950 0.0023317438 -0.0444654683 -0.0188299203 0.0045258266
510 0.0004091420 0.0202258000 -0.0002428590 0.0081693161 0.0885036775 0.0183416242 0.0050072516
511 0.0004091189 0.0202263238 -0.0001214282 0.0058281524 0.0418103580 -0.0638752403 0.0045304191
512 0.0004091112 0.0202264984 0.0000000000 0.0025975241 0.0509659108 0.0000000000 0.0009449115
513 0.0004091189 0.0202263238 0.0001214282 0.0007577740 0.0275276955 0.0000000000 0.0000533248
514 0.0004091420 0.0202258000 0.0002428590 0.0004408042 0.0097659230 0.0185857723 0.0004458715
515 0.0004091804 0.0202249269 0.0003642950 0.0008153118 -0.0246894742 -0.0143436995 0.0022336285
516 0.0004092342 0.0202237046 0.0004857385 0.0032864701 0.0509353923 -0.0263069552 0.0016610562
517 0.0004093033 0.0202221328 0.0006071924 0.0038438140 -0.0252082888 -0.0566423536 0.0053414337
518 0.0004093879 0.0202202115 0.0007286590 0.0036174823 0.0522171697 -0.0298471023 0.0019586825
519 0.0004094879 0.0202179405 0.0008501410 0.0005077471 -0.0186162908 0.0126956999 0.0016484148
520 0.0004096032 0.0202153197 0.0009716409 0.0075665301 0.0717795343 -0.0491348003 0.0051695237
521 0.0004097340 0.0202123487 0.0010931613 0.0097547651 -0.0987578967 0.0012817774 0.0141539549
522 0.0004098803 0.0202090275 0.0012147047 0.0002100037 -0.0088503677 0.0114749596 0.0009497213
523 0.0004100420 0.0202053556 0.0013362738 0.0070849595 -0.0802026429 0.0255439924 0.0106677798
524 0.0004102192 0.0202013329 0.0014578710 0.0021737362 0.0347911008 -0.0310373241 0.0012687990
525 0.0004104120 0.0201969590 0.0015794990 0.0004812046 0.0101626637 0.0194402905 0.0004196950
526 0.0004106202 0.0201922335 0.0017011604 0.0125969905 0.1122165593 -0.0021057772 0.0084829693
527 0.0004108441 0.0201871562 0.0018228577 0.0063922181 0.0792870876 -0.0102847377 0.0036393958
528 0.0004110835 0.0201817264 0.0019445935 0.0003815265 -0.0195318461 -0.0001831111 0.0015816950
529 0.0004113386 0.0201759440 0.0020663703 0.0040411324 0.0525528733 -0.0357676931 0.0024796819
530 0.0004116093 0.0201698082 0.0021881909 0.0063885298 0.0682699057 0.0415662099 0.0038642478
531 0.0004118958 0.0201633188 0.0023100577 0.0018800313 -0.0180364391 -0.0394299142 0.0032014468
532 0.0004121980 0.0201564751 0.0024319734 0.0153564731 0.1196325571 0.0323191015 0.0107887313
533 0.0004125160 0.0201492767 0.0025539405 0.0003927906 0.0173650319 0.0095522935 0.0000567290
534 0.0004128498 0.0201417228 0.0026759617 0.0042701707 -0.0009155553 0.0653401288 0.0043702068
535 0.0004131995 0.0201338130 0.0027980396 0.0125661581 -0.0511185034 0.0997650075 0.0144794854
536 0.0004135651 0.0201255466 0.0029201768 0.0002189831 -0.0068971831 -0.0130924406 0.0009866318
537 0.0004139466 0.0201169228 0.0030423760 0.0076700222 -0.0874355296 0.0050050356 0.0115713821
538 0.0004143442 0.0201079412 0.0031646397 0.0020423456 0.0431226539 0.0135196997 0.0006369043
539 0.0004147579 0.0200986008 0.0032869705 0.0112585014 0.0621051668 0.0860316782 0.0086112382
540 0.0004151878 0.0200889009 0.0034093712 0.0034269119 -0.0423291726 0.0404370251 0.0052670631
541 0.0004156338 0.0200788409 0.0035318443 0.0076474903 -0.0015869625 -0.0874355296 0.0087444702
542 0.0004160961 0.0200684198 0.0036543926 0.0010146168 -0.0247505112 -0.0200506607 0.0025706661
543 0.0004165747 0.0200576368 0.0037770186 0.0238827077 0.1384319590 0.0686971648 0.0182271055
544 0.0004170697 0.0200464910 0.0038997251 0.0035313810 0.0532853175 0.0263069552 0.0016069035
545 0.0004175811 0.0200349816 0.0040225147 0.0066044720 0.0169988098 0.0794701987 0.0057015714
546 0.0004181091 0.0200231076 0.0041453900 0.0062158213 0.0362559893 -0.0700094607 0.0057624483
547 0.0004186537 0.0200108680 0.0042683539 0.0038244115 -0.0581682791 -0.0209967345 0.0067503037
548 0.0004192149 0.0199982618 0.0043914089 0.0035270901 0.0487380596 -0.0339365825 0.0022950109
549 0.0004197930 0.0199852881 0.0045145578 0.0023156300 0.0394909513 -0.0274971770 0.0014052221
550 0.0004203878 0.0199719457 0.0046378032 0.0016707643 0.0292367321 0.0285653249 0.0006583626
551 0.0004209996 0.0199582336 0.0047611480 0.0007654486 -0.0179448836 0.0210577715 0.0017022262
552 0.0004216284 0.0199441507 0.0048845948 0.0051414947 0.0259712516 -0.0668355358 0.0051801031
553 0.0004222743 0.0199296958 0.0050081464 0.0072627002 0.0035706656 0.0851466414 0.0066897962
554 0.0004229374 0.0199148676 0.0051318055 0.0065733490 0.0650654622 -0.0483718375 0.0049012160
555 0.0004236177 0.0198996651 0.0052555749 0.0135931790 -0.0337229530 0.1116061892 0.0141858383
556 0.0004243155 0.0198840870 0.0053794574 0.0099727833 0.0358592486 -0.0932035279 0.0099738108
557 0.0004250307 0.0198681319 0.0055034557 0.0069313676 -0.0370494705 -0.0745567186 0.0096492450
558 0.0004257635 0.0198517985 0.0056275726 0.0210965942 0.1296121097 -0.0655537584 0.0171141078
559 0.0004265140 0.0198350856 0.0057518109 0.0171827917 0.1048005615 -0.0787377544 0.0143576187
560 0.0004272822 0.0198179918 0.0058761734 0.0043562748 0.0648518326 -0.0122684408 0.0023572738
561 0.0004280684 0.0198005155 0.0060006630 0.0092259698 0.0678731651 0.0679647206 0.0061505241
562 0.0004288725 0.0197826555 0.0061252824 0.0105192097 0.0856044191 -0.0564897610 0.0082531482
563 0.0004296948 0.0197644101 0.0062500346 0.0157050921 -0.0577715384 0.1112094485 0.0170283019
564 0.0004305354 0.0197457780 0.0063749224 0.0078769039 -0.0118717002 -0.0879543443 0.0098976755
565 0.0004313943 0.0197267574 0.0064999487 0.0041863270 -0.0646382031 -0.0028687399 0.0072052189
566 0.0004322717 0.0197073469 0.0066251162 0.0019085455 -0.0422986541 -0.0109256264 0.0041527727
567 0.0004331677 0.0196875449 0.0067504281 0.0228319702 -0.0796227912 0.1284218879 0.0246664870
568 0.0004340825 0.0196673496 0.0068758870 0.0067265153 0.0760521256 -0.0307016205 0.0045913120
569 0.0004350161 0.0196467595 0.0070014961 0.0230932780 -0.1012909330 0.1132847072 0.0259220464
570 0.0004359688 0.0196257727 0.0071272581 0.0073021497 0.0192571795 0.0832544939 0.0057954919
571 0.0004369406 0.0196043874 0.0072531761 0.0233795281 -0.1351054415 0.0715964232 0.0280751846
572 0.0004379317 0.0195826020 0.0073792530 0.0054141281 -0.0509659108 0.0530716880 0.0070648913
573 0.0004389422 0.0195604146 0.0075054919 0.0025550504 0.0009460738 0.0505386517 0.0021983465
574 0.0004399724 0.0195378232 0.0076318956 0.0000997042 -0.0077822199 0.0062562944 0.0007482770
575 0.0004410223 0.0195148261 0.0077584673 0.0075648592 0.0760826441 0.0421460616 0.0043824247
576 0.0004420920 0.0194914211 0.0078852099 0.0055598527 -0.0259102145 0.0699179052 0.0059093638
577 0.0004431819 0.0194676064 0.0080121265 0.0189444437 0.0823389386 0.1102938932 0.0144143642
578 0.0004442919 0.0194433800 0.0081392201 0.0018451381 -0.0025635548 0.0428785058 0.0016911232
579 0.0004454224 0.0194187396 0.0082664938 0.0237367792 0.0660420545 0.1391949217 0.0193159867
580 0.0004465734 0.0193936834 0.0083939508 0.0083807094 0.0450148015 -0.0797143468 0.0084195138
581 0.0004477451 0.0193682090 0.0085215941 0.0269176290 -0.0572527238 0.1537522507 0.0269627110
582 0.0004489377 0.0193423143 0.0086494269 0.0009321627 0.0273445845 0.0135807367 0.0000883541
583 0.0004501514 0.0193159972 0.0087774523 0.0136624885 -0.1123996704 -0.0320749535 0.0190179361
584 0.0004513864 0.0192892552 0.0089056734 0.0129144260 -0.0394604328 -0.1065706351 0.0167863037
585 0.0004526428 0.0192620862 0.0090340935 0.0024914297 0.0467848750 0.0173955504 0.0008274179
586 0.0004539209 0.0192344877 0.0091627158 0.0112098750 -0.0621356853 -0.0857264931 0.0156250670
587 0.0004552208 0.0192064574 0.0092915435 0.0010106221 0.0291451765 0.0126956999 0.0001103664
588 0.0004565427 0.0191779928 0.0094205798 0.0005406741 0.0045777764 -0.0227973266 0.0012511598
589 0.0004578869 0.0191490915 0.0095498280 0.0233318042 0.1526230659 -0.0061647389 0.0180622495
590 0.0004592536 0.0191197509 0.0096792914 0.0038257574 -0.0220954009 -0.0577715384 0.0062483032
591 0.0004606429 0.0190899684 0.0098089732 0.0043079288 -0.0354014710 0.0552690207 0.0050359329
592 0.0004620550 0.0190597415 0.0099388769 0.0017801352 -0.0025330363 -0.0421155431 0.0031759107
593 0.0004634903 0.0190290675 0.0100690058 0.0071365020 0.0750144963 0.0388500626 0.0039627175
594 0.0004649489 0.0189979436 0.0101993631 0.0082109711 -0.0749229408 -0.0509659108 0.0125623233
595 0.0004664310 0.0189663672 0.0103299525 0.0169657691 0.0148930326 -0.1293984802 0.0195406269
596 0.0004679369 0.0189343354 0.0104607771 0.0017195444 -0.0227973266 -0.0346385083 0.0037754772
597 0.0004694668 0.0189018454 0.0105918406 0.0061466161 -0.0587786493 -0.0518814661 0.0099371733
598 0.0004710210 0.0188688942 0.0107231463 0.0048588574 0.0376598407 -0.0586565752 0.0051666454
599 0.0004725997 0.0188354790 0.0108546977 0.0006735475 0.0130008850 -0.0224616230 0.0011440197
600 0.0004742032 0.0188015968 0.0109864984 0.0058312734 0.0122074038 -0.0753807184 0.0075027795
601 0.0004758317 0.0187672444 0.0111185519 0.0127272066 0.1123081149 0.0106814783 0.0087500855
602 0.0004774854 0.0187324189 0.0112508617 0.0150649522 0.0588702048 -0.1076998199 0.0157603065
603 0.0004791647 0.0186971170 0.0113834315 0.0121372337 0.0996124149 -0.0470595416 0.0099628666
604 0.0004808698 0.0186613356 0.0115162649 0.0089423247 0.0671712394 -0.0665608692 0.0084492496
605 0.0004826010 0.0186250714 0.0116493654 0.0003653215 0.0067445906 -0.0178838466 0.0010133564
606 0.0004843586 0.0185883211 0.0117827369 0.0062994425 0.0600909452 -0.0518509476 0.0057717136
607 0.0004861428 0.0185510813 0.0119163829 0.0011920204 0.0231940672 -0.0255745109 0.0014271244
608 0.0004879540 0.0185133488 0.0120503072 0.0157961987 -0.1229895932 -0.0258796960 0.0214617677
609 0.0004897924 0.0184751198 0.0121845135 0.0101481285 0.0065004425 -0.1005279702 0.0128474969
610 0.0004916584 0.0184363911 0.0123190057 0.0123894419 0.1084933012 -0.0248725852 0.0094934615
611 0.0004935523 0.0183971589 0.0124537876 0.0258408706 0.1330301828 0.0902432325 0.0191919279
612 0.0004954743 0.0183574197 0.0125888630 0.0038920055 -0.0374462111 -0.0498977630 0.0070186236
613 0.0004974249 0.0183171697 0.0127242357 0.0061039115 0.0489211707 -0.0609149449 0.0063593338
614 0.0004994043 0.0182764052 0.0128599097 0.0144015102 -0.1192663350 -0.0133060701 0.0196026639
615 0.0005014128 0.0182351224 0.0129958890 0.0101912319 0.0439466536 -0.0908841212 0.0114521394
616 0.0005034509 0.0181933174 0.0131321774 0.0056883160 0.0478225043 0.0583208716 0.0029199068
617 0.0005055188 0.0181509862 0.0132687790 0.0033848936 0.0409558397 0.0413220618 0.0013070480
618 0.0005076169 0.0181081249 0.0134056979 0.0039068209 -0.0513016144 0.0357066561 0.0053150447
619 0.0005097456 0.0180647294 0.0135429381 0.0077781302 0.0782189398 -0.0407422102 0.0065654063
620 0.0005119053 0.0180207956 0.0136805036 0.0146957562 -0.1203039644 -0.0149235511 0.0199519312
621 0.0005140962 0.0179763193 0.0138183988 0.0159416699 0.0774254585 0.0997344890 0.0109157747
622 0.0005163188 0.0179312962 0.0139566276 0.0026846677 -0.0516373180 0.0042725913 0.0049335726
623 0.0005185736 0.0178857220 0.0140951944 0.0019118779 -0.0431226539 0.0072328867 0.0037691132
624 0.0005208608 0.0178395923 0.0142341034 0.0018781620 -0.0420239875 0.0105899228 0.0035969282
625 0.0005231808 0.0177929027 0.0143733588 0.0041179954 -0.0297555467 -0.0568559832 0.0073344742
626 0.0005255342 0.0177456486 0.0145129651 0.0023865676 -0.0068361461 -0.0483718375 0.0045587630
627 0.0005279213 0.0176978255 0.0146529265 0.0006675466 0.0113834040 0.0231940672 0.0001128230
628 0.0005303425 0.0176494285 0.0147932475 0.0112858616 -0.0659504990 -0.0832850124 0.0166082929
629 0.0005327983 0.0176004531 0.0149339325 0.0016783457 0.0360118412 0.0195318461 0.0003601200
630 0.0005352891 0.0175508944 0.0150749860 0.0027646331 0.0195013276 -0.0488296152 0.0040876022
631 0.0005378154 0.0175007474 0.0152164125 0.0029899999 0.0538346507 -0.0095828120 0.0019351541
632 0.0005403776 0.0174500073 0.0153582166 0.0016104314 -0.0058290353 -0.0397045808 0.0035738255
633 0.0005429762 0.0173986690 0.0155004029 0.0028408795 -0.0528275399 0.0070802942 0.0050026186
634 0.0005456116 0.0173467272 0.0156429760 0.0049555681 -0.0603045747 0.0363170263 0.0064571411
635 0.0005482845 0.0172941770 0.0157859407 0.0043865931 0.0041199988 -0.0661030915 0.0068793726
636 0.0005509952 0.0172410128 0.0159293017 0.0267592200 -0.1554002503 -0.0510879849 0.0342963224
637 0.0005537442 0.0171872295 0.0160730638 0.0063298650 0.0686971648 0.0401318400 0.0032320981
638 0.0005565322 0.0171328215 0.0162172318 0.0030612253 -0.0524307993 -0.0176702170 0.0059874565
639 0.0005593595 0.0170777832 0.0163618106 0.0012880353 0.0171514023 0.0315256203 0.0002299465
640 0.0005622268 0.0170221092 0.0165068051 0.0012733894 -0.0335093234 -0.0122684408 0.0033814405
641 0.0005651346 0.0169657935 0.0166522203 0.0007526775 -0.0202642903 -0.0184942167 0.0026213512
642 0.0005680834 0.0169088306 0.0167980612 0.0005474956 -0.0211493271 0.0100100711 0.0014945002
643 0.0005710738 0.0168512144 0.0169443330 0.0019243361 0.0025330363 -0.0437940611 0.0038941627
644 0.0005741065 0.0167929389 0.0170910407 0.0032921776 0.0255745109 -0.0513626514 0.0047630240
645 0.0005771819 0.0167339982 0.0172381895 0.0015890646 -0.0115665151 -0.0381481368 0.0038685642
646 0.0005803007 0.0166743861 0.0173857846 0.0032416847 -0.0419324320 -0.0385143590 0.0065595852
647 0.0005834634 0.0166140962 0.0175338314 0.0011153427 0.0264290292 0.0204168828 0.0001046449
648 0.0005866708 0.0165531222 0.0176823352 0.0028462750 -0.0154728843 0.0510574664 0.0021395645
649 0.0005899235 0.0164914576 0.0178313014 0.0011913656 0.0045777764 -0.0342112491 0.0028503629
650 0.0005932220 0.0164290960 0.0179807354 0.0005858051 -0.0112613300 -0.0214239937 0.0023194924
651 0.0005965672 0.0163660306 0.0181306428 0.0011452577 0.0337534715 0.0024414808 0.0005484729
652 0.0005999595 0.0163022546 0.0182810291 0.0007620705 0.0047608875 -0.0271919919 0.0022009988
653 0.0006033998 0.0162377612 0.0184318999 0.0020738560 -0.0413525803 0.0190740684 0.0033170598
654 0.0006068887 0.0161725434 0.0185832610 0.0142918980 -0.0712302011 -0.0960112308 0.0207711373
655 0.0006104270 0.0161065941 0.0187351181 0.0002837447 -0.0123599963 0.0114444411 0.0008635007
656 0.0006140154 0.0160399061 0.0188874770 0.0035042452 0.0572527238 -0.0150456252 0.0028499518
657 0.0006176545 0.0159724721 0.0190403436 0.0016003054 -0.0180974761 -0.0356761376 0.0041546547
658 0.0006213453 0.0159042846 0.0191937238 0.0116688728 -0.0670186468 -0.0847193823 0.0176741462
659 0.0006250884 0.0158353362 0.0193476236 0.0005600273 -0.0072634053 -0.0225226600 0.0022866725
660 0.0006288847 0.0157656190 0.0195020492 0.0144939365 -0.0736716819 -0.0952177496 0.0211596630
661 0.0006327349 0.0156951255 0.0196570066 0.0039471720 -0.0188299203 -0.0599383526 0.0075274000
662 0.0006366399 0.0156238476 0.0198125021 0.0019982792 -0.0279549547 0.0348826563 0.0021262216
663 0.0006406004 0.0155517773 0.0199685419 0.0192574114 0.0228583636 -0.1368755150 0.0246534444
664 0.0006446175 0.0154789064 0.0201251324 0.0005820041 0.0084841456 -0.0225836970 0.0018729708
665 0.0006486919 0.0154052267 0.0202822801 0.0010761549 0.0228583636 -0.0235297708 0.0019750451
666 0.0006528245 0.0153307297 0.0204399914 0.0092025251 0.0316782128 -0.0905484176 0.0125856671
667 0.0006570163 0.0152554069 0.0205982729 0.0099133613 -0.0071718497 -0.0993072298 0.0148803114
668 0.0006612681 0.0151792495 0.0207571312 0.0029108066 0.0506607257 0.0185552538 0.0012637834
669 0.0006655810 0.0151022488 0.0209165732 0.0052218719 -0.0720847194 0.0050660726 0.0078528058
670 0.0006699558 0.0150243958 0.0210766055 0.0004904886 -0.0059511093 0.0213324381 0.0004400373
671 0.0006743935 0.0149456813 0.0212372351 0.0124915788 0.1045564135 -0.0394909513 0.0117179959
672 0.0006788953 0.0148660961 0.0213984690 0.0044804761 -0.0558488723 0.0368968780 0.0052408074
673 0.0006834620 0.0147856307 0.0215603142 0.0131362173 -0.1133457442 -0.0169988098 0.0179044553
674 0.0006880948 0.0147042757 0.0217227779 0.0063554472 -0.0687582018 -0.0403454695 0.0108184525
675 0.0006927947 0.0146220213 0.0218858672 0.0040722591 -0.0307626576 -0.0559099094 0.0081119519
676 0.0006975628 0.0145388575 0.0220495895 0.0081854960 -0.0060121464 0.0902737510 0.0050768800
677 0.0007024002 0.0144547744 0.0222139522 0.0000175267 0.0002136296 0.0041810358 0.0005279963
678 0.0007073080 0.0143697618 0.0223789628 0.0007481901 -0.0230414747 0.0147404401 0.0014579476
679 0.0007122875 0.0142838093 0.0225446288 0.0036895152 0.0222479934 -0.0565202795 0.0063146880
680 0.0007173398 0.0141969064 0.0227109580 0.0065696915 0.0765709403 0.0265816218 0.0039055021
681 0.0007224660 0.0141090423 0.0228779582 0.0025186185 -0.0227362896 -0.0447401349 0.0059297850
682 0.0007276676 0.0140202061 0.0230456371 0.0031505483 0.0027466659 -0.0560625019 0.0063851904
683 0.0007329456 0.0139303869 0.0232140028 0.0066479935 -0.0509048738 -0.0636921293 0.0117562868
684 0.0007383014 0.0138395734 0.0233830634 0.0149032275 -0.1214941862 0.0119327372 0.0184463365
685 0.0007437364 0.0137477541 0.0235528270 0.0050899485 0.0181279946 -0.0690023499 0.0085856473
686 0.0007492518 0.0136549175 0.0237233019 0.0039254159 -0.0533768731 -0.0328073977 0.0076889809
687 0.0007548491 0.0135610516 0.0238944965 0.0082230241 0.0013733329 -0.0906704917 0.0132736770
688 0.0007605296 0.0134661445 0.0240664193 0.0009066466 -0.0258491775 0.0154423658 0.0016200688
689 0.0007662948 0.0133701841 0.0242390789 0.0001882597 -0.0121158483 0.0064394055 0.0009663662
690 0.0007721461 0.0132731578 0.0244124841 0.0153701122 -0.0174260689 -0.1227454451 0.0225978986
691 0.0007780851 0.0131750531 0.0245866436 0.0030603675 -0.0552995392 -0.0015259255 0.0053706360
692 0.0007841132 0.0130758571 0.0247615664 0.0121170116 -0.0716574602 0.0835596789 0.0106369531
693 0.0007902321 0.0129755568 0.0249372616 0.0092137650 0.0111392560 -0.0953398236 0.0144699492
694 0.0007964433 0.0128741389 0.0251137384 0.0023785735 0.0446485794 0.0196234016 0.0010397589
695 0.0008027485 0.0127715899 0.0252910060 0.0127257397 0.0514236885 -0.1004058962 0.0172936959
696 0.0008091493 0.0126678962 0.0254690740 0.0128131404 0.1117587817 0.0179754021 0.0098751587
697 0.0008156475 0.0125630437 0.0256479520 0.0322980524 -0.1445966979 -0.1067232276 0.0422213136
698 0.0008222448 0.0124570183 0.0258276495 0.0214145783 0.1111484115 0.0951872311 0.0145507427
699 0.0008289429 0.0123498055 0.0260081764 0.0096554773 -0.0135502182 -0.0973235267 0.0158815202
700 0.0008357438 0.0122413906 0.0261895428 0.0106723732 0.0132755516 -0.1024506363 0.0165493652
701 0.0008426492 0.0121317588 0.0263717586 0.0057781960 0.0557267983 0.0516983551 0.0025419640
702 0.0008496611 0.0120208947 0.0265548343 0.0121077732 0.0871303446 0.0672017579 0.0072936019
703 0.0008567815 0.0119087830 0.0267387800 0.0175837952 -0.0186162908 -0.1312906278 0.0259050739
704 0.0008640122 0.0117954080 0.0269236065 0.0010545981 0.0039979247 -0.0322275460 0.0035596596
705 0.0008713555 0.0116807536 0.0271093243 0.0287972505 0.0840784936 0.1474044008 0.0197123382
706 0.0008788133 0.0115648036 0.0272959444 0.0005391662 0.0214545122 -0.0088808863 0.0014065694
707 0.0008863877 0.0114475413 0.0274834776 0.0010775585 0.0261543626 -0.0198370312 0.0024555211
708 0.0008940811 0.0113289500 0.0276719352 0.0083035549 0.0284127323 0.0865810114 0.0037621349
709 0.0009018956 0.0112090125 0.0278613284 0.0019781838 0.0366222114 -0.0252388073 0.0034654551
710 0.0009098335 0.0110877113 0.0280516687 0.0058699871 0.0352488784 0.0680257576 0.0021816898
711 0.0009178971 0.0109650287 0.0282429679 0.0357316729 -0.0706503494 0.1753288369 0.0282953228
712 0.0009260889 0.0108409467 0.0284352376 0.0078240575 0.0883816034 -0.0035706656 0.0070369313
713 0.0009344112 0.0107154467 0.0286284898 0.0006318376 0.0212103641 0.0134891812 0.0003393420
714 0.0009428667 0.0105885100 0.0288227368 0.0006327205 -0.0200201422 -0.0152287362 0.0028774219
715 0.0009514579 0.0104601177 0.0290179909 0.0051417406 -0.0708639790 -0.0109561449 0.0082115402
716 0.0009601873 0.0103302503 0.0292142645 0.0031774288 0.0448927274 0.0340891751 0.0012183296
717 0.0009690578 0.0101988879 0.0294115705 0.0130026919 -0.0622272408 -0.0955534532 0.0208618013
718 0.0009780720 0.0100660106 0.0296099216 0.0174770629 -0.0055543687 0.1320841090 0.0107449553
719 0.0009872329 0.0099315978 0.0298093311 0.0028354179 0.0053407392 -0.0529801325 0.0068751713
720 0.0009965432 0.0097956286 0.0300098122 0.0112105167 -0.0984221931 0.0390331736 0.0117925180
721 0.0010060059 0.0096580819 0.0302113785 0.0069278628 0.0814539018 -0.0171208838 0.0073949828
722 0.0010156242 0.0095189359 0.0304140435 0.0002814414 -0.0114749596 -0.0122379223 0.0022599338
723 0.0010254010 0.0093781686 0.0306178213 0.0187715312 -0.0505996887 0.1273232215 0.0129492778
724 0.0010353397 0.0092357577 0.0308227261 0.0089536950 -0.0171819208 0.0930509354 0.0045702438
725 0.0010454433 0.0090916802 0.0310287720 0.0040980788 -0.0502639851 -0.0396435438 0.0085176712
726 0.0010557154 0.0089459128 0.0312359739 0.0147841367 -0.0672627949 0.1012909330 0.0107154644
727 0.0010661593 0.0087984318 0.0314443464 0.0222856714 -0.0809961241 -0.1254005554 0.0326633855
728 0.0010767786 0.0086492131 0.0316539046 0.0068164102 0.0693685720 0.0447706534 0.0038588897
729 0.0010875768 0.0084982320 0.0318646639 0.0038969446 -0.0548112430 0.0298776208 0.0040120380
730 0.0010985576 0.0083454634 0.0320766397 0.0006678754 0.0030213324 0.0256660665 0.0000694418
731 0.0011097248 0.0081908819 0.0322898478 0.0027518928 -0.0513016144 -0.0109561449 0.0054095730
732 0.0011210824 0.0080344612 0.0325043044 0.0207944696 -0.1379436628 0.0420239875 0.0214002371
733 0.0011326342 0.0078761749 0.0327200256 0.0011342758 0.0329905087 0.0067751091 0.0013038685
734 0.0011443844 0.0077159958 0.0329370281 0.0219417661 -0.1472518082 -0.0160832545 0.0264180084
735 0.0011563372 0.0075538965 0.0331553288 0.0014983110 -0.0320749535 0.0216681417 0.0017024012
736 0.0011684968 0.0073898488 0.0333749446 0.0003362000 0.0177312540 0.0046693319 0.0009309569
737 0.0011808677 0.0072238239 0.0335958932 0.0026511948 0.0486770226 0.0167851802 0.0020009677
738 0.0011934543 0.0070557928 0.0338181920 0.0039642526 -0.0625629444 -0.0070802942 0.0065194548
739 0.0012062614 0.0068857256 0.0340418593 0.0062538859 -0.0360118412 -0.0704062014 0.0127495986
740 0.0012192936 0.0067135918 0.0342669131 0.0022770783 0.0381786554 0.0286263619 0.0010218660
741 0.0012325560 0.0065393606 0.0344933722 0.0034248768 0.0388195441 -0.0437940611 0.0071709325
742 0.0012460534 0.0063630003 0.0347212556 0.0088524717 0.0593585009 0.0730002747 0.0042738064
743 0.0012597910 0.0061844786 0.0349505823 0.0013531984 0.0354319895 -0.0098879971 0.0028659151
744 0.0012737741 0.0060037628 0.0351813721 0.0022584172 0.0443433943 0.0170903653 0.0017972119
745 0.0012880082 0.0058208192 0.0354136448 0.0014524024 -0.0377513962 0.0052186651 0.0028102748
746 0.0013024987 0.0056356137 0.0356474208 0.0038722891 -0.0002441481 0.0622272408 0.0007410584
747 0.0013172516 0.0054481114 0.0358827206 0.0079928793 -0.0526749474 0.0722373119 0.0046999463
748 0.0013322725 0.0052582766 0.0361195652 0.0016677587 0.0235602893 -0.0333567309 0.0051619194
749 0.0013475675 0.0050660731 0.0363579760 0.0181141087 0.1225928526 0.0555436872 0.0141806354
750 0.0013631429 0.0048714637 0.0365979748 0.0056786064 0.0088808863 0.0748313852 0.0014778691
751 0.0013790050 0.0046744105 0.0368395837 0.0038979728 -0.0623798334 -0.0025940733 0.0060512849
752 0.0013951604 0.0044748750 0.0370828251 0.0153205395 -0.1153599658 -0.0448622089 0.0210753777
753 0.0014116158 0.0042728178 0.0373277221 0.0000651071 -0.0024414808 0.0076906644 0.0009234370
754 0.0014283781 0.0040681985 0.0375742980 0.0021891142 0.0173345134 0.0434583575 0.0002106173
755 0.0014454544 0.0038609761 0.0378225765 0.0061166816 0.0184942167 0.0759910886 0.0016709670
756 0.0014628521 0.0036511086 0.0380725820 0.0045085144 -0.0252998444 -0.0621967223 0.0108920911
757 0.0014805786 0.0034385533 0.0383243390 0.0028310973 0.0286568804 -0.0448316904 0.0075508892
758 0.0014986417 0.0032232662 0.0385778726 0.0000070422 -0.0013428144 -0.0022888882 0.0016909412
759 0.0015170493 0.0030052028 0.0388332086 0.0020988319 -0.0176702170 -0.0422681356 0.0070049010
760 0.0015358097 0.0027843174 0.0390903728 0.0031470808 -0.0096133305 -0.0552690207 0.0090573968
761 0.0015549311 0.0025605634 0.0393493920 0.0027759438 -0.0429700613 0.0304879910 0.0021515622
762 0.0015744224 0.0023338931 0.0396102932 0.0154163049 0.1217383343 0.0244148076 0.0144883234
763 0.0015942923 0.0021042579 0.0398731039 0.0048830295 -0.0460219123 0.0525833918 0.0024776797
764 0.0016145501 0.0018716081 0.0401378523 0.0032248388 -0.0168462172 0.0542313913 0.0005489848
765 0.0016352052 0.0016358928 0.0404045671 0.0087670093 0.0845667898 0.0401928770 0.0068775785
766 0.0016562673 0.0013970602 0.0406732774 0.0015989922 0.0085451827 0.0390636921 0.0000536864
767 0.0016777464 0.0011550570 0.0409440131 0.0035807962 -0.0552385022 -0.0230109561 0.0072704716
768 0.0016996528 0.0009098292 0.0412168046 0.0023708757 0.0469069491 0.0130619221 0.0029084324
769 0.0017219971 0.0006613212 0.0414916827 0.0007324005 0.0017090365 0.0270088809 0.0002108493
770 0.0017447902 0.0004094763 0.0417686791 0.0001530303 0.0113528855 -0.0049134800 0.0022989822
771 0.0017680435 0.0001542365 0.0420478260 0.0081208322 -0.0521561327 0.0734885708 0.0037248952
772 0.0017917684 -0.0001044574 0.0423291564 0.0124304105 0.1102023377 -0.0169072542 0.0156765414
773 0.0018159770 -0.0003666662 0.0426127036 0.0063570306 -0.0618915372 -0.0502639851 0.0124113891
774 0.0018406815 -0.0006324519 0.0428985021 0.0010951308 0.0161748100 0.0288705100 0.0004792686
775 0.0018658946 -0.0009018779 0.0431865865 0.0001839288 -0.0014038514 -0.0134891812 0.0032123946
776 0.0018916295 -0.0011750091 0.0434769927 0.0035588473 -0.0439161351 0.0403759880 0.0018364201
777 0.0019178997 -0.0014519121 0.0437697569 0.0221728553 0.0446180609 0.1420636616 0.0117841341
778 0.0019447189 -0.0017326547 0.0440649164 0.0019096305 -0.0062868130 0.0432447279 0.0000214131
779 0.0019721017 -0.0020173065 0.0443625090 0.0099228139 -0.0137028108 0.0986663411 0.0030854572
780 0.0020000628 -0.0023059388 0.0446625734 0.0005215026 0.0227362896 0.0021362957 0.0024355975
781 0.0020286175 -0.0025986245 0.0449651491 0.0100037396 -0.0144352550 -0.0989715262 0.0208578723
782 0.0020577815 -0.0028954382 0.0452702766 0.0063446730 -0.0221564379 0.0765099033 0.0013469004
783 0.0020875712 -0.0031964562 0.0455779971 0.0025200538 0.0454420606 0.0213324381 0.0029535525
784 0.0021180032 -0.0035017570 0.0458883527 0.0027469406 -0.0523392438 -0.0027466659 0.0047504651
785 0.0021490950 -0.0038114205 0.0462013864 0.0254419710 0.1557664724 0.0343333232 0.0256059548
786 0.0021808645 -0.0041255290 0.0465171423 0.0009589129 -0.0295724357 -0.0091860714 0.0037503931
787 0.0022133302 -0.0044441664 0.0468356652 0.0097858508 -0.0445570238 0.0883205664 0.0033300384
788 0.0022465111 -0.0047674191 0.0471570013 0.0009531402 0.0302133244 0.0063478500 0.0028890392
789 0.0022804269 -0.0050953752 0.0474811973 0.0021937711 -0.0411999878 0.0222785119 0.0019387184
790 0.0023150982 -0.0054281253 0.0478083014 0.0000473439 0.0029297769 -0.0062257759 0.0029895360
791 0.0023505460 -0.0057657620 0.0481383627 0.0041396062 0.0404675436 0.0500198370 0.0021410585
792 0.0023867920 -0.0061083806 0.0484714314 0.0086409303 -0.0091860714 -0.0925016022 0.0198828684
793 0.0024238587 -0.0064560784 0.0488075588 0.0006592397 -0.0245063631 -0.0076601459 0.0035144145
794 0.0024617696 -0.0068089554 0.0491467976 0.0090928086 -0.0953093051 -0.0029908139 0.0105506424
795 0.0025005486 -0.0071671141 0.0494892015 0.0021319294 -0.0439771722 -0.0140690329 0.0053946295
796 0.0025402207 -0.0075306596 0.0498348255 0.0037453235 -0.0592974639 0.0151371807 0.0038837286
797 0.0025808116 -0.0078996997 0.0501837259 0.0114653375 0.1004058962 -0.0372020631 0.0193663782
798 0.0026223481 -0.0082743451 0.0505359604 0.0008301515 -0.0223700674 -0.0181585131 0.0049176201
799 0.0026648577 -0.0086547094 0.0508915881 0.0109637785 -0.1023895993 -0.0219122898 0.0140866342
800 0.0027083691 -0.0090409090 0.0512506692 0.0132541113 -0.0093081454 -0.1147495956 0.0275561593
801 0.0027529119 -0.0094330636 0.0516132658 0.0168325446 0.0778832362 -0.1037629322 0.0317658991
802 0.0027985167 -0.0098312958 0.0519794411 0.0069883531 -0.0740684225 0.0387585070 0.0043012015
803 0.0028452152 -0.0102357317 0.0523492602 0.0005987969 0.0203558458 -0.0135807367 0.0052826091
804 0.0028930405 -0.0106465009 0.0527227895 0.0000195403 -0.0013428144 0.0042115543 0.0024398985
805 0.0029420266 -0.0110637361 0.0531000972 0.0327002518 0.1476485488 0.1044038209 0.0278216615
806 0.0029922088 -0.0114875740 0.0534812532 0.0016271292 0.0317087313 -0.0249336222 0.0080148135
807 0.0030436238 -0.0119181549 0.0538663291 0.0266285223 0.1534165471 0.0556047243 0.0273385857
808 0.0030963097 -0.0123556228 0.0542553983 0.0106622397 -0.0422681356 -0.0942106388 0.0229369226
809 0.0031503057 -0.0128001261 0.0546485361 0.0100903001 -0.0994903409 -0.0138554033 0.0122079831
810 0.0032056529 -0.0132518168 0.0550458198 0.0042636920 -0.0042725913 0.0651570177 0.0001828628
811 0.0032623937 -0.0137108517 0.0554473285 0.0014402823 0.0285042879 0.0250556963 0.0027057693
812 0.0033205721 -0.0141773917 0.0558531436 0.0044296405 0.0494399854 -0.0445570238 0.0141293724
813 0.0033802338 -0.0146516023 0.0562633484 0.0090979470 0.0632648701 0.0713827937 0.0062995743
814 0.0034414264 -0.0151336539 0.0566780285 0.0022556165 0.0085146641 -0.0467238380 0.0112511890
815 0.0035041991 -0.0156237216 0.0570972719 0.0089074380 0.0836512345 -0.0437025056 0.0200161120
816 0.0035686033 -0.0161219857 0.0575211687 0.0201233698 -0.0882595294 -0.1110568560 0.0336223756
817 0.0036346921 -0.0166286317 0.0579498116 0.0008092290 -0.0197454756 0.0204779199 0.0014138574
818 0.0037025208 -0.0171438506 0.0583832958 0.0020364872 -0.0350352489 0.0284432508 0.0012165084
819 0.0037721472 -0.0176678391 0.0588217190 0.0110462875 0.0373546556 0.0982390820 0.0045812034
820 0.0038436309 -0.0182007996 0.0592651817 0.0044524044 -0.0535599841 -0.0397961364 0.0110634167
821 0.0039170342 -0.0187429405 0.0597137872 0.0204666651 -0.0199285867 0.1416669210 0.0067177219
822 0.0039924219 -0.0192944769 0.0601676415 0.0117538239 -0.0796227912 -0.0735801263 0.0215279709
823 0.0040698615 -0.0198556299 0.0606268539 0.0058032724 0.0408948027 -0.0642719810 0.0192903340
824 0.0041494230 -0.0204266278 0.0610915366 0.0110156489 -0.1031220435 -0.0195318461 0.0133386616
825 0.0042311795 -0.0210077056 0.0615618050 0.0023496728 -0.0457167272 0.0161137730 0.0026760594
826 0.0043152073 -0.0215991058 0.0620377778 0.0037224004 -0.0340891751 -0.0505996887 0.0128432007
827 0.0044015855 -0.0222010784 0.0625195775 0.0379438285 -0.0597552416 0.1853999451 0.0165098999
828 0.0044903968 -0.0228138813 0.0630073297 0.0267791450 -0.0425122837 -0.1580248421 0.0492432480
829 0.0045817274 -0.0234377804 0.0635011640 0.0424187536 -0.1230811487 0.1651356548 0.0202583706
830 0.0046756671 -0.0240730503 0.0640012137 0.0165885986 -0.1234168523 -0.0368358409 0.0200373026
831 0.0047723097 -0.0247199744 0.0645076164 0.0018584223 0.0430921354 0.0012207404 0.0086037109
832 0.0048717530 -0.0253788451 0.0650205135 0.0005443745 -0.0085757012 0.0216986602 0.0021591286
833 0.0049740989 -0.0260499645 0.0655400510 0.0049754512 -0.0676900540 0.0198370312 0.0038226631
834 0.0050794542 -0.0267336446 0.0660663792 0.0045522333 0.0256355480 -0.0624103519 0.0192488028
835 0.0051879301 -0.0274302077 0.0665996531 0.0069107608 -0.0126956999 -0.0821558275 0.0223452987
836 0.0052996429 -0.0281399869 0.0671400327 0.0059702958 -0.0742820521 -0.0212714011 0.0099456718
837 0.0054147140 -0.0288633264 0.0676876829 0.0015019648 -0.0203863643 -0.0329599902 0.0102018130
838 0.0055332707 -0.0296005822 0.0682427739 0.0223189692 -0.1244544816 0.0826441237 0.0092046611
839 0.0056554456 -0.0303521224 0.0688054814 0.0101033925 0.0983306375 -0.0208441420 0.0245963077
840 0.0057813778 -0.0311183276 0.0693759867 0.0074588748 0.0698568682 -0.0507827998 0.0246341241
841 0.0059112128 -0.0318995919 0.0699544771 0.0002053841 -0.0122074038 0.0075075533 0.0042874006
842 0.0060451028 -0.0326963230 0.0705411460 0.0140797931 0.0980864895 -0.0667744987 0.0359597303
843 0.0061832073 -0.0335089431 0.0711361934 0.0003153697 0.0151982177 -0.0091860714 0.0088240537
844 0.0063256932 -0.0343378892 0.0717398259 0.0392741634 -0.1808832057 0.0809656056 0.0215606448
845 0.0064727358 -0.0351836141 0.0723522570 0.0049334283 0.0014648885 -0.0702230903 0.0216708424
846 0.0066245184 -0.0360465871 0.0729737077 0.0020309604 -0.0312814722 -0.0324411756 0.0111350039
847 0.0067812337 -0.0369272942 0.0736044064 0.0087750043 -0.0172429579 -0.0920743431 0.0278369211
848 0.0069430835 -0.0378262398 0.0742445898 0.0387401915 0.1937314982 0.0347605823 0.0551779728
849 0.0071102799 -0.0387439465 0.0748945025 0.0024959413 0.0418713950 0.0272530290 0.0087685433
850 0.0072830454 -0.0396809567 0.0755543981 0.0190281002 0.0407727287 -0.1317789239 0.0494599019
851 0.0074616139 -0.0406378334 0.0762245391 0.0056413698 -0.0652485733 -0.0372020631 0.0134712826
852 0.0076462310 -0.0416151606 0.0769051976 0.0050613440 0.0683919797 -0.0195928831 0.0214134505
853 0.0078371552 -0.0426135451 0.0775966556 0.0041938125 -0.0523087252 -0.0381786554 0.0134979191
854 0.0080346581 -0.0436336170 0.0782992055 0.0062028845 0.0449537645 0.0646687216 0.0080335142
855 0.0082390257 -0.0446760312 0.0790131505 0.0029256872 -0.0189519944 -0.0506607257 0.0174770402
856 0.0084505590 -0.0457414682 0.0797388054 0.0300979479 0.0765099033 -0.1557054353 0.0703793883
857 0.0086695750 -0.0468306359 0.0804764969 0.0077404010 -0.0875576037 -0.0086062197 0.0095944163
858 0.0088964078 -0.0479442704 0.0812265640 0.0140963391 -0.0570390942 -0.1041291543 0.0344394581
859 0.0091314094 -0.0490831378 0.0819893593 0.0104699956 -0.1012909330 0.0144962920 0.0072809680
860 0.0093749515 -0.0502480355 0.0827652487 0.0421500078 0.1156651509 -0.1696218757 0.0912264460
861 0.0096274258 -0.0514397940 0.0835546131 0.0027766330 0.0354319895 -0.0390026551 0.0225669908
862 0.0098892462 -0.0526592784 0.0843578483 0.0418440879 0.1790215766 0.0989715262 0.0538895781
863 0.0101608497 -0.0539073902 0.0851753662 0.0000469583 0.0026551103 -0.0063173315 0.0115702302
864 0.0104426984 -0.0551850696 0.0860075955 0.0092015118 -0.0241401410 -0.0928373058 0.0329492863
865 0.0107352806 -0.0564932969 0.0868549827 0.0071963031 -0.0271004364 -0.0803857540 0.0288334042
866 0.0110391132 -0.0578330954 0.0877179929 0.0094049064 -0.0951872311 -0.0185552538 0.0126893344
867 0.0113547432 -0.0592055330 0.0885971110 0.0009898626 0.0254524369 0.0184942167 0.0120813877
868 0.0116827501 -0.0606117253 0.0894928423 0.0039877653 0.0629596850 -0.0048829615 0.0241766858
869 0.0120237478 -0.0620528376 0.0904057142 0.0058805974 -0.0209662160 -0.0737632374 0.0286395551
870 0.0123783877 -0.0635300884 0.0913362771 0.0041281884 0.0440382092 0.0467848750 0.0135557661
871 0.0127473605 -0.0650447519 0.0922851058 0.0129244924 -0.0561540574 -0.0988494522 0.0366114637
872 0.0131313999 -0.0665981612 0.0932528006 0.0142516931 0.0052186651 -0.1192663350 0.0503220395
873 0.0135312851 -0.0681917121 0.0942399891 0.0069304511 0.0761131626 -0.0337229530 0.0371984114
874 0.0139478447 -0.0698268664 0.0952473277 0.0094647838 0.0852992340 -0.0467848750 0.0442372536
875 0.0143819599 -0.0715051559 0.0962755033 0.0021567553 -0.0236823634 -0.0399487289 0.0208440609
876 0.0148345687 -0.0732281867 0.0973252349 0.0135733015 -0.0474868007 -0.1063875240 0.0421615071
877 0.0153066704 -0.0749976438 0.0983972756 0.0100577838 0.0365611744 -0.0933866390 0.0492264398
878 0.0157993303 -0.0768152956 0.0994924149 0.0060579833 -0.0400402844 -0.0667439802 0.0289869405
879 0.0163136845 -0.0786829994 0.1006114809 0.0231292432 0.0639057588 -0.1380046999 0.0772692357
880 0.0168509460 -0.0806027067 0.1017553422 0.0150037075 -0.0097048860 -0.1221045564 0.0551397552
881 0.0174124107 -0.0825764698 0.1029249111 0.0244554083 -0.1023590808 -0.1182287057 0.0493002739
882 0.0179994640 -0.0846064474 0.1041211462 0.0155194971 -0.0761741997 -0.0985747856 0.0411567436
883 0.0186135885 -0.0866949126 0.1053450550 0.0333946780 0.1447492904 0.1115451521 0.0536048603
884 0.0192563716 -0.0888442594 0.1065976977 0.0035686436 0.0528580584 0.0278328806 0.0262834433
885 0.0199295149 -0.0910570118 0.1078801905 0.0003280188 0.0116275521 -0.0138859218 0.0253711058
886 0.0206348436 -0.0933358318 0.1091937089 0.0042608746 0.0645771661 -0.0095217750 0.0390298810
887 0.0213743173 -0.0956835297 0.1105394925 0.0160997893 0.1074556719 0.0674764245 0.0431199630
888 0.0221500419 -0.0981030737 0.1119188491 0.0146280300 0.0980559709 -0.0708029420 0.0718656237
889 0.0229642825 -0.1005976018 0.1133331592 0.0067844145 0.0638752403 0.0520035401 0.0308126380
890 0.0238194778 -0.1031704333 0.1147838817 0.0055406430 0.0090334788 -0.0738853114 0.0481857823
891 0.0247182562 -0.1058250825 0.1162725594 0.0072451521 0.0185552538 0.0830713828 0.0165727862
892 0.0256634529 -0.1085652732 0.1178008248 0.0005350756 0.0093691824 -0.0211493271 0.0332156805
893 0.0266581299 -0.1113949539 0.1193704074 0.0027037740 0.0417188025 -0.0310373241 0.0460663081
894 0.0277055975 -0.1143183154 0.1209831405 0.0084373438 -0.0511490219 0.0762962737 0.0059872757
895 0.0288094382 -0.1173398092 0.1226409693 0.0156438483 0.1099276711 -0.0596636860 0.0848854950
896 0.0299735336 -0.1204641683 0.1243459601 0.0035453964 -0.0150151067 -0.0576189459 0.0442307316
897 0.0312020946 -0.1236964294 0.1261003092 0.0007119027 0.0179448836 -0.0197454756 0.0413332545
898 0.0324996943 -0.1270419577 0.1279063538 0.0000390322 0.0015869625 -0.0060426649 0.0344877387
899 0.0338713058 -0.1305064735 0.1297665834 0.0010658445 0.0147709586 -0.0291146580 0.0463487812
900 0.0353223438 -0.1340960829 0.1316836526 0.0021550555 0.0459608753 0.0065309610 0.0480837044
901 0.0368587119 -0.1378173094 0.1336603949 0.0052412520 -0.0009765923 -0.0723899045 0.0611821077
902 0.0384868556 -0.1416771311 0.1356998383 0.0010901880 -0.0037232582 -0.0328073977 0.0474259596
903 0.0402138217 -0.1456830202 0.1378052224 0.0100740699 0.0916470840 0.0409253212 0.0657112936
904 0.0420473260 -0.1498429874 0.1399800170 0.0025722213 0.0307321390 -0.0403454695 0.0651246574
905 0.0439958297 -0.1541656313 0.1422279432 0.0039023624 -0.0470900601 -0.0410473952 0.0450550276
906 0.0460686257 -0.1586601927 0.1445529970 0.0000726523 -0.0071108127 -0.0046998505 0.0452436271
907 0.0482759372 -0.1633366157 0.1469594747 0.0106983801 0.0317087313 -0.0984527116 0.0982698286
908 0.0506290300 -0.1682056156 0.1494520020 0.0014278279 -0.0294198431 -0.0237128819 0.0492475677
909 0.0531403404 -0.1732787548 0.1520355666 0.0002210955 -0.0106204413 -0.0104068117 0.0528452532
910 0.0558236217 -0.1785685276 0.1547155539 0.0120035677 0.0286568804 -0.1057466353 0.1107829217
911 0.0586941130 -0.1840884561 0.1574977884 0.0194861796 -0.0502029481 -0.1302529984 0.1007258446
912 0.0617687327 -0.1898531974 0.1603885785 0.0008308212 -0.0136417737 0.0253913999 0.0492747041
913 0.0650663019 -0.1958786650 0.1633947690 0.0055955459 -0.0718405713 0.0208441420 0.0357061299
914 0.0686078037 -0.2021821657 0.1665237989 0.0129336655 0.1120944853 -0.0191961425 0.1332617100
915 0.0724166832 -0.2087825554 0.1697837677 0.0261289108 0.1615649892 -0.0050660726 0.1677297704
916 0.0765191976 -0.2157004152 0.1731835109 0.0086044109 0.0861842708 -0.0343028047 0.1341849347
917 0.0809448248 -0.2229582534 0.1767326852 0.0111338372 0.0870082705 -0.0596942045 0.1519769201
918 0.0857267430 -0.2305807357 0.1804418668 0.0046577884 0.0578020569 0.0362865078 0.1039454026
919 0.0909023941 -0.2385949491 0.1843226638 0.0047259207 0.0143436995 -0.0672322764 0.1272578478
920 0.0965141500 -0.2470307059 0.1883878455 0.0103395205 -0.0739463485 -0.0697958312 0.0966170057
921 0.1026101014 -0.2559208944 0.1926514915 0.0084537817 -0.0841090121 -0.0371410260 0.0823239240
922 0.1092449982 -0.2653018857 0.1971291650 0.0020279828 0.0258186590 0.0368968780 0.1104255574
923 0.1164813727 -0.2752140055 0.2018381131 0.0018875009 0.0311899167 0.0302438429 0.1233279571
924 0.1243908890 -0.2857020863 0.2067975022 0.0048894523 0.0537125767 -0.0447706534 0.1784888503
925 0.1330559717 -0.2968161134 0.2120286926 0.0061699528 0.0194097720 -0.0761131626 0.1830245393
926 0.1425717808 -0.3086119864 0.2175555623 0.0017516639 0.0385753960 -0.0162358470 0.1751975015
927 0.1530486206 -0.3211524184 0.2234048898 0.0006498095 0.0249641408 -0.0051576281 0.1720374971
928 0.1646148930 -0.3345080062 0.2296068090 0.0056558295 -0.0137028108 -0.0739463485 0.1950604928
929 0.1774207405 -0.3487585066 0.2361953526 0.0115383474 0.0569170202 -0.0910977508 0.2716934085
930 0.1916425702 -0.3639943707 0.2432091041 0.0152798755 -0.0879543443 -0.0868556780 0.1851408565
931 0.2074887064 -0.3803185961 0.2506919861 0.0029080953 0.0443128758 -0.0307321390 0.2595114251
932 0.2252065078 -0.3978489783 0.2586942177 0.0120250509 0.0535294656 -0.0957060457 0.3293420463
933 0.2450913951 -0.4167208645 0.2672734858 0.0394845871 -0.0363780633 -0.1953489792 0.3586801915
934 0.2674983984 -0.4370905464 0.2764963881 0.0046447705 -0.0664082766 0.0153202918 0.2056182984
935 0.2928570559 -0.4591394709 0.2864402244 0.0353071521 -0.1106601154 -0.1518601032 0.3135450384
936 0.3216908224 -0.4830795103 0.2971952375 0.0145249831 0.0893276772 -0.0809045686 0.4706094517
937 0.3546426087 -0.5091596132 0.3088674424 0.0159721176 -0.0542619098 -0.1141392254 0.3858665615
938 0.3925087655 -0.5376742823 0.3215822317 0.0238036448 0.0639973144 -0.1403851436 0.5754225660
939 0.4362848473 -0.5689744868 0.3354890173 0.0182697245 0.1024506363 -0.0881679739 0.6302969421
940 0.4872280496 -0.6034818719 0.3507672730 0.0058263837 -0.0641193884 -0.0414136174 0.4447177394
941 0.5469436208 -0.6417074845 0.3676344994 0.0171735049 -0.0063478500 -0.1308938871 0.6522124174
942 0.6175063441 -0.6842767859 0.3863568615 0.0175625607 0.0368663594 -0.1272927030 0.7838833112
943 0.7016343013 -0.7319635601 0.4072636099 0.0008773939 -0.0059205908 -0.0290231025 0.7174844887
944 0.8029422354 -0.7857366395 0.4307669540 0.0020677555 0.0131839961 -0.0435193945 0.8632217224
945 0.9263189652 -0.8468254824 0.4573899513 0.0096955946 -0.0045472579 -0.0983611560 1.0182919008
946 1.0785032637 -0.9168141141 0.4878064615 0.0152571694 -0.0947904904 -0.0791955321 0.9972140986
947 1.2689867677 -0.9977788572 0.5228997225 0.0081383189 -0.0827661977 0.0358897671 1.0744268637
948 1.5114742089 -1.0924956692 0.5638505313 0.0027150241 -0.0278023621 -0.0440687277 1.5031376636
949 1.8263308083 -1.2047619049 0.6122740897 0.0013173477 -0.0082705161 -0.0353404340 1.8509962147
950 2.2448583836 -1.3399136396 0.6704400212 0.0199213750 -0.0281380657 0.1383098849 2.0039176381
951 2.8171426056 -1.5056928511 0.7416411827 0.0182340033 0.1263161107 0.0477309488 3.1449646640
952 3.6273277357 -1.7137755620 0.8308435825 0.0011464731 -0.0237739189 0.0241096225 3.5069252362
953 4.8255723410 -1.9826342181 0.9459037469 0.0004540065 -0.0208746605 0.0042725913 4.7351697949
954 6.7012372744 -2.3433248382 1.1000299891 0.0023722914 0.0176091800 -0.0454115421 6.8860457397
955 9.8714054964 -2.8524011988 1.3172747995 0.0282813771 -0.0614032411 0.1565599536 9.1369285536
956 15.8505577930 -3.6248406659 1.6465381684 0.0232796442 0.1360820338 -0.0690023499 17.0876188226
957 29.2229497305 -4.9357565869 2.2048257630 0.0002944817 0.0080263680 0.0151676992 29.2355923416
958 69.7775392491 -7.6481119385 3.3591551058 0.0227090346 -0.1371501816 0.0624408704 67.2828712642
959 326.2768843657 -16.5834167899 7.1601097715 0.0001401214 0.0089724418 -0.0077211829 326.6851810048
960 15365.6025260639 114.1090178520 -48.4224593645 0.0647415173 -0.2195501572 0.1286049989 15428.2273138588
961 200.7986225073 13.0788572936 -5.4536331378 0.0002298058 0.0037842952 -0.0146794031 200.5397516421
962 57.2670812262 7.0027123638 -2.8686409283 0.0635411452 -0.2322458571 0.0979949339 61.1455487980
963 26.9057438849 4.8121676893 -1.9361781982 0.0062835568 0.0668660543 -0.0425733207 26.1036270393
964 15.6852345812 3.6833967774 -1.4552741190 0.0522184699 -0.2085329752 0.0934476760 17.5456563980
965 10.3211685280 2.9952461924 -1.1617524587 0.0049900674 0.0443739128 0.0549638356 10.1880457510
966 7.3401582046 2.5320153814 -0.9638756729 0.0593398678 0.2411877804 0.0341807306 6.2440076823
967 5.5104878601 2.1990480958 -0.8213862262 0.0026535270 -0.0468459120 0.0214239937 5.7543689610
968 4.3053253223 1.9482710895 -0.7138382757 0.0340288059 0.1568956572 0.0970183416 3.8665143935
969 3.4684581238 1.7526775835 -0.6297455138 0.0002296120 0.0129093295 0.0079348125 3.4334297760
970 2.8630051328 1.5959271600 -0.5621580139 0.0597795450 -0.2427442244 -0.0292367321 3.6647175525
971 2.4103802035 1.4675531924 -0.5066239541 0.0292157872 0.1674550615 0.0342722861 1.9828238928
972 2.0628195140 1.3605412685 -0.4601597230 0.0369274244 0.1858577227 0.0488296152 1.6389515792
973 1.7899171835 1.2700143685 -0.4206907264 0.0007598659 0.0275582141 -0.0006408887 1.7201391619
974 1.5715598858 1.1924764328 -0.3867296769 0.0286487141 0.1387371441 0.0969573046 1.3443195847
975 1.3940053219 1.1253559431 -0.3571824790 0.0089360938 -0.0913724174 0.0242316965 1.6259046764
976 1.2476009505 1.0667193021 -0.3312263290 0.0283376743 -0.1641895810 -0.0371410260 1.6016228439
977 1.1254028340 1.0150846183 -0.3082305170 0.0058584883 0.0286263619 0.0709860530 1.1169050987
978 1.0223101849 0.9692971240 -0.2877034416 0.0064798870 -0.0679342021 0.0431836909 1.1853351183
979 0.9345065778 0.9284436721 -0.2692562451 0.0155597233 0.1147190771 0.0489822077 0.7634234293
980 0.8590895444 0.8917927214 -0.2525772880 0.0017500172 0.0416882839 -0.0034791101 0.7847274568
981 0.7938192539 0.8587513650 -0.2374138728 0.0060254185 -0.0551469466 -0.0546281320 0.8686207511
982 0.7369444099 0.8288340112 -0.2235589226 0.0036453818 0.0525528733 -0.0297250282 0.6401839836
983 0.6870793656 0.8016391890 -0.2108411161 0.0057424058 -0.0757774590 -0.0004272591 0.8141339655
984 0.6431159161 0.7768321229 -0.1991174751 0.0000519197 -0.0058900723 -0.0041505173 0.6506661496
985 0.6041590058 0.7541314677 -0.1882677224 0.0054129434 0.0665913877 -0.0312814722 0.4973560444
986 0.5694792086 0.7332990903 -0.1781899344 0.0041114413 -0.0632038331 -0.0108035524 0.6624351080
987 0.5384771538 0.7141321125 -0.1687971555 0.0196476249 0.0963774529 0.1017792291 0.4548323993
988 0.5106565809 0.6964566501 -0.1600147350 0.0143948313 0.0109256264 -0.1194799646 0.4715958520
989 0.4856037079 0.6801228436 -0.1517782114 0.0063247164 -0.0118106632 -0.0786461989 0.4841202691
990 0.4629712750 0.6650008782 -0.1440316183 0.0038821245 -0.0096438490 0.0615558336 0.4974117083
991 0.4424660893 0.6509777709 -0.1367261173 0.0135191968 0.0099185156 0.1158482620 0.4747507858
992 0.4238392177 0.6379547592 -0.1298188848 0.0065889096 -0.0213629566 -0.0783104953 0.4373529646
993 0.4068782032 0.6258451626 -0.1232722013 0.0116375821 0.0967436750 -0.0477309488 0.2856548650
994 0.3914008401 0.6145726202 -0.1170527001 0.0158604602 0.0459608753 -0.1172521134 0.3233193563
995 0.3772501608 0.6040696305 -0.1111307438 0.0032116989 0.0432752464 -0.0365916929 0.3200464114
996 0.3642903715 0.5942763340 -0.1054799051 0.0044993263 0.0665913877 0.0080568865 0.2913420056
997 0.3524035378 0.5851394927 -0.1000765301 0.0123999013 0.0632953887 -0.0916165654 0.2723928400
998 0.3414868644 0.5766116316 -0.0948993712 0.0026478269 -0.0050355541 -0.0512100589 0.3402222046
999 0.3314504514 0.5686503116 -0.0899292749 0.0061113876 0.0276497696 -0.0731223487 0.2929640592
1000 0.3222154340 0.5612175122 -0.0851489171 0.0337532582 0.0878017518 -0.1613818781 0.2299339465
1001 0.3137124326 0.5542791049 -0.0805425757 0.0003341240 0.0161748100 -0.0085146641 0.2947442522
1002 0.3058802548 0.5478044024 -0.0760959363 0.0042674287 0.0350657674 -0.0551164281 0.2633410476
1003 0.2986648053 0.5417657711 -0.0717959237 0.0042400722 0.0429395428 0.0489516892 0.2634075920
1004 0.2920181655 0.5361382968 -0.0676305566 0.0136390504 0.0891750847 -0.0754112369 0.1998366520
1005 0.2858978137 0.5308994966 -0.0635888210 0.0047078063 -0.0339365825 -0.0596331675 0.3190554435
1006 0.2802659632 0.5260290684 -0.0596605595 0.0044788034 0.0467543565 -0.0478835414 0.2298429476
1007 0.2750889970 0.5215086732 -0.0558363748 0.0125346281 0.0461745048 -0.1019928587 0.2280729927
1008 0.2703369854 0.5173217463 -0.0521075442 0.0228346404 -0.0279549547 -0.1485030671 0.3066187775
1009 0.2659832717 0.5134533318 -0.0484659446 0.0293999414 -0.0019531846 -0.1714529862 0.2807696896
1010 0.2620041175 0.5098899387 -0.0449039856 0.0088246756 0.0545060579 -0.0765099033 0.2083734129
1011 0.2583783964 0.5066194147 -0.0414145503 0.0403037717 -0.0192266610 -0.1998352000 0.3016111976
1012 0.2550873310 0.5036308363 -0.0379909416 0.0542416319 -0.0328684347 -0.2305673391 0.3249171367
1013 0.2521142662 0.5009144123 -0.0346268350 0.0086460268 0.0153508103 -0.0917081210 0.2390302848
1014 0.2494444735 0.4984613996 -0.0313162354 0.0226683901 -0.0901211585 -0.1206091494 0.3544026522
1015 0.2470649832 0.4962640304 -0.0280534377 0.0135736703 -0.0179448836 -0.1151158177 0.2719906652
1016 0.2449644394 0.4943154479 -0.0248329910 0.0401397008 -0.0217596973 -0.1991637928 0.2967247839
1017 0.2431329771 0.4926096518 -0.0216496664 0.0139624896 0.0514847255 -0.1063570055 0.2017665339
1018 0.2415621163 0.4911414507 -0.0184984262 0.0099051689 -0.0879238258 -0.0466322825 0.3361081083
1019 0.2402446743 0.4899064220 -0.0153743959 0.0102245724 -0.0262153996 -0.0976592303 0.2731525287
1020 0.2391746910 0.4889008779 -0.0122728380 0.0153801711 -0.0508743553 -0.1131015961 0.3015237408
1021 0.2383473687 0.4881218379 -0.0091891265 0.0081496333 0.0280159917 -0.0858180486 0.2175693814
1022 0.2377590244 0.4875670063 -0.0061187240 0.0086488657 0.0485549486 -0.0793176061 0.1980896631
1023 0.2374070528 0.4872347551 -0.0030571582 0.0314696239 -0.0383922849 -0.1731925413 0.3052298338
