#int double real img int16 real16 img16 error
0 0.0237289901 0.1540421699 0.0000000000 0.0000288504 0.0053712577 0.0000000000 0.0221030401
1 0.0237407053 0.1540771581 0.0009667583 0.0015475102 0.0393383587 -0.0000610370 0.0131660485
2 0.0237759024 0.1541822252 0.0019349104 0.0001102166 0.0104983673 -0.0000305185 0.0206489139
3 0.0238347369 0.1543576783 0.0029058570 0.0016599286 0.0407422102 -0.0000305185 0.0129170969
4 0.0239174691 0.1546040324 0.0038810121 0.0063471244 -0.0781579028 -0.0154423658 0.0545515114
5 0.0240244674 0.1549220134 0.0048618109 0.0165287007 -0.0959196753 0.0856044191 0.0694409215
6 0.0241562116 0.1553125637 0.0058497160 0.0001463914 0.0120853298 -0.0005798517 0.0205553799
7 0.0243132977 0.1557768497 0.0068462256 0.0112040259 -0.0347605823 -0.0999786370 0.0477160643
8 0.0244964439 0.1563162698 0.0078528813 0.0033400281 -0.0304269539 0.0491348003 0.0365772284
9 0.0247064983 0.1569324657 0.0088712759 0.0047581092 -0.0079958495 0.0685140538 0.0307586101
10 0.0249444474 0.1576273348 0.0099030632 0.0000572770 0.0043031098 -0.0062257759 0.0237684574
11 0.0252114266 0.1584030456 0.0109499667 0.0141226924 -0.0988799707 0.0659199805 0.0692162529
12 0.0255087331 0.1592620543 0.0120137906 0.0032759297 -0.0476699118 0.0316782128 0.0432075281
13 0.0258378396 0.1602071257 0.0130964307 0.0020800729 0.0414136174 0.0191045869 0.0141479956
14 0.0262004118 0.1612413562 0.0141998871 0.0000547223 0.0028992584 -0.0068056276 0.0255134516
15 0.0265983272 0.1623682001 0.0153262774 0.0004038582 0.0194708090 0.0049745170 0.0205268233
16 0.0270336985 0.1635915002 0.0164778523 0.0117225742 -0.1082491531 -0.0021668142 0.0742449644
17 0.0275088997 0.1649155227 0.0176570121 0.0147665783 -0.1080965606 -0.0555131687 0.0798894730
18 0.0280265963 0.1663449972 0.0188663255 0.0142402884 -0.0777611621 -0.0905178991 0.0715527256
19 0.0285897814 0.1678851618 0.0201085508 0.0080078447 -0.0614032411 -0.0650959807 0.0598329839
20 0.0292018165 0.1695418159 0.0213866598 0.0069556617 -0.0799584948 -0.0237128819 0.0642843737
21 0.0298664805 0.1713213795 0.0227038646 0.0048901229 -0.0633259072 0.0296639912 0.0551077925
22 0.0305880255 0.1732309624 0.0240636479 0.0023023047 0.0469069491 -0.0101016266 0.0171250223
23 0.0313712433 0.1752784431 0.0254697988 0.0060740486 -0.0689413129 -0.0363475448 0.0634646732
24 0.0322215434 0.1774725601 0.0269264518 0.0067627627 -0.0333567309 0.0751670888 0.0467761490
25 0.0331450451 0.1798230177 0.0284381337 0.0026009413 -0.0474562822 0.0186773278 0.0517511535
26 0.0341486864 0.1823406081 0.0300098162 0.0021969117 0.0462660604 -0.0075075533 0.0199238356
27 0.0352403538 0.1850373546 0.0316469776 0.0068099427 -0.0185247353 0.0804162725 0.0438159686
28 0.0364290372 0.1879266775 0.0333556747 0.0016291549 -0.0146794031 0.0375988037 0.0410672280
29 0.0377250161 0.1910235898 0.0351426268 0.0000429925 -0.0059816279 0.0026856288 0.0398645125
30 0.0391400840 0.1943449267 0.0370153139 0.0043969640 -0.0103762932 -0.0654927213 0.0524186752
31 0.0406878203 0.1979096176 0.0389820928 0.0016406854 0.0125431074 -0.0385143590 0.0403664432
32 0.0423839218 0.2017390083 0.0410523359 0.0066406319 0.0071108127 0.0811792352 0.0394903026
33 0.0442466089 0.2058572462 0.0432365946 0.0053793989 -0.0612506485 -0.0403454695 0.0783325889
34 0.0462971275 0.2102917421 0.0455467969 0.0020140009 -0.0241706595 -0.0378124332 0.0619213790
35 0.0485603708 0.2150737275 0.0479964847 0.0057367477 -0.0503860591 -0.0565507981 0.0813990326
36 0.0510656581 0.2202389306 0.0506011022 0.0115488254 -0.0567644276 0.0912503433 0.0783832213
37 0.0538477154 0.2258284026 0.0533783474 0.0046599530 -0.0408948027 0.0546586505 0.0711429074
38 0.0569479209 0.2318895332 0.0563486049 0.0200766034 0.0984832301 0.1018707846 0.0198695106
39 0.0604159006 0.2384773093 0.0595354813 0.0003820164 -0.0110171819 0.0161442915 0.0641302965
40 0.0643115916 0.2456558868 0.0629664743 0.0096301139 -0.0350047304 0.0916776025 0.0795947109
41 0.0687079366 0.2535005699 0.0666738151 0.0044280991 -0.0489516892 0.0450758385 0.0919438416
42 0.0736944410 0.2621003278 0.0706955387 0.0124719947 0.0474257637 0.1011078219 0.0470100754
43 0.0793819254 0.2715610257 0.0750768586 0.0074968080 0.0445875423 0.0742210150 0.0515176946
44 0.0859089544 0.2820096200 0.0798719515 0.0025603518 0.0001525925 0.0505996887 0.0803002493
45 0.0934506578 0.2935996683 0.0851463009 0.0009885587 0.0117191076 0.0291756951 0.0825893592
46 0.1022310185 0.3065186641 0.0909798166 0.0120668121 -0.0832850124 0.0716269417 0.1523214400
47 0.1125402834 0.3209979412 0.0974710478 0.0193413389 -0.0871608631 0.1083712271 0.1667124234
48 0.1247600951 0.3373262619 0.1047429621 0.0014732606 0.0074159978 0.0376598407 0.1133409275
49 0.1394005322 0.3558687959 0.1129510174 0.0052488260 -0.0376598407 0.0618915372 0.1574718583
50 0.1571559886 0.3770941584 0.1222946618 0.0038590775 -0.0619525742 0.0045777764 0.2066192985
51 0.1789917183 0.4016138066 0.1330340886 0.0058095816 0.0069887387 0.0758995331 0.1589933016
52 0.2062819514 0.4302409259 0.1455152812 0.0051543319 -0.0186162908 0.0693380535 0.2072757710
53 0.2410380204 0.4640810676 0.1602085612 0.0056538056 0.0675679800 0.0329905087 0.1734070615
54 0.2863005133 0.5046764805 0.1777699729 0.0146788079 0.1168248543 -0.0321054720 0.1944765864
55 0.3468458124 0.5542453168 0.1991430170 0.0025145996 0.0497146519 -0.0065614795 0.2968655317
56 0.4305325322 0.6160974142 0.2257354832 0.0112018661 0.1026337474 0.0258491775 0.3035994724
57 0.5510487860 0.6954000667 0.2597451314 0.0057103478 0.0396435438 0.0643330180 0.4682025114
58 0.7340158205 0.8006935676 0.3048042508 0.0157585384 0.1249732963 0.0118411817 0.5424252449
59 1.0321168528 0.9471800121 0.3673783847 0.0048477274 0.0555131687 0.0420239875 0.9009252432
60 1.5685234581 1.1647923343 0.4601980836 0.0168160377 0.1249732963 0.0346079897 1.2623505597
61 2.6905743885 1.5217410381 0.6122733062 0.0057694335 0.0579241310 0.0491348003 2.4598849144
62 5.7267081226 2.2144520869 0.9071439123 0.0122366063 0.1051362651 0.0343943602 5.2109050165
63 20.0798622507 4.1358978240 1.7245902238 0.0002443716 -0.0114139225 -0.0106814783 20.2113626033
64 1536.5602526064 36.0844397977 15.3125261499 0.0020049479 -0.0362559893 -0.0262764367 1539.9835289245
65 32.6276884366 -5.2441368444 -2.2642255175 0.0119543191 -0.0657673879 -0.0873439741 31.5543234814
66 6.9777539249 -2.4185453526 -1.0622581148 0.0129312654 -0.0815454573 -0.0792565691 6.4278605492
67 2.9222949730 -1.5608232791 -0.6972271255 0.0050017031 -0.0368968780 -0.0603350932 2.7279831368
68 1.5850557793 -1.1462752659 -0.5206810867 0.0095230677 -0.0587176122 -0.0779442732 1.3787975361
69 0.9871405496 -0.9020084589 -0.4165588671 0.0024088396 -0.0392162847 0.0295113987 0.9433890179
70 0.6701237274 -0.7410243786 -0.3478600260 0.0063923494 -0.0679036836 -0.0422070986 0.5465151822
71 0.4825572341 -0.6269639896 -0.2991210287 0.0068153074 -0.0410473952 -0.0716269417 0.3950518152
72 0.3627327736 -0.5419434174 -0.2627358100 0.0042404327 -0.0254524369 -0.0599383526 0.3078897417
73 0.2817142606 -0.4761418866 -0.2345275344 0.0008589889 -0.0292977691 -0.0007934812 0.2543012729
74 0.2244858384 -0.4237178969 -0.2120117501 0.0020733633 -0.0451673940 0.0057679983 0.1907285021
75 0.1826330808 -0.3809791658 -0.1936180676 0.0019111943 -0.0335093234 0.0280770287 0.1698840071
76 0.1511474209 -0.3454774649 -0.1783051939 0.0030451869 -0.0157475509 -0.0528885769 0.1244511440
77 0.1268986768 -0.3155253790 -0.1653554111 0.0010112927 -0.0297860652 -0.0111392560 0.1054295779
78 0.1078503264 -0.2899220792 -0.1542579476 0.0062046150 -0.0739158300 0.0272225105 0.0795938563
79 0.0926318965 -0.2677897305 -0.1446394025 0.0043164910 -0.0654622028 -0.0055848872 0.0602725867
80 0.0802942235 -0.2484717422 -0.1362204715 0.0087036811 -0.0729392376 -0.0581682791 0.0369038049
81 0.0701634301 -0.2314672014 -0.1287880615 0.0090075539 -0.0882290109 -0.0349742119 0.0293182176
82 0.0617506344 -0.2163873193 -0.1221767672 0.0141985514 -0.1184728538 -0.0127567370 0.0215599856
83 0.0546943621 -0.2029257243 -0.1162562365 0.0025014700 -0.0498977630 -0.0034180731 0.0361500080
84 0.0487228050 -0.1908377242 -0.1109223511 0.0064213665 -0.0277718436 0.0751670888 0.0612197611
85 0.0436284847 -0.1799255309 -0.1060909425 0.0018742651 -0.0340281381 -0.0267647328 0.0275786968
86 0.0392508766 -0.1700275371 -0.1016932307 0.0087887235 -0.0921658986 -0.0171514023 0.0132097555
87 0.0354642609 -0.1610104070 -0.0976724613 0.0019685682 -0.0268257698 -0.0353404340 0.0218907985
88 0.0321690822 -0.1527631543 -0.0939813860 0.0008414696 -0.0242622150 0.0159001434 0.0285864419
89 0.0292857056 -0.1451926492 -0.0905803523 0.0025097369 -0.0075075533 -0.0495315409 0.0206421905
90 0.0267498398 -0.1382201670 -0.0874358351 0.0101988291 -0.0993377483 -0.0181890316 0.0063069623
91 0.0245091395 -0.1317787080 -0.0845192973 0.0035249377 0.0503860591 -0.0314035463 0.0360052854
92 0.0225206508 -0.1258108936 -0.0818062945 0.0014080901 -0.0235602893 -0.0292062136 0.0132219546
93 0.0207488706 -0.1202673000 -0.0792757667 0.0039012913 -0.0604266488 0.0158085879 0.0126219380
94 0.0191642570 -0.1151051267 -0.0769094717 0.0058826017 -0.0680867946 -0.0353099155 0.0039412466
95 0.0177420740 -0.1102871234 -0.0746915287 0.0042257439 -0.0634784997 0.0140079958 0.0100586529
96 0.0164614893 -0.1057807195 -0.0726080483 0.0005348670 0.0010681478 -0.0231025117 0.0138674786
97 0.0153048621 -0.1015573118 -0.0706468292 0.0022366369 -0.0286873989 -0.0375988037 0.0064021962
98 0.0142571781 -0.0975916790 -0.0687971094 0.0103052327 -0.0739158300 -0.0695822016 0.0005611622
99 0.0133055972 -0.0938614965 -0.0670493598 0.0116673947 -0.0724204230 -0.0801416059 0.0006311265
100 0.0124390889 -0.0903469325 -0.0653951121 0.0074104989 0.0239875484 -0.0826746422 0.0133709557
101 0.0116481373 -0.0870303101 -0.0638268156 0.0141806661 -0.1186864834 -0.0097048860 0.0039312966
102 0.0109244998 -0.0838958226 -0.0623377155 0.0003394925 -0.0081789605 -0.0165105136 0.0078331756
103 0.0102610101 -0.0809292927 -0.0609217508 0.0142198316 -0.0595110935 -0.1033356731 0.0022576801
104 0.0096514150 -0.0781179683 -0.0595734675 0.0025514441 0.0199896237 -0.0463881344 0.0097989526
105 0.0090902394 -0.0754503477 -0.0582879442 0.0039895870 -0.0534073916 -0.0337229530 0.0010893307
106 0.0085726743 -0.0729160310 -0.0570607284 0.0000260647 -0.0048524430 0.0015869625 0.0080722037
107 0.0080944825 -0.0705055904 -0.0558877822 0.0051731020 -0.0693990905 -0.0188909574 0.0013699894
108 0.0076519198 -0.0682104604 -0.0547654348 0.0010579818 0.0091250343 -0.0312204352 0.0065351458
109 0.0072416683 -0.0660228411 -0.0536903416 0.0019582224 -0.0438245796 0.0061342204 0.0040717410
110 0.0068607804 -0.0639356146 -0.0526594489 0.0087098068 0.0431226539 0.0827661977 0.0298015786
111 0.0065066302 -0.0619422726 -0.0516699628 0.0069642266 -0.0111392560 0.0827051607 0.0206376203
112 0.0061768733 -0.0600368525 -0.0507193219 0.0013790088 0.0090639973 -0.0360118412 0.0049912374
113 0.0058694113 -0.0582138812 -0.0498051738 0.0081790779 -0.0848109378 0.0314035463 0.0073022596
114 0.0055823622 -0.0564683266 -0.0489253540 0.0020209480 -0.0446180609 0.0054933317 0.0031018221
115 0.0053140340 -0.0547955535 -0.0480778676 0.0058668651 -0.0669881283 0.0371410260 0.0074109187
116 0.0050629030 -0.0531912861 -0.0472608727 0.0041848163 0.0379345073 -0.0524002808 0.0083303237
117 0.0048275937 -0.0516515731 -0.0464726664 0.0090979470 -0.0713827937 0.0632648701 0.0124316480
118 0.0046068626 -0.0501727583 -0.0457116713 0.0008431862 -0.0289925840 0.0016174810 0.0026886484
119 0.0043995830 -0.0487514532 -0.0449764248 0.0121148033 -0.1076998199 0.0227057711 0.0080557896
120 0.0042047326 -0.0473845132 -0.0442655681 0.0007294303 0.0181279946 -0.0200201422 0.0048797294
121 0.0040213822 -0.0460690160 -0.0435778376 0.0071588523 -0.0815149388 0.0226752525 0.0056458854
122 0.0038486856 -0.0448022427 -0.0429120567 0.0012036738 -0.0346079897 0.0024414808 0.0021608662
123 0.0036858712 -0.0435816599 -0.0422671281 0.0065421916 -0.0793481246 -0.0156865139 0.0019857691
124 0.0035322344 -0.0424049047 -0.0416420273 0.0000922969 0.0069887387 -0.0065919980 0.0036682366
125 0.0033871306 -0.0412697706 -0.0410357968 0.0135665621 -0.1129184851 0.0285653249 0.0099778544
126 0.0032499694 -0.0401741945 -0.0404475405 0.0105945098 -0.0950651570 0.0394604328 0.0093983020
127 0.0031202095 -0.0391162455 -0.0398764191 0.0149978249 -0.1153599658 -0.0411084323 0.0058146227
128 0.0029973534 -0.0380941148 -0.0393216452 0.0001956381 -0.0053102206 0.0129398480 0.0038060474
129 0.0028809438 -0.0371061057 -0.0387824798 0.0046265015 -0.0361949522 -0.0575884274 0.0003544939
130 0.0027705598 -0.0361506255 -0.0382582282 0.0033832357 -0.0311288797 -0.0491348003 0.0001435178
131 0.0026658130 -0.0352261774 -0.0377482373 0.0074486184 -0.0805078280 -0.0310983612 0.0020946487
132 0.0025663453 -0.0343313538 -0.0372518917 0.0028349792 -0.0531327250 -0.0034485916 0.0014961547
133 0.0024718256 -0.0334648294 -0.0367686117 0.0049077064 -0.0604876858 -0.0353404340 0.0007322745
134 0.0023819478 -0.0326253556 -0.0362978505 0.0039694432 -0.0318613239 -0.0543534654 0.0003265890
135 0.0022964282 -0.0318117549 -0.0358390917 0.0044387913 -0.0338145085 -0.0574053163 0.0004691131
136 0.0022150042 -0.0310229159 -0.0353918476 0.0095172084 -0.0958281198 0.0182805872 0.0070804447
137 0.0021374317 -0.0302577888 -0.0349556568 0.0015361539 -0.0391857662 -0.0007934812 0.0012467630
138 0.0020634844 -0.0295153816 -0.0345300826 0.0016138291 0.0173650319 -0.0362254707 0.0022006475
139 0.0019929515 -0.0287947554 -0.0341147116 0.0080354145 0.0275582141 -0.0852992340 0.0057955125
140 0.0019256372 -0.0280950217 -0.0337091518 0.0114717081 -0.0972014527 0.0449842830 0.0109683555
141 0.0018613588 -0.0274153385 -0.0333130314 0.0017265688 0.0305185095 -0.0281991028 0.0033824830
142 0.0017999464 -0.0267549079 -0.0329259974 0.0016553826 0.0351573229 0.0204779199 0.0066851027
143 0.0017412411 -0.0261129726 -0.0325477147 0.0010422071 -0.0254219184 -0.0198980682 0.0001604911
144 0.0016850946 -0.0254888139 -0.0321778645 0.0040377580 -0.0480361339 -0.0415967284 0.0005970966
145 0.0016313684 -0.0248817491 -0.0318161438 0.0069635309 -0.0816980499 -0.0169988098 0.0034476454
146 0.0015799330 -0.0242911293 -0.0314622641 0.0089877080 -0.0862147893 0.0394299142 0.0088602406
147 0.0015306670 -0.0237163374 -0.0311159506 0.0069024305 0.0152592547 0.0816675314 0.0142392106
148 0.0014834569 -0.0231567859 -0.0307769416 0.0000969845 0.0010071108 0.0097964415 0.0022300933
149 0.0014381960 -0.0226119157 -0.0304449873 0.0013797501 -0.0201727348 -0.0311899167 0.0000065045
150 0.0013947845 -0.0220811940 -0.0301198497 0.0008046094 -0.0266426588 -0.0097354045 0.0004363326
151 0.0013531285 -0.0215641128 -0.0298013012 0.0044047727 0.0181279946 0.0638447218 0.0103450410
152 0.0013131400 -0.0210601877 -0.0294891248 0.0015837697 -0.0277718436 0.0285042879 0.0034082822
153 0.0012747360 -0.0205689566 -0.0291831128 0.0026130269 -0.0179754021 -0.0478530229 0.0003552921
154 0.0012378388 -0.0200899779 -0.0288830669 0.0035209430 -0.0211188086 -0.0554521317 0.0007069737
155 0.0012023748 -0.0196228302 -0.0285887970 0.0012476684 0.0339976196 -0.0095828120 0.0032363801
156 0.0011682750 -0.0191671105 -0.0283001216 0.0048981886 -0.0631733146 -0.0301217689 0.0019398644
157 0.0011354743 -0.0187224334 -0.0280168665 0.0024511541 0.0300607318 0.0393383587 0.0069165236
158 0.0011039113 -0.0182884306 -0.0277388649 0.0019743847 0.0088198492 0.0435499130 0.0058169487
159 0.0010735281 -0.0178647491 -0.0274659571 0.0063628685 -0.0302133244 -0.0738242744 0.0023015809
160 0.0010442698 -0.0174510513 -0.0271979898 0.0077591776 -0.0696737571 -0.0538956877 0.0034399781
161 0.0010160850 -0.0170470136 -0.0269348158 0.0014908125 -0.0173039949 -0.0345164342 0.0000575470
162 0.0009889246 -0.0166523260 -0.0266762939 0.0049820091 -0.0536210211 0.0458998383 0.0066339794
163 0.0009627426 -0.0162666911 -0.0264222887 0.0001553587 0.0105594043 0.0066225166 0.0018115985
164 0.0009374951 -0.0158898240 -0.0261726697 0.0045557130 0.0248725852 -0.0627460555 0.0029991866
165 0.0009131409 -0.0155214510 -0.0259273119 0.0061117947 0.0447706534 -0.0640888699 0.0050914424
166 0.0008896408 -0.0151613095 -0.0256860949 0.0042203130 0.0263985107 -0.0593585009 0.0028610496
167 0.0008669575 -0.0148091474 -0.0254489028 0.0021999228 -0.0237128819 -0.0404675436 0.0003048361
168 0.0008450559 -0.0144647223 -0.0252156243 0.0042992558 -0.0477614673 -0.0449232459 0.0014970636
169 0.0008239026 -0.0141278015 -0.0249861521 0.0043083349 0.0620746483 -0.0213324381 0.0058201630
170 0.0008034658 -0.0137981612 -0.0247603828 0.0045234984 0.0066530351 -0.0669270913 0.0021962827
171 0.0007837155 -0.0134755862 -0.0245382171 0.0008361626 0.0261848811 -0.0122684408 0.0017235001
172 0.0007646231 -0.0131598693 -0.0243195588 0.0126242752 -0.0412915433 -0.1044953764 0.0072195528
173 0.0007461614 -0.0128508113 -0.0241043157 0.0013681964 0.0248420667 0.0274056215 0.0040740267
174 0.0007283045 -0.0125482203 -0.0238923985 0.0022990691 0.0407116916 -0.0253303629 0.0028386860
175 0.0007110280 -0.0122519116 -0.0236837212 0.0037039367 0.0088503677 -0.0602130192 0.0017796958
176 0.0006943084 -0.0119617073 -0.0234782008 0.0132252338 -0.1064485611 -0.0435193945 0.0093294150
177 0.0006781234 -0.0116774358 -0.0232757570 0.0013507917 -0.0246589557 -0.0272530290 0.0001843386
178 0.0006624518 -0.0113989317 -0.0230763126 0.0017822774 -0.0375377667 -0.0193182165 0.0006973620
179 0.0006472736 -0.0111260357 -0.0228797926 0.0015082321 -0.0011291849 0.0388195441 0.0039067452
180 0.0006325693 -0.0108585940 -0.0226861249 0.0160967856 -0.1250038148 -0.0216986602 0.0130301065
181 0.0006183207 -0.0105964582 -0.0224952395 0.0019161092 0.0119327372 0.0421155431 0.0046821179
182 0.0006045103 -0.0103394852 -0.0223070690 0.0106076264 -0.0984527116 0.0302438429 0.0105255390
183 0.0005911213 -0.0100875367 -0.0221215480 0.0006924284 0.0194708090 -0.0177007355 0.0008932394
184 0.0005781378 -0.0098404792 -0.0219386133 0.0163374270 -0.1204870754 -0.0426648762 0.0126722472
185 0.0005655446 -0.0095981839 -0.0217582037 0.0020278924 0.0449842830 0.0020752586 0.0035472796
186 0.0005533271 -0.0093605260 -0.0215802600 0.0064210760 -0.0765709403 -0.0236213263 0.0045214057
187 0.0005414714 -0.0091273852 -0.0214047248 0.0016548275 -0.0391247291 -0.0111392560 0.0010052205
188 0.0005299643 -0.0088986452 -0.0212315426 0.0121588091 -0.1042207099 -0.0360118412 0.0093047532
189 0.0005187930 -0.0086741933 -0.0210606595 0.0001782260 -0.0101016266 -0.0087282937 0.0001541248
190 0.0005079454 -0.0084539207 -0.0208920235 0.0000657340 -0.0050050356 0.0063783685 0.0007555691
191 0.0004974099 -0.0082377221 -0.0207255839 0.0035926741 0.0057374798 -0.0596636860 0.0017114821
192 0.0004871753 -0.0080254955 -0.0205612917 0.0013170320 -0.0097964415 0.0349436934 0.0030839396
193 0.0004772310 -0.0078171423 -0.0203990994 0.0005363442 -0.0191656240 0.0130008850 0.0012443470
194 0.0004675667 -0.0076125669 -0.0202389608 0.0033289829 -0.0576494644 -0.0023499252 0.0028237087
195 0.0004581727 -0.0074116769 -0.0200808312 0.0005432848 -0.0224616230 0.0062257759 0.0009185385
196 0.0004490397 -0.0072143827 -0.0199246671 0.0043981115 -0.0637226478 0.0183721427 0.0046598297
197 0.0004401585 -0.0070205974 -0.0197704263 0.0002122101 0.0121768853 0.0079958495 0.0011395094
198 0.0004315207 -0.0068302370 -0.0196180679 0.0011786094 -0.0332346568 0.0086062197 0.0014938038
199 0.0004231180 -0.0066432198 -0.0194675521 0.0032027102 -0.0562456130 0.0062562944 0.0031221137
200 0.0004149423 -0.0064594669 -0.0193188401 0.0044463169 0.0624713889 -0.0233161412 0.0047674413
201 0.0004069861 -0.0062789015 -0.0191718946 0.0036289169 -0.0439771722 -0.0411694693 0.0019050529
202 0.0003992422 -0.0061014493 -0.0190266789 0.0025937520 -0.0069887387 -0.0504470962 0.0009880299
203 0.0003917034 -0.0059270382 -0.0188831575 0.0000343018 0.0057985168 0.0008239998 0.0005258607
204 0.0003843631 -0.0057555982 -0.0187412960 0.0039176966 0.0624713889 0.0038758507 0.0051664571
205 0.0003772147 -0.0055870613 -0.0186010608 0.0020108426 -0.0423291726 -0.0148014771 0.0013644196
206 0.0003702521 -0.0054213616 -0.0184624192 0.0044426621 0.0611896115 -0.0264290292 0.0045004886
207 0.0003634692 -0.0052584351 -0.0183253395 0.0045069683 -0.0392773217 -0.0544450209 0.0024619160
208 0.0003568603 -0.0050982195 -0.0181897907 0.0044427031 -0.0613727226 0.0260017701 0.0051197137
209 0.0003504199 -0.0049406546 -0.0180557427 0.0000840849 -0.0068971831 0.0060426649 0.0005845613
210 0.0003441426 -0.0047856816 -0.0179231663 0.0012945671 0.0125431074 -0.0337229530 0.0005499202
211 0.0003380234 -0.0046332435 -0.0177920330 0.0003939381 0.0195013276 -0.0036927396 0.0007812676
212 0.0003320572 -0.0044832849 -0.0176623148 0.0024029971 0.0311593982 0.0378429518 0.0043512355
213 0.0003262394 -0.0043357520 -0.0175339848 0.0002468714 0.0095828120 0.0124515519 0.0010928588
214 0.0003205653 -0.0041905924 -0.0174070166 0.0004666034 -0.0040894803 0.0212103641 0.0014913123
215 0.0003150306 -0.0040477553 -0.0172813845 0.0031063534 -0.0431226539 0.0353099155 0.0042926925
216 0.0003096310 -0.0039071910 -0.0171570634 0.0032459178 0.0351573229 0.0448316904 0.0053686418
217 0.0003043624 -0.0037688515 -0.0170340289 0.0017231982 0.0249946593 0.0331431013 0.0033450839
218 0.0002992209 -0.0036326899 -0.0169122572 0.0008219843 -0.0107425153 0.0265816218 0.0019422671
219 0.0002942027 -0.0034986606 -0.0167917251 0.0004811972 -0.0027771844 -0.0217596973 0.0000252013
220 0.0002893041 -0.0033667192 -0.0166724099 0.0024830017 0.0191045869 0.0460219123 0.0044355376
221 0.0002845215 -0.0032368226 -0.0165542896 0.0060836260 0.0580767235 0.0520645772 0.0084678998
222 0.0002798517 -0.0031089287 -0.0164373425 0.0017198498 0.0274361400 -0.0310983612 0.0011479467
223 0.0002752912 -0.0029829966 -0.0163215477 0.0019217058 -0.0331736198 -0.0286568804 0.0010636342
224 0.0002708369 -0.0028589865 -0.0162068846 0.0004733876 -0.0083010346 0.0201116977 0.0013486553
225 0.0002664858 -0.0027368594 -0.0160933332 0.0012049982 0.0269478439 0.0218817713 0.0023232902
226 0.0002622348 -0.0026165777 -0.0159808739 0.0001045017 -0.0025940733 0.0098879971 0.0006691990
227 0.0002580812 -0.0024981044 -0.0158694875 0.0038720423 0.0097048860 0.0614642781 0.0061294243
228 0.0002540221 -0.0023814036 -0.0157591555 0.0017716420 0.0143131809 0.0395825068 0.0033414087
229 0.0002500549 -0.0022664405 -0.0156498596 0.0014905740 0.0080874050 0.0377513962 0.0029588962
230 0.0002461770 -0.0021531807 -0.0155415820 0.0005152335 0.0086977752 0.0209662160 0.0014505626
231 0.0002423859 -0.0020415912 -0.0154343053 0.0013953712 -0.0151371807 0.0341502121 0.0026301188
232 0.0002386792 -0.0019316396 -0.0153280125 0.0011365111 0.0290231025 0.0171514023 0.0020131084
233 0.0002350546 -0.0018232941 -0.0152226869 0.0027590029 0.0373546556 0.0369273965 0.0042545429
234 0.0002315098 -0.0017165239 -0.0151183124 0.0003120615 0.0104373302 0.0142521439 0.0010103399
235 0.0002280427 -0.0016112991 -0.0150148730 0.0016409266 0.0396740623 0.0081789605 0.0022424350
236 0.0002246511 -0.0015075903 -0.0149123532 0.0000257890 0.0040589618 0.0030518509 0.0003536991
237 0.0002213330 -0.0014053688 -0.0148107378 0.0002926739 0.0164494766 -0.0046998505 0.0004210255
238 0.0002180865 -0.0013046068 -0.0147100120 0.0018784144 0.0067140721 -0.0428174688 0.0008543283
239 0.0002149095 -0.0012052770 -0.0146101612 0.0018075774 -0.0386974700 0.0176091800 0.0024437505
240 0.0002118003 -0.0011073528 -0.0145111712 0.0024016037 -0.0422070986 0.0249031037 0.0032426742
241 0.0002087571 -0.0010108082 -0.0144130282 0.0000308631 0.0036927396 -0.0041505173 0.0001274425
242 0.0002057782 -0.0009156179 -0.0143157184 0.0002107246 0.0047914060 -0.0137028108 0.0000329458
243 0.0002028617 -0.0008217572 -0.0142192287 0.0008112771 0.0276802881 -0.0067140721 0.0008686940
244 0.0002000063 -0.0007292019 -0.0141235458 0.0034880383 -0.0317392499 0.0498062075 0.0050486364
245 0.0001972102 -0.0006379283 -0.0140286571 0.0036255434 0.0587786493 -0.0130619221 0.0035312643
246 0.0001944719 -0.0005479135 -0.0139345501 0.0003169978 0.0069582202 -0.0163884396 0.0000623636
247 0.0001917900 -0.0004591349 -0.0138412125 0.0023868842 -0.0466933195 -0.0143742180 0.0021378839
248 0.0001891630 -0.0003715705 -0.0137486323 0.0017202066 -0.0002441481 0.0414746544 0.0030496276
249 0.0001865895 -0.0002851988 -0.0136567978 0.0032298301 0.0507827998 -0.0255134739 0.0027485212
250 0.0001840681 -0.0001999988 -0.0135656975 0.0064728411 0.0698873867 0.0398571734 0.0077662447
251 0.0001815977 -0.0001159500 -0.0134753201 0.0021140320 0.0459303568 0.0021057772 0.0023630330
252 0.0001791768 -0.0000330323 -0.0133856546 0.0038831974 -0.0198065126 0.0590838343 0.0056428173
253 0.0001768043 0.0000487739 -0.0132966901 0.0018054697 0.0369579150 0.0209662160 0.0025362314
254 0.0001744790 0.0001294878 -0.0132084161 0.0059513152 0.0697347942 0.0329905087 0.0069792393
255 0.0001721997 0.0002091281 -0.0131208221 0.0000197993 -0.0026551103 -0.0035706656 0.0000994094
256 0.0001699653 0.0002877133 -0.0130338980 0.0000295098 -0.0054322947 0.0000000000 0.0002026010
257 0.0001677746 0.0003652611 -0.0129476338 0.0005572722 0.0231025117 -0.0048524430 0.0005825147
258 0.0001656267 0.0004417892 -0.0128620197 0.0000394160 -0.0056154057 0.0028077029 0.0002822298
259 0.0001635205 0.0005173147 -0.0127770460 0.0004565100 0.0213629566 -0.0003662221 0.0005885693
260 0.0001614550 0.0005918544 -0.0126927034 0.0063471244 -0.0154423658 -0.0781579028 0.0045427885
261 0.0001594292 0.0006654248 -0.0126089826 0.0000178415 0.0033570360 0.0025635548 0.0002374507
262 0.0001574422 0.0007380418 -0.0125258745 0.0001879524 -0.0131229591 0.0039674062 0.0004641557
263 0.0001554931 0.0008097212 -0.0124433703 0.0001811952 -0.0132145146 -0.0025635548 0.0002942899
264 0.0001535810 0.0008804785 -0.0123614613 0.0039102475 -0.0603045747 0.0165410321 0.0045789649
265 0.0001517049 0.0009503286 -0.0122801388 0.0025896614 0.0328684347 -0.0388500626 0.0017247263
266 0.0001498642 0.0010192863 -0.0121993945 0.0020379513 -0.0305185095 -0.0332651753 0.0014383997
267 0.0001480579 0.0010873660 -0.0121192201 0.0014251828 -0.0374767296 -0.0045472579 0.0015445241
268 0.0001462852 0.0011545819 -0.0120396075 0.0050851351 -0.0711996826 0.0039674062 0.0054913641
269 0.0001445454 0.0012209479 -0.0119605489 0.0007734212 -0.0277718436 -0.0014648885 0.0009507408
270 0.0001428378 0.0012864773 -0.0118820363 0.0006340328 -0.0171208838 0.0184636982 0.0012596945
271 0.0001411616 0.0013511836 -0.0118040622 0.0041747453 0.0368968780 0.0530411695 0.0054684005
272 0.0001395160 0.0014150797 -0.0117266189 0.0017611360 -0.0045472579 0.0417188025 0.0028919625
273 0.0001379005 0.0014781784 -0.0116496992 0.0018109294 -0.0340586566 0.0255134739 0.0026439681
274 0.0001363143 0.0015404921 -0.0115732958 0.0016853730 -0.0354930265 0.0206305124 0.0024085668
275 0.0001347568 0.0016020330 -0.0114974015 0.0019886152 -0.0419019135 -0.0152592547 0.0019067449
276 0.0001332272 0.0016628131 -0.0114220094 0.0004720389 -0.0010986663 0.0216986602 0.0011046045
277 0.0001317252 0.0017228441 -0.0113471126 0.0009561914 -0.0157475509 0.0266121403 0.0017461196
278 0.0001302499 0.0017821375 -0.0112727042 0.0088330618 -0.0051271096 0.0938444166 0.0110973468
279 0.0001288008 0.0018407047 -0.0111987778 0.0024868650 -0.0385143590 0.0316782128 0.0034669675
280 0.0001273774 0.0018985565 -0.0111253267 0.0054160207 -0.0214239937 0.0704062014 0.0071913314
281 0.0001259791 0.0019557039 -0.0110523446 0.0020936487 -0.0009155553 0.0457472457 0.0032344376
282 0.0001246053 0.0020121574 -0.0109798251 0.0134342354 -0.0493789483 0.1048615986 0.0160602812
283 0.0001232556 0.0020679274 -0.0109077620 0.0021702081 -0.0202948088 0.0419324320 0.0032921781
284 0.0001219294 0.0021230241 -0.0108361494 0.0113911438 -0.0793176061 0.0714133122 0.0133975502
285 0.0001206261 0.0021774576 -0.0107649811 0.0021800547 0.0449232459 -0.0127262185 0.0018310489
286 0.0001193454 0.0022312376 -0.0106942513 0.0022069007 -0.0389416181 0.0262764367 0.0030620358
287 0.0001180868 0.0022843737 -0.0106239542 0.0097912575 -0.0317392499 0.0937223426 0.0120457566
288 0.0001168497 0.0023368754 -0.0105540842 0.0008238330 -0.0238959929 -0.0159001434 0.0007167437
289 0.0001156337 0.0023887518 -0.0104846355 0.0019757808 0.0338755455 0.0287789544 0.0025330477
290 0.0001144384 0.0024400121 -0.0104156028 0.0030020268 -0.0227668081 0.0498367260 0.0042657269
291 0.0001132634 0.0024906652 -0.0103469806 0.0006906001 0.0083925901 0.0249031037 0.0012774012
292 0.0001121082 0.0025407197 -0.0102787636 0.0011768482 0.0159611805 -0.0303659169 0.0005836025
293 0.0001109725 0.0025901843 -0.0102109464 0.0001720910 0.0099795526 0.0085146641 0.0004052513
294 0.0001098558 0.0026390673 -0.0101435241 0.0012288713 0.0253608814 0.0242011780 0.0016958394
295 0.0001087577 0.0026873769 -0.0100764915 0.0007171482 0.0173650319 0.0203863643 0.0011434191
296 0.0001076779 0.0027351213 -0.0100098435 0.0017154491 0.0357371746 0.0209356975 0.0020467620
297 0.0001066159 0.0027823084 -0.0099435754 0.0034674436 0.0511490219 0.0291756951 0.0038696563
298 0.0001055715 0.0028289460 -0.0098776822 0.0051420377 0.0518814661 0.0495010224 0.0059319803
299 0.0001045443 0.0028750417 -0.0098121593 0.0000894441 -0.0092471084 0.0019837031 0.0002860889
300 0.0001035340 0.0029206030 -0.0097470018 0.0044738000 0.0464491714 0.0481276894 0.0052442162
301 0.0001025401 0.0029656373 -0.0096822052 0.0002584475 -0.0091555528 -0.0132145146 0.0001594005
302 0.0001015624 0.0030101518 -0.0096177650 0.0030693506 0.0187688833 0.0521256142 0.0040605825
303 0.0001006006 0.0030541537 -0.0095536767 0.0014707534 -0.0044862209 0.0380870998 0.0023265008
304 0.0000996543 0.0030976498 -0.0094899359 0.0043160840 -0.0038453322 0.0655842769 0.0056843424
305 0.0000987233 0.0031406470 -0.0094265382 0.0034228687 0.0340891751 -0.0475478378 0.0024110449
306 0.0000978072 0.0031831520 -0.0093634794 0.0000402542 -0.0045167394 0.0044557024 0.0002502581
307 0.0000969058 0.0032251715 -0.0093007552 0.0007473128 0.0272835475 -0.0017090365 0.0006364396
308 0.0000960187 0.0032667120 -0.0092383616 0.0126365555 0.0268257698 0.1091647084 0.0145743162
309 0.0000951458 0.0033077797 -0.0091762944 0.0013081718 -0.0354930265 -0.0069582202 0.0015104224
310 0.0000942867 0.0033483809 -0.0091145497 0.0036608138 -0.0266426588 0.0543229469 0.0049237784
311 0.0000934411 0.0033885218 -0.0090531234 0.0023320707 -0.0478225043 -0.0067140721 0.0026280404
312 0.0000926089 0.0034282083 -0.0089920117 0.0055701938 -0.0228583636 0.0710470901 0.0070972417
313 0.0000917897 0.0034674465 -0.0089312106 0.0007571155 0.0196539201 0.0192571795 0.0010565873
314 0.0000909833 0.0035062422 -0.0088707165 0.0060038701 -0.0458388012 0.0624713889 0.0075246293
315 0.0000901896 0.0035446010 -0.0088105256 0.0022107688 -0.0450148015 0.0135807367 0.0028593842
316 0.0000894081 0.0035825286 -0.0087506342 0.0041141832 -0.0412305063 0.0491348003 0.0053589316
317 0.0000886388 0.0036200304 -0.0086910387 0.0007210302 -0.0257271035 0.0076906644 0.0011296145
318 0.0000878813 0.0036571120 -0.0086317355 0.0011141021 0.0255439924 0.0214850307 0.0013860551
319 0.0000871355 0.0036937786 -0.0085727211 0.0006792084 -0.0086977752 0.0245674001 0.0012518182
320 0.0000864012 0.0037300355 -0.0085139919 0.0028093542 -0.0527665029 -0.0050050356 0.0032041716
321 0.0000856781 0.0037658879 -0.0084555447 0.0026277427 0.0295724357 -0.0418713950 0.0017825970
322 0.0000849661 0.0038013407 -0.0083973759 0.0010604360 0.0044557024 -0.0322580645 0.0005697606
323 0.0000842649 0.0038363990 -0.0083394823 0.0060392318 0.0467543565 -0.0620746483 0.0047294191
324 0.0000835744 0.0038710676 -0.0082818606 0.0010052946 -0.0158391064 -0.0274666585 0.0007565474
325 0.0000828943 0.0039053514 -0.0082245075 0.0046257387 0.0195013276 -0.0651570177 0.0034845452
326 0.0000822245 0.0039392551 -0.0081674199 0.0036665390 0.0374156926 -0.0476088748 0.0026763002
327 0.0000815648 0.0039727832 -0.0081105946 0.0043744181 0.0451063570 -0.0483718375 0.0033129386
328 0.0000809149 0.0040059405 -0.0080540284 0.0027811921 -0.0286873989 -0.0442518387 0.0023791359
329 0.0000802748 0.0040387314 -0.0079977183 0.0049988931 0.0330515458 -0.0625019074 0.0038124500
330 0.0000796443 0.0040711602 -0.0079416614 0.0046954050 -0.0051271096 -0.0683309427 0.0037314735
331 0.0000790232 0.0041032313 -0.0078858545 0.0033597883 0.0320749535 -0.0482802820 0.0024141270
332 0.0000784113 0.0041349491 -0.0078302948 0.0006588923 0.0033265175 -0.0254524369 0.0003111935
333 0.0000778085 0.0041663176 -0.0077749794 0.0000417826 -0.0025940733 -0.0059205908 0.0000491416
334 0.0000772146 0.0041973410 -0.0077199053 0.0062932190 0.0252693258 -0.0751976073 0.0049972688
335 0.0000766295 0.0042280234 -0.0076650698 0.0011131260 -0.0135502182 -0.0304879910 0.0008369516
336 0.0000760530 0.0042583688 -0.0076104700 0.0022793211 0.0444959868 -0.0173039949 0.0017130303
337 0.0000754849 0.0042883810 -0.0075561033 0.0056759687 -0.0699484237 -0.0279854732 0.0059284623
338 0.0000749252 0.0043180640 -0.0075019668 0.0045856745 -0.0448316904 -0.0507522813 0.0042862881
339 0.0000743736 0.0043474216 -0.0074480579 0.0012546146 0.0314645833 -0.0162663656 0.0008131030
340 0.0000738301 0.0043764574 -0.0073943739 0.0021160139 0.0417188025 -0.0193792535 0.0015380881
341 0.0000732946 0.0044051751 -0.0073409123 0.0015060107 -0.0232551042 -0.0310678426 0.0013280583
342 0.0000727668 0.0044335785 -0.0072876703 0.0006913667 0.0015869625 -0.0262459181 0.0003675184
343 0.0000722466 0.0044616709 -0.0072346456 0.0032007655 0.0451979125 -0.0340281381 0.0023773326
344 0.0000717340 0.0044894560 -0.0071818355 0.0043330341 0.0618305002 -0.0225836970 0.0035252127
345 0.0000712287 0.0045169371 -0.0071292376 0.0069846425 -0.0201116977 -0.0811181982 0.0060809359
346 0.0000707308 0.0045441177 -0.0070768494 0.0011608201 0.0263679922 0.0215765862 0.0012973009
347 0.0000702400 0.0045710010 -0.0070246685 0.0070485379 -0.0067751091 -0.0836817530 0.0060050428
348 0.0000697563 0.0045975904 -0.0069726924 0.0048768936 0.0679647206 0.0160527360 0.0045455635
349 0.0000692795 0.0046238891 -0.0069209189 0.0085194440 -0.0138859218 -0.0912503433 0.0074540649
350 0.0000688095 0.0046499003 -0.0068693455 0.0035932665 -0.0307016205 -0.0514847255 0.0032402622
351 0.0000683462 0.0046756270 -0.0068179700 0.0027414678 0.0192876980 -0.0486770226 0.0019656929
352 0.0000678895 0.0047010724 -0.0067667901 0.0037876938 0.0541398358 0.0292672506 0.0037426434
353 0.0000674394 0.0047262394 -0.0067158034 0.0117047616 -0.0651570177 -0.0863673818 0.0112280436
354 0.0000669956 0.0047511311 -0.0066650079 0.0027482930 -0.0103457747 -0.0513931700 0.0022285250
355 0.0000665581 0.0047757504 -0.0066144012 0.0049144170 -0.0630817591 -0.0305795465 0.0051789698
356 0.0000661268 0.0048001002 -0.0065639812 0.0020657744 0.0451063570 -0.0055848872 0.0016255530
357 0.0000657016 0.0048241832 -0.0065137458 0.0008028276 -0.0274971770 0.0068361461 0.0012228899
358 0.0000652825 0.0048480024 -0.0064636928 0.0002879266 0.0169682913 0.0000610370 0.0001894735
359 0.0000648692 0.0048715604 -0.0064138201 0.0001797423 0.0030213324 -0.0130619221 0.0000476206
360 0.0000644617 0.0048948600 -0.0063641257 0.0003799823 -0.0014343699 0.0194402905 0.0007059270
361 0.0000640600 0.0049179038 -0.0063146074 0.0101746915 -0.0795312357 -0.0620441298 0.0102374368
362 0.0000636640 0.0049406944 -0.0062652633 0.0000910004 0.0079653310 -0.0052491836 0.0000101808
363 0.0000632735 0.0049632345 -0.0062160913 0.0012709622 -0.0250556963 -0.0253608814 0.0012676592
364 0.0000628885 0.0049855265 -0.0061670894 0.0029622131 -0.0011291849 -0.0544145024 0.0023652026
365 0.0000625088 0.0050075730 -0.0061182558 0.0044516444 -0.0665303507 -0.0050355541 0.0051188468
366 0.0000621345 0.0050293764 -0.0060695884 0.0017114590 0.0043641469 -0.0411389508 0.0012303027
367 0.0000617655 0.0050509392 -0.0060210853 0.0012175746 0.0126956999 -0.0325022126 0.0007596925
368 0.0000614015 0.0050722637 -0.0059727447 0.0045194590 0.0535905026 0.0405896176 0.0045220731
369 0.0000610427 0.0050933523 -0.0059245645 0.0043693542 -0.0648823511 -0.0126346629 0.0049416245
370 0.0000606889 0.0051142073 -0.0058765431 0.0011189536 -0.0108340709 -0.0316476943 0.0009184998
371 0.0000603400 0.0051348309 -0.0058286785 0.0048995447 -0.0686666463 0.0135807367 0.0058233834
372 0.0000599960 0.0051552255 -0.0057809690 0.0022312358 0.0121158483 0.0456556902 0.0026941802
373 0.0000596567 0.0051753933 -0.0057334127 0.0006512391 0.0005493332 0.0255134739 0.0009977684
374 0.0000593222 0.0051953363 -0.0056860078 0.0013143999 -0.0086062197 -0.0352183599 0.0010626428
375 0.0000589923 0.0052150568 -0.0056387526 0.0004237897 -0.0195928831 0.0063173315 0.0007583818
376 0.0000586671 0.0052345568 -0.0055916454 0.0012520468 -0.0281380657 0.0214545122 0.0018452266
377 0.0000583463 0.0052538385 -0.0055446843 0.0016549504 -0.0395214698 0.0096438490 0.0022355198
378 0.0000580301 0.0052729039 -0.0054978678 0.0015419862 0.0179143651 -0.0349436934 0.0010268632
379 0.0000577182 0.0052917549 -0.0054511941 0.0009296517 -0.0241706595 -0.0185857723 0.0010405510
380 0.0000574106 0.0053103936 -0.0054046616 0.0009247964 -0.0270393994 -0.0139164403 0.0011189595
381 0.0000571074 0.0053288219 -0.0053582686 0.0027687908 -0.0464186529 0.0247810297 0.0035861784
382 0.0000568083 0.0053470417 -0.0053120134 0.0005087120 0.0190435499 0.0120853298 0.0004902619
383 0.0000565135 0.0053650550 -0.0052658944 0.0016770278 0.0014648885 -0.0409253212 0.0012868060
384 0.0000562227 0.0053828636 -0.0052199101 0.0057196569 -0.0053102206 0.0754417554 0.0066206463
385 0.0000559360 0.0054004692 -0.0051740588 0.0024761439 -0.0080568865 0.0491042817 0.0031272387
386 0.0000556532 0.0054178739 -0.0051283390 0.0028775647 0.0458388012 -0.0278633992 0.0021507343
387 0.0000553744 0.0054350792 -0.0050827491 0.0001898943 0.0137638478 -0.0006714072 0.0000888283
388 0.0000550995 0.0054520870 -0.0050372875 0.0000661922 -0.0057985168 -0.0057069613 0.0001270245
389 0.0000548284 0.0054688989 -0.0049919528 0.0076990990 -0.0040894803 0.0876491592 0.0086737382
390 0.0000545612 0.0054855168 -0.0049467434 0.0022131438 0.0425428022 -0.0200811792 0.0016022936
391 0.0000542976 0.0055019422 -0.0049016578 0.0041148343 0.0573747978 0.0286873989 0.0038190179
392 0.0000540378 0.0055181768 -0.0048566945 0.0014427831 0.0332956938 0.0182805872 0.0013069243
393 0.0000537815 0.0055342223 -0.0048118521 0.0042499113 -0.0227362896 0.0610980560 0.0051433378
394 0.0000535289 0.0055500801 -0.0047671291 0.0007204052 0.0008850368 -0.0268257698 0.0005083463
395 0.0000532798 0.0055657520 -0.0047225241 0.0071318749 -0.0654927213 0.0533158361 0.0084177579
396 0.0000530342 0.0055812394 -0.0046780356 0.0001913808 0.0134281442 0.0033265175 0.0001256468
397 0.0000527921 0.0055965438 -0.0046336622 0.0008200349 -0.0285653249 0.0020142216 0.0012112276
398 0.0000525534 0.0056116668 -0.0045894025 0.0002715018 0.0148930326 -0.0070497757 0.0000921972
399 0.0000523181 0.0056266099 -0.0045452552 0.0021516439 -0.0301522874 -0.0352488784 0.0022228420
400 0.0000520861 0.0056413744 -0.0045012187 0.0050657820 -0.0372631001 0.0606402783 0.0060842086
401 0.0000518574 0.0056559619 -0.0044572918 0.0012571759 -0.0344859157 0.0082399976 0.0017725915
402 0.0000516319 0.0056703737 -0.0044134732 0.0010085908 -0.0311899167 0.0059816279 0.0014667391
403 0.0000514096 0.0056846113 -0.0043697614 0.0012340405 -0.0333262123 -0.0111087374 0.0015672582
404 0.0000511905 0.0056986759 -0.0043261551 0.0037842058 0.0495620594 -0.0364391003 0.0029552377
405 0.0000509746 0.0057125690 -0.0042826530 0.0023093087 -0.0254829554 0.0407422102 0.0030003991
406 0.0000507617 0.0057262919 -0.0042392539 0.0053989755 0.0605487228 -0.0416272469 0.0044033610
407 0.0000505519 0.0057398458 -0.0041959563 0.0006142112 0.0234992523 -0.0078737754 0.0003289229
408 0.0000503451 0.0057532321 -0.0041527591 0.0079112858 0.0852076785 -0.0255134739 0.0067692892
409 0.0000501413 0.0057664520 -0.0041096609 0.0020609946 -0.0433668020 0.0134281442 0.0027216513
410 0.0000499404 0.0057795068 -0.0040666605 0.0025916573 0.0465407270 -0.0206305124 0.0019358383
411 0.0000497425 0.0057923977 -0.0040237566 0.0043134835 0.0224005860 -0.0617389447 0.0036068748
412 0.0000495474 0.0058051258 -0.0039809480 0.0012488420 0.0339976196 0.0096438490 0.0009804518
413 0.0000493552 0.0058176925 -0.0039382334 0.0092024394 -0.0924405652 -0.0256355480 0.0101254587
414 0.0000491658 0.0058300988 -0.0038956117 0.0015611558 0.0328379162 -0.0219733268 0.0010562260
415 0.0000489792 0.0058423459 -0.0038530815 0.0044587331 0.0505386517 -0.0436414686 0.0035808755
416 0.0000487954 0.0058544349 -0.0038106417 0.0023897110 0.0488296152 -0.0023194067 0.0018490899
417 0.0000486143 0.0058663670 -0.0037682911 0.0049155412 -0.0700704978 0.0023804437 0.0058042144
418 0.0000484359 0.0058781432 -0.0037260286 0.0014321942 -0.0376293222 -0.0040284433 0.0018929910
419 0.0000482601 0.0058897647 -0.0036838528 0.0027142725 -0.0291451765 0.0431836909 0.0034240138
420 0.0000480870 0.0059012325 -0.0036417627 0.0033190944 -0.0467543565 -0.0336619160 0.0036738207
421 0.0000479165 0.0059125475 -0.0035997571 0.0044162855 -0.0267036958 0.0608539079 0.0052180943
422 0.0000477485 0.0059237110 -0.0035578349 0.0048865455 -0.0360728782 -0.0598773156 0.0049355974
423 0.0000475832 0.0059347238 -0.0035159948 0.0065984478 -0.0613116855 0.0532853175 0.0077484687
424 0.0000474203 0.0059455869 -0.0034742358 0.0049853807 -0.0116275521 -0.0696432386 0.0046871521
425 0.0000472600 0.0059563015 -0.0034325568 0.0007184773 0.0072023682 0.0258186590 0.0008571863
426 0.0000471021 0.0059668683 -0.0033909566 0.0001340162 -0.0113834040 0.0021057772 0.0003312460
427 0.0000469467 0.0059772883 -0.0033494341 0.0041126223 -0.0498977630 -0.0402844325 0.0044862155
428 0.0000467937 0.0059875626 -0.0033079882 0.0005135589 0.0222785119 -0.0041505173 0.0002661049
429 0.0000466431 0.0059976919 -0.0032666178 0.0117025309 -0.0845057527 0.0675374615 0.0132040911
430 0.0000464949 0.0060076773 -0.0032253218 0.0083281303 0.0166631062 0.0897244179 0.0087531923
431 0.0000463490 0.0060175195 -0.0031840992 0.0070851150 0.0412610248 0.0733664968 0.0071020984
432 0.0000462055 0.0060272195 -0.0031429488 0.0016758813 0.0327463607 0.0245674001 0.0014817759
433 0.0000460643 0.0060367781 -0.0031018697 0.0077730365 -0.0755333110 0.0454725791 0.0090131565
434 0.0000459254 0.0060461961 -0.0030608607 0.0016115518 -0.0385143590 0.0113223670 0.0021925203
435 0.0000457887 0.0060554744 -0.0030199208 0.0113892540 -0.0633564257 0.0858790857 0.0127210452
436 0.0000456543 0.0060646138 -0.0029790489 0.0007928591 0.0114444411 -0.0257271035 0.0005464165
437 0.0000455221 0.0060736151 -0.0029382440 0.0042392293 -0.0282601398 0.0586565752 0.0049727285
438 0.0000453921 0.0060824791 -0.0028975052 0.0006126474 -0.0002441481 0.0247505112 0.0008044390
439 0.0000452643 0.0060912065 -0.0028568312 0.0087372219 -0.0052491836 0.0933256020 0.0093796649
440 0.0000451386 0.0060997981 -0.0028162212 0.0020579462 0.0174565874 0.0418713950 0.0021259597
441 0.0000450151 0.0061082546 -0.0027756741 0.0061927790 0.0056154057 0.0784936064 0.0066049389
442 0.0000448938 0.0061165769 -0.0027351889 0.0030810450 0.0137638478 0.0537736137 0.0032517255
443 0.0000447745 0.0061247655 -0.0026947647 0.0038496165 0.0027771844 0.0619830927 0.0041944315
444 0.0000446573 0.0061328212 -0.0026544003 0.0044273912 -0.0070497757 0.0661641285 0.0049097708
445 0.0000445422 0.0061407447 -0.0026140949 0.0127384577 0.0467543565 0.1027253029 0.0127458542
446 0.0000444292 0.0061485366 -0.0025738474 0.0001123849 -0.0004882962 -0.0105899228 0.0001083050
447 0.0000443182 0.0061561977 -0.0025336568 0.0007846425 0.0258186590 -0.0108645894 0.0004560168
448 0.0000442092 0.0061637286 -0.0024935223 0.0016868185 0.0410168767 0.0021057772 0.0012358955
449 0.0000441022 0.0061711299 -0.0024534428 0.0083441845 -0.0913113804 0.0025330363 0.0095277048
450 0.0000439972 0.0061784022 -0.0024134173 0.0009232299 -0.0276192511 -0.0126651814 0.0012473800
451 0.0000438942 0.0061855462 -0.0023734449 0.0086693262 -0.0926847133 -0.0088808863 0.0098176750
452 0.0000437932 0.0061925625 -0.0023335247 0.0044298762 -0.0615863521 -0.0252388073 0.0051186332
453 0.0000436941 0.0061994516 -0.0022936557 0.0031976360 -0.0503250221 0.0257881405 0.0039836034
454 0.0000435969 0.0062062142 -0.0022538369 0.0003519273 -0.0117191076 -0.0146488845 0.0004749544
455 0.0000435016 0.0062128509 -0.0022140675 0.0015282614 -0.0380565813 -0.0089419233 0.0020050467
456 0.0000434082 0.0062193620 -0.0021743464 0.0020794210 -0.0183416242 0.0417493210 0.0025325306
457 0.0000433168 0.0062257483 -0.0021346728 0.0063014123 -0.0545060579 0.0577105014 0.0072697972
458 0.0000432272 0.0062320103 -0.0020950457 0.0022602576 -0.0333262123 0.0339060640 0.0028609329
459 0.0000431394 0.0062381484 -0.0020554642 0.0020402583 0.0451368755 -0.0017090365 0.0015132310
460 0.0000430535 0.0062441633 -0.0020159275 0.0009764377 -0.0013122959 0.0312204352 0.0011617559
461 0.0000429695 0.0062500553 -0.0019764345 0.0121183276 0.1086458937 0.0177312540 0.0108733007
462 0.0000428873 0.0062558250 -0.0019369844 0.0002866721 0.0130619221 -0.0107730338 0.0001243987
463 0.0000428068 0.0062614728 -0.0018975762 0.0098101310 -0.0926541948 0.0350047304 0.0111460895
464 0.0000427282 0.0062669993 -0.0018582092 0.0018994785 -0.0363475448 -0.0240485855 0.0023084122
465 0.0000426514 0.0062724048 -0.0018188823 0.0040619925 -0.0637226478 0.0011902219 0.0049083621
466 0.0000425763 0.0062776899 -0.0017795947 0.0045277232 -0.0672322764 0.0027466659 0.0054242022
467 0.0000425031 0.0062828550 -0.0017403455 0.0061615154 0.0784936064 0.0005188147 0.0052194964
468 0.0000424315 0.0062879004 -0.0017011338 0.0002394111 -0.0103457747 0.0115054781 0.0004510937
469 0.0000423618 0.0062928266 -0.0016619587 0.0005504909 0.0010681478 0.0234382153 0.0006573160
470 0.0000422937 0.0062976341 -0.0016228194 0.0003477743 0.0138554033 -0.0124820704 0.0001750432
471 0.0000422274 0.0063023232 -0.0015837150 0.0006785751 -0.0260322886 0.0009460738 0.0010519269
472 0.0000421628 0.0063068942 -0.0015446445 0.0001956949 0.0029602954 -0.0136722922 0.0001582796
473 0.0000421000 0.0063113476 -0.0015056072 0.0010035846 -0.0304879910 0.0086062197 0.0014564404
474 0.0000420388 0.0063156838 -0.0014666022 0.0007648572 0.0128177740 -0.0245063631 0.0005731078
475 0.0000419793 0.0063199030 -0.0014276285 0.0024874313 -0.0448622089 0.0217902158 0.0031586769
476 0.0000419215 0.0063240057 -0.0013886854 0.0005894551 0.0115359966 -0.0213629566 0.0004261364
477 0.0000418654 0.0063279921 -0.0013497720 0.0057444223 0.0755333110 -0.0062562944 0.0048134501
478 0.0000418109 0.0063318626 -0.0013108874 0.0001134048 -0.0050050356 -0.0093997009 0.0001939542
479 0.0000417581 0.0063356175 -0.0012720308 0.0006446124 0.0136722922 -0.0213934751 0.0004586993
480 0.0000417070 0.0063392571 -0.0012332014 0.0002702975 -0.0144657735 -0.0078127384 0.0004761396
481 0.0000416575 0.0063427817 -0.0011943982 0.0000571802 0.0029602954 -0.0069582202 0.0000446629
482 0.0000416096 0.0063461916 -0.0011556204 0.0016534080 0.0393078402 0.0104068117 0.0012201601
483 0.0000415634 0.0063494870 -0.0011168672 0.0119657900 0.0773949400 0.0773033845 0.0111971923
484 0.0000415188 0.0063526683 -0.0010781378 0.0021914659 0.0397350993 -0.0247505112 0.0016747680
485 0.0000414758 0.0063557356 -0.0010394313 0.0039570484 0.0570696127 0.0264595477 0.0033280912
486 0.0000414344 0.0063586893 -0.0010007469 0.0027695769 0.0450758385 -0.0271614734 0.0021834013
487 0.0000413947 0.0063615296 -0.0009620838 0.0024365118 0.0489822077 0.0061037019 0.0018664475
488 0.0000413565 0.0063642566 -0.0009234410 0.0000108757 -0.0006408887 -0.0032349620 0.0000544152
489 0.0000413199 0.0063668707 -0.0008848178 0.0046434340 0.0423596912 0.0533768731 0.0042398142
490 0.0000412850 0.0063693720 -0.0008462134 0.0010818838 0.0325632496 -0.0046388134 0.0007005030
491 0.0000412516 0.0063717607 -0.0008076269 0.0018853206 0.0406506546 -0.0152592547 0.0013838921
492 0.0000412198 0.0063740371 -0.0007690575 0.0044360903 -0.0654927213 -0.0121158483 0.0052935806
493 0.0000411896 0.0063762013 -0.0007305044 0.0084487160 0.0898770104 0.0192571795 0.0073718926
494 0.0000411609 0.0063782534 -0.0006919667 0.0001471626 -0.0099795526 -0.0068971831 0.0003060825
495 0.0000411339 0.0063801937 -0.0006534437 0.0031190779 0.0045167394 0.0556657613 0.0031753253
496 0.0000411084 0.0063820223 -0.0006149344 0.0001362655 -0.0107119968 0.0046388134 0.0003198074
497 0.0000410844 0.0063837393 -0.0005764382 0.0012280443 0.0348216193 -0.0039368877 0.0008200056
498 0.0000410620 0.0063853449 -0.0005379542 0.0002577015 -0.0124515519 0.0101321451 0.0004686797
499 0.0000410412 0.0063868392 -0.0004994815 0.0052418332 0.0642109439 0.0334482864 0.0044960780
500 0.0000410219 0.0063882224 -0.0004610193 0.0008897775 -0.0224921415 0.0195928831 0.0012362344
501 0.0000410042 0.0063894945 -0.0004225669 0.0024390601 0.0379650258 -0.0315866573 0.0019682147
502 0.0000409880 0.0063906556 -0.0003841234 0.0039982293 -0.0412610248 0.0479140599 0.0046033972
503 0.0000409734 0.0063917059 -0.0003456879 0.0023059259 -0.0226752525 0.0423291726 0.0026660318
504 0.0000409603 0.0063926454 -0.0003072598 0.0033708754 -0.0511185034 0.0275276955 0.0040823170
505 0.0000409488 0.0063934742 -0.0002688382 0.0009687510 0.0241096225 -0.0196844386 0.0006908275
506 0.0000409388 0.0063941923 -0.0002304222 0.0010899905 -0.0299386578 -0.0139164403 0.0015073831
507 0.0000409303 0.0063947999 -0.0001920111 0.0005179075 -0.0208746605 0.0090639973 0.0008292972
508 0.0000409234 0.0063952969 -0.0001536040 0.0026545748 -0.0440992462 0.0266426588 0.0032677386
509 0.0000409180 0.0063956835 -0.0001152002 0.0010215528 0.0314645833 0.0056154057 0.0006612896
510 0.0000409142 0.0063959595 -0.0000767988 0.0010770555 -0.0327158422 -0.0025940733 0.0015360697
511 0.0000409119 0.0063961252 -0.0000383990 0.0051834105 -0.0650349437 -0.0308847316 0.0060538938
512 0.0000409111 0.0063961804 0.0000000000 0.0000291792 0.0054017762 0.0000000000 0.0000009888
513 0.0000409119 0.0063961252 0.0000383990 0.0000467329 0.0068361461 0.0000000000 0.0000001951
514 0.0000409142 0.0063959595 0.0000767988 0.0004721572 -0.0217291787 0.0000000000 0.0007910293
515 0.0000409180 0.0063956835 0.0001152002 0.0017226794 0.0415051729 0.0000000000 0.0012326895
516 0.0000409234 0.0063952969 0.0001536040 0.0024349248 -0.0468764306 0.0154118473 0.0030706909
517 0.0000409303 0.0063947999 0.0001920111 0.0021199844 0.0239265114 0.0393383587 0.0018397974
518 0.0000409388 0.0063941923 0.0002304222 0.0001150486 -0.0107119968 0.0005493332 0.0002927234
519 0.0000409488 0.0063934742 0.0002688382 0.0015041228 -0.0296029542 -0.0250556963 0.0019370749
520 0.0000409603 0.0063926454 0.0003072598 0.0001417969 0.0003662221 0.0119022187 0.0001707608
521 0.0000409734 0.0063917059 0.0003456879 0.0010243544 -0.0144352550 0.0285653249 0.0012301102
522 0.0000409880 0.0063906556 0.0003841234 0.0023938174 -0.0245368816 0.0423291726 0.0027158997
523 0.0000410042 0.0063894945 0.0004225669 0.0009482653 -0.0152287362 0.0267647328 0.0011612576
524 0.0000410219 0.0063882224 0.0004610193 0.0046034359 -0.0599993896 0.0316782128 0.0053818282
525 0.0000410412 0.0063868392 0.0004994815 0.0030182524 0.0549027985 0.0019837031 0.0023560012
526 0.0000410620 0.0063853449 0.0005379542 0.0003835020 0.0030213324 0.0193487350 0.0003651621
527 0.0000410844 0.0063837393 0.0005764382 0.0010177080 0.0315256203 0.0048829615 0.0006506603
528 0.0000411084 0.0063820223 0.0006149344 0.0005896796 -0.0167851802 0.0175481429 0.0008234528
529 0.0000411339 0.0063801937 0.0006534437 0.0004688685 0.0031434065 0.0214239937 0.0004418925
530 0.0000411609 0.0063782534 0.0006919667 0.0012545169 0.0352793970 0.0031434065 0.0008412857
531 0.0000411896 0.0063762013 0.0007305044 0.0046285431 0.0427564318 0.0529190954 0.0040471702
532 0.0000412198 0.0063740371 0.0007690575 0.0001983885 -0.0077211829 -0.0117801447 0.0003561577
533 0.0000412516 0.0063717607 0.0008076269 0.0023676568 0.0031739250 0.0485549486 0.0022900329
534 0.0000412850 0.0063693720 0.0008462134 0.0013788150 0.0366222114 -0.0061342204 0.0009639607
535 0.0000413199 0.0063668707 0.0008848178 0.0016555008 0.0129398480 0.0385753960 0.0014637837
536 0.0000413565 0.0063642566 0.0009234410 0.0000061518 0.0020447401 -0.0014038514 0.0000240745
537 0.0000413947 0.0063615296 0.0009620838 0.0058604722 -0.0323801386 0.0693685720 0.0061803645
538 0.0000414344 0.0063586893 0.0010007469 0.0033916526 0.0462660604 0.0353709525 0.0027739093
539 0.0000414758 0.0063557356 0.0010394313 0.0038607959 -0.0529190954 -0.0325632496 0.0046426458
540 0.0000415188 0.0063526683 0.0010781378 0.0018644074 0.0139469588 0.0408642842 0.0016406107
541 0.0000415634 0.0063494870 0.0011168672 0.0115920172 0.1011688589 0.0368358409 0.0102665584
542 0.0000416096 0.0063461916 0.0011556204 0.0036933301 0.0459303568 0.0397961364 0.0030599956
543 0.0000416575 0.0063427817 0.0011943982 0.0007341971 0.0125431074 -0.0240180670 0.0006741124
544 0.0000417070 0.0063392571 0.0012332014 0.0010070540 -0.0144962920 -0.0282296213 0.0013021780
545 0.0000417581 0.0063356175 0.0012720308 0.0004280210 -0.0073244423 0.0193487350 0.0005133645
546 0.0000418109 0.0063318626 0.0013108874 0.0037109965 0.0496841334 0.0352488784 0.0030312066
547 0.0000418654 0.0063279921 0.0013497720 0.0056081335 0.0347300638 0.0663472396 0.0050313485
548 0.0000419215 0.0063240057 0.0013886854 0.0015140970 -0.0234687338 -0.0310373241 0.0019390534
549 0.0000419793 0.0063199030 0.0014276285 0.0013887556 -0.0056459243 0.0368358409 0.0013969225
550 0.0000420388 0.0063156838 0.0014666022 0.0003846169 0.0132755516 0.0144352550 0.0002166257
551 0.0000421000 0.0063113476 0.0015056072 0.0016456180 -0.0333872494 -0.0230414747 0.0021785378
552 0.0000421628 0.0063068942 0.0015446445 0.0008106512 -0.0113223670 -0.0261238441 0.0010763361
553 0.0000422274 0.0063023232 0.0015837150 0.0018559970 -0.0412610248 -0.0123905148 0.0024575512
554 0.0000422937 0.0062976341 0.0016228194 0.0001727243 0.0080263680 0.0104068117 0.0000801470
555 0.0000423618 0.0062928266 0.0016619587 0.0005827026 -0.0138859218 -0.0197454756 0.0008654601
556 0.0000424315 0.0062879004 0.0017011338 0.0001442567 -0.0054322947 -0.0107119968 0.0002914488
557 0.0000425031 0.0062828550 0.0017403455 0.0128340554 0.1132541887 0.0027466659 0.0114438789
558 0.0000425763 0.0062776899 0.0017795947 0.0019919039 0.0266121403 -0.0358287301 0.0018278760
559 0.0000426514 0.0062724048 0.0018188823 0.0014935461 -0.0378734703 -0.0076906644 0.0020392898
560 0.0000427282 0.0062669993 0.0018582092 0.0020576667 -0.0446180609 0.0081789605 0.0026292412
561 0.0000428068 0.0062614728 0.0018975762 0.0030414400 0.0539872433 -0.0112613300 0.0024509060
562 0.0000428873 0.0062558250 0.0019369844 0.0063216745 0.0422986541 -0.0673238319 0.0060961462
563 0.0000429695 0.0062500553 0.0019764345 0.0139436683 0.1179540391 0.0055238502 0.0124903642
564 0.0000430535 0.0062441633 0.0020159275 0.0040430110 -0.0343638417 -0.0534989471 0.0047309114
565 0.0000431394 0.0062381484 0.0020554642 0.0011720665 0.0236213263 0.0247810297 0.0008186262
566 0.0000432272 0.0062320103 0.0020950457 0.0010932429 0.0081484420 0.0320444349 0.0009006386
567 0.0000433168 0.0062257483 0.0021346728 0.0009607738 -0.0147099216 0.0272835475 0.0010707682
568 0.0000434082 0.0062193620 0.0021743464 0.0006969931 -0.0052186651 -0.0258796960 0.0009178578
569 0.0000435016 0.0062128509 0.0022140675 0.0023411991 -0.0186468093 -0.0446485794 0.0028141104
570 0.0000435969 0.0062062142 0.0022538369 0.0001409373 0.0000000000 -0.0118717002 0.0002380479
571 0.0000436941 0.0061994516 0.0022936557 0.0013579559 -0.0320139164 0.0182500687 0.0017148686
572 0.0000437932 0.0061925625 0.0023335247 0.0000634465 0.0000000000 -0.0079653310 0.0001444143
573 0.0000438942 0.0061855462 0.0023734449 0.0006209879 0.0139774773 -0.0206305124 0.0005898962
574 0.0000439972 0.0061784022 0.0024134173 0.0004550245 0.0198370312 0.0078432569 0.0002160413
575 0.0000441022 0.0061711299 0.0024534428 0.0049109122 -0.0677816095 0.0177922910 0.0057042879
576 0.0000442092 0.0061637286 0.0024935223 0.0050376087 0.0501724296 -0.0502029481 0.0047136838
577 0.0000443182 0.0061561977 0.0025336568 0.0006260779 0.0032349620 0.0248115482 0.0005048381
578 0.0000444292 0.0061485366 0.0025738474 0.0013883374 -0.0251777703 -0.0274666585 0.0018837695
579 0.0000445422 0.0061407447 0.0026140949 0.0025607281 0.0417493210 0.0285958434 0.0019430220
580 0.0000446573 0.0061328212 0.0026544003 0.0022320266 -0.0038148137 -0.0470900601 0.0025734668
581 0.0000447745 0.0061247655 0.0026947647 0.0073493222 0.0804773095 -0.0295419172 0.0065675045
582 0.0000448938 0.0061165769 0.0027351889 0.0056692879 -0.0388195441 -0.0645161290 0.0065419947
583 0.0000450151 0.0061082546 0.0027756741 0.0017650944 0.0410168767 0.0090945158 0.0012585397
584 0.0000451386 0.0060997981 0.0028162212 0.0006530032 0.0254219184 -0.0025940733 0.0004026156
585 0.0000452643 0.0060912065 0.0028568312 0.0091601837 0.0957060457 0.0007324442 0.0080353324
586 0.0000453921 0.0060824791 0.0028975052 0.0012973119 0.0189825129 -0.0306100650 0.0012891681
587 0.0000455221 0.0060736151 0.0029382440 0.0088447981 -0.0247505112 -0.0907315287 0.0097241531
588 0.0000456543 0.0060646138 0.0029790489 0.0043983052 0.0656147954 -0.0096438490 0.0037055617
589 0.0000457887 0.0060554744 0.0030199208 0.0116480266 -0.0952482681 -0.0507522813 0.0131538980
590 0.0000459254 0.0060461961 0.0030608607 0.0001843507 -0.0093691824 -0.0098269601 0.0004037298
591 0.0000460643 0.0060367781 0.0031018697 0.0063466848 0.0510879849 0.0611285745 0.0053967097
592 0.0000462055 0.0060272195 0.0031429488 0.0022649750 0.0475783563 -0.0011291849 0.0017447481
593 0.0000463490 0.0060175195 0.0031840992 0.0025109430 0.0356456191 -0.0352183599 0.0023525732
594 0.0000464949 0.0060076773 0.0032253218 0.0001587117 0.0065309610 -0.0107730338 0.0001962278
595 0.0000466431 0.0059976919 0.0032666178 0.0134546186 0.0280465102 -0.1125522629 0.0139001635
596 0.0000467937 0.0059875626 0.0033079882 0.0056998195 0.0567644276 0.0497756890 0.0047375372
597 0.0000469467 0.0059772883 0.0033494341 0.0095844400 0.0909756767 -0.0361644337 0.0087860718
598 0.0000471021 0.0059668683 0.0033909566 0.0035847946 -0.0199285867 0.0564592425 0.0034868176
599 0.0000472600 0.0059563015 0.0034325568 0.0089322686 0.0603961303 0.0726950896 0.0077609934
600 0.0000474203 0.0059455869 0.0034742358 0.0018001776 0.0396130253 0.0151982177 0.0012709482
601 0.0000475832 0.0059347238 0.0035159948 0.0041356944 0.0569475387 0.0298776208 0.0032972426
602 0.0000477485 0.0059237110 0.0035578349 0.0026686265 0.0140385144 0.0497146519 0.0021963018
603 0.0000479165 0.0059125475 0.0035997571 0.0042042467 0.0504165777 -0.0407727287 0.0039495262
604 0.0000480870 0.0059012325 0.0036417627 0.0024583648 0.0490737632 0.0070802942 0.0018756909
605 0.0000482601 0.0058897647 0.0036838528 0.0052890020 -0.0604266488 -0.0404675436 0.0063472125
606 0.0000484359 0.0058781432 0.0037260286 0.0018922091 0.0018921476 0.0434583575 0.0015945461
607 0.0000486143 0.0058663670 0.0037682911 0.0004321638 -0.0197759941 -0.0064088870 0.0007611056
608 0.0000487954 0.0058544349 0.0038106417 0.0031597950 0.0462050233 -0.0320139164 0.0029115690
609 0.0000489792 0.0058423459 0.0038530815 0.0019747563 0.0364696188 0.0253913999 0.0014019290
610 0.0000491658 0.0058300988 0.0038956117 0.0001409512 -0.0062868130 -0.0100711081 0.0003418888
611 0.0000493552 0.0058176925 0.0039382334 0.0022344547 -0.0158696249 -0.0445265053 0.0028191706
612 0.0000495474 0.0058051258 0.0039809480 0.0021820553 0.0462050233 0.0068666646 0.0016404791
613 0.0000497425 0.0057923977 0.0040237566 0.0001340935 0.0063173315 -0.0097048860 0.0001887512
614 0.0000499404 0.0057795068 0.0040666605 0.0028251206 0.0463576159 0.0260017701 0.0021277320
615 0.0000501413 0.0057664520 0.0041096609 0.0010664909 0.0276192511 -0.0174260689 0.0009413325
616 0.0000503451 0.0057532321 0.0041527591 0.0081477668 0.0860621967 0.0272225105 0.0069817432
617 0.0000505519 0.0057398458 0.0041959563 0.0000334123 -0.0028382214 -0.0050355541 0.0001588040
618 0.0000507617 0.0057262919 0.0042392539 0.0061708357 0.0628070925 0.0471816156 0.0051022642
619 0.0000509746 0.0057125690 0.0042826530 0.0000945574 0.0006103702 -0.0097048860 0.0002216837
620 0.0000511905 0.0056986759 0.0043261551 0.0056734717 0.0074465163 0.0749534593 0.0049912710
621 0.0000514096 0.0056846113 0.0043697614 0.0019743055 -0.0440076907 0.0061342204 0.0024724382
622 0.0000516319 0.0056703737 0.0044134732 0.0008752592 -0.0197759941 0.0220038453 0.0009569388
623 0.0000518574 0.0056559619 0.0044572918 0.0012844700 -0.0324716941 -0.0151676992 0.0018388584
624 0.0000520861 0.0056413744 0.0045012187 0.0054474557 0.0540177618 -0.0502945036 0.0053428460
625 0.0000523181 0.0056266099 0.0045452552 0.0000453787 -0.0046082949 0.0049134800 0.0001048889
626 0.0000525534 0.0056116668 0.0045894025 0.0016185027 0.0342417676 -0.0211188086 0.0014805948
627 0.0000527921 0.0055965438 0.0046336622 0.0034581047 -0.0446485794 0.0382702109 0.0036559898
628 0.0000530342 0.0055812394 0.0046780356 0.0008804376 0.0155034028 0.0252998444 0.0005237083
629 0.0000532798 0.0055657520 0.0047225241 0.0001039010 -0.0101931822 0.0000000000 0.0002706462
630 0.0000535289 0.0055500801 0.0047671291 0.0034156813 0.0520645772 0.0265511032 0.0026381400
631 0.0000537815 0.0055342223 0.0048118521 0.0011329346 0.0173039949 0.0288705100 0.0007173466
632 0.0000540378 0.0055181768 0.0048566945 0.0079189129 0.0865199744 0.0208136235 0.0068159148
633 0.0000542976 0.0055019422 0.0049016578 0.0018384685 -0.0150151067 0.0401623585 0.0016642663
634 0.0000545612 0.0054855168 0.0049467434 0.0009232299 0.0213934751 0.0215765862 0.0005296148
635 0.0000548284 0.0054688989 0.0049919528 0.0026805249 0.0456556902 -0.0244148076 0.0024797357
636 0.0000550995 0.0054520870 0.0050372875 0.0019268564 0.0430921354 0.0083620716 0.0014278274
637 0.0000553744 0.0054350792 0.0050827491 0.0012841124 -0.0115970336 0.0339060640 0.0011208764
638 0.0000556532 0.0054178739 0.0051283390 0.0004047822 -0.0025330363 -0.0199591052 0.0006925968
639 0.0000559360 0.0054004692 0.0051740588 0.0005525809 -0.0096743675 -0.0214239937 0.0009347071
640 0.0000562227 0.0053828636 0.0052199101 0.0057196569 -0.0053102206 -0.0754417554 0.0066206463
641 0.0000565135 0.0053650550 0.0052658944 0.0052384970 -0.0263374737 -0.0674153874 0.0062876191
642 0.0000568083 0.0053470417 0.0053120134 0.0008484382 0.0275276955 0.0095217750 0.0005097035
643 0.0000571074 0.0053288219 0.0053582686 0.0012427750 -0.0174871059 -0.0306100650 0.0018142876
644 0.0000574106 0.0053103936 0.0054046616 0.0008136763 -0.0128177740 -0.0254829554 0.0012826753
645 0.0000577182 0.0052917549 0.0054511941 0.0052049776 -0.0604571673 -0.0393688772 0.0063317596
646 0.0000580301 0.0052729039 0.0054978678 0.0005916811 0.0242622150 0.0017395550 0.0003747189
647 0.0000583463 0.0052538385 0.0055446843 0.0057129808 0.0337534715 -0.0676290170 0.0061666196
648 0.0000586671 0.0052345568 0.0055916454 0.0008651071 -0.0292062136 -0.0034791101 0.0012684453
649 0.0000589923 0.0052150568 0.0056387526 0.0039490348 -0.0117191076 -0.0617389447 0.0048265200
650 0.0000593222 0.0051953363 0.0056860078 0.0039252427 0.0620746483 0.0084841456 0.0032430857
651 0.0000596567 0.0051753933 0.0057334127 0.0016643871 0.0092471084 -0.0397350993 0.0020839644
652 0.0000599960 0.0051552255 0.0057809690 0.0009169812 -0.0230109561 0.0196844386 0.0009866403
653 0.0000603400 0.0051348309 0.0058286785 0.0001328194 -0.0072328867 0.0089724418 0.0001628437
654 0.0000606889 0.0051142073 0.0058765431 0.0000639420 -0.0079958495 0.0000915555 0.0002053397
655 0.0000610427 0.0050933523 0.0059245645 0.0013273591 -0.0123599963 -0.0342722861 0.0019204062
656 0.0000614015 0.0050722637 0.0059727447 0.0030820845 -0.0144962920 -0.0535905026 0.0039307088
657 0.0000617655 0.0050509392 0.0060210853 0.0033144161 -0.0433057649 -0.0379345073 0.0042704650
658 0.0000621345 0.0050293764 0.0060695884 0.0018085013 -0.0388195441 -0.0173650319 0.0024719093
659 0.0000625088 0.0050075730 0.0061182558 0.0013827529 -0.0266426588 -0.0259407331 0.0020295159
660 0.0000628885 0.0049855265 0.0061670894 0.0037314832 -0.0469374676 -0.0390942106 0.0047445826
661 0.0000632735 0.0049632345 0.0062160913 0.0074245739 -0.0057985168 -0.0859706412 0.0086142089
662 0.0000636640 0.0049406944 0.0062652633 0.0000351065 0.0049439985 -0.0032654805 0.0000908351
663 0.0000640600 0.0049179038 0.0063146074 0.0025733762 0.0507217627 0.0008239998 0.0021281403
664 0.0000644617 0.0048948600 0.0063641257 0.0004878416 0.0015259255 -0.0220343638 0.0008178239
665 0.0000648692 0.0048715604 0.0064138201 0.0006208948 0.0194097720 -0.0156254769 0.0006970902
666 0.0000652825 0.0048480024 0.0064636928 0.0002030379 0.0140690329 -0.0022583697 0.0001611018
667 0.0000657016 0.0048241832 0.0065137458 0.0043636737 -0.0568559832 0.0336313974 0.0045398100
668 0.0000661268 0.0048001002 0.0065639812 0.0007583450 0.0269783624 0.0055238502 0.0004929572
669 0.0000665581 0.0047757504 0.0066144012 0.0017329041 -0.0415967284 0.0016174810 0.0021753760
670 0.0000669956 0.0047511311 0.0066650079 0.0049306519 0.0564592425 -0.0417493210 0.0050176760
671 0.0000674394 0.0047262394 0.0067158034 0.0018676486 -0.0431836909 0.0016785180 0.0023207357
672 0.0000678895 0.0047010724 0.0067667901 0.0075523592 0.0529496139 -0.0689107944 0.0080550186
673 0.0000683462 0.0046756270 0.0068179700 0.0033026453 0.0172734764 -0.0548112430 0.0039568657
674 0.0000688095 0.0046499003 0.0068693455 0.0005132655 -0.0225836970 0.0018005921 0.0007673611
675 0.0000692795 0.0046238891 0.0069209189 0.0043511113 0.0566728721 -0.0337534715 0.0043635027
676 0.0000697563 0.0045975904 0.0069726924 0.0039800311 -0.0100100711 -0.0622882778 0.0050104658
677 0.0000702400 0.0045710010 0.0070246685 0.0036393697 0.0572527238 -0.0190130314 0.0034533257
678 0.0000707308 0.0045441177 0.0070768494 0.0023830693 0.0109256264 0.0475783563 0.0016810957
679 0.0000712287 0.0045169371 0.0071292376 0.0014800671 -0.0081484420 0.0375988037 0.0010888063
680 0.0000717340 0.0044894560 0.0071818355 0.0030423658 0.0469985046 0.0288705100 0.0022774178
681 0.0000722466 0.0044616709 0.0072346456 0.0017090002 0.0404980621 -0.0083010346 0.0015399788
682 0.0000727668 0.0044335785 0.0072876703 0.0007061942 0.0201422163 -0.0173345134 0.0008530132
683 0.0000732946 0.0044051751 0.0073409123 0.0069794333 -0.0574968719 0.0606097598 0.0066694335
684 0.0000738301 0.0043764574 0.0073943739 0.0030756691 0.0515152440 -0.0205389569 0.0030023362
685 0.0000743736 0.0043474216 0.0074480579 0.0029796923 0.0072023682 0.0541093173 0.0021854239
686 0.0000749252 0.0043180640 0.0075019668 0.0030829786 0.0376903592 -0.0407727287 0.0034441563
687 0.0000754849 0.0042883810 0.0075561033 0.0011461425 0.0331125828 0.0070497757 0.0008310910
688 0.0000760530 0.0042583688 0.0076104700 0.0013907954 0.0185552538 -0.0323496200 0.0018012097
689 0.0000766295 0.0042280234 0.0076650698 0.0007581848 -0.0239875484 -0.0135196997 0.0012449130
690 0.0000772146 0.0041973410 0.0077199053 0.0022327270 -0.0447096164 -0.0152897732 0.0029213358
691 0.0000778085 0.0041663176 0.0077749794 0.0008217747 0.0258796960 0.0123294778 0.0004922143
692 0.0000784113 0.0041349491 0.0078302948 0.0000014902 0.0000000000 0.0012207404 0.0000607840
693 0.0000790232 0.0041032313 0.0078858545 0.0048673460 0.0505081332 0.0481276894 0.0037728202
694 0.0000796443 0.0040711602 0.0079416614 0.0041587097 0.0076906644 0.0640278329 0.0031587594
695 0.0000802748 0.0040387314 0.0079977183 0.0051066500 0.0711996826 0.0061037019 0.0045141807
696 0.0000809149 0.0040059405 0.0080540284 0.0000798239 -0.0045472579 -0.0076906644 0.0003210526
697 0.0000815648 0.0039727832 0.0081105946 0.0003091667 0.0174565874 -0.0021057772 0.0002861872
698 0.0000822245 0.0039392551 0.0081674199 0.0064436442 -0.0426648762 0.0679952391 0.0057513130
699 0.0000828943 0.0039053514 0.0082245075 0.0002787702 0.0112918485 -0.0122989593 0.0004757730
700 0.0000835744 0.0038710676 0.0082818606 0.0012927965 0.0005798517 0.0359508042 0.0007764025
701 0.0000842649 0.0038363990 0.0083394823 0.0001759348 0.0100405896 0.0086672567 0.0000385994
702 0.0000849661 0.0038013407 0.0083973759 0.0041248196 -0.0402844325 0.0500198370 0.0036759847
703 0.0000856781 0.0037658879 0.0084555447 0.0032546365 -0.0488601337 -0.0294503616 0.0042063559
704 0.0000864012 0.0037300355 0.0085139919 0.0055447345 -0.0483718375 -0.0566118351 0.0069559785
705 0.0000871355 0.0036937786 0.0085727211 0.0002279691 0.0008239998 -0.0150761437 0.0005675044
706 0.0000878813 0.0036571120 0.0086317355 0.0008039071 -0.0230719932 -0.0164799951 0.0013450441
707 0.0000886388 0.0036200304 0.0086910387 0.0006202810 0.0040894803 -0.0245674001 0.0011063441
708 0.0000894081 0.0035825286 0.0087506342 0.0008569855 -0.0227668081 -0.0184026612 0.0014315890
709 0.0000901896 0.0035446010 0.0088105256 0.0037043912 0.0121768853 -0.0596331675 0.0047590555
710 0.0000909833 0.0035062422 0.0088707165 0.0007494372 0.0048219245 -0.0269478439 0.0012847003
711 0.0000917897 0.0034674465 0.0089312106 0.0014795866 -0.0295724357 -0.0245979186 0.0022158363
712 0.0000926089 0.0034282083 0.0089920117 0.0075319583 0.0624713889 -0.0602435377 0.0082796585
713 0.0000934411 0.0033885218 0.0090531234 0.0071223152 -0.0295724357 -0.0790429395 0.0088473410
714 0.0000942867 0.0033483809 0.0091145497 0.0046359867 0.0173955504 -0.0658284249 0.0058137724
715 0.0000951458 0.0033077797 0.0091762944 0.0001965602 0.0131534776 -0.0048524430 0.0002937432
716 0.0000960187 0.0032667120 0.0092383616 0.0083127336 0.0624713889 -0.0664082766 0.0092276076
717 0.0000969058 0.0032251715 0.0093007552 0.0018863460 0.0422986541 0.0098574786 0.0015270470
718 0.0000978072 0.0031831520 0.0093634794 0.0070843746 -0.0216681417 -0.0813318278 0.0088432255
719 0.0000987233 0.0031406470 0.0094265382 0.0032642464 -0.0232551042 -0.0521866512 0.0044929208
720 0.0000996543 0.0030976498 0.0094899359 0.0010695635 -0.0075075533 -0.0318308054 0.0018198740
721 0.0001006006 0.0030541537 0.0095536767 0.0001890859 -0.0088808863 -0.0104983673 0.0005445296
722 0.0001015624 0.0030101518 0.0096177650 0.0001287837 -0.0096438490 0.0059816279 0.0001733452
723 0.0001025401 0.0029656373 0.0096822052 0.0052204375 -0.0419324320 -0.0588396863 0.0067110862
724 0.0001035340 0.0029206030 0.0097470018 0.0132166363 0.0936918241 -0.0666219062 0.0140716247
725 0.0001045443 0.0028750417 0.0098121593 0.0030994491 0.0095828120 -0.0548417615 0.0042251237
726 0.0001055715 0.0028289460 0.0098776822 0.0038252461 0.0435193945 -0.0439466536 0.0045527717
727 0.0001066159 0.0027823084 0.0099435754 0.0065513694 0.0531937620 -0.0610065004 0.0075752279
728 0.0001076779 0.0027351213 0.0100098435 0.0021149652 0.0072634053 -0.0454115421 0.0030920353
729 0.0001087577 0.0026873769 0.0100764915 0.0060152395 0.0548722800 -0.0548112430 0.0069336822
730 0.0001098558 0.0026390673 0.0101435241 0.0027997303 0.0427869503 -0.0311288797 0.0033152638
731 0.0001109725 0.0025901843 0.0102109464 0.0009025896 -0.0093997009 -0.0285348064 0.0016449907
732 0.0001121082 0.0025407197 0.0102787636 0.0021699548 -0.0068056276 -0.0460829493 0.0032639969
733 0.0001132634 0.0024906652 0.0103469806 0.0021884604 -0.0382396924 -0.0269478439 0.0030498660
734 0.0001144384 0.0024400121 0.0104156028 0.0011705698 0.0025330363 -0.0341196936 0.0019834013
735 0.0001156337 0.0023887518 0.0104846355 0.0017255527 0.0032349620 -0.0414136174 0.0026941447
736 0.0001168497 0.0023368754 0.0105540842 0.0009767274 -0.0238959929 -0.0201422163 0.0016304262
737 0.0001180868 0.0022843737 0.0106239542 0.0021500382 0.0408642842 -0.0219122898 0.0025470167
738 0.0001193454 0.0022312376 0.0106942513 0.0017619510 0.0078737754 -0.0412305063 0.0027280187
739 0.0001206261 0.0021774576 0.0107649811 0.0001860244 -0.0097354045 -0.0095522935 0.0005547079
740 0.0001219294 0.0021230241 0.0108361494 0.0076196560 -0.0579851680 -0.0652485733 0.0094018798
741 0.0001232556 0.0020679274 0.0109077620 0.0013100420 0.0080874050 -0.0352793970 0.0021694878
742 0.0001246053 0.0020121574 0.0109798251 0.0122123606 -0.0372631001 -0.1040375988 0.0147715536
743 0.0001259791 0.0019557039 0.0110523446 0.0053549222 0.0018921476 -0.0731528672 0.0070905217
744 0.0001273774 0.0018985565 0.0111253267 0.0065181927 -0.0336313974 -0.0733970153 0.0084064039
745 0.0001288008 0.0018407047 0.0111987778 0.0004620629 -0.0079042940 -0.0199896237 0.0010676814
746 0.0001302499 0.0017821375 0.0112727042 0.0126722925 -0.0203253273 -0.1107211524 0.0153712411
747 0.0001317252 0.0017228441 0.0113471126 0.0001523411 0.0092165899 -0.0082094790 0.0004386165
748 0.0001332272 0.0016628131 0.0114220094 0.0025585552 -0.0040894803 -0.0504165777 0.0038570997
749 0.0001347568 0.0016020330 0.0114974015 0.0000711369 0.0083315531 0.0013122959 0.0001490228
750 0.0001363143 0.0015404921 0.0115732958 0.0004443891 0.0063173315 0.0201116977 0.0000957225
751 0.0001379005 0.0014781784 0.0116496992 0.0006317975 -0.0232245857 0.0096133305 0.0006143734
752 0.0001395160 0.0014150797 0.0117266189 0.0029513626 -0.0421765801 -0.0342417676 0.0040133254
753 0.0001411616 0.0013511836 0.0118040622 0.0001493504 0.0115054781 0.0041199988 0.0001621545
754 0.0001428378 0.0012864773 0.0118820363 0.0004035304 0.0132755516 -0.0150761437 0.0008704814
755 0.0001445454 0.0012209479 0.0119605489 0.0013820050 0.0365916929 -0.0065614795 0.0015941551
756 0.0001462852 0.0011545819 0.0120396075 0.0011208229 -0.0317392499 -0.0106509598 0.0015968660
757 0.0001480579 0.0010873660 0.0121192201 0.0001465181 -0.0066225166 0.0101321451 0.0000633908
758 0.0001498642 0.0010192863 0.0121993945 0.0007787114 -0.0149540696 0.0235602893 0.0003842180
759 0.0001517049 0.0009503286 0.0122801388 0.0040010057 -0.0496536149 -0.0391857662 0.0052094985
760 0.0001535810 0.0008804785 0.0123614613 0.0004973287 -0.0075991089 0.0209662160 0.0001459452
761 0.0001554931 0.0008097212 0.0124433703 0.0003092515 -0.0166020692 0.0057985168 0.0003473245
762 0.0001574422 0.0007380418 0.0125258745 0.0011720721 0.0335398419 -0.0068666646 0.0014520287
763 0.0001594292 0.0006654248 0.0126089826 0.0025152479 0.0458082827 -0.0204168828 0.0031285854
764 0.0001614550 0.0005918544 0.0126927034 0.0008500709 -0.0289620655 0.0033570360 0.0009605889
765 0.0001635205 0.0005173147 0.0127770460 0.0014600723 0.0369579150 -0.0097048860 0.0018333546
766 0.0001656267 0.0004417892 0.0128620197 0.0014883965 0.0369273965 0.0111697745 0.0013340632
767 0.0001677746 0.0003652611 0.0129476338 0.0002298132 0.0147404401 0.0035401471 0.0002951466
768 0.0001699653 0.0002877133 0.0130338980 0.0000295098 -0.0054322947 0.0000000000 0.0002026010
769 0.0001721997 0.0002091281 0.0131208221 0.0005541605 0.0230414747 0.0048219245 0.0005901877
770 0.0001744790 0.0001294878 0.0132084161 0.0000395883 -0.0056154057 -0.0028382214 0.0002904984
771 0.0001768043 0.0000487739 0.0132966901 0.0004551856 0.0213324381 0.0003357036 0.0006209815
772 0.0001791768 -0.0000330323 0.0133856546 0.0024349248 0.0154118473 -0.0468764306 0.0038700632
773 0.0001815977 -0.0001159500 0.0134753201 0.0024722107 0.0496536149 -0.0025940733 0.0027352350
774 0.0001840681 -0.0001999988 0.0135656975 0.0001576462 -0.0119022187 -0.0039979247 0.0004454228
775 0.0001865895 -0.0002851988 0.0136567978 0.0013655447 0.0368663594 0.0025330363 0.0015039764
776 0.0001891630 -0.0003715705 0.0137486323 0.0067853096 0.0274361400 -0.0776696066 0.0091305632
777 0.0001917900 -0.0004591349 0.0138412125 0.0003114551 -0.0069887387 0.0162053285 0.0000482248
778 0.0001944719 -0.0005479135 0.0139345501 0.0003372078 0.0181279946 -0.0029297769 0.0006331951
779 0.0001972102 -0.0006379283 0.0140286571 0.0036922209 0.0483718375 0.0367748039 0.0029193443
780 0.0002000063 -0.0007292019 0.0141235458 0.0029653202 0.0538041322 -0.0083925901 0.0034808609
781 0.0002028617 -0.0008217572 0.0142192287 0.0033667596 0.0563676870 -0.0137638478 0.0040536851
782 0.0002057782 -0.0009156179 0.0143157184 0.0009270364 0.0230719932 0.0198675497 0.0006062283
783 0.0002087571 -0.0010108082 0.0144130282 0.0020592510 0.0370189520 0.0262459181 0.0015862799
784 0.0002118003 -0.0011073528 0.0145111712 0.0000872963 0.0045167394 0.0081789605 0.0000717273
785 0.0002149095 -0.0012052770 0.0146101612 0.0004462472 0.0139774773 0.0158391064 0.0002320263
786 0.0002180865 -0.0013046068 0.0147100120 0.0003061863 -0.0041505173 0.0169988098 0.0000133378
787 0.0002213330 -0.0014053688 0.0148107378 0.0012794927 -0.0349131748 -0.0077822199 0.0016332148
788 0.0002246511 -0.0015075903 0.0149123532 0.0003171729 -0.0172429579 0.0044557024 0.0003569433
789 0.0002280427 -0.0016112991 0.0150148730 0.0014261915 0.0319833979 0.0200811792 0.0011542711
790 0.0002315098 -0.0017165239 0.0151183124 0.0004062454 -0.0007324442 -0.0201422163 0.0012442733
791 0.0002350546 -0.0018232941 0.0152226869 0.0010635207 -0.0305490280 -0.0114139225 0.0015346768
792 0.0002386792 -0.0019316396 0.0153280125 0.0010979715 0.0270088809 -0.0191961425 0.0020294710
793 0.0002423859 -0.0020415912 0.0154343053 0.0062399534 0.0460524308 -0.0641804254 0.0086515403
794 0.0002461770 -0.0021531807 0.0155415820 0.0006913685 0.0169377728 -0.0201116977 0.0016356209
795 0.0002500549 -0.0022664405 0.0156498596 0.0013027996 -0.0083010346 0.0351268044 0.0004157677
796 0.0002540221 -0.0023814036 0.0157591555 0.0013395592 0.0267647328 -0.0249641408 0.0025078841
797 0.0002580812 -0.0024981044 0.0158694875 0.0002563464 -0.0151676992 0.0051271096 0.0002759173
798 0.0002622348 -0.0026165777 0.0159808739 0.0021691827 -0.0192266610 -0.0424207282 0.0036866420
799 0.0002664858 -0.0027368594 0.0160933332 0.0071810629 0.0787682730 -0.0312509537 0.0088845681
800 0.0002708369 -0.0028589865 0.0162068846 0.0032256137 -0.0083010346 -0.0561845759 0.0052701395
801 0.0002752912 -0.0029829966 0.0163215477 0.0022991995 0.0225836970 -0.0422986541 0.0040899839
802 0.0002798517 -0.0031089287 0.0164373425 0.0018796764 -0.0433362835 -0.0012817774 0.0019322073
803 0.0002845215 -0.0032368226 0.0165542896 0.0003347536 0.0104983673 -0.0149845882 0.0011833562
804 0.0002893041 -0.0033667192 0.0166724099 0.0013613125 0.0132755516 -0.0344248787 0.0028878981
805 0.0002942027 -0.0034986606 0.0167917251 0.0029003761 0.0517899106 0.0147709586 0.0030609096
806 0.0002992209 -0.0036326899 0.0169122572 0.0003914793 -0.0121768853 -0.0155949583 0.0011297223
807 0.0003043624 -0.0037688515 0.0170340289 0.0004500723 -0.0208746605 0.0037842952 0.0004681641
808 0.0003096310 -0.0039071910 0.0171570634 0.0083056738 0.0429395428 -0.0803857540 0.0117092177
809 0.0003150306 -0.0040477553 0.0172813845 0.0003271982 -0.0163579211 0.0077211829 0.0002429376
810 0.0003205653 -0.0041905924 0.0174070166 0.0016102619 0.0175786615 -0.0360728782 0.0033339996
811 0.0003262394 -0.0043357520 0.0175339848 0.0047115132 -0.0046388134 0.0684835353 0.0025959485
812 0.0003320572 -0.0044832849 0.0176623148 0.0093446760 0.0732749413 -0.0630512406 0.0125610198
813 0.0003380234 -0.0046332435 0.0177920330 0.0001017830 0.0091250343 0.0043031098 0.0003712413
814 0.0003441426 -0.0047856816 0.0179231663 0.0013718930 0.0012207404 0.0370189520 0.0004007261
815 0.0003504199 -0.0049406546 0.0180557427 0.0004243337 0.0044557024 -0.0201116977 0.0015450450
816 0.0003568603 -0.0050982195 0.0181897907 0.0085819703 0.0916470840 0.0135196997 0.0093814635
817 0.0003634692 -0.0052584351 0.0183253395 0.0010340193 -0.0177312540 -0.0268257698 0.0021941939
818 0.0003702521 -0.0054213616 0.0184624192 0.0039518848 -0.0575884274 0.0252082888 0.0027669095
819 0.0003772147 -0.0055870613 0.0186010608 0.0009930833 -0.0273140660 -0.0157170324 0.0016497943
820 0.0003843631 -0.0057555982 0.0187412960 0.0008388050 0.0289620655 -0.0000610370 0.0015588439
821 0.0003917034 -0.0059270382 0.0188831575 0.0054935739 0.0017090365 0.0740989410 0.0031070924
822 0.0003992422 -0.0061014493 0.0190266789 0.0056996779 0.0266121403 0.0706503494 0.0037351823
823 0.0004069861 -0.0062789015 0.0191718946 0.0043312366 0.0378124332 0.0538651692 0.0031476691
824 0.0004149423 -0.0064594669 0.0193188401 0.0054467907 0.0503860591 0.0539262062 0.0044290836
825 0.0004231180 -0.0066432198 0.0194675521 0.0074043630 0.0036622211 0.0859706412 0.0045288630
826 0.0004315207 -0.0068302370 0.0196180679 0.0060010732 0.0458082827 0.0624713889 0.0046072209
827 0.0004401585 -0.0070205974 0.0197704263 0.0029919428 -0.0196234016 0.0510574664 0.0011377095
828 0.0004490397 -0.0072143827 0.0199246671 0.0041116676 0.0411999878 0.0491348003 0.0031971831
829 0.0004581727 -0.0074116769 0.0200808312 0.0078711331 -0.0006103702 0.0887173070 0.0047572236
830 0.0004675667 -0.0076125669 0.0202389608 0.0043982242 -0.0255745109 0.0611896115 0.0019995872
831 0.0004772310 -0.0078171423 0.0203990994 0.0100743111 -0.0371715445 0.0932340464 0.0061666104
832 0.0004871753 -0.0080254955 0.0205612917 0.0034038425 0.0387890255 -0.0435804315 0.0063057600
833 0.0004974099 -0.0082377221 0.0207255839 0.0015092193 0.0328989532 -0.0206610309 0.0034050779
834 0.0005079454 -0.0084539207 0.0208920235 0.0007133854 -0.0227973266 0.0139164403 0.0002543921
835 0.0005187930 -0.0086741933 0.0210606595 0.0063503125 0.0733054598 -0.0312509537 0.0094571684
836 0.0005299643 -0.0088986452 0.0212315426 0.0029301588 -0.0466628010 0.0274361400 0.0014646285
837 0.0005414714 -0.0091273852 0.0214047248 0.0043716733 0.0281075472 -0.0598467971 0.0079882500
838 0.0005533271 -0.0093605260 0.0215802600 0.0039654503 -0.0557573168 0.0292672506 0.0022117520
839 0.0005655446 -0.0095981839 0.0217582037 0.0065792503 0.0798669393 -0.0141605884 0.0092941679
840 0.0005781378 -0.0098404792 0.0219386133 0.0096169116 -0.0963469344 -0.0182805872 0.0091009509
841 0.0005911213 -0.0100875367 0.0221215480 0.0045543150 0.0254524369 -0.0625019074 0.0084242189
842 0.0006045103 -0.0103394852 0.0223070690 0.0091372950 -0.0937223426 -0.0187994018 0.0086424429
843 0.0006183207 -0.0105964582 0.0224952395 0.0008821141 0.0261238441 -0.0141300699 0.0026897939
844 0.0006325693 -0.0108585940 0.0226861249 0.0075243312 -0.0784325694 -0.0370494705 0.0081345835
845 0.0006472736 -0.0111260357 0.0228797926 0.0032809526 0.0025635548 -0.0572222053 0.0066037349
846 0.0006624518 -0.0113989317 0.0230763126 0.0045819071 -0.0626850185 -0.0255439924 0.0049941968
847 0.0006781234 -0.0116774358 0.0232757570 0.0016784621 -0.0126346629 -0.0389721366 0.0038757165
848 0.0006943084 -0.0119617073 0.0234782008 0.0035113051 0.0551164281 -0.0217596973 0.0065459437
849 0.0007110280 -0.0122519116 0.0236837212 0.0007276765 -0.0025330363 -0.0268562883 0.0026487491
850 0.0007283045 -0.0125482203 0.0238923985 0.0035793032 0.0316782128 -0.0507522813 0.0075278056
851 0.0007461614 -0.0128508113 0.0241043157 0.0002950768 0.0155949583 0.0072023682 0.0010948376
852 0.0007646231 -0.0131598693 0.0243195588 0.0005363302 -0.0127262185 0.0193487350 0.0000248971
853 0.0007837155 -0.0134755862 0.0245382171 0.0021884063 0.0349742119 -0.0310678426 0.0054394168
854 0.0008034658 -0.0137981612 0.0247603828 0.0000936232 0.0054933317 0.0079653310 0.0006542355
855 0.0008239026 -0.0141278015 0.0249861521 0.0036688535 0.0282296213 -0.0535905026 0.0079684419
856 0.0008450559 -0.0144647223 0.0252156243 0.0054415703 -0.0624408704 -0.0392773217 0.0064610509
857 0.0008669575 -0.0148091474 0.0254489028 0.0012380361 0.0254829554 -0.0242622150 0.0040946488
858 0.0008896408 -0.0151613095 0.0256860949 0.0002774561 0.0133365886 0.0099795526 0.0010588257
859 0.0009131409 -0.0155214510 0.0259273119 0.0021903399 0.0219733268 0.0413220618 0.0016428567
860 0.0009374951 -0.0158898240 0.0261726697 0.0004138398 -0.0149235511 -0.0138248848 0.0016007380
861 0.0009627426 -0.0162666911 0.0264222887 0.0012495126 0.0104983673 0.0337534715 0.0007701146
862 0.0009889246 -0.0166523260 0.0266762939 0.0002414368 0.0155339213 0.0003662221 0.0017281744
863 0.0010160850 -0.0170470136 0.0269348158 0.0084564669 -0.0610980560 -0.0687276833 0.0110918081
864 0.0010442698 -0.0174510513 0.0271979898 0.0038836110 -0.0619525742 0.0067445906 0.0023987271
865 0.0010735281 -0.0178647491 0.0274659571 0.0007132224 -0.0031434065 -0.0265205847 0.0031312646
866 0.0011039113 -0.0182884306 0.0277388649 0.0030766014 0.0551469466 0.0059511093 0.0058674609
867 0.0011354743 -0.0187224334 0.0280168665 0.0016030577 0.0263069552 0.0301828059 0.0020323371
868 0.0011682750 -0.0191671105 0.0283001216 0.0030939316 0.0096438490 0.0547807245 0.0015312937
869 0.0012023748 -0.0196228302 0.0285887970 0.0016572975 0.0401318400 0.0068361461 0.0040437984
870 0.0012378388 -0.0200899779 0.0288830669 0.0026998175 -0.0216986602 0.0472121342 0.0003385426
871 0.0012747360 -0.0205689566 0.0291831128 0.0007204266 0.0253608814 0.0087893307 0.0025254564
872 0.0013131400 -0.0210601877 0.0294891248 0.0017972838 -0.0175176244 -0.0386059145 0.0046494841
873 0.0013531285 -0.0215641128 0.0298013012 0.0004362926 0.0168156987 0.0123905148 0.0017761454
874 0.0013947845 -0.0220811940 0.0301198497 0.0015402454 -0.0259407331 0.0294503616 0.0000153443
875 0.0014381960 -0.0226119157 0.0304449873 0.0066102503 0.0812402722 -0.0032044435 0.0119175611
876 0.0014834569 -0.0231567859 0.0307769416 0.0010329380 0.0177007355 -0.0268257698 0.0049874094
877 0.0015306670 -0.0237163374 0.0311159506 0.0034747242 0.0584429456 0.0076906644 0.0072988918
878 0.0015799330 -0.0242911293 0.0314622641 0.0051450331 0.0686056093 0.0209356975 0.0087406127
879 0.0016313684 -0.0248817491 0.0318161438 0.0007859427 -0.0127567370 -0.0249641408 0.0033710166
880 0.0016850946 -0.0254888139 0.0321778645 0.0005371321 -0.0184636982 -0.0140079958 0.0021824859
881 0.0017412411 -0.0261129726 0.0325477147 0.0041536616 0.0292367321 -0.0574358348 0.0111606290
882 0.0017999464 -0.0267549079 0.0329259974 0.0130133795 0.0834376049 -0.0777916807 0.0244007941
883 0.0018613588 -0.0274153385 0.0333130314 0.0035102796 0.0552385022 0.0214239937 0.0069730066
884 0.0019256372 -0.0280950217 0.0337091518 0.0048570887 0.0593890194 0.0364696188 0.0076610776
885 0.0019929515 -0.0287947554 0.0341147116 0.0031442261 0.0428785058 0.0361339152 0.0051411336
886 0.0020634844 -0.0295153816 0.0345300826 0.0075349759 0.0863673818 0.0086977752 0.0140961230
887 0.0021374317 -0.0302577888 0.0349556568 0.0029776433 0.0542008728 0.0063173315 0.0079534192
888 0.0022150042 -0.0310229159 0.0353918476 0.0012966003 0.0077822199 -0.0351573229 0.0064830240
889 0.0022964282 -0.0318117549 0.0358390917 0.0073755424 0.0679952391 0.0524613178 0.0102377344
890 0.0023819478 -0.0326253556 0.0362978505 0.0001475491 -0.0054322947 0.0108645894 0.0013863133
891 0.0024718256 -0.0334648294 0.0367686117 0.0015516083 0.0347300638 -0.0185857723 0.0077146513
892 0.0025663453 -0.0343313538 0.0372518917 0.0022570676 -0.0419934690 0.0222174749 0.0002847417
893 0.0026658130 -0.0352261774 0.0377482373 0.0036208250 0.0469069491 0.0376903592 0.0067458538
894 0.0027705598 -0.0361506255 0.0382582282 0.0041485279 -0.0465102084 0.0445570238 0.0001469958
895 0.0028809438 -0.0371061057 0.0387824798 0.0004691032 -0.0014954070 -0.0216071047 0.0049150238
896 0.0029973534 -0.0380941148 0.0393216452 0.0001964289 -0.0053102206 -0.0129703665 0.0038092382
897 0.0031202095 -0.0391162455 0.0398764191 0.0073841623 0.0704977569 -0.0491348003 0.0199382267
898 0.0032499694 -0.0401741945 0.0404475405 0.0090263193 0.0755638295 -0.0575884274 0.0230063412
899 0.0033871306 -0.0412697706 0.0410357968 0.0041048424 0.0132450331 -0.0626850185 0.0137298713
900 0.0035322344 -0.0424049047 0.0416420273 0.0084359998 0.0162663656 -0.0903958251 0.0208763124
901 0.0036858712 -0.0435816599 0.0422671281 0.0013953712 -0.0000305185 -0.0373546556 0.0082363303
902 0.0038486856 -0.0448022427 0.0429120567 0.0083423282 0.0748313852 -0.0523697623 0.0233908300
903 0.0040213822 -0.0460690160 0.0435778376 0.0053942758 0.0675984985 -0.0287179174 0.0181469801
904 0.0042047326 -0.0473845132 0.0442655681 0.0011229539 -0.0333262123 -0.0035096286 0.0024801052
905 0.0043995830 -0.0487514532 0.0449764248 0.0026462818 -0.0514236885 0.0013733329 0.0019083705
906 0.0046068626 -0.0501727583 0.0457116713 0.0069552621 0.0445570238 -0.0704977569 0.0224783628
907 0.0048275937 -0.0516515731 0.0464726664 0.0033600006 -0.0226752525 -0.0533463546 0.0108034641
908 0.0050629030 -0.0531912861 0.0472608727 0.0021196603 -0.0182500687 -0.0422681356 0.0092363320
909 0.0053140340 -0.0547955535 0.0480778676 0.0052689782 -0.0653401288 -0.0316171758 0.0064624880
910 0.0055823622 -0.0564683266 0.0489253540 0.0010217763 -0.0161442915 0.0275887326 0.0020812792
911 0.0058694113 -0.0582138812 0.0498051738 0.0045366979 -0.0571306497 -0.0356761376 0.0073082280
912 0.0061768733 -0.0600368525 0.0507193219 0.0015886390 -0.0252693258 -0.0308236946 0.0078580444
913 0.0065066302 -0.0619422726 0.0516699628 0.0073292715 0.0344553972 -0.0783715323 0.0262033012
914 0.0068607804 -0.0639356146 0.0526594489 0.0060969559 0.0311593982 -0.0715964232 0.0244825832
915 0.0072416683 -0.0660228411 0.0536903416 0.0013746164 -0.0159306619 0.0334788049 0.0029177326
916 0.0076519198 -0.0682104604 0.0547654348 0.0035780207 0.0076296274 -0.0593279824 0.0187690268
917 0.0080944825 -0.0705055904 0.0558877822 0.0046114057 -0.0593890194 -0.0329294717 0.0080120827
918 0.0085726743 -0.0729160310 0.0570607284 0.0006860587 -0.0213324381 0.0151982177 0.0044133369
919 0.0090902394 -0.0754503477 0.0582879442 0.0014021358 0.0325937681 -0.0184331797 0.0175596618
920 0.0096514150 -0.0781179683 0.0595734675 0.0034231556 0.0135502182 0.0569170202 0.0084101131
921 0.0102610101 -0.0809292927 0.0609217508 0.0084410926 -0.0782799768 0.0480971709 0.0001714887
922 0.0109244998 -0.0838958226 0.0623377155 0.0002990780 -0.0045167394 0.0166936247 0.0083844219
923 0.0116481373 -0.0870303101 0.0638268156 0.0037287226 -0.0544755394 -0.0275887326 0.0094166155
924 0.0124390889 -0.0903469325 0.0653951121 0.0040993929 0.0547807245 0.0331431013 0.0221022290
925 0.0133055972 -0.0938614965 0.0670493598 0.0007931152 -0.0051881466 0.0276802881 0.0094128868
926 0.0142571781 -0.0975916790 0.0687971094 0.0000172305 -0.0033570360 0.0024414808 0.0132832374
927 0.0153048621 -0.1015573118 0.0706468292 0.0000872153 0.0010681478 -0.0092776269 0.0169199037
928 0.0164614893 -0.1057807195 0.0726080483 0.0000536512 0.0073244423 0.0000610370 0.0180558465
929 0.0177420740 -0.1102871234 0.0746915287 0.0041275951 -0.0549638356 0.0332651753 0.0047768089
930 0.0191642570 -0.1151051267 0.0769094717 0.0003669560 -0.0014038514 0.0191045869 0.0162693847
931 0.0207488706 -0.1202673000 0.0792757667 0.0050915626 0.0458693197 0.0546586505 0.0282073788
932 0.0225206508 -0.1258108936 0.0818062945 0.0018838127 0.0274361400 0.0336313974 0.0258054740
933 0.0245091395 -0.1317787080 0.0845192973 0.0003721131 0.0037537767 -0.0189214759 0.0290690480
934 0.0267498398 -0.1382201670 0.0874358351 0.0027559489 -0.0515457625 0.0099490341 0.0135166567
935 0.0292857056 -0.1451926492 0.0905803523 0.0049469072 -0.0143742180 0.0688497574 0.0175856807
936 0.0321690822 -0.1527631543 0.0939813860 0.0022719343 0.0268257698 -0.0393993957 0.0500426146
937 0.0354642609 -0.1610104070 0.0976724613 0.0050665709 0.0151371807 0.0695516831 0.0318187508
938 0.0392508766 -0.1700275371 0.1016932307 0.0090290249 -0.0868251595 0.0386059145 0.0109026451
939 0.0436284847 -0.1799255309 0.1060909425 0.0026057249 -0.0438550981 -0.0261238441 0.0359959125
940 0.0487228050 -0.1908377242 0.1109223511 0.0009502175 0.0305490280 0.0041199988 0.0604188365
941 0.0546943621 -0.2029257243 0.1162562365 0.0006522227 -0.0084231086 -0.0241096225 0.0575338418
942 0.0617506344 -0.2163873193 0.1221767672 0.0009535481 0.0012512589 -0.0308542131 0.0707850317
943 0.0701634301 -0.2314672014 0.1287880615 0.0008167918 0.0082094790 -0.0273751030 0.0818318451
944 0.0802942235 -0.2484717422 0.1362204715 0.0006226029 0.0043641469 0.0245674001 0.0763923951
945 0.0926318965 -0.2677897305 0.1446394025 0.0017847465 -0.0008545183 -0.0422376171 0.1061774280
946 0.1078503264 -0.2899220792 0.1542579476 0.0075159087 0.0390026551 -0.0774254585 0.1618686815
947 0.1268986768 -0.3155253790 0.1653554111 0.0015059222 -0.0368663594 -0.0121158483 0.1091468971
948 0.1511474209 -0.3454774649 0.1783051939 0.0007935586 -0.0114749596 -0.0257271035 0.1531868519
949 0.1826330808 -0.3809791658 0.1936180676 0.0019458649 -0.0342722861 -0.0277718436 0.1692191532
950 0.2244858384 -0.4237178969 0.2120117501 0.0011950455 -0.0340586566 0.0059205908 0.1943078895
951 0.2817142606 -0.4761418866 0.2345275344 0.0012461419 -0.0290536210 0.0200506607 0.2458882466
952 0.3627327736 -0.5419434174 0.2627358100 0.0013801227 -0.0174871059 0.0327768792 0.3279355326
953 0.4825572341 -0.6269639896 0.2991210287 0.0068044885 -0.0681478317 0.0464796899 0.3761031445
954 0.6701237274 -0.7410243786 0.3478600260 0.0011002320 -0.0195928831 0.0267647328 0.6235655901
955 0.9871405496 -0.9020084589 0.4165588671 0.0115686060 -0.1000091556 0.0395825068 0.7853140588
956 1.5850557793 -1.1462752659 0.5206810867 0.0036651364 -0.0143742180 0.0588091678 1.4945256519
957 2.9222949730 -1.5608232791 0.6972271255 0.0026837977 -0.0467848750 0.0222479934 2.7479091177
958 6.9777539249 -2.4185453526 1.0622581148 0.0125390429 -0.0792565691 0.0791039766 6.4388640720
959 32.6276884366 -5.2441368444 2.2642255175 0.0069360217 -0.0689413129 0.0467238380 31.6999624874
960 1536.5602526064 36.0844397977 -15.3125261499 0.0073972426 0.0170903653 -0.0842921232 1532.7528066523
961 20.0798622507 4.1358978240 -1.7245902238 0.0088789713 -0.0154118473 -0.0929593799 19.8955911979
962 5.7267081226 2.2144520869 -0.9071439123 0.0099340752 0.0343333232 -0.0935697501 5.4148207413
963 2.6905743885 1.5217410381 -0.6122733062 0.0097702037 -0.0140385144 -0.0978423414 2.6232580513
964 1.5685234581 1.1647923343 -0.4601980836 0.0104886511 0.0230109561 -0.0997955260 1.4335547190
965 1.0321168528 0.9471800121 -0.3673783847 0.0123763579 -0.0503250221 -0.0992156743 1.0669275325
966 0.7340158205 0.8006935676 -0.3048042508 0.0136168510 0.0716879788 -0.0920743431 0.5767031622
967 0.5510487860 0.6954000667 -0.2597451314 0.0112136592 0.0406506546 -0.0977813044 0.4549290739
968 0.4305325322 0.6160974142 -0.2257354832 0.0072666073 0.0183111057 -0.0832544939 0.3776493030
969 0.3468458124 0.5542453168 -0.1991430170 0.0028063300 0.0030213324 -0.0528885769 0.3252382421
970 0.2863005133 0.5046764805 -0.1777699729 0.0060419002 0.0649739067 -0.0426648762 0.2115917406
971 0.2410380204 0.4640810676 -0.1602085612 0.0146811671 -0.0210272530 -0.1193273721 0.2370013543
972 0.2062819514 0.4302409259 -0.1455152812 0.0087912419 0.0012817774 -0.0937528611 0.1866852992
973 0.1789917183 0.4016138066 -0.1330340886 0.0007793681 0.0163274026 -0.0226447340 0.1606314227
974 0.1571559886 0.3770941584 -0.1222946618 0.0056787591 0.0723288675 0.0211493271 0.1134580605
975 0.1394005322 0.3558687959 -0.1129510174 0.0011839639 0.0301217689 -0.0166325877 0.1153883655
976 0.1247600951 0.3373262619 -0.1047429621 0.0100107091 0.0308236946 -0.0951872311 0.0940351358
977 0.1125402834 0.3209979412 -0.0974710478 0.0149939513 -0.0126041444 -0.1217993713 0.1118822188
978 0.1022310185 0.3065186641 -0.0909798166 0.0103332495 0.0180364391 -0.1000396741 0.0833040752
979 0.0934506578 0.2935996683 -0.0851463009 0.0045514147 0.0240791040 -0.0630207221 0.0731308758
980 0.0859089544 0.2820096200 -0.0798719515 0.0025997827 0.0101931822 -0.0499588000 0.0747789725
981 0.0793819254 0.2715610257 -0.0750768586 0.0103113435 0.0014038514 -0.1015350810 0.0736849364
982 0.0736944410 0.2621003278 -0.0706955387 0.0132082958 0.0716269417 -0.0898770104 0.0366480396
983 0.0687079366 0.2535005699 -0.0666738151 0.0007747773 0.0026245918 -0.0277108066 0.0644568724
984 0.0643115916 0.2456558868 -0.0629664743 0.0124589526 -0.0133976257 -0.1108127079 0.0693979844
985 0.0604159006 0.2384773093 -0.0595354813 0.0075837057 -0.0101626637 -0.0864894559 0.0625483529
986 0.0569479209 0.2318895332 -0.0563486049 0.0156203077 0.0800500504 -0.0959807123 0.0246259325
987 0.0538477154 0.2258284026 -0.0533783474 0.0096831206 0.0189519944 -0.0965605640 0.0446625521
988 0.0510656581 0.2202389306 -0.0506011022 0.0108103347 -0.0083010346 -0.1036408582 0.0550437314
989 0.0485603708 0.2150737275 -0.0479964847 0.0020934587 0.0295724357 -0.0349131748 0.0345819022
990 0.0462971275 0.2102917421 -0.0455467969 0.0125345359 0.0999481185 -0.0504470962 0.0121997282
991 0.0442466089 0.2058572462 -0.0432365946 0.0042460656 0.0558488723 -0.0335703604 0.0225959483
992 0.0423839218 0.2017390083 -0.0410523359 0.0137914660 0.0071108127 -0.1172215949 0.0436818905
993 0.0406878203 0.1979096176 -0.0389820928 0.0168763958 0.0541703543 -0.1180761132 0.0269168399
994 0.0391400840 0.1943449267 -0.0370153139 0.0172998446 0.0803552355 -0.1041291543 0.0174979173
995 0.0377250161 0.1910235898 -0.0351426268 0.0029084232 0.0475783563 -0.0253913999 0.0206716214
996 0.0364290372 0.1879266775 -0.0333556747 0.0059550509 0.0195623646 -0.0746482742 0.0300516206
997 0.0352403538 0.1850373546 -0.0316469776 0.0123776786 0.0516983551 -0.0985137486 0.0222504539
998 0.0341486864 0.1823406081 -0.0300098162 0.0020365263 0.0450758385 0.0021668142 0.0198769525
999 0.0331450451 0.1798230177 -0.0284381337 0.0059754817 0.0627765740 -0.0451063570 0.0139776996
1000 0.0322215434 0.1774725601 -0.0269264518 0.0055269033 -0.0350657674 -0.0655537584 0.0466646095
1001 0.0313712433 0.1752784431 -0.0254697988 0.0035102666 0.0530716880 -0.0263374737 0.0149352439
1002 0.0305880255 0.1732309624 -0.0240636479 0.0011587422 0.0325632496 0.0099185156 0.0209421929
1003 0.0298664805 0.1713213795 -0.0227038646 0.0123836329 0.0182500687 -0.1097750786 0.0310122225
1004 0.0292018165 0.1695418159 -0.0213866598 0.0078465009 -0.0595416120 -0.0655842769 0.0544326463
1005 0.0285897814 0.1678851618 -0.0201085508 0.0053587111 0.0102542192 -0.0724814600 0.0275904357
1006 0.0280265963 0.1663449972 -0.0188663255 0.0106894276 -0.0397045808 -0.0954618976 0.0483233103
1007 0.0275088997 0.1649155227 -0.0176570121 0.0045771496 -0.0676290170 -0.0018616291 0.0543264571
1008 0.0270336985 0.1635915002 -0.0164778523 0.0144908527 -0.0032349620 -0.1203344829 0.0386172682
1009 0.0265983272 0.1623682001 -0.0153262774 0.0150484724 -0.0195928831 -0.1210974456 0.0442973758
1010 0.0262004118 0.1612413562 -0.0141998871 0.0175179392 -0.0787377544 -0.1063875240 0.0660885340
1011 0.0258378396 0.1602071257 -0.0130964307 0.0068377574 -0.0035706656 -0.0826136052 0.0316558025
1012 0.0255087331 0.1592620543 -0.0120137906 0.0126398218 -0.0390942106 -0.1054109317 0.0480682338
1013 0.0252114266 0.1584030456 -0.0109499667 0.0094115611 0.0348216193 -0.0905484176 0.0216082823
1014 0.0249444474 0.1576273348 -0.0099030632 0.0049617795 0.0438245796 -0.0551469466 0.0149980761
1015 0.0247064983 0.1569324657 -0.0088712759 0.0067564517 0.0201727348 -0.0796838282 0.0237176416
1016 0.0244964439 0.1563162698 -0.0078528813 0.0081265658 -0.0039674062 -0.0900601215 0.0324488871
1017 0.0243132977 0.1557768497 -0.0068462256 0.0104183590 0.0666524247 -0.0773033845 0.0129073744
1018 0.0241562116 0.1553125637 -0.0058497160 0.0008777692 0.0226447340 -0.0191045869 0.0177764446
1019 0.0240244674 0.1549220134 -0.0048618109 0.0139953365 0.0242622150 -0.1157872250 0.0293764304
1020 0.0239174691 0.1546040324 -0.0038810121 0.0089888443 -0.0321970275 -0.0891750847 0.0421697148
1021 0.0238347369 0.1543576783 -0.0029058570 0.0146277990 0.0195318461 -0.1193578906 0.0317390812
1022 0.0237759024 0.1541822252 -0.0019349104 0.0043334635 0.0509964293 -0.0416272469 0.0122227900
1023 0.0237407053 0.1540771581 -0.0009667583 0.0116581218 0.0528580584 -0.0941496017 0.0189283485
