#int double real img int16 real16 img16 error
0 0.0149719806 0.1223600449 0.0000000000 0.0001869316 0.0136722922 0.0000000000 0.0118130276
1 0.0149793724 0.1223878370 0.0007679234 0.0000430567 0.0065614795 -0.0000610370 0.0134164323
2 0.0150015803 0.1224712947 0.0015369540 0.0002057426 0.0143436995 -0.0000305185 0.0116940338
3 0.0150387023 0.1226106622 0.0023082042 0.0000084066 -0.0028992584 -0.0000305185 0.0157582098
4 0.0150909028 0.1228063482 0.0030827975 0.0001977142 0.0012207404 0.0140079958 0.0149024200
5 0.0151584142 0.1230589294 0.0038618737 0.0039101851 -0.0625019074 0.0019226661 0.0344365847
6 0.0152415391 0.1233691546 0.0046465946 0.0023664824 0.0486465041 0.0000000000 0.0056050653
7 0.0153406538 0.1237379500 0.0054381503 0.0043924319 -0.0520340587 -0.0410473952 0.0330567050
8 0.0154562112 0.1241664266 0.0062377653 0.0040385850 0.0116580706 0.0624713889 0.0158203506
9 0.0155887466 0.1246558884 0.0070467049 0.0045017675 -0.0326853236 0.0585955382 0.0274135392
10 0.0157388823 0.1252078426 0.0078662827 0.0036432443 0.0472426527 -0.0375682852 0.0081428708
11 0.0159073348 0.1258240116 0.0086978677 0.0041235688 0.0148625141 0.0624713889 0.0152040455
12 0.0160949225 0.1265063464 0.0095428931 0.0028836252 -0.0107425153 0.0526139103 0.0206923626
13 0.0163025747 0.1272570434 0.0104028647 0.0039554315 -0.0072634053 0.0624713889 0.0208068823
14 0.0165313422 0.1280785619 0.0112793712 0.0006571934 0.0250862148 -0.0052797021 0.0108816265
15 0.0167824099 0.1289736457 0.0121740949 0.0024389521 -0.0175176244 0.0461745048 0.0226157201
16 0.0170571106 0.1299453475 0.0130888233 0.0039404661 -0.0625019074 -0.0058290353 0.0373938313
17 0.0173569423 0.1309970560 0.0140254632 0.0061760002 -0.0625019074 -0.0476393933 0.0412444034
18 0.0176835868 0.1321325280 0.0149860550 0.0073184218 -0.0611590930 -0.0598162786 0.0429570398
19 0.0180389325 0.1333559242 0.0159727897 0.0020432620 -0.0179754021 -0.0414746544 0.0262013791
20 0.0184251006 0.1346718513 0.0169880278 0.0074009951 -0.0625019074 0.0591143529 0.0406521184
21 0.0188444752 0.1360854089 0.0180343207 0.0018890284 -0.0353404340 -0.0252998444 0.0312646695
22 0.0192997393 0.1376022446 0.0191144350 0.0041477846 0.0624713889 0.0156559954 0.0056566063
23 0.0197939163 0.1392286163 0.0202313803 0.0018242901 -0.0336008789 -0.0263679922 0.0320415359
24 0.0203304195 0.1409714654 0.0213884409 0.0035462020 0.0540787988 0.0249336222 0.0075629038
25 0.0209131097 0.1428385002 0.0225892125 0.0058701194 -0.0625019074 0.0443128758 0.0426366005
26 0.0215463645 0.1448382934 0.0238376443 0.0008161352 0.0285653249 -0.0003967406 0.0141067086
27 0.0222351600 0.1469803952 0.0251380878 0.0078091629 -0.0625019074 0.0624713889 0.0452766105
28 0.0229851685 0.1492754660 0.0264953542 0.0025208436 0.0191351054 0.0464186529 0.0173334513
29 0.0238028760 0.1517354309 0.0279147807 0.0020847745 -0.0449537645 -0.0079958495 0.0399762129
30 0.0246957235 0.1543736626 0.0294023089 0.0052989565 -0.0440076907 -0.0579851680 0.0469917324
31 0.0256722791 0.1572051972 0.0309645770 0.0011391413 -0.0110477004 -0.0318918424 0.0322599670
32 0.0267424467 0.1602469904 0.0326090295 0.0042149110 0.0176702170 0.0624713889 0.0212198968
33 0.0279177229 0.1635182230 0.0343440479 0.0011227090 -0.0257881405 0.0213934751 0.0360046166
34 0.0292115126 0.1670406683 0.0361791068 0.0071808692 -0.0625019074 0.0572222053 0.0531326060
35 0.0306395226 0.1708391343 0.0381249630 0.0041525551 -0.0156865139 -0.0625019074 0.0449175845
36 0.0322202520 0.1749420009 0.0401938842 0.0035914857 -0.0049439985 0.0597247230 0.0327404265
37 0.0339756115 0.1793818764 0.0423999285 0.0039097240 0.0026551103 0.0624713889 0.0316352134
38 0.0359317089 0.1841964035 0.0447592878 0.0029041304 0.0538346507 0.0024414808 0.0187849834
39 0.0381198562 0.1894292601 0.0472907137 0.0051924524 -0.0567033906 0.0444654683 0.0605892638
40 0.0405778711 0.1951314069 0.0500160484 0.0040862242 0.0304879910 -0.0561845759 0.0383860270
41 0.0433517772 0.2013626602 0.0529608939 0.0011363881 -0.0319528794 0.0107425153 0.0562185325
42 0.0464980488 0.2081936907 0.0561554624 0.0021085732 0.0253303629 0.0383007294 0.0337577881
43 0.0500866088 0.2157085902 0.0596356686 0.0039345509 -0.0056459243 0.0624713889 0.0490058624
44 0.0542048858 0.2240082037 0.0634445463 0.0005703563 0.0028382214 0.0237128819 0.0504947662
45 0.0589633789 0.2332145062 0.0676341109 0.0043710847 -0.0322580645 0.0577105014 0.0705741638
46 0.0645034120 0.2434764294 0.0722678371 0.0028020298 -0.0021973327 0.0528885769 0.0607311531
47 0.0710081184 0.2549777280 0.0774240053 0.0009472986 -0.0297860652 0.0077517014 0.0859446479
48 0.0787182983 0.2679477741 0.0832002922 0.0008499815 0.0288705100 -0.0040589618 0.0647721156
49 0.0879557896 0.2826766324 0.0897201823 0.0063049218 -0.0490127262 0.0624713889 0.1107603274
50 0.0991587252 0.2995365372 0.0971421028 0.0039053903 -0.0016479995 0.0624713889 0.0919141835
51 0.1129361393 0.3190131860 0.1056727327 0.0028728817 -0.0521256142 -0.0124820704 0.1517045665
52 0.1301551123 0.3417525152 0.1155868965 0.0078053489 0.0624713889 0.0624713889 0.0808192046
53 0.1520847092 0.3686326952 0.1272581836 0.0026623714 0.0222785119 0.0465407270 0.1264765281
54 0.1806434116 0.4008787779 0.1412077088 0.0068437182 -0.0542313913 0.0624713889 0.2133246742
55 0.2188449127 0.4402527041 0.1581849212 0.0053495612 0.0497756890 0.0535905026 0.1634122917
56 0.2716476632 0.4893835715 0.1793080679 0.0039043174 0.0624713889 0.0012817774 0.2139473717
57 0.3476882787 0.5523759074 0.2063228917 0.0039549891 -0.0072328867 0.0624713889 0.3338552573
58 0.4631326729 0.6360135081 0.2421146224 0.0039864986 0.0624713889 0.0091555528 0.3832204906
59 0.6512217086 0.7523718270 0.2918190238 0.0008556192 0.0142521439 0.0255439924 0.6157230588
60 0.9896713959 0.9252274387 0.3655483314 0.0016013439 -0.0357982116 0.0178838466 1.0444408946
61 1.6976376713 1.2087618725 0.4863459745 0.0041978928 0.0171819208 0.0624713889 1.5995324455
62 3.6133085497 1.7590018170 0.7205700225 0.0001869884 -0.0101016266 0.0092165899 3.6357507005
63 12.6695365633 3.2852604175 1.3698907081 0.0036870824 -0.0542619098 -0.0272530290 13.1044199972
64 969.5039766183 28.6628893655 12.1631718658 0.0043960447 -0.0625019074 -0.0221259194 973.6295858973
65 20.5866796525 -4.1655659623 -1.7985382583 0.0078129769 -0.0625019074 -0.0625019074 19.8489568498
66 4.4026650869 -1.9211188605 -0.8437816132 0.0039483483 -0.0064699240 -0.0625019074 4.2762785286
67 1.8438434760 -1.2398060000 -0.5538271918 0.0078129769 -0.0625019074 -0.0625019074 1.6274454615
68 1.0001025854 -0.9105188085 -0.4135916884 0.0066972374 -0.0625019074 -0.0528275399 0.8492834354
69 0.6228435798 -0.7164907868 -0.3308844696 0.0048831105 -0.0625019074 -0.0312509537 0.5174816983
70 0.4228194875 -0.5886165866 -0.2763150404 0.0078129769 -0.0625019074 -0.0625019074 0.3225127115
71 0.3044730310 -0.4980151991 -0.2376002787 0.0070624359 -0.0601519822 -0.0586870937 0.2237341245
72 0.2288689076 -0.4304809581 -0.2086984722 0.0013435567 -0.0216986602 0.0295419172 0.2238614502
73 0.1777496817 -0.3782129443 -0.1862918424 0.0030284361 -0.0526749474 0.0159306619 0.1468689287
74 0.1416409884 -0.3365710891 -0.1684069192 0.0026434942 -0.0268868068 -0.0438245796 0.1114251140
75 0.1152336837 -0.3026225082 -0.1537962978 0.0028980476 -0.0469679861 0.0263069552 0.0977964164
76 0.0953675753 -0.2744225048 -0.1416328499 0.0004470109 -0.0208441420 0.0035401471 0.0853771852
77 0.0800676521 -0.2506307173 -0.1313464718 0.0004529950 -0.0127262185 -0.0170598468 0.0696599832
78 0.0680489555 -0.2302932933 -0.1225314432 0.0002181700 -0.0112918485 0.0095217750 0.0653996853
79 0.0584467754 -0.2127129439 -0.1148911613 0.0072652298 -0.0625019074 -0.0579546495 0.0258051219
80 0.0506622301 -0.1973681204 -0.1082037667 0.0078129769 -0.0625019074 -0.0625019074 0.0202775553
81 0.0442701316 -0.1838609335 -0.1022999936 0.0045841685 -0.0625019074 -0.0260322886 0.0205447760
82 0.0389620163 -0.1718825574 -0.0970484558 0.0042487927 -0.0617084262 -0.0209967345 0.0179222035
83 0.0345098095 -0.1611896323 -0.0923456111 0.0034903453 -0.0587786493 0.0059511093 0.0201502547
84 0.0307420116 -0.1515877926 -0.0881087554 0.0043431135 -0.0412915433 -0.0513626514 0.0135155388
85 0.0275277129 -0.1429199293 -0.0842710310 0.0058512319 -0.0625019074 -0.0440992462 0.0080808305
86 0.0247656288 -0.1350576734 -0.0807778044 0.0046271311 -0.0616779077 -0.0286873989 0.0080980004
87 0.0223764359 -0.1278951124 -0.0775839938 0.0039285770 -0.0625019074 -0.0046998505 0.0095883696
88 0.0202973187 -0.1213440867 -0.0746520684 0.0002768292 0.0117191076 0.0118106632 0.0251816177
89 0.0184780310 -0.1153306207 -0.0719505313 0.0040934200 -0.0625019074 0.0136722922 0.0101221409
90 0.0168780079 -0.1097921813 -0.0694527526 0.0009533982 -0.0280770287 -0.0128482925 0.0098814311
91 0.0154642216 -0.1046755485 -0.0671360642 0.0049470712 -0.0625019074 -0.0322580645 0.0029950909
92 0.0142095700 -0.0999351450 -0.0649810495 0.0071252249 -0.0625019074 0.0567339091 0.0162157784
93 0.0130916523 -0.0955317121 -0.0629709798 0.0052588746 -0.0625019074 0.0367748039 0.0110401894
94 0.0120918287 -0.0914312521 -0.0610913649 0.0018941612 0.0323496200 -0.0291146580 0.0163442141
95 0.0111944919 -0.0876041761 -0.0593295901 0.0004504607 -0.0166325877 0.0131839961 0.0102951865
96 0.0103864976 -0.0840246122 -0.0576746228 0.0069241578 -0.0625019074 0.0549333171 0.0131437749
97 0.0096567151 -0.0806698402 -0.0561167711 0.0011643631 -0.0341196936 0.0004577776 0.0053675957
98 0.0089956712 -0.0775198261 -0.0546474865 0.0052588746 -0.0367748039 -0.0625019074 0.0017218488
99 0.0083952643 -0.0745568368 -0.0532591996 0.0019857391 -0.0445570238 -0.0006408887 0.0036686754
100 0.0078485345 -0.0717651194 -0.0519451840 0.0023851751 -0.0414746544 -0.0257881405 0.0016017032
101 0.0073494778 -0.0691306326 -0.0506994418 0.0068277050 -0.0625019074 0.0540482803 0.0110160253
102 0.0068928934 -0.0666408207 -0.0495166075 0.0004887600 0.0204779199 -0.0083315531 0.0092858837
103 0.0064742597 -0.0642844222 -0.0483918668 0.0048547081 -0.0307931761 -0.0625019074 0.0013207568
104 0.0060896312 -0.0620513078 -0.0473208873 0.0017689503 -0.0382091739 -0.0175786615 0.0014530473
105 0.0057355533 -0.0599323415 -0.0462997598 0.0042144258 -0.0625019074 -0.0175481429 0.0008332581
106 0.0054089918 -0.0579192621 -0.0453249477 0.0016616079 -0.0328684347 -0.0241096225 0.0010776340
107 0.0051072732 -0.0560045812 -0.0443932434 0.0067746164 -0.0535905026 0.0624713889 0.0114258774
108 0.0048280350 -0.0541814946 -0.0435017311 0.0047085775 -0.0625019074 0.0283211768 0.0052277594
109 0.0045691838 -0.0524438068 -0.0426477542 0.0069036022 -0.0547807245 0.0624713889 0.0110554954
110 0.0043288598 -0.0507858639 -0.0418288871 0.0066458849 -0.0625019074 0.0523392438 0.0090049025
111 0.0041054061 -0.0492024961 -0.0410429103 0.0003796470 -0.0013122959 0.0194402905 0.0059516889
112 0.0038973436 -0.0476889670 -0.0402877894 0.0039536395 -0.0625019074 -0.0068666646 0.0013363948
113 0.0037033482 -0.0462409295 -0.0395616558 0.0039491419 -0.0625019074 0.0065309610 0.0023889487
114 0.0035222324 -0.0448543862 -0.0388627901 0.0015151531 -0.0372325816 -0.0113528855 0.0008148868
115 0.0033529288 -0.0435256553 -0.0381896077 0.0016736748 -0.0189519944 0.0362559893 0.0061460117
116 0.0031944758 -0.0422513404 -0.0375406456 0.0010508288 -0.0319528794 0.0054628132 0.0019553558
117 0.0030460057 -0.0410283029 -0.0369145510 0.0017117832 -0.0252082888 0.0328073977 0.0051114230
118 0.0029067338 -0.0398536385 -0.0363100712 0.0004425254 -0.0197759941 -0.0071718497 0.0012521478
119 0.0027759492 -0.0387246557 -0.0357260441 0.0001198667 -0.0063173315 -0.0089419233 0.0017676238
120 0.0026530069 -0.0376388567 -0.0351613905 0.0016881438 -0.0189825129 -0.0364391003 0.0003496917
121 0.0025373206 -0.0365939202 -0.0346151068 0.0045010820 -0.0625019074 0.0243842891 0.0041521525
122 0.0024283564 -0.0355876863 -0.0340862583 0.0057686847 -0.0625019074 -0.0431531724 0.0008065842
123 0.0023256275 -0.0346181429 -0.0335739732 0.0070803650 -0.0625019074 0.0563371685 0.0088615177
124 0.0022286892 -0.0336834131 -0.0330774380 0.0003494284 -0.0185247353 0.0025025178 0.0014957188
125 0.0021371349 -0.0327817440 -0.0325958920 0.0039077635 -0.0625019074 0.0011291849 0.0020206689
126 0.0020505921 -0.0319114970 -0.0321286235 0.0017828633 -0.0290841395 -0.0306100650 0.0000103000
127 0.0019687191 -0.0310711383 -0.0316749656 0.0040416884 -0.0625019074 -0.0116275521 0.0013897920
128 0.0018912021 -0.0302592310 -0.0312342930 0.0011459702 -0.0312814722 0.0129398480 0.0019523997
129 0.0018177527 -0.0294744275 -0.0308060187 0.0055391742 -0.0625019074 -0.0404065065 0.0011829838
130 0.0017481050 -0.0287154625 -0.0303895909 0.0049808122 -0.0625019074 -0.0327768792 0.0011472230
131 0.0016820143 -0.0279811473 -0.0299844907 0.0025317314 -0.0379650258 -0.0330210273 0.0001088984
132 0.0016192544 -0.0272703637 -0.0295902294 0.0054491964 -0.0625019074 -0.0392773217 0.0013351014
133 0.0015596165 -0.0265820589 -0.0292063464 0.0014853574 -0.0318308054 0.0217291787 0.0026219771
134 0.0015029074 -0.0259152411 -0.0288324075 0.0078129769 -0.0625019074 -0.0625019074 0.0024722194
135 0.0014489483 -0.0252689751 -0.0284680025 0.0059608227 -0.0514236885 -0.0575884274 0.0015320682
136 0.0013975732 -0.0246423780 -0.0281127438 0.0001505146 -0.0122684408 0.0000000000 0.0009434407
137 0.0013486282 -0.0240346160 -0.0277662651 0.0011994723 -0.0278633992 -0.0205694754 0.0000664534
138 0.0013019706 -0.0234449010 -0.0274282196 0.0013810885 -0.0259712516 -0.0265816218 0.0000070992
139 0.0012574674 -0.0228724872 -0.0270982787 0.0022634103 0.0190130314 -0.0436109500 0.0020270650
140 0.0012149949 -0.0223166690 -0.0267761311 0.0004220881 -0.0169377728 0.0116275521 0.0015037754
141 0.0011744380 -0.0217767775 -0.0264614814 0.0039032565 0.0624713889 -0.0007629627 0.0077581674
142 0.0011356894 -0.0212521787 -0.0261540494 0.0007655566 -0.0068971831 0.0267952513 0.0030096943
143 0.0010986488 -0.0207422714 -0.0258535688 0.0000443495 0.0053712577 0.0039368877 0.0015693877
144 0.0010632228 -0.0202464845 -0.0255597863 0.0062611087 -0.0625019074 -0.0485244301 0.0023128956
145 0.0010293239 -0.0197642758 -0.0252724614 0.0036836205 -0.0473036897 0.0380260628 0.0047651225
146 0.0009968703 -0.0192951299 -0.0249913647 0.0010151710 -0.0263069552 -0.0179754021 0.0000983894
147 0.0009657856 -0.0188385564 -0.0247162781 0.0020429891 -0.0451063570 0.0028992584 0.0014526152
148 0.0009359980 -0.0183940889 -0.0244469937 0.0039401112 -0.0057985168 -0.0625019074 0.0016068249
149 0.0009074403 -0.0179612831 -0.0241833130 0.0041191652 -0.0589312418 0.0254219184 0.0041392165
150 0.0008800495 -0.0175397158 -0.0239250470 0.0003074837 0.0028382214 -0.0173039949 0.0004590987
151 0.0008537664 -0.0171289836 -0.0236720150 0.0039152592 -0.0318918424 -0.0538346507 0.0011277266
152 0.0008285353 -0.0167287018 -0.0234240444 0.0035338119 -0.0496536149 0.0326853236 0.0042323111
153 0.0008043041 -0.0163385030 -0.0231809705 0.0042362200 -0.0181585131 -0.0625019074 0.0015494485
154 0.0007810235 -0.0159580367 -0.0229426355 0.0028860552 0.0010071108 -0.0537125767 0.0012346055
155 0.0007586472 -0.0155869681 -0.0227088887 0.0019674328 -0.0265205847 -0.0355540635 0.0002845425
156 0.0007371317 -0.0152249770 -0.0224795856 0.0022442006 -0.0473647267 -0.0008850368 0.0014992880
157 0.0007164359 -0.0148717575 -0.0222545881 0.0011405691 0.0271309549 0.0201116977 0.0035591300
158 0.0006965210 -0.0145270168 -0.0220337636 0.0024101305 -0.0028077029 0.0490127262 0.0051849460
159 0.0006773504 -0.0141904746 -0.0218169853 0.0011327530 -0.0260322886 -0.0213324381 0.0001404633
160 0.0006588897 -0.0138618628 -0.0216041312 0.0013430724 -0.0359813227 -0.0069582202 0.0007037732
161 0.0006411063 -0.0135409242 -0.0213950847 0.0017726395 0.0299081393 -0.0296334727 0.0019556922
162 0.0006239693 -0.0132274127 -0.0211897335 0.0016478803 -0.0209662160 -0.0347605823 0.0002440570
163 0.0006074495 -0.0129210921 -0.0209879699 0.0078091629 -0.0625019074 0.0624713889 0.0094237218
164 0.0005915194 -0.0126217359 -0.0207896905 0.0055051602 0.0455946532 -0.0585345012 0.0048138187
165 0.0005761530 -0.0123291268 -0.0205947959 0.0043087419 0.0591143529 -0.0285348064 0.0051672145
166 0.0005613254 -0.0120430562 -0.0204031904 0.0035226716 -0.0479750969 -0.0349436934 0.0015025378
167 0.0005470132 -0.0117633239 -0.0202147821 0.0010102980 -0.0073854793 -0.0309152501 0.0001336655
168 0.0005331942 -0.0114897373 -0.0200294823 0.0024746984 -0.0480666524 -0.0128177740 0.0013898795
169 0.0005198474 -0.0112221116 -0.0198472061 0.0041681129 0.0161748100 -0.0625019074 0.0025700149
170 0.0005069527 -0.0109602690 -0.0196678712 0.0052866679 0.0624713889 -0.0372020631 0.0056996563
171 0.0004944911 -0.0107040386 -0.0194913986 0.0004124446 0.0013428144 -0.0202642903 0.0001457240
172 0.0004824446 -0.0104532557 -0.0193177122 0.0018848158 -0.0362865078 -0.0238349559 0.0006877624
173 0.0004707960 -0.0102077622 -0.0191467386 0.0030158252 0.0358897671 0.0415662099 0.0058110443
174 0.0004595291 -0.0099674057 -0.0189784067 0.0039690715 0.0624713889 -0.0081484420 0.0053646671
175 0.0004486283 -0.0097320393 -0.0188126485 0.0034873174 -0.0353099155 -0.0473342082 0.0014677071
176 0.0004380790 -0.0095015218 -0.0186493978 0.0040697043 -0.0406506546 -0.0491653188 0.0019014899
177 0.0004278669 -0.0092757169 -0.0184885910 0.0008109446 -0.0154423658 -0.0239265114 0.0000675985
178 0.0004179789 -0.0090544933 -0.0183301666 0.0011605807 0.0054322947 0.0336313974 0.0029098712
179 0.0004084020 -0.0088377243 -0.0181740653 0.0041194129 0.0458998383 -0.0448622089 0.0037084578
180 0.0003991243 -0.0086252878 -0.0180202295 0.0016432560 0.0039368877 -0.0403454695 0.0006562246
181 0.0003901340 -0.0084170659 -0.0178686039 0.0027104082 -0.0447096164 -0.0266731773 0.0013946697
182 0.0003814202 -0.0082129450 -0.0177191348 0.0026091561 0.0498977630 -0.0109256264 0.0034230061
183 0.0003729723 -0.0080128152 -0.0175717702 0.0040988080 -0.0585039827 -0.0260017701 0.0026204229
184 0.0003647803 -0.0078165705 -0.0174264600 0.0032884716 -0.0334177679 -0.0466017640 0.0015066197
185 0.0003568345 -0.0076241084 -0.0172831555 0.0068702588 0.0624713889 -0.0544755394 0.0062966522
186 0.0003491258 -0.0074353301 -0.0171418098 0.0007143401 0.0263374737 0.0045472579 0.0016110179
187 0.0003416454 -0.0072501398 -0.0170023772 0.0002180359 -0.0045777764 0.0140385144 0.0009706785
188 0.0003343849 -0.0070684451 -0.0168648137 0.0033761610 -0.0357066561 -0.0458388012 0.0016596391
189 0.0003273363 -0.0068901567 -0.0167290765 0.0017808589 -0.0410473952 -0.0097964415 0.0012147784
190 0.0003204919 -0.0067151879 -0.0165951241 0.0049991278 -0.0364085818 -0.0606097598 0.0028189858
191 0.0003138444 -0.0065434552 -0.0164629165 0.0031820252 -0.0534379101 -0.0180669576 0.0022016628
192 0.0003073868 -0.0063748777 -0.0163324146 0.0004114834 -0.0143436995 -0.0143436995 0.0000674571
193 0.0003011124 -0.0062093768 -0.0162035806 0.0005405465 -0.0224005860 0.0062257759 0.0007652313
194 0.0002950147 -0.0060468768 -0.0160763780 0.0020277220 -0.0443739128 0.0076601459 0.0020323843
195 0.0002890875 -0.0058873043 -0.0159507712 0.0027603562 -0.0227362896 0.0473647267 0.0042927406
196 0.0002833249 -0.0057305879 -0.0158267256 0.0032086021 -0.0410779138 0.0390026551 0.0042556944
197 0.0002777213 -0.0055766588 -0.0157042078 0.0014460969 -0.0156254769 0.0346690268 0.0026384415
198 0.0002722712 -0.0054254501 -0.0155831852 0.0008138952 -0.0282601398 0.0039063692 0.0009012658
199 0.0002669694 -0.0052768971 -0.0154636263 0.0029687207 -0.0531632435 0.0119327372 0.0030436629
200 0.0002618109 -0.0051309369 -0.0153455002 0.0027268154 0.0480361339 -0.0204779199 0.0028530792
201 0.0002567909 -0.0049875087 -0.0152287772 0.0010498593 0.0289010285 -0.0146488845 0.0011487692
202 0.0002519048 -0.0048465535 -0.0151134282 0.0027088993 -0.0119327372 0.0506607257 0.0043764533
203 0.0002471481 -0.0047080138 -0.0149994252 0.0060658739 0.0624713889 0.0465102084 0.0082965072
204 0.0002425167 -0.0045718341 -0.0148867406 0.0012417542 -0.0185857723 0.0299386578 0.0022057068
205 0.0002380064 -0.0044379605 -0.0147753478 0.0027969790 -0.0168156987 -0.0501419111 0.0014040022
206 0.0002336133 -0.0043063406 -0.0146652209 0.0015030843 -0.0259102145 -0.0288399915 0.0006676515
207 0.0002293336 -0.0041769234 -0.0145563346 0.0026638383 -0.0053712577 0.0513321329 0.0043427166
208 0.0002251636 -0.0040496597 -0.0144486643 0.0025115773 -0.0431531724 0.0254829554 0.0031236190
209 0.0002211000 -0.0039245014 -0.0143421863 0.0020559875 -0.0316476943 -0.0324716941 0.0010972545
210 0.0002171393 -0.0038014020 -0.0142368771 0.0036930405 -0.0209662160 0.0570390942 0.0053748949
211 0.0002132783 -0.0036803161 -0.0141327141 0.0038878431 0.0382702109 0.0492263558 0.0057742185
212 0.0002095139 -0.0035611998 -0.0140296754 0.0019074651 0.0078127384 0.0429700613 0.0033783365
213 0.0002058431 -0.0034440102 -0.0139277392 0.0005352544 0.0165715506 0.0161442915 0.0013049497
214 0.0002022630 -0.0033287059 -0.0138268848 0.0020337936 0.0299081393 0.0337534715 0.0033685782
215 0.0001987709 -0.0032152463 -0.0137270916 0.0045489484 0.0254219184 0.0624713889 0.0066262956
216 0.0001953639 -0.0031035921 -0.0136283399 0.0003308195 -0.0169988098 0.0064699240 0.0005970173
217 0.0001920397 -0.0029937051 -0.0135306101 0.0001803979 0.0124515519 0.0050355541 0.0005832584
218 0.0001887956 -0.0028855481 -0.0134338834 0.0008527729 0.0155949583 0.0246894742 0.0017949195
219 0.0001856293 -0.0027790849 -0.0133381414 0.0001127947 0.0098879971 -0.0038758507 0.0002499899
220 0.0001825385 -0.0026742801 -0.0132433659 0.0026381294 -0.0035401471 0.0512405774 0.0041589287
221 0.0001795209 -0.0025710996 -0.0131495396 0.0022031855 0.0469374676 -0.0002441481 0.0026176474
222 0.0001765745 -0.0024695098 -0.0130566453 0.0021038036 0.0350352489 0.0296029542 0.0032264484
223 0.0001736970 -0.0023694784 -0.0129646662 0.0018838127 -0.0054322947 -0.0430616169 0.0009152073
224 0.0001708865 -0.0022709737 -0.0128735861 0.0050191599 -0.0625019074 0.0333567309 0.0057650076
225 0.0001681412 -0.0021739647 -0.0127833890 0.0002407551 -0.0011597034 0.0154728843 0.0007994457
226 0.0001654590 -0.0020784215 -0.0126940593 0.0000990215 -0.0089724418 -0.0043031098 0.0001179355
227 0.0001628382 -0.0019843148 -0.0126055820 0.0044592006 0.0235908078 0.0624713889 0.0062906385
228 0.0001602771 -0.0018916162 -0.0125179422 0.0006323107 -0.0117191076 -0.0222479934 0.0001912535
229 0.0001577739 -0.0018002977 -0.0124311254 0.0029785607 0.0524613178 0.0150456252 0.0036992947
230 0.0001553272 -0.0017103323 -0.0123451174 0.0005765108 0.0028992584 0.0238349559 0.0013302460
231 0.0001529351 -0.0016216936 -0.0122599045 0.0025408375 -0.0220038453 0.0453505051 0.0037343914
232 0.0001505964 -0.0015343558 -0.0121754731 0.0000222227 -0.0046998505 -0.0003662221 0.0001494788
233 0.0001483094 -0.0014482939 -0.0120918100 0.0020943556 0.0260017701 0.0376598407 0.0032287328
234 0.0001460728 -0.0013634834 -0.0120089024 0.0002737184 -0.0084536271 -0.0142216254 0.0000551663
235 0.0001438852 -0.0012799004 -0.0119267375 0.0010904162 0.0288399915 -0.0160832545 0.0009244845
236 0.0001417453 -0.0011975215 -0.0118453032 0.0003090848 -0.0175786615 -0.0002746666 0.0004022214
237 0.0001396517 -0.0011163241 -0.0117645872 0.0014632082 0.0041505173 -0.0380260628 0.0007174047
238 0.0001376032 -0.0010362860 -0.0116845778 0.0009194298 0.0105899228 -0.0284127323 0.0004149999
239 0.0001355987 -0.0009573855 -0.0116052636 0.0022095161 -0.0467543565 0.0048524430 0.0023682187
240 0.0001336370 -0.0008796016 -0.0115266330 0.0042362303 -0.0563371685 0.0325937681 0.0050221515
241 0.0001317168 -0.0008029135 -0.0114486752 0.0005776359 -0.0239570299 0.0019226661 0.0007149059
242 0.0001298372 -0.0007273012 -0.0113713794 0.0000296337 0.0053712577 0.0008850368 0.0001874122
243 0.0001279971 -0.0006527450 -0.0112947348 0.0008634409 0.0280770287 0.0086672567 0.0012238810
244 0.0001261954 -0.0005792256 -0.0112187312 0.0035707820 -0.0003051851 -0.0597552416 0.0023558679
245 0.0001244312 -0.0005067245 -0.0111433584 0.0008475897 0.0256050295 0.0138554033 0.0013067618
246 0.0001227035 -0.0004352232 -0.0110686066 0.0013056021 0.0346385083 -0.0102847377 0.0012307811
247 0.0001210113 -0.0003647038 -0.0109944659 0.0004644268 -0.0189214759 0.0103152562 0.0007984580
248 0.0001193538 -0.0002951489 -0.0109209268 0.0015948084 -0.0261848811 0.0301522874 0.0023572872
249 0.0001177300 -0.0002265415 -0.0108479801 0.0016122569 0.0368968780 0.0158391064 0.0020903489
250 0.0001161391 -0.0001588647 -0.0107756165 0.0009996356 0.0092165899 0.0302438429 0.0017704952
251 0.0001145804 -0.0000921024 -0.0107038272 0.0000599827 0.0014954070 -0.0075991089 0.0000121595
252 0.0001130529 -0.0000262385 -0.0106326034 0.0014012752 0.0077517014 0.0366222114 0.0022935139
253 0.0001115560 0.0000387425 -0.0105619364 0.0048451149 0.0425122837 0.0551164281 0.0061176493
254 0.0001100888 0.0001028558 -0.0104918178 0.0018616458 0.0168156987 0.0397350993 0.0028020623
255 0.0001086507 0.0001661164 -0.0104222395 0.0020428094 -0.0097659230 0.0441297647 0.0030745666
256 0.0001072408 0.0002285388 -0.0103531932 0.0001877670 0.0000000000 0.0137028108 0.0005787436
257 0.0001058586 0.0002901372 -0.0102846711 0.0000430530 0.0000000000 0.0065614795 0.0002838770
258 0.0001045034 0.0003509256 -0.0102166654 0.0002066181 0.0000000000 0.0143742180 0.0006048347
259 0.0001031745 0.0004109177 -0.0101491684 0.0000469788 -0.0060426649 -0.0032349620 0.0000894550
260 0.0001018712 0.0004701267 -0.0100821727 0.0004110522 -0.0072023682 0.0189519944 0.0009018500
261 0.0001005930 0.0005285657 -0.0100156709 0.0068216697 -0.0591753899 0.0576189459 0.0081390037
262 0.0000993393 0.0005862474 -0.0099496558 0.0010629833 -0.0265511032 0.0189214759 0.0015699780
263 0.0000981095 0.0006431844 -0.0098841204 0.0042998230 0.0199285867 0.0624713889 0.0056072465
264 0.0000969030 0.0006993889 -0.0098190577 0.0022873384 0.0364391003 0.0309762871 0.0029415871
265 0.0000957193 0.0007548728 -0.0097544610 0.0050237423 0.0429700613 -0.0563676870 0.0039549150
266 0.0000945579 0.0008096479 -0.0096903235 0.0000596455 0.0026245918 0.0072634053 0.0002907229
267 0.0000934182 0.0008637255 -0.0096266387 0.0007931255 -0.0028687399 -0.0280159917 0.0003520996
268 0.0000922997 0.0009171170 -0.0095634002 0.0010197273 -0.0149845882 0.0281991028 0.0016788709
269 0.0000912020 0.0009698334 -0.0095006017 0.0002586077 0.0101016266 0.0125125889 0.0005679702
270 0.0000901246 0.0010218853 -0.0094382369 0.0001985049 -0.0027161473 -0.0138248848 0.0000332156
271 0.0000890669 0.0010732833 -0.0093762999 0.0009935853 0.0261848811 0.0175481429 0.0013555180
272 0.0000880287 0.0011240378 -0.0093147845 0.0001802452 -0.0049439985 -0.0124820704 0.0000468528
273 0.0000870093 0.0011741588 -0.0092536850 0.0010062847 -0.0064088870 0.0310678426 0.0016833282
274 0.0000860085 0.0012236563 -0.0091929956 0.0020323789 0.0422986541 -0.0155949583 0.0017281406
275 0.0000850258 0.0012725400 -0.0091327107 0.0012731631 0.0149235511 0.0324106571 0.0019122015
276 0.0000840607 0.0013208194 -0.0090728246 0.0039670970 0.0080263680 0.0624713889 0.0051635389
277 0.0000831130 0.0013685037 -0.0090133319 0.0029229937 -0.0466933195 0.0272530290 0.0036251878
278 0.0000821821 0.0014156022 -0.0089542273 0.0042829762 -0.0195013276 0.0624713889 0.0055391366
279 0.0000812678 0.0014621237 -0.0088955054 0.0056177621 0.0414136174 0.0624713889 0.0066893554
280 0.0000803697 0.0015080770 -0.0088371611 0.0035769859 0.0283822138 0.0526444288 0.0045022051
281 0.0000794874 0.0015534708 -0.0087791893 0.0052776000 0.0370799890 0.0624713889 0.0063387784
282 0.0000786207 0.0015983134 -0.0087215851 0.0003154843 0.0177617725 -0.0000610370 0.0003362625
283 0.0000777690 0.0016426131 -0.0086643434 0.0024877563 0.0404980621 0.0291146580 0.0029369989
284 0.0000769322 0.0016863780 -0.0086074594 0.0040502087 -0.0121463668 0.0624713889 0.0052435475
285 0.0000761099 0.0017296161 -0.0085509284 0.0039933386 0.0624713889 0.0095217750 0.0040161856
286 0.0000753019 0.0017723350 -0.0084947458 0.0027015144 -0.0123905148 0.0504776147 0.0036783256
287 0.0000745077 0.0018145425 -0.0084389068 0.0021120789 -0.0103762932 0.0447706534 0.0029798738
288 0.0000737272 0.0018562461 -0.0083834071 0.0019878655 -0.0408948027 0.0177617725 0.0025112226
289 0.0000729599 0.0018974530 -0.0083282420 0.0039887488 0.0624713889 0.0092776269 0.0039791683
290 0.0000722058 0.0019381705 -0.0082734074 0.0033932248 0.0271919919 0.0515152440 0.0042124383
291 0.0000714644 0.0019784057 -0.0082188988 0.0032560745 0.0134586627 0.0554521317 0.0041857964
292 0.0000707355 0.0020181654 -0.0081647121 0.0023305442 -0.0404980621 0.0262764367 0.0029938223
293 0.0000700189 0.0020574565 -0.0081108431 0.0005714292 0.0118106632 -0.0207831050 0.0002557113
294 0.0000693143 0.0020962856 -0.0080572876 0.0059105785 0.0563982055 0.0522476882 0.0065853886
295 0.0000686215 0.0021346594 -0.0080040417 0.0061345427 0.0472426527 0.0624713889 0.0070015174
296 0.0000679401 0.0021725841 -0.0079511013 0.0052566309 -0.0625019074 0.0367442854 0.0061804674
297 0.0000672701 0.0022100661 -0.0078984627 0.0068969186 0.0547196875 0.0624713889 0.0077091763
298 0.0000666111 0.0022471117 -0.0078461219 0.0056157802 -0.0422070986 0.0619220557 0.0068437754
299 0.0000659630 0.0022837268 -0.0077940751 0.0041430299 -0.0155034028 0.0624713889 0.0052536174
300 0.0000653255 0.0023199174 -0.0077423187 0.0048063220 -0.0300607318 0.0624713889 0.0059784712
301 0.0000646984 0.0023556895 -0.0076908490 0.0010045523 0.0307626576 0.0076296274 0.0010416728
302 0.0000640816 0.0023910486 -0.0076396623 0.0016821178 -0.0409863582 0.0014954070 0.0019650489
303 0.0000634747 0.0024260005 -0.0075887552 0.0039463971 -0.0625019074 -0.0063173315 0.0042172497
304 0.0000628776 0.0024605507 -0.0075381240 0.0042429036 -0.0625019074 -0.0183416242 0.0043368366
305 0.0000622902 0.0024947046 -0.0074877654 0.0018697079 0.0234687338 -0.0363170263 0.0012710362
306 0.0000617122 0.0025284675 -0.0074376760 0.0005427800 -0.0104068117 -0.0208441420 0.0003470548
307 0.0000611434 0.0025618448 -0.0073878525 0.0036603398 -0.0595721305 0.0105594043 0.0041827349
308 0.0000605837 0.0025948415 -0.0073382915 0.0008066239 -0.0282906583 -0.0025025178 0.0009772988
309 0.0000600329 0.0026274628 -0.0072889898 0.0043010403 0.0199591052 0.0624713889 0.0051668963
310 0.0000594909 0.0026597135 -0.0072399442 0.0039032109 -0.0007324442 0.0624713889 0.0048711767
311 0.0000589574 0.0026915985 -0.0071911515 0.0039026744 0.0000000000 0.0624713889 0.0048601142
312 0.0000584323 0.0027231227 -0.0071426087 0.0071041198 -0.0565813166 0.0624713889 0.0083631252
313 0.0000579154 0.0027542907 -0.0070943128 0.0005468846 0.0076601459 0.0220954009 0.0008761068
314 0.0000574066 0.0027851072 -0.0070462606 0.0036811840 -0.0581072420 0.0174565874 0.0043082678
315 0.0000569058 0.0028155766 -0.0069984493 0.0066070426 -0.0520035401 0.0624713889 0.0078311940
316 0.0000564127 0.0028457036 -0.0069508758 0.0050378546 -0.0336924345 0.0624713889 0.0061544864
317 0.0000559273 0.0028754924 -0.0069035374 0.0040260785 0.0111087374 0.0624713889 0.0048806667
318 0.0000554494 0.0029049473 -0.0068564312 0.0057966121 -0.0435193945 0.0624713889 0.0069615662
319 0.0000549788 0.0029340726 -0.0068095544 0.0003973358 0.0132145146 -0.0149235511 0.0001715244
320 0.0000545155 0.0029628725 -0.0067629042 0.0023359089 -0.0430005799 0.0220648824 0.0029436802
321 0.0000540593 0.0029913511 -0.0067164779 0.0026511948 0.0288705100 -0.0426343577 0.0019598250
322 0.0000536100 0.0030195122 -0.0066702728 0.0059098194 0.0624713889 -0.0448011719 0.0049884911
323 0.0000531676 0.0030473600 -0.0066242863 0.0021930726 0.0061952574 -0.0464186529 0.0015935009
324 0.0000527319 0.0030748983 -0.0065785157 0.0031454890 0.0319223609 -0.0461134678 0.0023951885
325 0.0000523028 0.0031021309 -0.0065329585 0.0011745598 0.0140690329 -0.0312509537 0.0007312522
326 0.0000518801 0.0031290615 -0.0064876122 0.0022961427 -0.0123599963 -0.0462965789 0.0018246647
327 0.0000514639 0.0031556939 -0.0064424743 0.0043045647 0.0589007233 -0.0289010285 0.0036118950
328 0.0000510539 0.0031820317 -0.0063975422 0.0017243978 0.0359508042 -0.0207831050 0.0012807369
329 0.0000506500 0.0032080783 -0.0063528135 0.0051967554 -0.0359202857 -0.0625019074 0.0046837496
330 0.0000502522 0.0032338375 -0.0063082859 0.0052723759 0.0369579150 -0.0625019074 0.0042950365
331 0.0000498603 0.0032593125 -0.0062639569 0.0033559184 0.0161442915 -0.0556352428 0.0026035466
332 0.0000494742 0.0032845068 -0.0062198243 0.0052282593 0.0624713889 -0.0364085818 0.0044144481
333 0.0000490938 0.0033094237 -0.0061758856 0.0001375852 -0.0072939238 0.0091860714 0.0003484207
334 0.0000487191 0.0033340665 -0.0061321387 0.0060020921 0.0457777642 -0.0625019074 0.0049790183
335 0.0000483499 0.0033584384 -0.0060885813 0.0010064831 0.0286568804 -0.0136112552 0.0006966018
336 0.0000479862 0.0033825426 -0.0060452112 0.0003839640 -0.0109256264 0.0162663656 0.0007025302
337 0.0000476278 0.0034063821 -0.0060020262 0.0042702554 -0.0520645772 -0.0394909513 0.0041985354
338 0.0000472746 0.0034299602 -0.0059590240 0.0006311074 -0.0144657735 -0.0205389569 0.0005328317
339 0.0000469266 0.0034532797 -0.0059162027 0.0037986887 -0.0216376232 -0.0577105014 0.0033122028
340 0.0000465837 0.0034763437 -0.0058735600 0.0006248215 0.0233771783 -0.0088503677 0.0004049046
341 0.0000462457 0.0034991550 -0.0058310939 0.0003431584 -0.0177007355 -0.0054628132 0.0004495710
342 0.0000459127 0.0035217166 -0.0057888023 0.0016123221 0.0368053224 -0.0160527360 0.0012131468
343 0.0000455845 0.0035440312 -0.0057466833 0.0022168954 0.0140995514 -0.0449232459 0.0016462221
344 0.0000452611 0.0035661016 -0.0057047347 0.0038111524 0.0558488723 -0.0263069552 0.0031579396
345 0.0000449423 0.0035879307 -0.0056629547 0.0019241926 0.0101931822 -0.0426648762 0.0014127715
346 0.0000446281 0.0036095210 -0.0056213413 0.0039224718 -0.0039979247 -0.0625019074 0.0032932720
347 0.0000443185 0.0036308752 -0.0055798925 0.0054219629 -0.0553300577 -0.0485854671 0.0053258710
348 0.0000440132 0.0036519959 -0.0055386065 0.0039040193 0.0624713889 -0.0011597034 0.0034788958
349 0.0000437124 0.0036728857 -0.0054974813 0.0001242693 -0.0105288858 0.0036622211 0.0002855905
350 0.0000434158 0.0036935471 -0.0054565151 0.0037069991 0.0271309549 -0.0545060579 0.0029551697
351 0.0000431235 0.0037139825 -0.0054157061 0.0033362244 0.0182195502 -0.0548112430 0.0026503306
352 0.0000428354 0.0037341945 -0.0053750524 0.0031381423 0.0558488723 -0.0043641469 0.0027169616
353 0.0000425514 0.0037541854 -0.0053345523 0.0046948080 -0.0280770287 -0.0625019074 0.0042813327
354 0.0000422714 0.0037739576 -0.0052942039 0.0026671968 -0.0073549608 -0.0511185034 0.0022237192
355 0.0000419953 0.0037935134 -0.0052540056 0.0040116374 0.0102542192 -0.0625019074 0.0033190630
356 0.0000417232 0.0038128551 -0.0052139556 0.0009734899 -0.0008239998 0.0311899167 0.0013467423
357 0.0000414549 0.0038319850 -0.0051740522 0.0031012597 -0.0187688833 -0.0524307993 0.0027439994
358 0.0000411904 0.0038509052 -0.0051342937 0.0064298896 0.0502334666 -0.0625019074 0.0054423851
359 0.0000409297 0.0038696180 -0.0050946784 0.0024276107 -0.0180669576 -0.0458388012 0.0021412969
360 0.0000406726 0.0038881255 -0.0050552047 0.0008435652 0.0128177740 -0.0260628071 0.0005210580
361 0.0000404192 0.0039064298 -0.0050158709 0.0055788733 -0.0625019074 -0.0408948027 0.0056973650
362 0.0000401693 0.0039245331 -0.0049766755 0.0002102272 0.0076296274 0.0123294778 0.0003132307
363 0.0000399229 0.0039424373 -0.0049376168 0.0024715503 0.0397350993 0.0298776208 0.0024932154
364 0.0000396799 0.0039601445 -0.0048986933 0.0003929862 0.0134891812 0.0145268105 0.0004681527
365 0.0000394404 0.0039776566 -0.0048599033 0.0018893302 0.0018311106 0.0434278390 0.0023363137
366 0.0000392042 0.0039949757 -0.0048212454 0.0052218542 -0.0405896176 0.0597857601 0.0061618511
367 0.0000389714 0.0040121036 -0.0047827181 0.0006165331 0.0107119968 -0.0224005860 0.0003552778
368 0.0000387418 0.0040290422 -0.0047443197 0.0013424121 0.0149540696 -0.0334482864 0.0009432739
369 0.0000385153 0.0040457935 -0.0047060489 0.0048101360 -0.0625019074 -0.0300607318 0.0050714564
370 0.0000382921 0.0040623592 -0.0046679041 0.0012371932 -0.0187078463 -0.0297860652 0.0011494043
371 0.0000380720 0.0040787412 -0.0046298839 0.0014236991 -0.0361339152 -0.0108645894 0.0016559293
372 0.0000378549 0.0040949412 -0.0045919869 0.0039421984 0.0062868130 0.0624713889 0.0045023007
373 0.0000376408 0.0041109610 -0.0045542116 0.0022617785 -0.0078432569 -0.0469069491 0.0019366577
374 0.0000374298 0.0041268023 -0.0045165565 0.0039079051 -0.0011902219 -0.0625019074 0.0033905717
375 0.0000372217 0.0041424669 -0.0044790204 0.0043245847 -0.0625019074 -0.0204474013 0.0046964618
376 0.0000370164 0.0041579563 -0.0044416018 0.0055048287 0.0399792474 -0.0625019074 0.0046541640
377 0.0000368141 0.0041732723 -0.0044042993 0.0013126880 -0.0335398419 -0.0137028108 0.0015087413
378 0.0000366145 0.0041884164 -0.0043671117 0.0011764114 -0.0155339213 -0.0305795465 0.0010760623
379 0.0000364177 0.0042033903 -0.0043300374 0.0024371741 0.0421155431 -0.0257576220 0.0018964727
380 0.0000362237 0.0042181955 -0.0042930753 0.0078091629 0.0624713889 -0.0625019074 0.0067817027
381 0.0000360323 0.0042328337 -0.0042562240 0.0012846516 -0.0358287301 0.0009765923 0.0016323113
382 0.0000358436 0.0042473062 -0.0042194822 0.0030478926 -0.0245063631 -0.0494705039 0.0028744285
383 0.0000356576 0.0042616147 -0.0041828486 0.0036022552 0.0216681417 -0.0559709464 0.0029849943
384 0.0000354741 0.0042757605 -0.0041463220 0.0048792965 -0.0312509537 0.0624713889 0.0057000668
385 0.0000352932 0.0042897452 -0.0041099010 0.0033321347 -0.0221259194 0.0533158361 0.0039955026
386 0.0000351148 0.0043035702 -0.0040735844 0.0005008260 0.0105899228 -0.0197149571 0.0002841708
387 0.0000349389 0.0043172369 -0.0040373711 0.0021777597 0.0457777642 -0.0090639973 0.0017442423
388 0.0000347654 0.0043307466 -0.0040012597 0.0010062344 0.0252998444 -0.0191351054 0.0006687363
389 0.0000345944 0.0043441008 -0.0039652490 0.0018580274 0.0346079897 0.0256965850 0.0017957274
390 0.0000344258 0.0043573009 -0.0039293379 0.0009432797 -0.0179754021 -0.0249031037 0.0009386485
391 0.0000342595 0.0043703480 -0.0038935252 0.0044577617 0.0624713889 0.0235602893 0.0041294429
392 0.0000340955 0.0043832437 -0.0038578096 0.0039205793 -0.0625019074 0.0037537767 0.0045315597
393 0.0000339339 0.0043959890 -0.0038221900 0.0077521485 -0.0620441298 0.0624713889 0.0088091280
394 0.0000337745 0.0044085853 -0.0037866653 0.0017133367 0.0129703665 -0.0393078402 0.0013350580
395 0.0000336173 0.0044210339 -0.0037512342 0.0040199314 -0.0625019074 0.0106509598 0.0046861033
396 0.0000334623 0.0044333360 -0.0037158958 0.0004347726 -0.0202032533 0.0051576281 0.0006857010
397 0.0000333096 0.0044454928 -0.0036806487 0.0053326324 0.0439466536 -0.0583208716 0.0045458957
398 0.0000331590 0.0044575054 -0.0036454920 0.0011759643 0.0262764367 0.0220343638 0.0011355208
399 0.0000330105 0.0044693751 -0.0036104245 0.0003503188 -0.0106204413 0.0154118473 0.0005895494
400 0.0000328641 0.0044811030 -0.0035754451 0.0023111696 0.0098269601 0.0470595416 0.0025924801
401 0.0000327198 0.0044926902 -0.0035405528 0.0010315111 0.0084841456 -0.0309762871 0.0007686512
402 0.0000325775 0.0045041380 -0.0035057464 0.0044307749 -0.0229804376 0.0624713889 0.0051083843
403 0.0000324373 0.0045154473 -0.0034710248 0.0018530921 -0.0430310984 -0.0011902219 0.0022658761
404 0.0000322990 0.0045266192 -0.0034363871 0.0011399078 -0.0318613239 -0.0111697745 0.0013838877
405 0.0000321628 0.0045376549 -0.0034018322 0.0022798762 -0.0262459181 0.0398876919 0.0028216113
406 0.0000320285 0.0045485553 -0.0033673591 0.0058125834 0.0624713889 -0.0437025056 0.0049819787
407 0.0000318961 0.0045593216 -0.0033329666 0.0018652223 0.0431531724 0.0017395550 0.0015152158
408 0.0000317656 0.0045699547 -0.0032986538 0.0031054313 0.0435804315 0.0347300638 0.0029680007
409 0.0000316370 0.0045804556 -0.0032644197 0.0004421519 -0.0208136235 -0.0029908139 0.0006449341
410 0.0000315103 0.0045908254 -0.0032302633 0.0029827333 0.0201727348 0.0507522813 0.0031569110
411 0.0000313854 0.0046010650 -0.0031961835 0.0047628229 -0.0293282876 0.0624713889 0.0054634310
412 0.0000312623 0.0046111753 -0.0031621794 0.0030926873 0.0538346507 -0.0139469588 0.0025392620
413 0.0000311410 0.0046211574 -0.0031282500 0.0020273047 -0.0436414686 0.0110782189 0.0025311048
414 0.0000310215 0.0046310121 -0.0030943943 0.0009243941 0.0247199927 -0.0177007355 0.0006169123
415 0.0000309038 0.0046407403 -0.0030606114 0.0054253159 0.0389721366 -0.0625019074 0.0047119124
416 0.0000307878 0.0046503430 -0.0030269003 0.0006593421 0.0086672567 -0.0241706595 0.0004631941
417 0.0000306735 0.0046598209 -0.0029932600 0.0005354621 -0.0029602954 -0.0229499191 0.0004563344
418 0.0000305610 0.0046691751 -0.0029596897 0.0031287689 -0.0481276894 0.0285042879 0.0037774908
419 0.0000304501 0.0046784064 -0.0029261883 0.0005158370 -0.0021057772 0.0226142155 0.0006983374
420 0.0000303408 0.0046875156 -0.0028927549 0.0039115887 -0.0022583697 -0.0625019074 0.0036014964
421 0.0000302332 0.0046965034 -0.0028593887 0.0023010157 -0.0471510971 -0.0088198492 0.0027237008
422 0.0000301273 0.0047053709 -0.0028260887 0.0036819524 0.0282296213 0.0537125767 0.0037500110
423 0.0000300229 0.0047141187 -0.0027928540 0.0030884439 0.0544145024 0.0112918485 0.0026685070
424 0.0000299202 0.0047227476 -0.0027596836 0.0042402101 0.0624713889 0.0183721427 0.0037814597
425 0.0000298190 0.0047312584 -0.0027265768 0.0033280469 -0.0549943541 -0.0174260689 0.0037832239
426 0.0000297194 0.0047396519 -0.0026935326 0.0039387104 0.0056764428 -0.0625019074 0.0035779193
427 0.0000296214 0.0047479289 -0.0026605501 0.0033254958 0.0170598468 0.0550859096 0.0034862369
428 0.0000295248 0.0047560900 -0.0026276284 0.0011465514 0.0295113987 -0.0166020692 0.0008081103
429 0.0000294298 0.0047641360 -0.0025947667 0.0060725277 -0.0625019074 0.0465407270 0.0069390173
430 0.0000293363 0.0047720677 -0.0025619642 0.0049933859 -0.0559099094 0.0432142094 0.0057777604
431 0.0000292443 0.0047798856 -0.0025292199 0.0051732846 0.0356456191 0.0624713889 0.0051777726
432 0.0000291537 0.0047875906 -0.0024965330 0.0010310268 -0.0234992523 -0.0218817713 0.0011759329
433 0.0000290646 0.0047951833 -0.0024639027 0.0008392939 -0.0289620655 -0.0007019257 0.0011426564
434 0.0000289769 0.0048026643 -0.0024313281 0.0031026121 -0.0500503555 0.0244453261 0.0037312083
435 0.0000288907 0.0048100343 -0.0023988083 0.0044237849 -0.0228278451 0.0624713889 0.0049719949
436 0.0000288059 0.0048172940 -0.0023663427 0.0010402400 -0.0246894742 0.0207525864 0.0014051342
437 0.0000287225 0.0048244440 -0.0023339302 0.0006463512 -0.0239875484 -0.0084231086 0.0008672090
438 0.0000286405 0.0048314849 -0.0023015702 0.0018546558 0.0280770287 0.0326548051 0.0017623035
439 0.0000285598 0.0048384173 -0.0022692617 0.0011323935 0.0207525864 0.0264900662 0.0010803597
440 0.0000284806 0.0048452418 -0.0022370040 0.0006015258 0.0125736259 -0.0210577715 0.0004139492
441 0.0000284026 0.0048519591 -0.0022047963 0.0043721828 -0.0216681417 0.0624713889 0.0048863247
442 0.0000283261 0.0048585697 -0.0021726378 0.0003741165 -0.0157475509 0.0112308115 0.0006042647
443 0.0000282508 0.0048650741 -0.0021405277 0.0058971452 -0.0480056154 0.0599383526 0.0066490972
444 0.0000281769 0.0048714730 -0.0021084651 0.0016437822 0.0079042940 0.0397656178 0.0017626368
445 0.0000281043 0.0048777669 -0.0020764494 0.0040764922 0.0131839961 0.0624713889 0.0042354169
446 0.0000280329 0.0048839562 -0.0020444796 0.0058741513 0.0591753899 0.0487075411 0.0055233274
447 0.0000279629 0.0048900416 -0.0020125552 0.0043949355 -0.0221869564 0.0624713889 0.0048913429
448 0.0000278941 0.0048960236 -0.0019806752 0.0001824926 0.0095522935 0.0095522935 0.0001546902
449 0.0000278266 0.0049019027 -0.0019488389 0.0039848174 -0.0625019074 -0.0088503677 0.0045909047
450 0.0000277604 0.0049076793 -0.0019170455 0.0026010447 -0.0476699118 0.0181279946 0.0031662067
451 0.0000276954 0.0049133540 -0.0018852943 0.0010960510 0.0197759941 -0.0265511032 0.0008293002
452 0.0000276316 0.0049189272 -0.0018535846 0.0044248160 -0.0625019074 -0.0227668081 0.0049829319
453 0.0000275691 0.0049243995 -0.0018219155 0.0000062626 0.0025025178 0.0000000000 0.0000091849
454 0.0000275078 0.0049297712 -0.0017902863 0.0003530831 0.0023194067 -0.0186468093 0.0002909564
455 0.0000274477 0.0049350429 -0.0017586963 0.0004521633 -0.0154423658 -0.0146183660 0.0005806099
456 0.0000273888 0.0049402149 -0.0017271447 0.0016829896 0.0248725852 -0.0326242866 0.0013519328
457 0.0000273310 0.0049452877 -0.0016956309 0.0054873783 0.0460219123 0.0580462050 0.0052563760
458 0.0000272745 0.0049502617 -0.0016641540 0.0031917143 -0.0435804315 -0.0359508042 0.0035308026
459 0.0000272191 0.0049551374 -0.0016327133 0.0045077320 0.0624713889 -0.0245979186 0.0038355198
460 0.0000271649 0.0049599152 -0.0016013081 0.0022458399 -0.0473647267 0.0015564440 0.0027478395
461 0.0000271119 0.0049645954 -0.0015699377 0.0052483351 0.0624713889 -0.0366832484 0.0045399759
462 0.0000270600 0.0049691784 -0.0015386014 0.0013460333 -0.0006103702 0.0366832484 0.0014920412
463 0.0000270093 0.0049736646 -0.0015072984 0.0011900086 0.0328989532 0.0103762932 0.0009210415
464 0.0000269597 0.0049780545 -0.0014760280 0.0009390028 -0.0224616230 -0.0208441420 0.0011280597
465 0.0000269112 0.0049823482 -0.0014447896 0.0007473770 -0.0120548112 0.0245368816 0.0009653120
466 0.0000268639 0.0049865463 -0.0014135823 0.0001383695 -0.0073854793 -0.0091555528 0.0002130051
467 0.0000268176 0.0049906491 -0.0013824056 0.0038142381 -0.0031739250 0.0616779077 0.0040432634
468 0.0000267725 0.0049946568 -0.0013512586 0.0039628779 -0.0368663594 -0.0510269478 0.0042200188
469 0.0000267285 0.0049985699 -0.0013201407 0.0042635793 0.0540177618 0.0366832484 0.0038471388
470 0.0000266855 0.0050023886 -0.0012890513 0.0040747188 -0.0129703665 -0.0625019074 0.0040700337
471 0.0000266437 0.0050061132 -0.0012579895 0.0000521759 -0.0054322947 0.0047608875 0.0001451872
472 0.0000266030 0.0050097442 -0.0012269547 0.0047669200 -0.0563982055 0.0398266549 0.0054563351
473 0.0000265633 0.0050132816 -0.0011959463 0.0007792330 0.0021362957 0.0278328806 0.0008509498
474 0.0000265247 0.0050167259 -0.0011649635 0.0039026782 0.0000610370 0.0624713889 0.0040741442
475 0.0000264871 0.0050200774 -0.0011340056 0.0037991684 0.0610675375 0.0083620716 0.0032314933
476 0.0000264507 0.0050233363 -0.0011030720 0.0019156202 -0.0323496200 -0.0294808802 0.0022020379
477 0.0000264153 0.0050265028 -0.0010721620 0.0021379274 0.0362865078 -0.0286568804 0.0017381046
478 0.0000263809 0.0050295772 -0.0010412749 0.0039089109 -0.0625019074 0.0015564440 0.0045672496
479 0.0000263476 0.0050325598 -0.0010104100 0.0020167988 -0.0020447401 0.0448622089 0.0021543853
480 0.0000263153 0.0050354509 -0.0009795667 0.0012451844 -0.0320749535 -0.0147099216 0.0015657048
481 0.0000262841 0.0050382506 -0.0009487442 0.0031992846 0.0553605762 0.0115970336 0.0026897330
482 0.0000262539 0.0050409591 -0.0009179419 0.0003944951 0.0158085879 0.0120242927 0.0002834433
483 0.0000262247 0.0050435768 -0.0008871592 0.0039705720 0.0082399976 0.0624713889 0.0040245227
484 0.0000261966 0.0050461038 -0.0008563953 0.0001764498 0.0075991089 0.0108951079 0.0001446157
485 0.0000261695 0.0050485403 -0.0008256497 0.0006237653 -0.0091860714 0.0232245857 0.0007810380
486 0.0000261434 0.0050508865 -0.0007949215 0.0044579284 -0.0596331675 0.0300302133 0.0051342158
487 0.0000261183 0.0050531426 -0.0007642103 0.0043198290 0.0324411756 0.0571611682 0.0041054538
488 0.0000260942 0.0050553087 -0.0007335153 0.0017172112 0.0163274026 0.0380870998 0.0016341003
489 0.0000260711 0.0050573852 -0.0007028358 0.0052304825 0.0364391003 0.0624713889 0.0049757947
490 0.0000260491 0.0050593720 -0.0006721712 0.0003481813 -0.0141911069 -0.0121158483 0.0005015387
491 0.0000260280 0.0050612695 -0.0006415209 0.0006474326 0.0177617725 -0.0182195502 0.0004702899
492 0.0000260079 0.0050630776 -0.0006108841 0.0004919788 -0.0221259194 -0.0015564440 0.0007401356
493 0.0000259889 0.0050647967 -0.0005802603 0.0006741883 0.0255134739 -0.0048219245 0.0004361401
494 0.0000259708 0.0050664268 -0.0005496487 0.0039131394 0.0624713889 0.0032349620 0.0033096530
495 0.0000259537 0.0050679680 -0.0005190488 0.0022267643 -0.0387585070 0.0269173254 0.0026735145
496 0.0000259376 0.0050694205 -0.0004884598 0.0020326359 -0.0345774712 -0.0289315470 0.0023808852
497 0.0000259225 0.0050707844 -0.0004578811 0.0000644896 0.0074770348 -0.0029297769 0.0000119003
498 0.0000259084 0.0050720597 -0.0004273122 0.0011004620 0.0330210273 -0.0031739250 0.0007886887
499 0.0000258952 0.0050732467 -0.0003967522 0.0053186403 0.0624713889 0.0376293222 0.0047405291
500 0.0000258831 0.0050743454 -0.0003662006 0.0019365576 0.0097659230 -0.0429090243 0.0018319027
501 0.0000258719 0.0050753559 -0.0003356568 0.0014614507 -0.0180059206 0.0337229530 0.0016927342
502 0.0000258617 0.0050762782 -0.0003051200 0.0008959358 -0.0285653249 -0.0089419233 0.0012063518
503 0.0000258525 0.0050771125 -0.0002745897 0.0022241434 0.0217596973 0.0418408765 0.0020520211
504 0.0000258442 0.0050778587 -0.0002440652 0.0005473391 -0.0019226661 -0.0233161412 0.0005813280
505 0.0000258369 0.0050785170 -0.0002135458 0.0006095701 0.0246894742 0.0000000000 0.0003846352
506 0.0000258306 0.0050790875 -0.0001830309 0.0006790520 -0.0259102145 0.0027771844 0.0009690997
507 0.0000258253 0.0050795701 -0.0001525198 0.0003620551 0.0177922910 0.0067445906 0.0002091834
508 0.0000258209 0.0050799649 -0.0001220120 0.0009509430 -0.0291146580 -0.0101626637 0.0012700869
509 0.0000258175 0.0050802720 -0.0000915068 0.0018692124 0.0299081393 0.0312204352 0.0015968607
510 0.0000258151 0.0050804913 -0.0000610034 0.0027980966 -0.0528885769 -0.0009460738 0.0033611962
511 0.0000258137 0.0050806228 -0.0000305014 0.0014329570 -0.0364391003 -0.0102542192 0.0018284118
512 0.0000258132 0.0050806667 0.0000000000 0.0001886043 -0.0137333293 0.0000000000 0.0003539664
513 0.0000258137 0.0050806228 0.0000305014 0.0000434544 -0.0065919980 0.0000000000 0.0001362510
514 0.0000258151 0.0050804913 0.0000610034 0.0002074964 -0.0144047365 0.0000000000 0.0003796778
515 0.0000258175 0.0050802720 0.0000915068 0.0000663971 -0.0081484420 0.0000000000 0.0001750072
516 0.0000258209 0.0050799649 0.0001220120 0.0015124484 -0.0359508042 -0.0148319956 0.0019071464
517 0.0000258253 0.0050795701 0.0001525198 0.0012081481 0.0197149571 -0.0286263619 0.0010424186
518 0.0000258306 0.0050790875 0.0001830309 0.0001154026 0.0107425153 -0.0000305185 0.0000321200
519 0.0000258369 0.0050785170 0.0002135458 0.0004323920 -0.0101321451 -0.0181585131 0.0005688968
520 0.0000258442 0.0050778587 0.0002440652 0.0009759906 -0.0011291849 0.0312204352 0.0009980629
521 0.0000258525 0.0050771125 0.0002745897 0.0000317461 0.0040894803 0.0038758507 0.0000139445
522 0.0000258617 0.0050762782 0.0003051200 0.0000954273 0.0095522935 0.0020447401 0.0000230610
523 0.0000258719 0.0050753559 0.0003356568 0.0028429146 0.0533158361 0.0005798517 0.0023272036
524 0.0000258831 0.0050743454 0.0003662006 0.0007177899 -0.0239570299 -0.0119937742 0.0009955897
525 0.0000258952 0.0050732467 0.0003967522 0.0007351191 -0.0045167394 -0.0267342143 0.0008280572
526 0.0000259084 0.0050720597 0.0004273122 0.0002513253 -0.0146183660 -0.0061342204 0.0004307666
527 0.0000259225 0.0050707844 0.0004578811 0.0036318619 -0.0579851680 -0.0164189581 0.0042608808
528 0.0000259376 0.0050694205 0.0004884598 0.0021854818 -0.0463881344 0.0057985168 0.0026760767
529 0.0000259537 0.0050679680 0.0005190488 0.0009404110 -0.0072939238 -0.0297860652 0.0010712163
530 0.0000259708 0.0050664268 0.0005496487 0.0032571922 0.0524002808 -0.0226142155 0.0027770583
531 0.0000259889 0.0050647967 0.0005802603 0.0078053489 0.0624713889 0.0624713889 0.0071260286
532 0.0000260079 0.0050630776 0.0006108841 0.0042851277 -0.0614642781 0.0225226600 0.0049060150
533 0.0000260280 0.0050612695 0.0006415209 0.0050051892 0.0624713889 0.0332041383 0.0043562459
534 0.0000260491 0.0050593720 0.0006721712 0.0000166577 -0.0040589618 -0.0004272591 0.0000843528
535 0.0000260711 0.0050573852 0.0007028358 0.0002405241 0.0049134800 -0.0147099216 0.0002375738
536 0.0000260942 0.0050553087 0.0007335153 0.0016750766 0.0254219184 -0.0320749535 0.0014911944
537 0.0000261183 0.0050531426 0.0007642103 0.0034122622 -0.0583513901 -0.0027161473 0.0040322477
538 0.0000261434 0.0050508865 0.0007949215 0.0054253159 -0.0625019074 -0.0389721366 0.0061447989
539 0.0000261695 0.0050485403 0.0008256497 0.0014635696 0.0104373302 -0.0368053224 0.0014451291
540 0.0000261966 0.0050461038 0.0008563953 0.0007696780 -0.0136722922 -0.0241401410 0.0009752052
541 0.0000262247 0.0050435768 0.0008871592 0.0053301475 0.0624713889 0.0377819147 0.0046591766
542 0.0000262539 0.0050409591 0.0009179419 0.0017067137 -0.0013122959 0.0412915433 0.0016703915
543 0.0000262841 0.0050382506 0.0009487442 0.0039971526 -0.0625019074 0.0095217750 0.0046351698
544 0.0000263153 0.0050354509 0.0009795667 0.0010436265 -0.0229194006 0.0227668081 0.0012561576
545 0.0000263476 0.0050325598 0.0010104100 0.0003766545 -0.0178838466 -0.0075380718 0.0005982382
546 0.0000263809 0.0050295772 0.0010412749 0.0011738082 -0.0110171819 0.0324411756 0.0012434522
547 0.0000264153 0.0050265028 0.0010721620 0.0043922307 0.0624713889 0.0221259194 0.0037431756
548 0.0000264507 0.0050233363 0.0011030720 0.0078091629 -0.0625019074 0.0624713889 0.0083257288
549 0.0000264871 0.0050200774 0.0011340056 0.0005272353 0.0161137730 0.0163579211 0.0003548377
550 0.0000265247 0.0050167259 0.0011649635 0.0039864464 -0.0089419233 -0.0625019074 0.0042483143
551 0.0000265633 0.0050132816 0.0011959463 0.0019335483 -0.0434278390 0.0068971831 0.0023790463
552 0.0000266030 0.0050097442 0.0012269547 0.0040932430 -0.0502639851 -0.0395825068 0.0047205973
553 0.0000266437 0.0050061132 0.0012579895 0.0032711358 0.0319223609 0.0474562822 0.0028587666
554 0.0000266855 0.0050023886 0.0012890513 0.0027243854 -0.0115359966 0.0509048738 0.0027352480
555 0.0000267285 0.0049985699 0.0013201407 0.0053882684 0.0590227973 -0.0436414686 0.0049401635
556 0.0000267725 0.0049946568 0.0013512586 0.0003742078 0.0028382214 0.0191351054 0.0003209154
557 0.0000268176 0.0049906491 0.0013824056 0.0047030358 0.0624713889 -0.0282906583 0.0041845262
558 0.0000268639 0.0049865463 0.0014135823 0.0039053903 0.0624713889 0.0016479995 0.0033045621
559 0.0000269112 0.0049823482 0.0014447896 0.0038065896 -0.0585345012 0.0195013276 0.0043604287
560 0.0000269597 0.0049780545 0.0014760280 0.0011317350 -0.0336008789 0.0016479995 0.0014883637
561 0.0000270093 0.0049736646 0.0015072984 0.0026377233 0.0489822077 -0.0154423658 0.0022240430
562 0.0000270600 0.0049691784 0.0015386014 0.0032964135 0.0543229469 0.0185857723 0.0027264005
563 0.0000271119 0.0049645954 0.0015699377 0.0023561524 -0.0242927335 0.0420239875 0.0024925214
564 0.0000271649 0.0049599152 0.0016013081 0.0013913365 -0.0094912564 0.0360728782 0.0013971255
565 0.0000272191 0.0049551374 0.0016327133 0.0060715553 0.0624713889 -0.0465712455 0.0056317408
566 0.0000272745 0.0049502617 0.0016641540 0.0030114794 -0.0542313913 -0.0083925901 0.0036036062
567 0.0000273310 0.0049452877 0.0016956309 0.0078091629 0.0624713889 -0.0625019074 0.0074305762
568 0.0000273888 0.0049402149 0.0017271447 0.0013757592 0.0346690268 0.0131839961 0.0010150617
569 0.0000274477 0.0049350429 0.0017586963 0.0055675477 -0.0592059084 -0.0454115421 0.0063390930
570 0.0000275078 0.0049297712 0.0017902863 0.0001746234 0.0000000000 0.0132145146 0.0001548156
571 0.0000275691 0.0049243995 0.0018219155 0.0040057260 0.0578936125 -0.0255745109 0.0035563017
572 0.0000276316 0.0049189272 0.0018535846 0.0037652112 -0.0357982116 -0.0498367260 0.0043297736
573 0.0000276954 0.0049133540 0.0018852943 0.0060150765 0.0624713889 -0.0459608753 0.0056021833
574 0.0000277604 0.0049076793 0.0019170455 0.0002617493 0.0132755516 -0.0092471084 0.0001946596
575 0.0000278266 0.0049019027 0.0019488389 0.0033908116 -0.0578936125 -0.0062562944 0.0040106009
576 0.0000278941 0.0048960236 0.0019806752 0.0005728226 0.0091250343 -0.0221259194 0.0005990124
577 0.0000279629 0.0048900416 0.0020125552 0.0005378316 0.0035401471 0.0229194006 0.0004389184
578 0.0000280329 0.0048839562 0.0020444796 0.0025594986 0.0447706534 -0.0235602893 0.0022465528
579 0.0000281043 0.0048777669 0.0020764494 0.0027682245 -0.0352793970 -0.0390331736 0.0033025989
580 0.0000281769 0.0048714730 0.0021084651 0.0026030537 0.0331431013 0.0387890255 0.0021447485
581 0.0000282508 0.0048650741 0.0021405277 0.0032694556 0.0478835414 -0.0312509537 0.0029655796
582 0.0000283261 0.0048585697 0.0021726378 0.0007561851 -0.0235908078 0.0141300699 0.0009523473
583 0.0000284026 0.0048519591 0.0022047963 0.0036293770 0.0601214637 -0.0038453322 0.0030913222
584 0.0000284806 0.0048452418 0.0022370040 0.0005469153 0.0231025117 0.0036317026 0.0003352731
585 0.0000285598 0.0048384173 0.0022692617 0.0003173368 0.0022583697 -0.0176702170 0.0004042395
586 0.0000286405 0.0048314849 0.0023015702 0.0043375392 0.0477004303 0.0454115421 0.0036962162
587 0.0000287225 0.0048244440 0.0023339302 0.0060301266 -0.0460829493 -0.0625019074 0.0067952485
588 0.0000288059 0.0048172940 0.0023663427 0.0005772261 0.0068056276 -0.0230414747 0.0006495107
589 0.0000288907 0.0048100343 0.0023988083 0.0048735965 -0.0625019074 -0.0310983612 0.0056529579
590 0.0000289769 0.0048026643 0.0024313281 0.0006588066 0.0155949583 -0.0203863643 0.0006371207
591 0.0000290646 0.0047951833 0.0024639027 0.0022546097 0.0288399915 -0.0377208777 0.0021929694
592 0.0000291537 0.0047875906 0.0024965330 0.0000831955 0.0086062197 -0.0030213324 0.0000450288
593 0.0000292443 0.0047798856 0.0025292199 0.0008102489 0.0152287362 -0.0240485855 0.0008155582
594 0.0000293363 0.0047720677 0.0025619642 0.0040952120 0.0239875484 -0.0593279824 0.0041996002
595 0.0000294298 0.0047641360 0.0025947667 0.0032406797 0.0566118351 -0.0059816279 0.0027617384
596 0.0000295248 0.0047560900 0.0026276284 0.0039437483 0.0624713889 0.0064088870 0.0033453536
597 0.0000296214 0.0047479289 0.0026605501 0.0047399948 0.0288705100 -0.0625019074 0.0048280448
598 0.0000297194 0.0047396519 0.0026935326 0.0043870746 0.0266426588 0.0606402783 0.0038375671
599 0.0000298190 0.0047312584 0.0027265768 0.0035512417 0.0067751091 -0.0592059084 0.0038398100
600 0.0000299202 0.0047227476 0.0027596836 0.0041554890 0.0624713889 -0.0159001434 0.0036830947
601 0.0000300229 0.0047141187 0.0027928540 0.0039659645 0.0601519822 0.0186468093 0.0033247046
602 0.0000301273 0.0047053709 0.0028260887 0.0004124614 0.0157780694 0.0127872555 0.0002218295
603 0.0000302332 0.0046965034 0.0028593887 0.0030998254 -0.0527359844 -0.0178533280 0.0037275073
604 0.0000303408 0.0046875156 0.0028927549 0.0006814717 -0.0023194067 0.0260017701 0.0005831235
605 0.0000304501 0.0046784064 0.0029261883 0.0000258849 -0.0025635548 -0.0043946654 0.0001060409
606 0.0000305610 0.0046691751 0.0029596897 0.0060886443 0.0624713889 -0.0467543565 0.0058125823
607 0.0000306735 0.0046598209 0.0029932600 0.0052393939 0.0624713889 -0.0365611744 0.0049067307
608 0.0000307878 0.0046503430 0.0030269003 0.0006576740 0.0114444411 0.0229499191 0.0004430864
609 0.0000309038 0.0046407403 0.0030606114 0.0006962853 0.0212408826 -0.0156559954 0.0006258761
610 0.0000310215 0.0046310121 0.0030943943 0.0005564675 0.0016785180 -0.0235297708 0.0007175634
611 0.0000311410 0.0046211574 0.0031282500 0.0017840796 0.0417493210 -0.0064088870 0.0014694575
612 0.0000312623 0.0046111753 0.0031621794 0.0037434002 0.0605487228 -0.0087893307 0.0032718478
613 0.0000313854 0.0046010650 0.0031961835 0.0000319323 -0.0020142216 0.0052797021 0.0000481031
614 0.0000315103 0.0045908254 0.0032302633 0.0003482092 0.0076296274 0.0170293283 0.0001996485
615 0.0000316370 0.0045804556 0.0032644197 0.0000359512 0.0055543687 -0.0022583697 0.0000314497
616 0.0000317656 0.0045699547 0.0032986538 0.0032233226 0.0519425031 -0.0229194006 0.0029315447
617 0.0000318961 0.0045593216 0.0033329666 0.0008295424 0.0286263619 0.0031739250 0.0005792477
618 0.0000320285 0.0045485553 0.0033673591 0.0066773245 0.0624713889 0.0526749474 0.0057862929
619 0.0000321628 0.0045376549 0.0034018322 0.0007780911 0.0013122959 -0.0278633992 0.0009879176
620 0.0000322990 0.0045266192 0.0034363871 0.0047151689 0.0285042879 0.0624713889 0.0040600600
621 0.0000324373 0.0045154473 0.0034710248 0.0003863781 0.0090945158 0.0174260689 0.0002157111
622 0.0000325775 0.0045041380 0.0035057464 0.0008410449 -0.0277413251 0.0084536271 0.0010642514
623 0.0000327198 0.0044926902 0.0035405528 0.0013987577 -0.0348826563 0.0134891812 0.0016493931
624 0.0000328641 0.0044811030 0.0035754451 0.0006073432 -0.0035706656 -0.0243842891 0.0008465777
625 0.0000330105 0.0044693751 0.0036104245 0.0020114005 -0.0435804315 0.0105899228 0.0023574973
626 0.0000331590 0.0044575054 0.0036454920 0.0004076135 -0.0106509598 -0.0171514023 0.0006607765
627 0.0000333096 0.0044454928 0.0036806487 0.0004760187 0.0048524430 -0.0212714011 0.0006227704
628 0.0000334623 0.0044333360 0.0037158958 0.0008377423 0.0173955504 0.0231330302 0.0005450441
629 0.0000336173 0.0044210339 0.0037512342 0.0003374471 0.0054322947 0.0175481429 0.0001913773
630 0.0000337745 0.0044085853 0.0037866653 0.0006032135 -0.0234992523 0.0071413312 0.0007901012
631 0.0000339339 0.0043959890 0.0038221900 0.0002118003 0.0134891812 -0.0054628132 0.0001688974
632 0.0000340955 0.0043832437 0.0038578096 0.0022767272 -0.0427869503 -0.0211188086 0.0028488587
633 0.0000342595 0.0043703480 0.0038935252 0.0007665299 -0.0254524369 0.0108951079 0.0009384207
634 0.0000344258 0.0043573009 0.0039293379 0.0004293603 -0.0194402905 -0.0071718497 0.0006895617
635 0.0000345944 0.0043441008 0.0039652490 0.0018994924 0.0102542192 -0.0423596912 0.0021809296
636 0.0000347654 0.0043307466 0.0040012597 0.0017223534 0.0232245857 -0.0343943602 0.0018312008
637 0.0000349389 0.0043172369 0.0040373711 0.0000228635 0.0046388134 -0.0011597034 0.0000271130
638 0.0000351148 0.0043035702 0.0040735844 0.0010291743 -0.0015259255 0.0320444349 0.0008163515
639 0.0000352932 0.0042897452 0.0041099010 0.0027160700 0.0111697745 -0.0509048738 0.0030739602
640 0.0000354741 0.0042757605 0.0041463220 0.0048831105 -0.0312509537 -0.0625019074 0.0057041339
641 0.0000356576 0.0042616147 0.0041828486 0.0067523220 -0.0533463546 -0.0625019074 0.0077655348
642 0.0000358436 0.0042473062 0.0042194822 0.0005606625 -0.0206610309 -0.0115665151 0.0008696230
643 0.0000360323 0.0042328337 0.0042562240 0.0007611773 0.0249336222 -0.0118106632 0.0006866675
644 0.0000362237 0.0042181955 0.0042930753 0.0001829499 -0.0059511093 -0.0121463668 0.0003736700
645 0.0000364177 0.0042033903 0.0043300374 0.0028396268 -0.0532853175 -0.0005493332 0.0033287598
646 0.0000366145 0.0041884164 0.0043671117 0.0014413963 -0.0377513962 0.0040284433 0.0017590626
647 0.0000368141 0.0041732723 0.0044042993 0.0046049820 0.0264290292 -0.0625019074 0.0049717592
648 0.0000370164 0.0041579563 0.0044416018 0.0040524412 0.0122379223 0.0624713889 0.0034327420
649 0.0000372217 0.0041424669 0.0044790204 0.0034015178 0.0046388134 -0.0581377606 0.0039211076
650 0.0000374298 0.0041268023 0.0045165565 0.0010494048 -0.0225836970 -0.0232245857 0.0014830217
651 0.0000376408 0.0041109610 0.0045542116 0.0000362307 -0.0055543687 -0.0023194067 0.0001406652
652 0.0000378549 0.0040949412 0.0045919869 0.0018344784 -0.0363170263 0.0227057711 0.0019612363
653 0.0000380720 0.0040787412 0.0046298839 0.0001469614 -0.0012817774 -0.0120548112 0.0003071142
654 0.0000382921 0.0040623592 0.0046679041 0.0011503095 0.0286263619 0.0181890316 0.0007862111
655 0.0000385153 0.0040457935 0.0047060489 0.0036598638 0.0434888760 0.0420545061 0.0029506640
656 0.0000387418 0.0040290422 0.0047443197 0.0004416452 0.0084841456 -0.0192266610 0.0005944559
657 0.0000389714 0.0040121036 0.0047827181 0.0074118280 -0.0625019074 -0.0592059084 0.0085186580
658 0.0000392042 0.0039949757 0.0048212454 0.0033845304 0.0126041444 -0.0567949461 0.0038706728
659 0.0000394404 0.0039776566 0.0048599033 0.0009710674 0.0111087374 -0.0291146580 0.0012051231
660 0.0000396799 0.0039601445 0.0048986933 0.0005327574 0.0195318461 -0.0122989593 0.0005382371
661 0.0000399229 0.0039424373 0.0049376168 0.0005986395 -0.0231025117 -0.0080568865 0.0009002864
662 0.0000401693 0.0039245331 0.0049766755 0.0003007284 0.0031128880 -0.0170598468 0.0004862671
663 0.0000404192 0.0039064298 0.0050158709 0.0039561878 0.0070497757 -0.0625019074 0.0045685310
664 0.0000406726 0.0038881255 0.0050552047 0.0010905708 0.0220343638 0.0245979186 0.0007112036
665 0.0000409297 0.0038696180 0.0050946784 0.0006362178 0.0101931822 -0.0230719932 0.0008333489
666 0.0000411904 0.0038509052 0.0051342937 0.0053897297 0.0540482803 0.0496841334 0.0045044647
667 0.0000414549 0.0038319850 0.0051740522 0.0011917829 -0.0073854793 -0.0337229530 0.0016388085
668 0.0000417232 0.0038128551 0.0052139556 0.0005711265 -0.0012512589 -0.0238654744 0.0008712585
669 0.0000419953 0.0037935134 0.0052540056 0.0053316563 -0.0377513962 -0.0625019074 0.0063168433
670 0.0000422714 0.0037739576 0.0052942039 0.0052889396 0.0624713889 0.0372325816 0.0044654484
671 0.0000425514 0.0037541854 0.0053345523 0.0020708523 0.0433362835 0.0138859218 0.0016398684
672 0.0000428354 0.0037341945 0.0053750524 0.0030381317 0.0546586505 0.0071108127 0.0025963131
673 0.0000431235 0.0037139825 0.0054157061 0.0065477463 0.0513931700 -0.0625019074 0.0068861071
674 0.0000434158 0.0036935471 0.0054565151 0.0065044903 0.0614642781 -0.0522171697 0.0066637113
675 0.0000437124 0.0036728857 0.0054974813 0.0006952049 0.0239265114 -0.0110782189 0.0006849632
676 0.0000440132 0.0036519959 0.0055386065 0.0062661885 0.0624713889 0.0486159856 0.0053153816
677 0.0000443185 0.0036308752 0.0055798925 0.0023823680 0.0397961364 0.0282601398 0.0018223197
678 0.0000446281 0.0036095210 0.0056213413 0.0012308226 -0.0034485916 0.0349131748 0.0009078285
679 0.0000449423 0.0035879307 0.0056629547 0.0074044012 0.0624713889 -0.0591753899 0.0076712726
680 0.0000452611 0.0035661016 0.0057047347 0.0040683594 0.0480361339 0.0419629505 0.0032922420
681 0.0000455845 0.0035440312 0.0057466833 0.0020358855 -0.0259712516 -0.0368968780 0.0026896252
682 0.0000459127 0.0035217166 0.0057888023 0.0040401097 0.0357982116 0.0525223548 0.0032257971
683 0.0000462457 0.0034991550 0.0058310939 0.0017705318 0.0188299203 0.0376293222 0.0012461597
684 0.0000465837 0.0034763437 0.0058735600 0.0045517192 0.0600604266 0.0307321390 0.0038197074
685 0.0000469266 0.0034532797 0.0059162027 0.0041049291 0.0142216254 0.0624713889 0.0033144464
686 0.0000472746 0.0034299602 0.0059590240 0.0038161595 -0.0028687399 0.0617084262 0.0031476695
687 0.0000476278 0.0034063821 0.0060020262 0.0002674996 -0.0060426649 -0.0151982177 0.0005387348
688 0.0000479862 0.0033825426 0.0060452112 0.0022802720 0.0475173193 0.0047303690 0.0019496073
689 0.0000483499 0.0033584384 0.0060885813 0.0067917026 -0.0569780572 -0.0595416120 0.0079478150
690 0.0000487191 0.0033340665 0.0061321387 0.0027025622 -0.0054628132 -0.0516983551 0.0034217511
691 0.0000490938 0.0033094237 0.0061758856 0.0038914765 0.0538651692 -0.0314645833 0.0039726883
692 0.0000494742 0.0032845068 0.0062198243 0.0075209354 0.0601519822 0.0624713889 0.0063981483
693 0.0000498603 0.0032593125 0.0062639569 0.0064452434 -0.0625019074 0.0503860591 0.0062712980
694 0.0000502522 0.0032338375 0.0063082859 0.0004602151 0.0210882900 0.0039368877 0.0003244050
695 0.0000506500 0.0032080783 0.0063528135 0.0002510999 -0.0147709586 0.0057374798 0.0003236244
696 0.0000510539 0.0031820317 0.0063975422 0.0017473609 0.0381481368 0.0170903653 0.0013369650
697 0.0000514639 0.0031556939 0.0064424743 0.0038695173 0.0317392499 0.0534989471 0.0030313313
698 0.0000518801 0.0031290615 0.0064876122 0.0019921237 -0.0263679922 0.0360118412 0.0017417563
699 0.0000523028 0.0031021309 0.0065329585 0.0039230754 0.0045167394 0.0624713889 0.0031311091
700 0.0000527319 0.0030748983 0.0065785157 0.0002786771 0.0000000000 -0.0166936247 0.0005510475
701 0.0000531676 0.0030473600 0.0066242863 0.0005569798 -0.0214850307 0.0097659230 0.0006117081
702 0.0000536100 0.0030195122 0.0066702728 0.0029949232 0.0547196875 -0.0008239998 0.0027290722
703 0.0000540593 0.0029913511 0.0067164779 0.0000827139 -0.0090945158 0.0000610370 0.0001903631
704 0.0000545155 0.0029628725 0.0067629042 0.0046443067 -0.0481887265 -0.0481887265 0.0056361678
705 0.0000549788 0.0029340726 0.0068095544 0.0006200323 0.0040589618 -0.0245674001 0.0009857787
706 0.0000554494 0.0029049473 0.0068564312 0.0039532213 -0.0068361461 -0.0625019074 0.0049054680
707 0.0000559273 0.0028754924 0.0069035374 0.0047189829 -0.0285042879 -0.0625019074 0.0058018064
708 0.0000564127 0.0028457036 0.0069508758 0.0038053052 0.0227362896 -0.0573442793 0.0045295024
709 0.0000569058 0.0028155766 0.0069984493 0.0014482140 -0.0156254769 -0.0346995453 0.0020787952
710 0.0000574066 0.0027851072 0.0070462606 0.0024075087 -0.0216986602 -0.0440076907 0.0032059608
711 0.0000579154 0.0027542907 0.0070943128 0.0078129769 -0.0625019074 -0.0625019074 0.0091020053
712 0.0000584323 0.0027231227 0.0071426087 0.0048083021 -0.0300302133 -0.0625019074 0.0059231396
713 0.0000589574 0.0026915985 0.0071911515 0.0040661231 0.0126346629 -0.0625019074 0.0049559870
714 0.0000594909 0.0026597135 0.0072399442 0.0043946952 -0.0220954009 -0.0625019074 0.0054767415
715 0.0000600329 0.0026274628 0.0072889898 0.0004533629 -0.0191351054 0.0093386639 0.0004778105
716 0.0000605837 0.0025948415 0.0073382915 0.0040135235 -0.0625019074 0.0103457747 0.0042466317
717 0.0000611434 0.0025618448 0.0073878525 0.0004352671 0.0167851802 -0.0123905148 0.0005934871
718 0.0000617122 0.0025284675 0.0074376760 0.0039805554 0.0086062197 -0.0625019074 0.0049284844
719 0.0000622902 0.0024947046 0.0074877654 0.0053134050 -0.0503860591 -0.0526749474 0.0064159272
720 0.0000628776 0.0024605507 0.0075381240 0.0009921966 0.0041810358 -0.0312204352 0.0015051860
721 0.0000634747 0.0024260005 0.0075887552 0.0071738876 -0.0625019074 -0.0571611682 0.0084081858
722 0.0000640816 0.0023910486 0.0076396623 0.0052187732 -0.0625019074 -0.0362254707 0.0061352456
723 0.0000646984 0.0023556895 0.0076908490 0.0016166251 0.0382702109 0.0123294778 0.0013113697
724 0.0000653255 0.0023199174 0.0077423187 0.0024132423 0.0041199988 -0.0489516892 0.0032174508
725 0.0000659630 0.0022837268 0.0077940751 0.0014712302 -0.0166020692 -0.0345774712 0.0021520212
726 0.0000666111 0.0022471117 0.0078461219 0.0029002783 -0.0330210273 -0.0425428022 0.0037828853
727 0.0000672701 0.0022100661 0.0078984627 0.0002046893 0.0012512589 -0.0142521439 0.0004915687
728 0.0000679401 0.0021725841 0.0079511013 0.0051260488 -0.0620746483 -0.0356761376 0.0060310428
729 0.0000686215 0.0021346594 0.0080040417 0.0047541517 0.0291146580 -0.0625019074 0.0056990092
730 0.0000693143 0.0020962856 0.0080572876 0.0071006672 0.0624713889 -0.0565507981 0.0078193578
731 0.0000700189 0.0020574565 0.0081108431 0.0002652122 0.0098879971 -0.0129398480 0.0005044490
732 0.0000707355 0.0020181654 0.0081647121 0.0020647192 -0.0421765801 -0.0169072542 0.0025817790
733 0.0000714644 0.0019784057 0.0082188988 0.0004131096 -0.0186468093 -0.0080874050 0.0006912950
734 0.0000722058 0.0019381705 0.0082734074 0.0035191287 -0.0580462050 0.0122379223 0.0036138427
735 0.0000729599 0.0018974530 0.0083282420 0.0041535135 0.0157170324 -0.0625019074 0.0052078908
736 0.0000737272 0.0018562461 0.0083834071 0.0016771386 -0.0317392499 -0.0258796960 0.0023026176
737 0.0000745077 0.0018145425 0.0084389068 0.0039077635 0.0011291849 -0.0625019074 0.0050330688
738 0.0000753019 0.0017723350 0.0084947458 0.0018577117 -0.0222785119 -0.0368968780 0.0026388427
739 0.0000761099 0.0017296161 0.0085509284 0.0000490446 0.0032654805 0.0061952574 0.0000079081
740 0.0000769322 0.0016863780 0.0086074594 0.0010998566 -0.0088808863 -0.0319528794 0.0017568082
741 0.0000777690 0.0016426131 0.0086643434 0.0027553230 0.0524613178 -0.0017700735 0.0026914178
742 0.0000786207 0.0015983134 0.0087215851 0.0002538987 0.0159306619 -0.0003357036 0.0002874507
743 0.0000794874 0.0015534708 0.0087791893 0.0003256335 0.0015869625 -0.0179754021 0.0007158093
744 0.0000803697 0.0015080770 0.0088371611 0.0050197793 0.0371410260 -0.0603350932 0.0060545078
745 0.0000812678 0.0014621237 0.0088955054 0.0015758316 0.0260322886 -0.0299691763 0.0021141565
746 0.0000821821 0.0014156022 0.0089542273 0.0026439794 -0.0163884396 -0.0487380596 0.0036453839
747 0.0000831130 0.0013685037 0.0090133319 0.0002593333 -0.0012817774 0.0160527360 0.0000565772
748 0.0000840607 0.0013208194 0.0090728246 0.0037656201 0.0356761376 -0.0499282815 0.0046614184
749 0.0000850258 0.0012725400 0.0091327107 0.0010471247 0.0125736259 0.0298165838 0.0005555371
750 0.0000860085 0.0012236563 0.0091929956 0.0006103301 0.0227057711 0.0097354045 0.0004617755
751 0.0000870093 0.0011741588 0.0092536850 0.0063924612 -0.0498977630 0.0624713889 0.0054404652
752 0.0000880287 0.0011240378 0.0093147845 0.0009594894 0.0033570360 -0.0307931761 0.0016136348
753 0.0000890669 0.0010732833 0.0093762999 0.0003313336 -0.0180974761 -0.0019531846 0.0004958752
754 0.0000901246 0.0010218853 0.0094382369 0.0001730587 0.0129703665 -0.0021973327 0.0002781527
755 0.0000912020 0.0009698334 0.0095006017 0.0002546140 -0.0023804437 -0.0157780694 0.0006502356
756 0.0000922997 0.0009171170 0.0095634002 0.0004792655 -0.0195318461 -0.0098879971 0.0007965169
757 0.0000934182 0.0008637255 0.0096266387 0.0021039228 0.0221564379 0.0401623585 0.0013858098
758 0.0000945579 0.0008096479 0.0096903235 0.0055328948 0.0624713889 0.0403759880 0.0047437803
759 0.0000957193 0.0007548728 0.0097544610 0.0041525551 -0.0601214637 -0.0231940672 0.0047915339
760 0.0000969030 0.0006993889 0.0098190577 0.0013278509 0.0204168828 -0.0301828059 0.0019889287
761 0.0000981095 0.0006431844 0.0098841204 0.0016132246 0.0368968780 -0.0158696249 0.0019775857
762 0.0000993393 0.0005862474 0.0099496558 0.0012126653 -0.0234687338 -0.0257271035 0.0018514733
763 0.0001005930 0.0005285657 0.0100156709 0.0001260650 -0.0032654805 -0.0107425153 0.0004452971
764 0.0001018712 0.0004701267 0.0100821727 0.0051672232 0.0463270974 -0.0549638356 0.0063338449
765 0.0001031745 0.0004109177 0.0101491684 0.0018609417 0.0425122837 0.0073244423 0.0017805041
766 0.0001045034 0.0003509256 0.0102166654 0.0020064744 -0.0168462172 0.0415051729 0.0012747124
767 0.0001058586 0.0002901372 0.0102846711 0.0028648206 -0.0302438429 -0.0441602832 0.0038965770
768 0.0001072408 0.0002285388 0.0103531932 0.0001886043 0.0000000000 -0.0137333293 0.0005802128
769 0.0001086507 0.0001661164 0.0104222395 0.0000434554 -0.0000305185 -0.0065919980 0.0002895229
770 0.0001100888 0.0001028558 0.0104918178 0.0002074974 -0.0000305185 -0.0144047365 0.0006198562
771 0.0001115560 0.0000387425 0.0105619364 0.0000471520 -0.0060731834 0.0032044435 0.0000914883
772 0.0001130529 -0.0000262385 0.0106326034 0.0016310037 -0.0360423597 -0.0182195502 0.0021296077
773 0.0001145804 -0.0000921024 0.0107038272 0.0016626706 0.0027771844 0.0406811731 0.0009068741
774 0.0001161391 -0.0001588647 0.0107756165 0.0010625195 -0.0265205847 -0.0189519944 0.0015786711
775 0.0001177300 -0.0002265415 0.0108479801 0.0019163057 0.0429090243 -0.0086672567 0.0022415215
776 0.0001193538 -0.0002951489 0.0109209268 0.0016391020 -0.0260322886 -0.0310068056 0.0024203351
777 0.0001210113 -0.0003647038 0.0109944659 0.0001739146 -0.0116580706 -0.0061647389 0.0004219784
778 0.0001227035 -0.0004352232 0.0110686066 0.0032195114 0.0423596912 0.0377513962 0.0025433760
779 0.0001244312 -0.0005067245 0.0111433584 0.0063954397 0.0596331675 0.0532853175 0.0053927513
780 0.0001261954 -0.0005792256 0.0112187312 0.0057241769 -0.0625019074 0.0426343577 0.0048213601
781 0.0001279971 -0.0006527450 0.0112947348 0.0002040857 -0.0101016266 0.0101016266 0.0000907049
782 0.0001298372 -0.0007273012 0.0113713794 0.0008594928 0.0111087374 0.0271309549 0.0003884560
783 0.0001317168 -0.0008029135 0.0114486752 0.0052149592 -0.0362254707 0.0624713889 0.0038580749
784 0.0001336370 -0.0008796016 0.0115266330 0.0040562552 0.0122379223 -0.0625019074 0.0056522942
785 0.0001355987 -0.0009573855 0.0116052636 0.0003122738 0.0063783685 0.0164799951 0.0000775763
786 0.0001376032 -0.0010362860 0.0116845778 0.0030064602 0.0477004303 -0.0270393994 0.0038748139
787 0.0001396517 -0.0011163241 0.0117645872 0.0042129802 0.0245368816 0.0600909452 0.0029935238
788 0.0001417453 -0.0011975215 0.0118453032 0.0005397269 -0.0080568865 -0.0217902158 0.0011783990
789 0.0001438852 -0.0012799004 0.0119267375 0.0003923063 0.0198065126 0.0000915555 0.0005847083
790 0.0001460728 -0.0013634834 0.0120089024 0.0007598612 -0.0199591052 0.0190130314 0.0003948550
791 0.0001483094 -0.0014482939 0.0120918100 0.0035312562 0.0549027985 -0.0227362896 0.0043884421
792 0.0001505964 -0.0015343558 0.0121754731 0.0002814824 -0.0156865139 -0.0059511093 0.0005288566
793 0.0001529351 -0.0016216936 0.0122599045 0.0019867823 -0.0408948027 0.0177312540 0.0015723128
794 0.0001553272 -0.0017103323 0.0123451174 0.0004381674 -0.0010681478 -0.0209051790 0.0011059946
795 0.0001577739 -0.0018002977 0.0124311254 0.0006301946 0.0212103641 -0.0134281442 0.0011981924
796 0.0001602771 -0.0018916162 0.0125179422 0.0043447919 -0.0625019074 0.0209356975 0.0037444660
797 0.0001628382 -0.0019843148 0.0126055820 0.0004538845 0.0193792535 0.0088503677 0.0004705037
798 0.0001654590 -0.0020784215 0.0126940593 0.0011910648 0.0133365886 -0.0318308054 0.0022200861
799 0.0001681412 -0.0021739647 0.0127833890 0.0038242821 -0.0218207343 0.0578630940 0.0024181754
800 0.0001708865 -0.0022709737 0.0128735861 0.0056241048 -0.0625019074 -0.0414441359 0.0065781803
801 0.0001736970 -0.0023694784 0.0129646662 0.0005925101 -0.0073854793 -0.0231940672 0.0013326143
802 0.0001765745 -0.0024695098 0.0130566453 0.0041710831 -0.0625019074 -0.0162663656 0.0044637277
803 0.0001795209 -0.0025710996 0.0131495396 0.0004387784 -0.0109561449 0.0178533280 0.0000924346
804 0.0001825385 -0.0026742801 0.0132433659 0.0007285697 -0.0060426649 -0.0263069552 0.0015755739
805 0.0001856293 -0.0027790849 0.0133381414 0.0016145835 -0.0285042879 0.0283211768 0.0008862774
806 0.0001887956 -0.0028855481 0.0134338834 0.0002736067 0.0132145146 -0.0099490341 0.0008059729
807 0.0001920397 -0.0029937051 0.0135306101 0.0019792874 -0.0401928770 -0.0190740684 0.0024468434
808 0.0001953639 -0.0031035921 0.0136283399 0.0005232303 -0.0216071047 -0.0075075533 0.0007891060
809 0.0001987709 -0.0032152463 0.0137270916 0.0039105576 0.0624713889 0.0028077029 0.0044339671
810 0.0002022630 -0.0033287059 0.0138268848 0.0010719246 0.0196539201 -0.0261848811 0.0021291425
811 0.0002058431 -0.0034440102 0.0139277392 0.0002953525 -0.0155034028 0.0074159978 0.0001878317
812 0.0002095139 -0.0035611998 0.0140296754 0.0004724003 -0.0034791101 -0.0214545122 0.0012591343
813 0.0002132783 -0.0036803161 0.0141327141 0.0000793731 -0.0082399976 0.0033875546 0.0001362491
814 0.0002171393 -0.0038014020 0.0142368771 0.0002096731 0.0102542192 -0.0102237007 0.0007958804
815 0.0002211000 -0.0039245014 0.0143421863 0.0022254343 0.0331431013 0.0335703604 0.0017437299
816 0.0002251636 -0.0040496597 0.0144486643 0.0048064701 -0.0299996948 -0.0625019074 0.0065947948
817 0.0002293336 -0.0041769234 0.0145563346 0.0022774285 -0.0234992523 -0.0415356914 0.0035196678
818 0.0002336133 -0.0043063406 0.0146652209 0.0050623117 -0.0618915372 0.0350962859 0.0037334833
819 0.0002380064 -0.0044379605 0.0147753478 0.0040220437 0.0109256264 0.0624713889 0.0025109521
820 0.0002425167 -0.0045718341 0.0148867406 0.0001936124 -0.0058290353 0.0126346629 0.0000066524
821 0.0002471481 -0.0047080138 0.0149994252 0.0017253953 -0.0119022187 0.0397961364 0.0006666335
822 0.0002519048 -0.0048465535 0.0151134282 0.0023698614 -0.0158696249 -0.0460219123 0.0038590380
823 0.0002567909 -0.0049875087 0.0152287772 0.0000143209 0.0000000000 0.0037842952 0.0001558514
824 0.0002618109 -0.0051309369 0.0153455002 0.0036210961 0.0565507981 0.0205694754 0.0038319263
825 0.0002669694 -0.0052768971 0.0154636263 0.0042676597 0.0191045869 0.0624713889 0.0028041865
826 0.0002722712 -0.0054254501 0.0155831852 0.0036776383 0.0580767235 0.0174565874 0.0040360357
827 0.0002777213 -0.0055766588 0.0157042078 0.0021667695 -0.0008545183 0.0465407270 0.0009731895
828 0.0002833249 -0.0057305879 0.0158267256 0.0027220392 -0.0104373302 -0.0511185034 0.0045038171
829 0.0002890875 -0.0058873043 0.0159507712 0.0007052079 0.0022583697 0.0264595477 0.0001767864
830 0.0002950147 -0.0060468768 0.0160763780 0.0040431115 -0.0625019074 0.0116885891 0.0032064232
831 0.0003011124 -0.0062093768 0.0162035806 0.0043486785 -0.0211188086 0.0624713889 0.0023630012
832 0.0003073868 -0.0063748777 0.0163324146 0.0010949231 0.0246589557 0.0220648824 0.0009959600
833 0.0003138444 -0.0065434552 0.0164629165 0.0015249522 0.0336008789 -0.0198980682 0.0029336888
834 0.0003204919 -0.0067151879 0.0165951241 0.0005951161 0.0235297708 0.0064394055 0.0010178961
835 0.0003273363 -0.0068901567 0.0167290765 0.0013903781 -0.0245368816 0.0280770287 0.0004401829
836 0.0003343849 -0.0070684451 0.0168648137 0.0039694497 0.0079348125 -0.0625019074 0.0065241742
837 0.0003416454 -0.0072501398 0.0170023772 0.0048792965 0.0624713889 -0.0312509537 0.0071894755
838 0.0003491258 -0.0074353301 0.0171418098 0.0004156188 0.0123294778 -0.0162358470 0.0015047156
839 0.0003568345 -0.0076241084 0.0172831555 0.0050337453 0.0624713889 -0.0336313974 0.0075056704
840 0.0003647803 -0.0078165705 0.0174264600 0.0054612066 -0.0625019074 0.0394299142 0.0034746381
841 0.0003729723 -0.0080128152 0.0175717702 0.0022096884 -0.0387279885 -0.0266426588 0.0028983376
842 0.0003814202 -0.0082129450 0.0177191348 0.0046773437 0.0624713889 -0.0278328806 0.0070712612
843 0.0003901340 -0.0084170659 0.0178686039 0.0002965186 0.0157780694 -0.0068971831 0.0011987488
844 0.0003991243 -0.0086252878 0.0180202295 0.0025235837 -0.0004272591 0.0502334666 0.0011049003
845 0.0004084020 -0.0088377243 0.0181740653 0.0013538056 0.0247199927 -0.0272530290 0.0031897413
846 0.0004179789 -0.0090544933 0.0183301666 0.0012147283 -0.0344553972 0.0052491836 0.0008163180
847 0.0004278669 -0.0092757169 0.0184885910 0.0004836588 0.0157780694 -0.0153202918 0.0017707328
848 0.0004380790 -0.0095015218 0.0186493978 0.0001905053 -0.0119022187 0.0069887387 0.0001417343
849 0.0004486283 -0.0097320393 0.0188126485 0.0015676923 0.0175481429 -0.0354930265 0.0036933147
850 0.0004595291 -0.0099674057 0.0189784067 0.0005743118 0.0148625141 0.0187994018 0.0006165570
851 0.0004707960 -0.0102077622 0.0191467386 0.0072616934 0.0579241310 -0.0625019074 0.0113084563
852 0.0004824446 -0.0104532557 0.0193177122 0.0004052041 0.0028382214 -0.0199285867 0.0017169353
853 0.0004944911 -0.0107040386 0.0194913986 0.0006081768 0.0240485855 -0.0054628132 0.0018304576
854 0.0005069527 -0.0109602690 0.0196678712 0.0028235373 0.0531327250 0.0006714072 0.0044687775
855 0.0005198474 -0.0112221116 0.0198472061 0.0034443603 -0.0563982055 -0.0162358470 0.0033428662
856 0.0005331942 -0.0114897373 0.0200294823 0.0017651875 -0.0414441359 -0.0068971831 0.0016223113
857 0.0005470132 -0.0117633239 0.0202147821 0.0018917555 0.0084536271 -0.0426648762 0.0043625765
858 0.0005613254 -0.0120430562 0.0204031904 0.0036779521 -0.0515457625 -0.0319528794 0.0043016219
859 0.0005761530 -0.0123291268 0.0205947959 0.0035275474 0.0552995392 0.0216681417 0.0045747885
860 0.0005915194 -0.0126217359 0.0207896905 0.0014557274 -0.0246589557 0.0291146580 0.0002141997
861 0.0006074495 -0.0129210921 0.0209879699 0.0016684731 0.0297250282 0.0280159917 0.0018680847
862 0.0006239693 -0.0132274127 0.0211897335 0.0007659441 -0.0271614734 0.0053102206 0.0004463170
863 0.0006411063 -0.0135409242 0.0213950847 0.0043458629 -0.0570390942 -0.0330515458 0.0048565264
864 0.0006588897 -0.0138618628 0.0216041312 0.0013989505 -0.0371715445 0.0041505173 0.0008479699
865 0.0006773504 -0.0141904746 0.0218169853 0.0025620059 -0.0464491714 -0.0201116977 0.0027986380
866 0.0006965210 -0.0145270168 0.0220337636 0.0043202193 0.0553605762 0.0354319895 0.0050637881
867 0.0007164359 -0.0148717575 0.0222545881 0.0046327595 0.0527359844 -0.0430310984 0.0088330276
868 0.0007371317 -0.0152249770 0.0224795856 0.0017723871 -0.0412915433 0.0082094790 0.0008831018
869 0.0007586472 -0.0155869681 0.0227088887 0.0000210166 0.0043641469 -0.0014038514 0.0009794712
870 0.0007810235 -0.0159580367 0.0229426355 0.0000134351 0.0030213324 -0.0020752586 0.0009861115
871 0.0008043041 -0.0163385030 0.0231809705 0.0030331619 0.0346385083 0.0428174688 0.0029842477
872 0.0008285353 -0.0167287018 0.0234240444 0.0041918873 -0.0475173193 -0.0439771722 0.0054908630
873 0.0008537664 -0.0171289836 0.0236720150 0.0007088775 0.0246589557 -0.0100405896 0.0028827716
874 0.0008800495 -0.0175397158 0.0239250470 0.0002689079 0.0142826624 0.0080568865 0.0012644623
875 0.0009074403 -0.0179612831 0.0241833130 0.0021487147 0.0329599902 0.0325937681 0.0026637118
876 0.0009359980 -0.0183940889 0.0244469937 0.0002454464 -0.0098574786 0.0121768853 0.0002234293
877 0.0009657856 -0.0188385564 0.0247162781 0.0040240527 0.0624713889 -0.0110171819 0.0078881874
878 0.0009968703 -0.0192951299 0.0249913647 0.0016638209 0.0405590991 0.0043336283 0.0040092708
879 0.0010293239 -0.0197642758 0.0252724614 0.0064260756 0.0624713889 0.0502334666 0.0073857563
880 0.0010632228 -0.0202464845 0.0255597863 0.0058062053 -0.0538346507 -0.0539262062 0.0074461879
881 0.0010986488 -0.0207422714 0.0258535688 0.0032906492 0.0556657613 -0.0138554033 0.0074149899
882 0.0011356894 -0.0212521787 0.0261540494 0.0043133159 0.0624713889 -0.0202642903 0.0091642980
883 0.0011744380 -0.0217767775 0.0264614814 0.0008600777 0.0290231025 -0.0042115543 0.0035214629
884 0.0012149949 -0.0223166690 0.0267761311 0.0006085791 0.0140690329 0.0202642903 0.0013663234
885 0.0012574674 -0.0228724872 0.0270982787 0.0039810034 0.0624713889 0.0088503677 0.0076165634
886 0.0013019706 -0.0234449010 0.0274282196 0.0026673533 -0.0047914060 -0.0514236885 0.0065655763
887 0.0013486282 -0.0240346160 0.0277662651 0.0029428470 0.0542313913 0.0013428144 0.0068237667
888 0.0013975732 -0.0246423780 0.0281127438 0.0008231764 0.0232245857 0.0168462172 0.0024181808
889 0.0014489483 -0.0252689751 0.0284680025 0.0025697298 0.0339671010 0.0376293222 0.0035928425
890 0.0015029074 -0.0259152411 0.0288324075 0.0012354497 -0.0231025117 0.0264900662 0.0000133980
891 0.0015596165 -0.0265820589 0.0292063464 0.0003875004 0.0158391064 0.0116885891 0.0021064271
892 0.0016192544 -0.0272703637 0.0295902294 0.0004028374 0.0175176244 -0.0097964415 0.0035572737
893 0.0016820143 -0.0279811473 0.0299844907 0.0022156147 0.0470595416 -0.0010071108 0.0065915844
894 0.0017481050 -0.0287154625 0.0303895909 0.0033304126 0.0320749535 0.0479750969 0.0040047247
895 0.0018177527 -0.0294744275 0.0308060187 0.0025511470 0.0500808741 -0.0065614795 0.0077253759
896 0.0018912021 -0.0302592310 0.0312342930 0.0011448525 -0.0312509537 -0.0129703665 0.0019550354
897 0.0019687191 -0.0310711383 0.0316749656 0.0033340403 0.0220954009 -0.0533463546 0.0100553058
898 0.0020505921 -0.0319114970 0.0321286235 0.0038345869 -0.0106204413 -0.0610065004 0.0091274604
899 0.0021371349 -0.0327817440 0.0325958920 0.0078091629 0.0624713889 -0.0625019074 0.0181167508
900 0.0022286892 -0.0336834131 0.0330774380 0.0029741525 -0.0018005921 -0.0545060579 0.0086873830
901 0.0023256275 -0.0346181429 0.0335739732 0.0039343637 0.0052797021 -0.0625019074 0.0108224129
902 0.0024283564 -0.0355876863 0.0340862583 0.0006123429 0.0168767357 -0.0180974761 0.0054756577
903 0.0025373206 -0.0365939202 0.0346151068 0.0014401035 0.0297250282 -0.0235908078 0.0077861314
904 0.0026530069 -0.0376388567 0.0351613905 0.0032698729 -0.0461134678 0.0338145085 0.0000736331
905 0.0027759492 -0.0387246557 0.0357260441 0.0021132366 -0.0397961364 -0.0230109561 0.0034511833
906 0.0029067338 -0.0398536385 0.0363100712 0.0013848764 0.0096133305 -0.0359508042 0.0076686151
907 0.0030460057 -0.0410283029 0.0369145510 0.0049968767 -0.0330210273 -0.0625019074 0.0099477487
908 0.0031944758 -0.0422513404 0.0375406456 0.0006960329 -0.0116885891 0.0236518448 0.0011269805
909 0.0033529288 -0.0435256553 0.0381896077 0.0026248927 -0.0294808802 -0.0419019135 0.0066119075
910 0.0035222324 -0.0448543862 0.0388627901 0.0005643880 0.0066835536 -0.0227973266 0.0064581292
911 0.0037033482 -0.0462409295 0.0395616558 0.0027884103 0.0396435438 -0.0348826563 0.0129180984
912 0.0038973436 -0.0476889670 0.0402877894 0.0004818259 -0.0194402905 0.0101931822 0.0017036731
913 0.0041054061 -0.0492024961 0.0410429103 0.0042773274 -0.0192571795 -0.0625019074 0.0116182513
914 0.0043288598 -0.0507858639 0.0418288871 0.0012891269 0.0310983612 -0.0179448836 0.0102779300
915 0.0045691838 -0.0524438068 0.0426477542 0.0061923180 0.0499282815 -0.0608233894 0.0211863220
916 0.0048280350 -0.0541814946 0.0435017311 0.0001768401 -0.0072634053 0.0111392560 0.0032486369
917 0.0051072732 -0.0560045812 0.0443932434 0.0027109894 -0.0167851802 -0.0492873928 0.0103142230
918 0.0054089918 -0.0579192621 0.0453249477 0.0011046467 -0.0205084384 0.0261543626 0.0017670811
919 0.0057355533 -0.0599323415 0.0462997598 0.0001108006 -0.0103762932 -0.0017700735 0.0047665108
920 0.0060896312 -0.0620513078 0.0473208873 0.0016743557 -0.0367442854 0.0180059206 0.0014998127
921 0.0064742597 -0.0642844222 0.0483918668 0.0012708281 0.0272530290 0.0229804376 0.0090248457
922 0.0068928934 -0.0666408207 0.0495166075 0.0044942950 0.0243232521 0.0624713889 0.0084422889
923 0.0073494778 -0.0691306326 0.0506994418 0.0044470257 -0.0617999817 -0.0250556963 0.0057925794
924 0.0078485345 -0.0717651194 0.0519451840 0.0023288826 -0.0481887265 -0.0025940733 0.0035303769
925 0.0083952643 -0.0745568368 0.0532591996 0.0037887639 -0.0124820704 0.0602740562 0.0039024848
926 0.0089956712 -0.0775198261 0.0546474865 0.0012141881 0.0348216193 -0.0012817774 0.0157486829
927 0.0096567151 -0.0806698402 0.0561167711 0.0067387481 0.0624713889 -0.0532547990 0.0324515518
928 0.0103864976 -0.0840246122 0.0576746228 0.0067259425 -0.0619220557 -0.0537736137 0.0129092324
929 0.0111944919 -0.0876041761 0.0593295901 0.0021852266 -0.0407422102 0.0229194006 0.0035217457
930 0.0120918287 -0.0914312521 0.0610913649 0.0005694761 -0.0218817713 0.0095217750 0.0074965529
931 0.0130916523 -0.0955317121 0.0629709798 0.0015510243 0.0367137669 -0.0142521439 0.0234522776
932 0.0142095700 -0.0999351450 0.0649810495 0.0018278601 0.0022278512 -0.0426953948 0.0220314945
933 0.0154642216 -0.1046755485 0.0671360642 0.0042664405 0.0210577715 -0.0618305002 0.0324412425
934 0.0168780079 -0.1097921813 0.0694527526 0.0041783031 -0.0166020692 0.0624713889 0.0087331364
935 0.0184780310 -0.1153306207 0.0719505313 0.0006715562 -0.0105899228 0.0236518448 0.0133033769
936 0.0202973187 -0.1213440867 0.0746520684 0.0013426067 0.0350962859 -0.0105288858 0.0317293851
937 0.0223764359 -0.1278951124 0.0775839938 0.0019395688 -0.0133671072 0.0419629505 0.0143855227
938 0.0247656288 -0.1350576734 0.0807778044 0.0007751014 -0.0266121403 0.0081789605 0.0170310258
939 0.0275277129 -0.1429199293 0.0842710310 0.0027335138 -0.0137333293 -0.0504470962 0.0348381514
940 0.0307420116 -0.1515877926 0.0881087554 0.0026761604 -0.0250556963 -0.0452589496 0.0337973161
941 0.0345098095 -0.1611896323 0.0923456111 0.0018426941 0.0076601459 -0.0422376171 0.0466228929
942 0.0389620163 -0.1718825574 0.0970484558 0.0000601988 -0.0007629627 -0.0077211829 0.0402585929
943 0.0442701316 -0.1838609335 0.1022999936 0.0003425437 0.0081179235 -0.0166325877 0.0510008404
944 0.0506622301 -0.1973681204 0.1082037667 0.0073578313 -0.0625019074 -0.0587481307 0.0460618315
945 0.0584467754 -0.2127129439 0.1148911613 0.0022332392 -0.0236823634 -0.0408948027 0.0600018270
946 0.0680489555 -0.2302932933 0.1225314432 0.0067166175 -0.0625019074 -0.0530106510 0.0589689760
947 0.0800676521 -0.2506307173 0.1313464718 0.0026265580 0.0480056154 -0.0179448836 0.1114715680
948 0.0953675753 -0.2744225048 0.1416328499 0.0013395471 -0.0362559893 -0.0050050356 0.0782259586
949 0.1152336837 -0.3026225082 0.1537962978 0.0012919248 0.0239570299 -0.0267952513 0.1392675024
950 0.1416409884 -0.3365710891 0.1684069192 0.0078091629 -0.0625019074 0.0624713889 0.0863362529
951 0.1777496817 -0.3782129443 0.1862918424 0.0059300741 -0.0625019074 -0.0449842830 0.1531621050
952 0.2288689076 -0.4304809581 0.2086984722 0.0062789130 -0.0487075411 -0.0625019074 0.2193005878
953 0.3044730310 -0.4980151991 0.2376002787 0.0014744714 -0.0046388134 0.0381176183 0.2832135897
954 0.4228194875 -0.5886165866 0.2763150404 0.0078091629 -0.0625019074 0.0624713889 0.3225257629
955 0.6228435798 -0.7164907868 0.3308844696 0.0041496912 -0.0625019074 -0.0155949583 0.5477494484
956 1.0001025854 -0.9105188085 0.4135916884 0.0044220405 -0.0625019074 0.0227057711 0.8719244649
957 1.8438434760 -1.2398060000 0.5538271918 0.0042496542 -0.0625019074 0.0185247353 1.6725936464
958 4.4026650869 -1.9211188605 0.8437816132 0.0002203606 -0.0006103702 0.0148319956 4.3755103298
959 20.5866796525 -4.1655659623 1.7985382583 0.0018015747 -0.0403454695 0.0131839961 20.2049339552
960 969.5039766183 28.6628893655 -12.1631718658 0.0078129769 -0.0625019074 -0.0625019074 971.5743172260
961 12.6695365632 3.2852604175 -1.3698907081 0.0041044261 -0.0140690329 -0.0625019074 12.5948402986
962 3.6133085497 1.7590018170 -0.7205700225 0.0045921364 -0.0261848811 -0.0625019074 3.6199451914
963 1.6976376713 1.2087618725 -0.4863459745 0.0042080328 0.0173650319 -0.0625019074 1.5990702250
964 0.9896713959 0.9252274387 -0.3655483314 0.0054300771 -0.0390331736 -0.0625019074 1.0216356636
965 0.6512217086 0.7523718270 -0.2918190238 0.0039070705 0.0007629627 -0.0625019074 0.6175022246
966 0.4631326729 0.6360135081 -0.2421146224 0.0078091629 0.0624713889 -0.0625019074 0.3612112899
967 0.3476882787 0.5523759074 -0.2063228917 0.0031389815 0.0154118473 -0.0538651692 0.3115737590
968 0.2716476632 0.4893835715 -0.1793080679 0.0041066689 0.0624713889 0.0142826624 0.2197313825
969 0.2188449127 0.4402527041 -0.1581849212 0.0039672535 0.0373851741 -0.0506912442 0.1738571373
970 0.1806434116 0.4008787779 -0.1412077088 0.0061585872 -0.0474562822 -0.0625019074 0.2071989293
971 0.1520847092 0.3686326952 -0.1272581836 0.0020732739 -0.0095217750 -0.0445265053 0.1498453339
972 0.1301551123 0.3417525152 -0.1155868965 0.0037380215 0.0473342082 0.0386974700 0.1104858052
973 0.1129361393 0.3190131860 -0.1056727327 0.0011934789 0.0229194006 -0.0258491775 0.0940433297
974 0.0991587252 0.2995365372 -0.0971421028 0.0062160123 0.0624713889 -0.0480971709 0.0586052899
975 0.0879557896 0.2826766324 -0.0897201823 0.0014599866 0.0363780633 -0.0116885891 0.0667519147
976 0.0787182983 0.2679477741 -0.0832002922 0.0058057424 0.0435804315 -0.0625019074 0.0507691276
977 0.0710081184 0.2549777280 -0.0774240053 0.0045501321 0.0308847316 -0.0599688711 0.0505223527
978 0.0645034120 0.2434764294 -0.0722678371 0.0049968767 -0.0330210273 -0.0625019074 0.0765462169
979 0.0589633789 0.2332145062 -0.0676341109 0.0050561096 -0.0339060640 -0.0625019074 0.0713797386
980 0.0542048858 0.2240082037 -0.0634445463 0.0039208093 -0.0037842952 -0.0625019074 0.0518903111
981 0.0500866088 0.2157085902 -0.0596356686 0.0069404951 0.0624713889 -0.0551164281 0.0235020634
982 0.0464980488 0.2081936907 -0.0561554624 0.0028152107 0.0354014710 -0.0395214698 0.0301338409
983 0.0433517772 0.2013626602 -0.0529608939 0.0029649989 -0.0089419233 -0.0537125767 0.0442285829
984 0.0405778711 0.1951314069 -0.0500160484 0.0037453346 0.0247505112 0.0559709464 0.0402628927
985 0.0381198562 0.1894292601 -0.0472907137 0.0041944113 0.0169682913 -0.0625019074 0.0299741662
986 0.0359317089 0.1841964035 -0.0447592878 0.0019185382 0.0437330241 0.0024414808 0.0219578735
987 0.0339756115 0.1793818764 -0.0423999285 0.0058485412 0.0440687277 -0.0625019074 0.0187137378
988 0.0322202520 0.1749420009 -0.0401938842 0.0005705863 0.0133976257 -0.0197759941 0.0265134754
989 0.0306395226 0.1708391343 -0.0381249630 0.0075504955 0.0603656117 -0.0625019074 0.0127986346
990 0.0292115126 0.1670406683 -0.0361791068 0.0012009439 0.0090639973 0.0334482864 0.0298046024
991 0.0279177229 0.1635182230 -0.0343440479 0.0062632220 0.0624713889 -0.0485854671 0.0104132807
992 0.0267424467 0.1602469904 -0.0326090295 0.0039789879 0.0085146641 -0.0625019074 0.0239162830
993 0.0256722791 0.1572051972 -0.0309645770 0.0078091629 0.0624713889 -0.0625019074 0.0099690976
994 0.0246957235 0.1543736626 -0.0294023089 0.0078091629 0.0624713889 -0.0625019074 0.0095416113
995 0.0238028760 0.1517354309 -0.0279147807 0.0013161220 -0.0199896237 -0.0302743614 0.0294950620
996 0.0229851685 0.1492754660 -0.0264953542 0.0039680806 0.0624713889 -0.0080874050 0.0078738004
997 0.0222351600 0.1469803952 -0.0251380878 0.0047594913 0.0292062136 -0.0625019074 0.0152668129
998 0.0215463645 0.1448382934 -0.0238376443 0.0012266425 0.0349131748 -0.0027771844 0.0125270747
999 0.0209131097 0.1428385002 -0.0225892125 0.0058581996 0.0624713889 -0.0442213202 0.0069268207
1000 0.0203304195 0.1409714654 -0.0213884409 0.0021805921 0.0436109500 -0.0166936247 0.0095011112
1001 0.0197939163 0.1392286163 -0.0202313803 0.0046900877 0.0364391003 -0.0579851680 0.0119910331
1002 0.0192997393 0.1376022446 -0.0191144350 0.0042961822 0.0624713889 -0.0198370312 0.0056451676
1003 0.0188444752 0.1360854089 -0.0180343207 0.0040030576 0.0098269601 -0.0625019074 0.0179185622
1004 0.0184251006 0.1346718513 -0.0169880278 0.0051532786 0.0353099155 -0.0625019074 0.0119443075
1005 0.0180389325 0.1333559242 -0.0159727897 0.0039330896 0.0051576281 -0.0625019074 0.0185997619
1006 0.0176835868 0.1321325280 -0.0149860550 0.0044444532 0.0231940672 -0.0625019074 0.0141253445
1007 0.0173569423 0.1309970560 -0.0140254632 0.0025944095 0.0103762932 -0.0498672445 0.0158340017
1008 0.0170571106 0.1299453475 -0.0130888233 0.0044275989 -0.0228278451 -0.0625019074 0.0257813013
1009 0.0167824099 0.1289736457 -0.0121740949 0.0063598620 -0.0495315409 -0.0625019074 0.0343969904
1010 0.0165313422 0.1280785619 -0.0112793712 0.0049022783 -0.0315561388 -0.0625019074 0.0281069859
1011 0.0163025747 0.1272570434 -0.0104028647 0.0016555921 -0.0101626637 -0.0393993957 0.0197249747
1012 0.0160949225 0.1265063464 -0.0095428931 0.0037126795 0.0596331675 -0.0125125889 0.0044808412
1013 0.0159073348 0.1258240116 -0.0086978677 0.0039145439 -0.0028382214 -0.0625019074 0.0194488449
1014 0.0157388823 0.1252078426 -0.0078662827 0.0043217086 0.0457777642 -0.0471816156 0.0078548328
1015 0.0155887466 0.1246558884 -0.0070467049 0.0047506013 -0.0625019074 -0.0290536210 0.0355123449
1016 0.0154562112 0.1241664266 -0.0062377653 0.0040747188 0.0129703665 -0.0625019074 0.0155302175
1017 0.0153406538 0.1237379500 -0.0054381503 0.0046049820 0.0264290292 -0.0625019074 0.0127252984
1018 0.0152415391 0.1233691546 -0.0046465946 0.0004834995 0.0207220679 -0.0073549608 0.0105437596
1019 0.0151584142 0.1230589294 -0.0038618737 0.0078091629 0.0624713889 -0.0625019074 0.0071095036
1020 0.0150909028 0.1228063482 -0.0030827975 0.0039334053 -0.0051881466 -0.0625019074 0.0199132213
1021 0.0150387023 0.1226106622 -0.0023082042 0.0040073019 0.0100405896 -0.0625019074 0.0162953031
1022 0.0150015803 0.1224712947 -0.0015369540 0.0046299244 0.0528580584 -0.0428479873 0.0065526041
1023 0.0149793724 0.1223878370 -0.0007679234 0.0062700025 -0.0486159856 -0.0625019074 0.0330533921
