#int double real img int16 real16 img16 error
0 0.0000018849 0.0013729023 0.0000000000 0.0000007833 0.0008850368 0.0000000000 0.0000002380
1 0.0000018858 0.0013732141 0.0000086162 0.0000019457 0.0013733329 -0.0002441481 0.0000000639
2 0.0000018886 0.0013741505 0.0000172449 0.0000015051 0.0012207404 -0.0001220740 0.0000000429
3 0.0000018933 0.0013757143 0.0000258985 0.0000018628 0.0013428144 -0.0002441481 0.0000000740
4 0.0000018998 0.0013779099 0.0000345896 0.0000018870 0.0013733329 -0.0000305185 0.0000000043
5 0.0000019083 0.0013807439 0.0000433309 0.0000018041 0.0013428144 -0.0000305185 0.0000000069
6 0.0000019188 0.0013842247 0.0000521356 0.0000018870 0.0013733329 -0.0000305185 0.0000000070
7 0.0000019313 0.0013883626 0.0000610171 0.0000018870 0.0013733329 -0.0000305185 0.0000000086
8 0.0000019458 0.0013931702 0.0000699889 0.0000018041 0.0013428144 0.0000305185 0.0000000041
9 0.0000019625 0.0013986621 0.0000790653 0.0000018860 0.0013733329 0.0000000000 0.0000000069
10 0.0000019814 0.0014048551 0.0000882611 0.0000019708 0.0014038514 0.0000000000 0.0000000078
11 0.0000020026 0.0014117686 0.0000975917 0.0000019717 0.0014038514 0.0000305185 0.0000000046
12 0.0000020262 0.0014194246 0.0001070730 0.0000019708 0.0014038514 0.0000000000 0.0000000117
13 0.0000020524 0.0014278475 0.0001167221 0.0000019745 0.0014038514 0.0000610370 0.0000000037
14 0.0000020812 0.0014370651 0.0001265566 0.0000019745 0.0014038514 0.0000610370 0.0000000054
15 0.0000021128 0.0014471081 0.0001365956 0.0000020611 0.0014343699 0.0000610370 0.0000000059
16 0.0000021474 0.0014580108 0.0001468590 0.0000020723 0.0014343699 0.0001220740 0.0000000012
17 0.0000021851 0.0014698111 0.0001573683 0.0000020723 0.0014343699 0.0001220740 0.0000000025
18 0.0000022262 0.0014825513 0.0001681463 0.0000021692 0.0014648885 0.0001525925 0.0000000006
19 0.0000022710 0.0014962781 0.0001792176 0.0000022595 0.0014954070 0.0001525925 0.0000000007
20 0.0000023196 0.0015110430 0.0001906088 0.0000022698 0.0014954070 0.0001831111 0.0000000003
21 0.0000023724 0.0015269034 0.0002023484 0.0000023620 0.0015259255 0.0001831111 0.0000000004
22 0.0000024297 0.0015439226 0.0002144675 0.0000023620 0.0015259255 0.0001831111 0.0000000013
23 0.0000024919 0.0015621708 0.0002269998 0.0000023741 0.0015259255 0.0002136296 0.0000000015
24 0.0000025594 0.0015817259 0.0002399823 0.0000024682 0.0015564440 0.0002136296 0.0000000013
25 0.0000026328 0.0016026743 0.0002534551 0.0000025641 0.0015869625 0.0002136296 0.0000000018
26 0.0000027125 0.0016251124 0.0002674628 0.0000026759 0.0016174810 0.0002441481 0.0000000006
27 0.0000027992 0.0016491472 0.0002820540 0.0000026759 0.0016174810 0.0002441481 0.0000000024
28 0.0000028937 0.0016748983 0.0002972828 0.0000028929 0.0016785180 0.0002746666 0.0000000005
29 0.0000029966 0.0017024995 0.0003132090 0.0000029106 0.0016785180 0.0003051851 0.0000000006
30 0.0000031090 0.0017321010 0.0003298993 0.0000030139 0.0017090365 0.0003051851 0.0000000011
31 0.0000032319 0.0017638713 0.0003474283 0.0000032459 0.0017700735 0.0003357036 0.0000000002
32 0.0000033667 0.0017980008 0.0003658793 0.0000032673 0.0017700735 0.0003662221 0.0000000008
33 0.0000035146 0.0018347046 0.0003853466 0.0000034871 0.0018311106 0.0003662221 0.0000000004
34 0.0000036775 0.0018742271 0.0004059363 0.0000035998 0.0018616291 0.0003662221 0.0000000017
35 0.0000038573 0.0019168466 0.0004277691 0.0000037376 0.0018921476 0.0003967406 0.0000000016
36 0.0000040563 0.0019628815 0.0004509828 0.0000038792 0.0019226661 0.0004272591 0.0000000022
37 0.0000042773 0.0020126978 0.0004757350 0.0000042666 0.0020142216 0.0004577776 0.0000000003
38 0.0000045235 0.0020667176 0.0005022075 0.0000044194 0.0020447401 0.0004882962 0.0000000007
39 0.0000047990 0.0021254313 0.0005306105 0.0000046727 0.0021057772 0.0004882962 0.0000000022
40 0.0000051085 0.0021894104 0.0005611893 0.0000049643 0.0021668142 0.0005188147 0.0000000023
41 0.0000054577 0.0022593262 0.0005942310 0.0000052995 0.0022278512 0.0005798517 0.0000000012
42 0.0000058538 0.0023359716 0.0006300747 0.0000057522 0.0023194067 0.0006103702 0.0000000007
43 0.0000063055 0.0024202902 0.0006691232 0.0000060773 0.0023804437 0.0006408887 0.0000000024
44 0.0000068240 0.0025134134 0.0007118595 0.0000065616 0.0024719993 0.0006714072 0.0000000034
45 0.0000074230 0.0026167098 0.0007588672 0.0000072219 0.0025940733 0.0007019257 0.0000000038
46 0.0000081205 0.0027318505 0.0008108585 0.0000080071 0.0027161473 0.0007934812 0.0000000005
47 0.0000089394 0.0028608972 0.0008687116 0.0000087857 0.0028382214 0.0008545183 0.0000000007
48 0.0000099100 0.0030064235 0.0009335226 0.0000097832 0.0029908139 0.0009155553 0.0000000006
49 0.0000110730 0.0031716840 0.0010066770 0.0000110275 0.0031739250 0.0009765923 0.0000000009
50 0.0000124833 0.0033608552 0.0010899523 0.0000122067 0.0033265175 0.0010681478 0.0000000017
51 0.0000142178 0.0035793868 0.0011856676 0.0000140946 0.0035706656 0.0011597034 0.0000000008
52 0.0000163856 0.0038345263 0.0012969063 0.0000161958 0.0038148137 0.0012817774 0.0000000006
53 0.0000191463 0.0041361269 0.0014278603 0.0000189452 0.0041199988 0.0014038514 0.0000000008
54 0.0000227417 0.0044979339 0.0015843766 0.0000225487 0.0044862209 0.0015564440 0.0000000009
55 0.0000275509 0.0049397166 0.0017748640 0.0000274692 0.0049439985 0.0017395550 0.0000000013
56 0.0000341984 0.0054909740 0.0020118696 0.0000337774 0.0054628132 0.0019837031 0.0000000016
57 0.0000437714 0.0061977596 0.0023149809 0.0000431042 0.0061647389 0.0022583697 0.0000000043
58 0.0000583049 0.0071361889 0.0027165707 0.0000577763 0.0071108127 0.0026856288 0.0000000016
59 0.0000819840 0.0084417507 0.0032742633 0.0000814137 0.0084231086 0.0032349620 0.0000000019
60 0.0001245922 0.0103812226 0.0041015197 0.0001241426 0.0103762932 0.0040589618 0.0000000018
61 0.0002137199 0.0135625313 0.0054568916 0.0002122921 0.0135196997 0.0054322947 0.0000000024
62 0.0004548886 0.0197363250 0.0080849286 0.0004535930 0.0197149571 0.0080568865 0.0000000012
63 0.0015950002 0.0368612282 0.0153704265 0.0012094269 0.0312204352 0.0153202918 0.0000318211
64 0.1220533193 0.3216029082 0.1364730330 0.0010712847 0.0312204352 0.0098269601 0.1003612084
65 0.0025917094 -0.0467384188 -0.0201799312 0.0013835613 -0.0312509537 -0.0201727348 0.0002398616
66 0.0005542627 -0.0215553081 -0.0094673854 0.0005556330 -0.0215765862 -0.0094912564 0.0000000010
67 0.0002321261 -0.0139108521 -0.0062140433 0.0002328085 -0.0139164403 -0.0062562944 0.0000000018
68 0.0001259055 -0.0102161891 -0.0046405751 0.0001263267 -0.0102237007 -0.0046693319 0.0000000009
69 0.0000784114 -0.0080391589 -0.0037125848 0.0000787761 -0.0080568865 -0.0037232582 0.0000000004
70 0.0000532298 -0.0066043867 -0.0031003057 0.0000535478 -0.0066225166 -0.0031128880 0.0000000005
71 0.0000383309 -0.0055878224 -0.0026659190 0.0000382406 -0.0055848872 -0.0026551103 0.0000000001
72 0.0000288129 -0.0048300758 -0.0023416354 0.0000290684 -0.0048524430 -0.0023499252 0.0000000006
73 0.0000223774 -0.0042436190 -0.0020902289 0.0000225617 -0.0042725913 -0.0020752586 0.0000000011
74 0.0000178315 -0.0037763897 -0.0018895567 0.0000180175 -0.0037842952 -0.0019226661 0.0000000012
75 0.0000145071 -0.0033954804 -0.0017256228 0.0000147093 -0.0034180731 -0.0017395550 0.0000000007
76 0.0000120061 -0.0030790711 -0.0015891467 0.0000121172 -0.0030823695 -0.0016174810 0.0000000008
77 0.0000100799 -0.0028121229 -0.0014737317 0.0000101194 -0.0028077029 -0.0014954070 0.0000000005
78 0.0000085669 -0.0025839333 -0.0013748254 0.0000087000 -0.0025940733 -0.0014038514 0.0000000009
79 0.0000073580 -0.0023866785 -0.0012891000 0.0000073886 -0.0023804437 -0.0013122959 0.0000000006
80 0.0000063780 -0.0022145067 -0.0012140662 0.0000064535 -0.0022278512 -0.0012207404 0.0000000002
81 0.0000055733 -0.0020629536 -0.0011478248 0.0000056516 -0.0020752586 -0.0011597034 0.0000000003
82 0.0000049050 -0.0019285540 -0.0010889016 0.0000049037 -0.0019226661 -0.0010986663 0.0000000001
83 0.0000043445 -0.0018085774 -0.0010361348 0.0000044296 -0.0018311106 -0.0010376293 0.0000000005
84 0.0000038702 -0.0017008430 -0.0009885965 0.0000039351 -0.0017090365 -0.0010071108 0.0000000004
85 0.0000034655 -0.0016035880 -0.0009455365 0.0000035113 -0.0016174810 -0.0009460738 0.0000000002
86 0.0000031178 -0.0015153720 -0.0009063419 0.0000031667 -0.0015259255 -0.0009155553 0.0000000002
87 0.0000028170 -0.0014350068 -0.0008705067 0.0000029292 -0.0014648885 -0.0008850368 0.0000000011
88 0.0000025553 -0.0013615030 -0.0008376100 0.0000026162 -0.0013733329 -0.0008545183 0.0000000004
89 0.0000023262 -0.0012940308 -0.0008072982 0.0000024011 -0.0013122959 -0.0008239998 0.0000000006
90 0.0000021248 -0.0012318885 -0.0007792727 0.0000021953 -0.0012512589 -0.0007934812 0.0000000006
91 0.0000019468 -0.0011744790 -0.0007532790 0.0000019270 -0.0011597034 -0.0007629627 0.0000000003
92 0.0000017889 -0.0011212908 -0.0007290994 0.0000018115 -0.0011291849 -0.0007324442 0.0000000001
93 0.0000016481 -0.0010718834 -0.0007065460 0.0000016998 -0.0010986663 -0.0007019257 0.0000000007
94 0.0000015223 -0.0010258755 -0.0006854564 0.0000015694 -0.0010376293 -0.0007019257 0.0000000004
95 0.0000014093 -0.0009829350 -0.0006656890 0.0000014651 -0.0010071108 -0.0006714072 0.0000000006
96 0.0000013076 -0.0009427717 -0.0006471199 0.0000013458 -0.0009460738 -0.0006714072 0.0000000006
97 0.0000012157 -0.0009051305 -0.0006296405 0.0000012490 -0.0009155553 -0.0006408887 0.0000000002
98 0.0000011325 -0.0008697868 -0.0006131549 0.0000011940 -0.0008850368 -0.0006408887 0.0000000010
99 0.0000010569 -0.0008365415 -0.0005975780 0.0000011028 -0.0008545183 -0.0006103702 0.0000000005
100 0.0000009881 -0.0008052179 -0.0005828346 0.0000010515 -0.0008239998 -0.0006103702 0.0000000011
101 0.0000009252 -0.0007756585 -0.0005688571 0.0000009658 -0.0007934812 -0.0005798517 0.0000000004
102 0.0000008678 -0.0007477223 -0.0005555855 0.0000009183 -0.0007629627 -0.0005798517 0.0000000008
103 0.0000008151 -0.0007212831 -0.0005429657 0.0000008839 -0.0007629627 -0.0005493332 0.0000000018
104 0.0000007666 -0.0006962271 -0.0005309491 0.0000008382 -0.0007324442 -0.0005493332 0.0000000016
105 0.0000007221 -0.0006724519 -0.0005194918 0.0000007200 -0.0006714072 -0.0005188147 0.0000000000
106 0.0000006810 -0.0006498648 -0.0005085543 0.0000007200 -0.0006714072 -0.0005188147 0.0000000006
107 0.0000006430 -0.0006283817 -0.0004981004 0.0000006799 -0.0006408887 -0.0005188147 0.0000000006
108 0.0000006078 -0.0006079264 -0.0004880975 0.0000006799 -0.0006408887 -0.0005188147 0.0000000020
109 0.0000005752 -0.0005884292 -0.0004785157 0.0000006110 -0.0006103702 -0.0004882962 0.0000000006
110 0.0000005450 -0.0005698268 -0.0004693278 0.0000005747 -0.0005798517 -0.0004882962 0.0000000005
111 0.0000005168 -0.0005520611 -0.0004605090 0.0000005747 -0.0005798517 -0.0004882962 0.0000000015
112 0.0000004906 -0.0005350790 -0.0004520364 0.0000005113 -0.0005493332 -0.0004577776 0.0000000002
113 0.0000004662 -0.0005188318 -0.0004438891 0.0000004787 -0.0005188147 -0.0004577776 0.0000000002
114 0.0000004434 -0.0005032745 -0.0004360477 0.0000004787 -0.0005188147 -0.0004577776 0.0000000007
115 0.0000004221 -0.0004883659 -0.0004284944 0.0000004517 -0.0005188147 -0.0004272591 0.0000000009
116 0.0000004022 -0.0004740678 -0.0004212130 0.0000004480 -0.0004882962 -0.0004577776 0.0000000015
117 0.0000003835 -0.0004603451 -0.0004141881 0.0000004210 -0.0004882962 -0.0004272591 0.0000000010
118 0.0000003659 -0.0004471652 -0.0004074057 0.0000003921 -0.0004577776 -0.0004272591 0.0000000005
119 0.0000003495 -0.0004344978 -0.0004008528 0.0000003670 -0.0004577776 -0.0003967406 0.0000000006
120 0.0000003340 -0.0004223149 -0.0003945173 0.0000003400 -0.0004272591 -0.0003967406 0.0000000000
121 0.0000003194 -0.0004105905 -0.0003883879 0.0000003651 -0.0004272591 -0.0004272591 0.0000000018
122 0.0000003057 -0.0003993004 -0.0003824541 0.0000003148 -0.0003967406 -0.0003967406 0.0000000002
123 0.0000002928 -0.0003884220 -0.0003767062 0.0000002915 -0.0003662221 -0.0003967406 0.0000000009
124 0.0000002806 -0.0003779341 -0.0003711350 0.0000003148 -0.0003967406 -0.0003967406 0.0000000010
125 0.0000002690 -0.0003678172 -0.0003657319 0.0000002915 -0.0003662221 -0.0003967406 0.0000000010
126 0.0000002582 -0.0003580529 -0.0003604891 0.0000002915 -0.0003662221 -0.0003967406 0.0000000014
127 0.0000002478 -0.0003486239 -0.0003553990 0.0000002682 -0.0003662221 -0.0003662221 0.0000000004
128 0.0000002381 -0.0003395142 -0.0003504545 0.0005706832 0.0220648824 -0.0091555528 0.0005794867
129 0.0000002288 -0.0003307085 -0.0003456492 0.0000002468 -0.0003357036 -0.0003662221 0.0000000004
130 0.0000002201 -0.0003221928 -0.0003409768 0.0000002254 -0.0003357036 -0.0003357036 0.0000000002
131 0.0000002118 -0.0003139536 -0.0003364315 0.0000002468 -0.0003357036 -0.0003662221 0.0000000014
132 0.0000002039 -0.0003059785 -0.0003320078 0.0000002273 -0.0003051851 -0.0003662221 0.0000000012
133 0.0000001963 -0.0002982556 -0.0003277006 0.0000002058 -0.0003051851 -0.0003357036 0.0000000001
134 0.0000001892 -0.0002907738 -0.0003235049 0.0000002058 -0.0003051851 -0.0003357036 0.0000000004
135 0.0000001824 -0.0002835226 -0.0003194162 0.0000002058 -0.0003051851 -0.0003357036 0.0000000007
136 0.0000001759 -0.0002764920 -0.0003154302 0.0000001881 -0.0002746666 -0.0003357036 0.0000000004
137 0.0000001698 -0.0002696728 -0.0003115426 0.0000001863 -0.0003051851 -0.0003051851 0.0000000013
138 0.0000001639 -0.0002630561 -0.0003077497 0.0000001723 -0.0002441481 -0.0003357036 0.0000000011
139 0.0000001583 -0.0002566335 -0.0003040477 0.0000001686 -0.0002746666 -0.0003051851 0.0000000003
140 0.0000001530 -0.0002503971 -0.0003004331 0.0000001723 -0.0002441481 -0.0003357036 0.0000000013
141 0.0000001479 -0.0002443395 -0.0002969027 0.0000001527 -0.0002441481 -0.0003051851 0.0000000001
142 0.0000001430 -0.0002384534 -0.0002934533 0.0000001527 -0.0002441481 -0.0003051851 0.0000000002
143 0.0000001383 -0.0002327321 -0.0002900818 0.0000001527 -0.0002441481 -0.0003051851 0.0000000004
144 0.0000001339 -0.0002271693 -0.0002867855 0.0000001527 -0.0002441481 -0.0003051851 0.0000000006
145 0.0000001296 -0.0002217588 -0.0002835617 0.0000001388 -0.0002136296 -0.0003051851 0.0000000005
146 0.0000001255 -0.0002164949 -0.0002804077 0.0000001211 -0.0002136296 -0.0002746666 0.0000000000
147 0.0000001216 -0.0002113721 -0.0002773212 0.0000001527 -0.0002441481 -0.0003051851 0.0000000019
148 0.0000001178 -0.0002063851 -0.0002742998 0.0000001388 -0.0002136296 -0.0003051851 0.0000000010
149 0.0000001142 -0.0002015289 -0.0002713412 0.0000001211 -0.0002136296 -0.0002746666 0.0000000002
150 0.0000001108 -0.0001967988 -0.0002684434 0.0000001388 -0.0002136296 -0.0003051851 0.0000000016
151 0.0000001075 -0.0001921904 -0.0002656044 0.0000001211 -0.0002136296 -0.0002746666 0.0000000005
152 0.0000001043 -0.0001876991 -0.0002628221 0.0000001211 -0.0002136296 -0.0002746666 0.0000000008
153 0.0000001013 -0.0001833210 -0.0002600948 0.0000001090 -0.0001831111 -0.0002746666 0.0000000002
154 0.0000000983 -0.0001790521 -0.0002574206 0.0000001090 -0.0001831111 -0.0002746666 0.0000000003
155 0.0000000955 -0.0001748887 -0.0002547979 0.0000001090 -0.0001831111 -0.0002746666 0.0000000005
156 0.0000000928 -0.0001708271 -0.0002522251 0.0000000931 -0.0001831111 -0.0002441481 0.0000000002
157 0.0000000902 -0.0001668639 -0.0002497006 0.0000000931 -0.0001831111 -0.0002441481 0.0000000003
158 0.0000000877 -0.0001629958 -0.0002472229 0.0000001090 -0.0001831111 -0.0002746666 0.0000000012
159 0.0000000853 -0.0001592197 -0.0002447906 0.0000001090 -0.0001831111 -0.0002746666 0.0000000015
160 0.0000000829 -0.0001555327 -0.0002424023 0.0000000829 -0.0001525925 -0.0002441481 0.0000000000
161 0.0000000807 -0.0001519317 -0.0002400568 0.0000000829 -0.0001525925 -0.0002441481 0.0000000000
162 0.0000000786 -0.0001484140 -0.0002377527 0.0000000829 -0.0001525925 -0.0002441481 0.0000000001
163 0.0000000765 -0.0001449770 -0.0002354889 0.0000000829 -0.0001525925 -0.0002441481 0.0000000001
164 0.0000000745 -0.0001416182 -0.0002332642 0.0000000829 -0.0001525925 -0.0002441481 0.0000000002
165 0.0000000725 -0.0001383351 -0.0002310774 0.0000000829 -0.0001525925 -0.0002441481 0.0000000004
166 0.0000000707 -0.0001351253 -0.0002289276 0.0000000931 -0.0001831111 -0.0002441481 0.0000000025
167 0.0000000689 -0.0001319867 -0.0002268136 0.0000000745 -0.0001220740 -0.0002441481 0.0000000004
168 0.0000000671 -0.0001289170 -0.0002247345 0.0000000829 -0.0001525925 -0.0002441481 0.0000000009
169 0.0000000654 -0.0001259142 -0.0002226893 0.0000000689 -0.0001525925 -0.0002136296 0.0000000008
170 0.0000000638 -0.0001229762 -0.0002206771 0.0000000829 -0.0001525925 -0.0002441481 0.0000000014
171 0.0000000623 -0.0001201013 -0.0002186971 0.0000000829 -0.0001525925 -0.0002441481 0.0000000017
172 0.0000000607 -0.0001172875 -0.0002167483 0.0000000829 -0.0001525925 -0.0002441481 0.0000000020
173 0.0000000593 -0.0001145330 -0.0002148299 0.0000000605 -0.0001220740 -0.0002136296 0.0000000001
174 0.0000000579 -0.0001118361 -0.0002129412 0.0000000745 -0.0001220740 -0.0002441481 0.0000000011
175 0.0000000565 -0.0001091953 -0.0002110814 0.0000000605 -0.0001220740 -0.0002136296 0.0000000002
176 0.0000000552 -0.0001066088 -0.0002092497 0.0000000605 -0.0001220740 -0.0002136296 0.0000000003
177 0.0000000539 -0.0001040753 -0.0002074454 0.0000000745 -0.0001220740 -0.0002441481 0.0000000017
178 0.0000000526 -0.0001015931 -0.0002056679 0.0000000605 -0.0001220740 -0.0002136296 0.0000000005
179 0.0000000514 -0.0000991609 -0.0002039164 0.0000000540 -0.0000915555 -0.0002136296 0.0000000002
180 0.0000000502 -0.0000967773 -0.0002021903 0.0000000605 -0.0001220740 -0.0002136296 0.0000000008
181 0.0000000491 -0.0000944410 -0.0002004890 0.0000000605 -0.0001220740 -0.0002136296 0.0000000009
182 0.0000000480 -0.0000921508 -0.0001988120 0.0000000605 -0.0001220740 -0.0002136296 0.0000000011
183 0.0000000470 -0.0000899053 -0.0001971585 0.0000000605 -0.0001220740 -0.0002136296 0.0000000013
184 0.0000000459 -0.0000877034 -0.0001955281 0.0000000540 -0.0000915555 -0.0002136296 0.0000000003
185 0.0000000449 -0.0000855439 -0.0001939202 0.0000000484 -0.0001220740 -0.0001831111 0.0000000015
186 0.0000000440 -0.0000834258 -0.0001923343 0.0000000540 -0.0000915555 -0.0002136296 0.0000000005
187 0.0000000430 -0.0000813479 -0.0001907698 0.0000000540 -0.0000915555 -0.0002136296 0.0000000006
188 0.0000000421 -0.0000793093 -0.0001892263 0.0000000540 -0.0000915555 -0.0002136296 0.0000000007
189 0.0000000412 -0.0000773088 -0.0001877033 0.0000000419 -0.0000915555 -0.0001831111 0.0000000002
190 0.0000000403 -0.0000753456 -0.0001862004 0.0000000540 -0.0000915555 -0.0002136296 0.0000000010
191 0.0000000395 -0.0000734188 -0.0001847170 0.0000000270 -0.0000610370 -0.0001525925 0.0000000012
192 0.0000000387 -0.0000715273 -0.0001832527 0.0009838347 -0.0312509537 -0.0026856288 0.0009784185
193 0.0000000379 -0.0000696704 -0.0001818072 0.0000000680 -0.0000915555 -0.0002441481 0.0000000044
194 0.0000000371 -0.0000678471 -0.0001803799 0.0000000419 -0.0000915555 -0.0001831111 0.0000000006
195 0.0000000364 -0.0000660566 -0.0001789706 0.0000000540 -0.0000915555 -0.0002136296 0.0000000019
196 0.0000000357 -0.0000642983 -0.0001775788 0.0000000373 -0.0000610370 -0.0001831111 0.0000000000
197 0.0000000350 -0.0000625711 -0.0001762041 0.0000000540 -0.0000915555 -0.0002136296 0.0000000022
198 0.0000000343 -0.0000608746 -0.0001748462 0.0000000419 -0.0000915555 -0.0001831111 0.0000000010
199 0.0000000336 -0.0000592078 -0.0001735047 0.0000000540 -0.0000915555 -0.0002136296 0.0000000027
200 0.0000000330 -0.0000575701 -0.0001721793 0.0000000373 -0.0000610370 -0.0001831111 0.0000000001
201 0.0000000323 -0.0000559608 -0.0001708697 0.0000000373 -0.0000610370 -0.0001831111 0.0000000002
202 0.0000000317 -0.0000543792 -0.0001695755 0.0000000373 -0.0000610370 -0.0001831111 0.0000000002
203 0.0000000311 -0.0000528248 -0.0001682963 0.0000000419 -0.0000915555 -0.0001831111 0.0000000017
204 0.0000000305 -0.0000512968 -0.0001670320 0.0000000373 -0.0000610370 -0.0001831111 0.0000000004
205 0.0000000300 -0.0000497947 -0.0001657821 0.0000000373 -0.0000610370 -0.0001831111 0.0000000004
206 0.0000000294 -0.0000483179 -0.0001645465 0.0000000373 -0.0000610370 -0.0001831111 0.0000000005
207 0.0000000289 -0.0000468659 -0.0001633248 0.0000000345 -0.0000305185 -0.0001831111 0.0000000007
208 0.0000000283 -0.0000454379 -0.0001621167 0.0000000373 -0.0000610370 -0.0001831111 0.0000000007
209 0.0000000278 -0.0000440336 -0.0001609220 0.0000000345 -0.0000305185 -0.0001831111 0.0000000007
210 0.0000000273 -0.0000426524 -0.0001597404 0.0000000373 -0.0000610370 -0.0001831111 0.0000000009
211 0.0000000269 -0.0000412938 -0.0001585717 0.0000000373 -0.0000610370 -0.0001831111 0.0000000010
212 0.0000000264 -0.0000399573 -0.0001574155 0.0000000270 -0.0000610370 -0.0001525925 0.0000000005
213 0.0000000259 -0.0000386424 -0.0001562718 0.0000000373 -0.0000610370 -0.0001831111 0.0000000012
214 0.0000000255 -0.0000373487 -0.0001551402 0.0000000345 -0.0000305185 -0.0001831111 0.0000000008
215 0.0000000250 -0.0000360757 -0.0001540205 0.0000000373 -0.0000610370 -0.0001831111 0.0000000015
216 0.0000000246 -0.0000348229 -0.0001529125 0.0000000373 -0.0000610370 -0.0001831111 0.0000000016
217 0.0000000242 -0.0000335899 -0.0001518159 0.0000000373 -0.0000610370 -0.0001831111 0.0000000017
218 0.0000000238 -0.0000323764 -0.0001507307 0.0000000242 -0.0000305185 -0.0001525925 0.0000000000
219 0.0000000234 -0.0000311818 -0.0001496564 0.0000000345 -0.0000305185 -0.0001831111 0.0000000011
220 0.0000000230 -0.0000300059 -0.0001485930 0.0000000345 -0.0000305185 -0.0001831111 0.0000000012
221 0.0000000226 -0.0000288482 -0.0001475403 0.0000000242 -0.0000305185 -0.0001525925 0.0000000000
222 0.0000000222 -0.0000277084 -0.0001464980 0.0000000242 -0.0000305185 -0.0001525925 0.0000000000
223 0.0000000219 -0.0000265860 -0.0001454659 0.0000000242 -0.0000305185 -0.0001525925 0.0000000001
224 0.0000000215 -0.0000254807 -0.0001444440 0.0000000242 -0.0000305185 -0.0001525925 0.0000000001
225 0.0000000212 -0.0000243923 -0.0001434320 0.0000000242 -0.0000305185 -0.0001525925 0.0000000001
226 0.0000000208 -0.0000233203 -0.0001424297 0.0000000270 -0.0000610370 -0.0001525925 0.0000000015
227 0.0000000205 -0.0000222644 -0.0001414370 0.0000000270 -0.0000610370 -0.0001525925 0.0000000016
228 0.0000000202 -0.0000212243 -0.0001404536 0.0000000242 -0.0000305185 -0.0001525925 0.0000000002
229 0.0000000199 -0.0000201997 -0.0001394795 0.0000000242 -0.0000305185 -0.0001525925 0.0000000003
230 0.0000000196 -0.0000191902 -0.0001385145 0.0000000242 -0.0000305185 -0.0001525925 0.0000000003
231 0.0000000193 -0.0000181957 -0.0001375584 0.0000000270 -0.0000610370 -0.0001525925 0.0000000021
232 0.0000000190 -0.0000172158 -0.0001366111 0.0000000242 -0.0000305185 -0.0001525925 0.0000000004
233 0.0000000187 -0.0000162501 -0.0001356723 0.0000000242 -0.0000305185 -0.0001525925 0.0000000005
234 0.0000000184 -0.0000152985 -0.0001347421 0.0000000158 -0.0000305185 -0.0001220740 0.0000000004
235 0.0000000181 -0.0000143607 -0.0001338202 0.0000000242 -0.0000305185 -0.0001525925 0.0000000006
236 0.0000000178 -0.0000134364 -0.0001329065 0.0000000242 -0.0000305185 -0.0001525925 0.0000000007
237 0.0000000176 -0.0000125254 -0.0001320008 0.0000000242 -0.0000305185 -0.0001525925 0.0000000007
238 0.0000000173 -0.0000116273 -0.0001311031 0.0000000158 -0.0000305185 -0.0001220740 0.0000000004
239 0.0000000171 -0.0000107420 -0.0001302132 0.0000000233 0.0000000000 -0.0001525925 0.0000000006
240 0.0000000168 -0.0000098693 -0.0001293309 0.0000000242 -0.0000305185 -0.0001525925 0.0000000010
241 0.0000000166 -0.0000090088 -0.0001284562 0.0000000242 -0.0000305185 -0.0001525925 0.0000000010
242 0.0000000163 -0.0000081605 -0.0001275890 0.0000000158 -0.0000305185 -0.0001220740 0.0000000005
243 0.0000000161 -0.0000073239 -0.0001267290 0.0000000158 -0.0000305185 -0.0001220740 0.0000000006
244 0.0000000159 -0.0000064990 -0.0001258762 0.0000000242 -0.0000305185 -0.0001525925 0.0000000013
245 0.0000000157 -0.0000056855 -0.0001250305 0.0000000242 -0.0000305185 -0.0001525925 0.0000000014
246 0.0000000154 -0.0000048833 -0.0001241918 0.0000000242 -0.0000305185 -0.0001525925 0.0000000015
247 0.0000000152 -0.0000040920 -0.0001233599 0.0000000242 -0.0000305185 -0.0001525925 0.0000000016
248 0.0000000150 -0.0000033116 -0.0001225348 0.0000000233 0.0000000000 -0.0001525925 0.0000000009
249 0.0000000148 -0.0000025418 -0.0001217163 0.0000000242 -0.0000305185 -0.0001525925 0.0000000017
250 0.0000000146 -0.0000017825 -0.0001209044 0.0000000158 -0.0000305185 -0.0001220740 0.0000000008
251 0.0000000144 -0.0000010334 -0.0001200989 0.0000000158 -0.0000305185 -0.0001220740 0.0000000009
252 0.0000000142 -0.0000002944 -0.0001192998 0.0000000242 -0.0000305185 -0.0001525925 0.0000000020
253 0.0000000140 0.0000004347 -0.0001185069 0.0000000233 0.0000000000 -0.0001525925 0.0000000012
254 0.0000000139 0.0000011541 -0.0001177201 0.0000000158 -0.0000305185 -0.0001220740 0.0000000010
255 0.0000000137 0.0000018639 -0.0001169395 0.0000000233 0.0000000000 -0.0001525925 0.0000000013
256 0.0000000135 0.0000025642 -0.0001161647 0.0000001574 0.0000000000 -0.0003967406 0.0000000787
257 0.0000000133 0.0000032554 -0.0001153959 0.0000000149 0.0000000000 -0.0001220740 0.0000000001
258 0.0000000132 0.0000039375 -0.0001146329 0.0000000158 -0.0000305185 -0.0001220740 0.0000000012
259 0.0000000130 0.0000046106 -0.0001138755 0.0000000158 -0.0000305185 -0.0001220740 0.0000000013
260 0.0000000128 0.0000052749 -0.0001131238 0.0000000233 0.0000000000 -0.0001525925 0.0000000016
261 0.0000000127 0.0000059306 -0.0001123777 0.0000000149 0.0000000000 -0.0001220740 0.0000000001
262 0.0000000125 0.0000065778 -0.0001116370 0.0000000149 0.0000000000 -0.0001220740 0.0000000002
263 0.0000000124 0.0000072166 -0.0001109017 0.0000000158 -0.0000305185 -0.0001220740 0.0000000015
264 0.0000000122 0.0000078473 -0.0001101716 0.0000000149 0.0000000000 -0.0001220740 0.0000000002
265 0.0000000121 0.0000084698 -0.0001094469 0.0000000149 0.0000000000 -0.0001220740 0.0000000002
266 0.0000000119 0.0000090844 -0.0001087272 0.0000000149 0.0000000000 -0.0001220740 0.0000000003
267 0.0000000118 0.0000096912 -0.0001080127 0.0000000149 0.0000000000 -0.0001220740 0.0000000003
268 0.0000000116 0.0000102902 -0.0001073031 0.0000000149 0.0000000000 -0.0001220740 0.0000000003
269 0.0000000115 0.0000108817 -0.0001065985 0.0000000149 0.0000000000 -0.0001220740 0.0000000004
270 0.0000000113 0.0000114657 -0.0001058988 0.0000000149 0.0000000000 -0.0001220740 0.0000000004
271 0.0000000112 0.0000120424 -0.0001052038 0.0000000158 -0.0000305185 -0.0001220740 0.0000000021
272 0.0000000111 0.0000126119 -0.0001045136 0.0000000149 0.0000000000 -0.0001220740 0.0000000005
273 0.0000000110 0.0000131743 -0.0001038281 0.0000000149 0.0000000000 -0.0001220740 0.0000000005
274 0.0000000108 0.0000137297 -0.0001031471 0.0000000149 0.0000000000 -0.0001220740 0.0000000005
275 0.0000000107 0.0000142781 -0.0001024707 0.0000000084 0.0000000000 -0.0000915555 0.0000000003
276 0.0000000106 0.0000148198 -0.0001017988 0.0000000149 0.0000000000 -0.0001220740 0.0000000006
277 0.0000000105 0.0000153549 -0.0001011312 0.0000000158 -0.0000305185 -0.0001220740 0.0000000025
278 0.0000000103 0.0000158833 -0.0001004681 0.0000000149 0.0000000000 -0.0001220740 0.0000000007
279 0.0000000102 0.0000164053 -0.0000998092 0.0000000158 -0.0000305185 -0.0001220740 0.0000000027
280 0.0000000101 0.0000169209 -0.0000991546 0.0000000149 0.0000000000 -0.0001220740 0.0000000008
281 0.0000000100 0.0000174302 -0.0000985041 0.0000000084 0.0000000000 -0.0000915555 0.0000000004
282 0.0000000099 0.0000179334 -0.0000978578 0.0000000084 0.0000000000 -0.0000915555 0.0000000004
283 0.0000000098 0.0000184304 -0.0000972155 0.0000000149 0.0000000000 -0.0001220740 0.0000000010
284 0.0000000097 0.0000189215 -0.0000965773 0.0000000084 0.0000000000 -0.0000915555 0.0000000004
285 0.0000000096 0.0000194066 -0.0000959430 0.0000000149 0.0000000000 -0.0001220740 0.0000000011
286 0.0000000095 0.0000198859 -0.0000953126 0.0000000149 0.0000000000 -0.0001220740 0.0000000011
287 0.0000000094 0.0000203595 -0.0000946861 0.0000000084 0.0000000000 -0.0000915555 0.0000000004
288 0.0000000093 0.0000208274 -0.0000940634 0.0000000084 0.0000000000 -0.0000915555 0.0000000004
289 0.0000000092 0.0000212898 -0.0000934444 0.0000000149 0.0000000000 -0.0001220740 0.0000000013
290 0.0000000091 0.0000217466 -0.0000928292 0.0000000084 0.0000000000 -0.0000915555 0.0000000005
291 0.0000000090 0.0000221981 -0.0000922176 0.0000000084 0.0000000000 -0.0000915555 0.0000000005
292 0.0000000089 0.0000226442 -0.0000916096 0.0000000084 0.0000000000 -0.0000915555 0.0000000005
293 0.0000000088 0.0000230850 -0.0000910052 0.0000000084 0.0000000000 -0.0000915555 0.0000000005
294 0.0000000087 0.0000235207 -0.0000904043 0.0000000084 0.0000000000 -0.0000915555 0.0000000006
295 0.0000000086 0.0000239513 -0.0000898068 0.0000000084 0.0000000000 -0.0000915555 0.0000000006
296 0.0000000086 0.0000243768 -0.0000892128 0.0000000084 0.0000000000 -0.0000915555 0.0000000006
297 0.0000000085 0.0000247974 -0.0000886222 0.0000000149 0.0000000000 -0.0001220740 0.0000000017
298 0.0000000084 0.0000252130 -0.0000880349 0.0000000084 0.0000000000 -0.0000915555 0.0000000006
299 0.0000000083 0.0000256238 -0.0000874510 0.0000000093 0.0000305185 -0.0000915555 0.0000000000
300 0.0000000082 0.0000260299 -0.0000868702 0.0000000084 0.0000000000 -0.0000915555 0.0000000007
301 0.0000000081 0.0000264313 -0.0000862927 0.0000000093 0.0000305185 -0.0000915555 0.0000000000
302 0.0000000081 0.0000268280 -0.0000857184 0.0000000093 0.0000305185 -0.0000915555 0.0000000000
303 0.0000000080 0.0000272202 -0.0000851472 0.0000000084 0.0000000000 -0.0000915555 0.0000000008
304 0.0000000079 0.0000276078 -0.0000845791 0.0000000084 0.0000000000 -0.0000915555 0.0000000008
305 0.0000000078 0.0000279910 -0.0000840141 0.0000000084 0.0000000000 -0.0000915555 0.0000000008
306 0.0000000078 0.0000283699 -0.0000834521 0.0000000093 0.0000305185 -0.0000915555 0.0000000001
307 0.0000000077 0.0000287444 -0.0000828931 0.0000000084 0.0000000000 -0.0000915555 0.0000000009
308 0.0000000076 0.0000291146 -0.0000823370 0.0000000084 0.0000000000 -0.0000915555 0.0000000009
309 0.0000000076 0.0000294806 -0.0000817838 0.0000000093 0.0000305185 -0.0000915555 0.0000000001
310 0.0000000075 0.0000298425 -0.0000812335 0.0000000037 0.0000000000 -0.0000610370 0.0000000013
311 0.0000000074 0.0000302002 -0.0000806860 0.0000000084 0.0000000000 -0.0000915555 0.0000000010
312 0.0000000074 0.0000305539 -0.0000801414 0.0000000084 0.0000000000 -0.0000915555 0.0000000011
313 0.0000000073 0.0000309036 -0.0000795995 0.0000000093 0.0000305185 -0.0000915555 0.0000000001
314 0.0000000072 0.0000312494 -0.0000790603 0.0000000093 0.0000305185 -0.0000915555 0.0000000002
315 0.0000000072 0.0000315913 -0.0000785239 0.0000000093 0.0000305185 -0.0000915555 0.0000000002
316 0.0000000071 0.0000319293 -0.0000779901 0.0000000093 0.0000305185 -0.0000915555 0.0000000002
317 0.0000000070 0.0000322636 -0.0000774590 0.0000000093 0.0000305185 -0.0000915555 0.0000000002
318 0.0000000070 0.0000325940 -0.0000769304 0.0000000093 0.0000305185 -0.0000915555 0.0000000002
319 0.0000000069 0.0000329208 -0.0000764045 0.0000000084 0.0000000000 -0.0000915555 0.0000000013
320 0.0000000069 0.0000332440 -0.0000758810 0.0005095065 -0.0058900723 0.0217902158 0.0005132119
321 0.0000000068 0.0000335635 -0.0000753601 0.0000000047 -0.0000305185 -0.0000610370 0.0000000043
322 0.0000000067 0.0000338795 -0.0000748417 0.0000000093 0.0000305185 -0.0000915555 0.0000000003
323 0.0000000067 0.0000341919 -0.0000743257 0.0000000084 0.0000000000 -0.0000915555 0.0000000015
324 0.0000000066 0.0000345009 -0.0000738122 0.0000000084 0.0000000000 -0.0000915555 0.0000000015
325 0.0000000066 0.0000348065 -0.0000733010 0.0000000037 0.0000000000 -0.0000610370 0.0000000014
326 0.0000000065 0.0000351086 -0.0000727922 0.0000000047 0.0000305185 -0.0000610370 0.0000000002
327 0.0000000065 0.0000354075 -0.0000722858 0.0000000047 0.0000305185 -0.0000610370 0.0000000002
328 0.0000000064 0.0000357030 -0.0000717816 0.0000000084 0.0000000000 -0.0000915555 0.0000000017
329 0.0000000064 0.0000359952 -0.0000712797 0.0000000037 0.0000000000 -0.0000610370 0.0000000014
330 0.0000000063 0.0000362843 -0.0000707801 0.0000000037 0.0000000000 -0.0000610370 0.0000000014
331 0.0000000063 0.0000365701 -0.0000702828 0.0000000047 0.0000305185 -0.0000610370 0.0000000001
332 0.0000000062 0.0000368528 -0.0000697876 0.0000000093 0.0000305185 -0.0000915555 0.0000000005
333 0.0000000062 0.0000371323 -0.0000692946 0.0000000084 0.0000000000 -0.0000915555 0.0000000019
334 0.0000000061 0.0000374088 -0.0000688037 0.0000000047 0.0000305185 -0.0000610370 0.0000000001
335 0.0000000061 0.0000376823 -0.0000683150 0.0000000047 0.0000305185 -0.0000610370 0.0000000001
336 0.0000000060 0.0000379528 -0.0000678284 0.0000000093 0.0000305185 -0.0000915555 0.0000000006
337 0.0000000060 0.0000382202 -0.0000673438 0.0000000047 0.0000305185 -0.0000610370 0.0000000001
338 0.0000000060 0.0000384848 -0.0000668613 0.0000000084 0.0000000000 -0.0000915555 0.0000000021
339 0.0000000059 0.0000387464 -0.0000663809 0.0000000093 0.0000305185 -0.0000915555 0.0000000007
340 0.0000000059 0.0000390052 -0.0000659024 0.0000000093 0.0000305185 -0.0000915555 0.0000000007
341 0.0000000058 0.0000392612 -0.0000654259 0.0000000047 0.0000305185 -0.0000610370 0.0000000001
342 0.0000000058 0.0000395143 -0.0000649514 0.0000000084 0.0000000000 -0.0000915555 0.0000000023
343 0.0000000057 0.0000397647 -0.0000644788 0.0000000047 0.0000305185 -0.0000610370 0.0000000001
344 0.0000000057 0.0000400123 -0.0000640082 0.0000000093 0.0000305185 -0.0000915555 0.0000000008
345 0.0000000057 0.0000402572 -0.0000635394 0.0000000047 0.0000305185 -0.0000610370 0.0000000001
346 0.0000000056 0.0000404995 -0.0000630725 0.0000000047 0.0000305185 -0.0000610370 0.0000000001
347 0.0000000056 0.0000407391 -0.0000626074 0.0000000093 0.0000305185 -0.0000915555 0.0000000009
348 0.0000000055 0.0000409761 -0.0000621442 0.0000000037 0.0000000000 -0.0000610370 0.0000000017
349 0.0000000055 0.0000412105 -0.0000616828 0.0000000047 0.0000305185 -0.0000610370 0.0000000001
350 0.0000000055 0.0000414423 -0.0000612231 0.0000000037 0.0000000000 -0.0000610370 0.0000000017
351 0.0000000054 0.0000416716 -0.0000607652 0.0000000047 0.0000305185 -0.0000610370 0.0000000001
352 0.0000000054 0.0000418984 -0.0000603091 0.0000000047 0.0000305185 -0.0000610370 0.0000000001
353 0.0000000054 0.0000421227 -0.0000598547 0.0000000047 0.0000305185 -0.0000610370 0.0000000001
354 0.0000000053 0.0000423445 -0.0000594019 0.0000000047 0.0000305185 -0.0000610370 0.0000000001
355 0.0000000053 0.0000425639 -0.0000589509 0.0000000093 0.0000305185 -0.0000915555 0.0000000012
356 0.0000000053 0.0000427809 -0.0000585015 0.0000000047 0.0000305185 -0.0000610370 0.0000000002
357 0.0000000052 0.0000429956 -0.0000580538 0.0000000047 0.0000305185 -0.0000610370 0.0000000002
358 0.0000000052 0.0000432079 -0.0000576077 0.0000000047 0.0000305185 -0.0000610370 0.0000000002
359 0.0000000052 0.0000434178 -0.0000571632 0.0000000093 0.0000305185 -0.0000915555 0.0000000013
360 0.0000000051 0.0000436255 -0.0000567203 0.0000000047 0.0000305185 -0.0000610370 0.0000000002
361 0.0000000051 0.0000438309 -0.0000562790 0.0000000047 0.0000305185 -0.0000610370 0.0000000002
362 0.0000000051 0.0000440340 -0.0000558392 0.0000000093 0.0000305185 -0.0000915555 0.0000000015
363 0.0000000050 0.0000442349 -0.0000554010 0.0000000037 0.0000000000 -0.0000610370 0.0000000020
364 0.0000000050 0.0000444336 -0.0000549642 0.0000000093 0.0000305185 -0.0000915555 0.0000000015
365 0.0000000050 0.0000446300 -0.0000545290 0.0000000047 0.0000305185 -0.0000610370 0.0000000002
366 0.0000000049 0.0000448244 -0.0000540953 0.0000000047 0.0000305185 -0.0000610370 0.0000000003
367 0.0000000049 0.0000450165 -0.0000536630 0.0000000047 0.0000305185 -0.0000610370 0.0000000003
368 0.0000000049 0.0000452066 -0.0000532321 0.0000000047 0.0000305185 -0.0000610370 0.0000000003
369 0.0000000048 0.0000453945 -0.0000528027 0.0000000037 0.0000000000 -0.0000610370 0.0000000021
370 0.0000000048 0.0000455804 -0.0000523747 0.0000000047 0.0000305185 -0.0000610370 0.0000000003
371 0.0000000048 0.0000457642 -0.0000519482 0.0000000047 0.0000305185 -0.0000610370 0.0000000003
372 0.0000000048 0.0000459460 -0.0000515229 0.0000000047 0.0000305185 -0.0000610370 0.0000000003
373 0.0000000047 0.0000461257 -0.0000510991 0.0000000047 0.0000305185 -0.0000610370 0.0000000003
374 0.0000000047 0.0000463035 -0.0000506766 0.0000000047 0.0000305185 -0.0000610370 0.0000000004
375 0.0000000047 0.0000464792 -0.0000502554 0.0000000047 0.0000305185 -0.0000610370 0.0000000004
376 0.0000000047 0.0000466530 -0.0000498356 0.0000000047 0.0000305185 -0.0000610370 0.0000000004
377 0.0000000046 0.0000468249 -0.0000494171 0.0000000047 0.0000305185 -0.0000610370 0.0000000004
378 0.0000000046 0.0000469948 -0.0000489998 0.0000000047 0.0000305185 -0.0000610370 0.0000000004
379 0.0000000046 0.0000471628 -0.0000485838 0.0000000047 0.0000305185 -0.0000610370 0.0000000004
380 0.0000000046 0.0000473289 -0.0000481691 0.0000000047 0.0000305185 -0.0000610370 0.0000000004
381 0.0000000045 0.0000474932 -0.0000477556 0.0000000047 0.0000305185 -0.0000610370 0.0000000005
382 0.0000000045 0.0000476556 -0.0000473434 0.0000000047 0.0000305185 -0.0000610370 0.0000000005
383 0.0000000045 0.0000478161 -0.0000469323 0.0000000047 0.0000305185 -0.0000610370 0.0000000005
384 0.0000000045 0.0000479748 -0.0000465225 0.0005733805 -0.0221259194 -0.0091555528 0.0005746560
385 0.0000000044 0.0000481317 -0.0000461138 0.0000000047 0.0000305185 -0.0000610370 0.0000000005
386 0.0000000044 0.0000482869 -0.0000457064 0.0000000047 0.0000305185 -0.0000610370 0.0000000006
387 0.0000000044 0.0000484402 -0.0000453000 0.0000000047 0.0000305185 -0.0000610370 0.0000000006
388 0.0000000044 0.0000485918 -0.0000448949 0.0000000047 0.0000305185 -0.0000610370 0.0000000006
389 0.0000000044 0.0000487416 -0.0000444908 0.0000000047 0.0000305185 -0.0000610370 0.0000000006
390 0.0000000043 0.0000488897 -0.0000440879 0.0000000047 0.0000305185 -0.0000610370 0.0000000006
391 0.0000000043 0.0000490361 -0.0000436861 0.0000000047 0.0000305185 -0.0000610370 0.0000000006
392 0.0000000043 0.0000491808 -0.0000432853 0.0000000047 0.0000305185 -0.0000610370 0.0000000007
393 0.0000000043 0.0000493238 -0.0000428857 0.0000000047 0.0000305185 -0.0000610370 0.0000000007
394 0.0000000043 0.0000494651 -0.0000424871 0.0000000075 0.0000610370 -0.0000610370 0.0000000005
395 0.0000000042 0.0000496048 -0.0000420895 0.0000000019 0.0000305185 -0.0000305185 0.0000000005
396 0.0000000042 0.0000497428 -0.0000416930 0.0000000047 0.0000305185 -0.0000610370 0.0000000007
397 0.0000000042 0.0000498792 -0.0000412976 0.0000000047 0.0000305185 -0.0000610370 0.0000000008
398 0.0000000042 0.0000500140 -0.0000409031 0.0000000047 0.0000305185 -0.0000610370 0.0000000008
399 0.0000000042 0.0000501472 -0.0000405096 0.0000000019 0.0000305185 -0.0000305185 0.0000000005
400 0.0000000041 0.0000502788 -0.0000401172 0.0000000047 0.0000305185 -0.0000610370 0.0000000008
401 0.0000000041 0.0000504088 -0.0000397257 0.0000000047 0.0000305185 -0.0000610370 0.0000000008
402 0.0000000041 0.0000505373 -0.0000393351 0.0000000019 0.0000305185 -0.0000305185 0.0000000005
403 0.0000000041 0.0000506642 -0.0000389455 0.0000000047 0.0000305185 -0.0000610370 0.0000000009
404 0.0000000041 0.0000507895 -0.0000385569 0.0000000047 0.0000305185 -0.0000610370 0.0000000009
405 0.0000000040 0.0000509133 -0.0000381692 0.0000000047 0.0000305185 -0.0000610370 0.0000000009
406 0.0000000040 0.0000510356 -0.0000377824 0.0000000047 0.0000305185 -0.0000610370 0.0000000010
407 0.0000000040 0.0000511564 -0.0000373965 0.0000000047 0.0000305185 -0.0000610370 0.0000000010
408 0.0000000040 0.0000512757 -0.0000370115 0.0000000047 0.0000305185 -0.0000610370 0.0000000010
409 0.0000000040 0.0000513936 -0.0000366274 0.0000000047 0.0000305185 -0.0000610370 0.0000000010
410 0.0000000040 0.0000515099 -0.0000362442 0.0000000019 0.0000305185 -0.0000305185 0.0000000005
411 0.0000000040 0.0000516248 -0.0000358618 0.0000000047 0.0000305185 -0.0000610370 0.0000000011
412 0.0000000039 0.0000517382 -0.0000354802 0.0000000047 0.0000305185 -0.0000610370 0.0000000011
413 0.0000000039 0.0000518502 -0.0000350995 0.0000000047 0.0000305185 -0.0000610370 0.0000000011
414 0.0000000039 0.0000519608 -0.0000347197 0.0000000047 0.0000305185 -0.0000610370 0.0000000012
415 0.0000000039 0.0000520700 -0.0000343406 0.0000000019 0.0000305185 -0.0000305185 0.0000000005
416 0.0000000039 0.0000521777 -0.0000339624 0.0000000019 0.0000305185 -0.0000305185 0.0000000005
417 0.0000000039 0.0000522841 -0.0000335849 0.0000000047 0.0000305185 -0.0000610370 0.0000000012
418 0.0000000038 0.0000523890 -0.0000332083 0.0000000019 0.0000305185 -0.0000305185 0.0000000005
419 0.0000000038 0.0000524926 -0.0000328324 0.0000000019 0.0000305185 -0.0000305185 0.0000000005
420 0.0000000038 0.0000525948 -0.0000324572 0.0000000019 0.0000305185 -0.0000305185 0.0000000005
421 0.0000000038 0.0000526956 -0.0000320829 0.0000000019 0.0000305185 -0.0000305185 0.0000000005
422 0.0000000038 0.0000527951 -0.0000317092 0.0000000019 0.0000305185 -0.0000305185 0.0000000005
423 0.0000000038 0.0000528933 -0.0000313363 0.0000000019 0.0000305185 -0.0000305185 0.0000000005
424 0.0000000038 0.0000529901 -0.0000309642 0.0000000047 0.0000305185 -0.0000610370 0.0000000014
425 0.0000000038 0.0000530856 -0.0000305927 0.0000000019 0.0000305185 -0.0000305185 0.0000000005
426 0.0000000037 0.0000531798 -0.0000302219 0.0000000047 0.0000305185 -0.0000610370 0.0000000015
427 0.0000000037 0.0000532726 -0.0000298519 0.0000000047 0.0000305185 -0.0000610370 0.0000000015
428 0.0000000037 0.0000533642 -0.0000294825 0.0000000019 0.0000305185 -0.0000305185 0.0000000005
429 0.0000000037 0.0000534545 -0.0000291138 0.0000000019 0.0000305185 -0.0000305185 0.0000000005
430 0.0000000037 0.0000535435 -0.0000287457 0.0000000019 0.0000305185 -0.0000305185 0.0000000005
431 0.0000000037 0.0000536312 -0.0000283783 0.0000000019 0.0000305185 -0.0000305185 0.0000000005
432 0.0000000037 0.0000537177 -0.0000280116 0.0000000047 0.0000610370 -0.0000305185 0.0000000001
433 0.0000000037 0.0000538028 -0.0000276454 0.0000000019 0.0000305185 -0.0000305185 0.0000000006
434 0.0000000036 0.0000538868 -0.0000272799 0.0000000019 0.0000305185 -0.0000305185 0.0000000006
435 0.0000000036 0.0000539695 -0.0000269151 0.0000000019 0.0000305185 -0.0000305185 0.0000000006
436 0.0000000036 0.0000540509 -0.0000265508 0.0000000075 0.0000610370 -0.0000610370 0.0000000012
437 0.0000000036 0.0000541312 -0.0000261871 0.0000000019 0.0000305185 -0.0000305185 0.0000000006
438 0.0000000036 0.0000542102 -0.0000258240 0.0000000019 0.0000305185 -0.0000305185 0.0000000006
439 0.0000000036 0.0000542879 -0.0000254615 0.0000000019 0.0000305185 -0.0000305185 0.0000000006
440 0.0000000036 0.0000543645 -0.0000250996 0.0000000019 0.0000305185 -0.0000305185 0.0000000006
441 0.0000000036 0.0000544399 -0.0000247382 0.0000000019 0.0000305185 -0.0000305185 0.0000000006
442 0.0000000036 0.0000545140 -0.0000243774 0.0000000019 0.0000305185 -0.0000305185 0.0000000006
443 0.0000000036 0.0000545870 -0.0000240171 0.0000000019 0.0000305185 -0.0000305185 0.0000000006
444 0.0000000035 0.0000546588 -0.0000236574 0.0000000019 0.0000305185 -0.0000305185 0.0000000006
445 0.0000000035 0.0000547294 -0.0000232981 0.0000000019 0.0000305185 -0.0000305185 0.0000000006
446 0.0000000035 0.0000547989 -0.0000229394 0.0000000019 0.0000305185 -0.0000305185 0.0000000006
447 0.0000000035 0.0000548672 -0.0000225812 0.0000000009 0.0000000000 -0.0000305185 0.0000000031
448 0.0000000035 0.0000549343 -0.0000222235 0.0008206431 -0.0285958434 -0.0017090365 0.0008237124
449 0.0000000035 0.0000550003 -0.0000218663 0.0000000075 0.0000610370 -0.0000610370 0.0000000016
450 0.0000000035 0.0000550651 -0.0000215096 0.0000000047 0.0000610370 -0.0000305185 0.0000000001
451 0.0000000035 0.0000551287 -0.0000211534 0.0000000047 0.0000610370 -0.0000305185 0.0000000001
452 0.0000000035 0.0000551913 -0.0000207976 0.0000000019 0.0000305185 -0.0000305185 0.0000000007
453 0.0000000035 0.0000552527 -0.0000204422 0.0000000047 0.0000610370 -0.0000305185 0.0000000001
454 0.0000000035 0.0000553129 -0.0000200873 0.0000000019 0.0000305185 -0.0000305185 0.0000000007
455 0.0000000035 0.0000553721 -0.0000197329 0.0000000047 0.0000610370 -0.0000305185 0.0000000001
456 0.0000000034 0.0000554301 -0.0000193789 0.0000000019 0.0000305185 -0.0000305185 0.0000000007
457 0.0000000034 0.0000554870 -0.0000190253 0.0000000019 0.0000305185 -0.0000305185 0.0000000008
458 0.0000000034 0.0000555429 -0.0000186721 0.0000000019 0.0000305185 -0.0000305185 0.0000000008
459 0.0000000034 0.0000555976 -0.0000183193 0.0000000047 0.0000610370 -0.0000305185 0.0000000002
460 0.0000000034 0.0000556512 -0.0000179670 0.0000000047 0.0000610370 -0.0000305185 0.0000000002
461 0.0000000034 0.0000557037 -0.0000176150 0.0000000009 0.0000000000 -0.0000305185 0.0000000033
462 0.0000000034 0.0000557551 -0.0000172634 0.0000000019 0.0000305185 -0.0000305185 0.0000000008
463 0.0000000034 0.0000558054 -0.0000169122 0.0000000019 0.0000305185 -0.0000305185 0.0000000008
464 0.0000000034 0.0000558547 -0.0000165613 0.0000000009 0.0000305185 0.0000000000 0.0000000009
465 0.0000000034 0.0000559029 -0.0000162108 0.0000000047 0.0000610370 -0.0000305185 0.0000000002
466 0.0000000034 0.0000559500 -0.0000158607 0.0000000019 0.0000305185 -0.0000305185 0.0000000009
467 0.0000000034 0.0000559960 -0.0000155108 0.0000000019 0.0000305185 -0.0000305185 0.0000000009
468 0.0000000034 0.0000560410 -0.0000151614 0.0000000009 0.0000305185 0.0000000000 0.0000000009
469 0.0000000034 0.0000560849 -0.0000148122 0.0000000019 0.0000305185 -0.0000305185 0.0000000009
470 0.0000000034 0.0000561277 -0.0000144634 0.0000000019 0.0000305185 -0.0000305185 0.0000000009
471 0.0000000034 0.0000561695 -0.0000141149 0.0000000019 0.0000305185 -0.0000305185 0.0000000009
472 0.0000000033 0.0000562103 -0.0000137667 0.0000000019 0.0000305185 -0.0000305185 0.0000000009
473 0.0000000033 0.0000562499 -0.0000134187 0.0000000009 0.0000305185 0.0000000000 0.0000000008
474 0.0000000033 0.0000562886 -0.0000130711 0.0000000019 0.0000305185 -0.0000305185 0.0000000010
475 0.0000000033 0.0000563262 -0.0000127238 0.0000000019 0.0000305185 -0.0000305185 0.0000000010
476 0.0000000033 0.0000563628 -0.0000123767 0.0000000019 0.0000305185 -0.0000305185 0.0000000010
477 0.0000000033 0.0000563983 -0.0000120299 0.0000000000 0.0000000000 0.0000000000 0.0000000033
478 0.0000000033 0.0000564328 -0.0000116833 0.0000000019 0.0000305185 -0.0000305185 0.0000000010
479 0.0000000033 0.0000564663 -0.0000113370 0.0000000009 0.0000305185 0.0000000000 0.0000000008
480 0.0000000033 0.0000564987 -0.0000109909 0.0000000019 0.0000305185 -0.0000305185 0.0000000011
481 0.0000000033 0.0000565301 -0.0000106451 0.0000000019 0.0000305185 -0.0000305185 0.0000000011
482 0.0000000033 0.0000565605 -0.0000102995 0.0000000019 0.0000305185 -0.0000305185 0.0000000011
483 0.0000000033 0.0000565899 -0.0000099541 0.0000000019 0.0000305185 -0.0000305185 0.0000000011
484 0.0000000033 0.0000566182 -0.0000096089 0.0000000019 0.0000305185 -0.0000305185 0.0000000011
485 0.0000000033 0.0000566456 -0.0000092639 0.0000000019 0.0000305185 -0.0000305185 0.0000000011
486 0.0000000033 0.0000566719 -0.0000089192 0.0000000019 0.0000305185 -0.0000305185 0.0000000012
487 0.0000000033 0.0000566972 -0.0000085746 0.0000000019 0.0000305185 -0.0000305185 0.0000000012
488 0.0000000033 0.0000567215 -0.0000082302 0.0000000019 0.0000305185 -0.0000305185 0.0000000012
489 0.0000000033 0.0000567448 -0.0000078859 0.0000000009 0.0000305185 0.0000000000 0.0000000008
490 0.0000000033 0.0000567671 -0.0000075419 0.0000000009 0.0000305185 0.0000000000 0.0000000007
491 0.0000000033 0.0000567884 -0.0000071980 0.0000000009 0.0000305185 0.0000000000 0.0000000007
492 0.0000000033 0.0000568087 -0.0000068542 0.0000000047 0.0000610370 -0.0000305185 0.0000000006
493 0.0000000033 0.0000568280 -0.0000065106 0.0000000047 0.0000610370 -0.0000305185 0.0000000006
494 0.0000000033 0.0000568462 -0.0000061672 0.0000000019 0.0000305185 -0.0000305185 0.0000000013
495 0.0000000033 0.0000568635 -0.0000058238 0.0000000019 0.0000305185 -0.0000305185 0.0000000013
496 0.0000000033 0.0000568798 -0.0000054806 0.0000000009 0.0000305185 0.0000000000 0.0000000007
497 0.0000000033 0.0000568951 -0.0000051375 0.0000000019 0.0000305185 -0.0000305185 0.0000000013
498 0.0000000033 0.0000569094 -0.0000047945 0.0000000019 0.0000305185 -0.0000305185 0.0000000014
499 0.0000000033 0.0000569228 -0.0000044516 0.0000000009 0.0000305185 0.0000000000 0.0000000007
500 0.0000000033 0.0000569351 -0.0000041088 0.0000000019 0.0000305185 -0.0000305185 0.0000000014
501 0.0000000033 0.0000569464 -0.0000037661 0.0000000009 0.0000305185 0.0000000000 0.0000000007
502 0.0000000033 0.0000569568 -0.0000034235 0.0000000037 0.0000610370 0.0000000000 0.0000000000
503 0.0000000033 0.0000569661 -0.0000030809 0.0000000019 0.0000305185 -0.0000305185 0.0000000015
504 0.0000000033 0.0000569745 -0.0000027385 0.0000000019 0.0000305185 -0.0000305185 0.0000000015
505 0.0000000033 0.0000569819 -0.0000023960 0.0000000009 0.0000305185 0.0000000000 0.0000000007
506 0.0000000033 0.0000569883 -0.0000020536 0.0000000009 0.0000305185 0.0000000000 0.0000000007
507 0.0000000033 0.0000569937 -0.0000017113 0.0000000009 0.0000305185 0.0000000000 0.0000000007
508 0.0000000033 0.0000569981 -0.0000013690 0.0000000019 0.0000305185 -0.0000305185 0.0000000016
509 0.0000000033 0.0000570016 -0.0000010267 0.0000000009 0.0000305185 0.0000000000 0.0000000007
510 0.0000000032 0.0000570040 -0.0000006845 0.0000000019 0.0000305185 -0.0000305185 0.0000000016
511 0.0000000032 0.0000570055 -0.0000003422 0.0000000047 0.0000610370 -0.0000305185 0.0000000009
512 0.0000000032 0.0000570060 0.0000000000 0.0000000084 0.0000915555 0.0000000000 0.0000000012
513 0.0000000032 0.0000570055 0.0000003422 0.0000000009 0.0000305185 0.0000000000 0.0000000007
514 0.0000000032 0.0000570040 0.0000006845 0.0000000009 0.0000305185 0.0000000000 0.0000000007
515 0.0000000033 0.0000570016 0.0000010267 0.0000000047 0.0000610370 -0.0000305185 0.0000000010
516 0.0000000033 0.0000569981 0.0000013690 0.0000000009 0.0000305185 0.0000000000 0.0000000007
517 0.0000000033 0.0000569937 0.0000017113 0.0000000019 0.0000305185 -0.0000305185 0.0000000017
518 0.0000000033 0.0000569883 0.0000020536 0.0000000019 0.0000305185 -0.0000305185 0.0000000018
519 0.0000000033 0.0000569819 0.0000023960 0.0000000009 0.0000305185 0.0000000000 0.0000000007
520 0.0000000033 0.0000569745 0.0000027385 0.0000000009 0.0000305185 0.0000000000 0.0000000007
521 0.0000000033 0.0000569661 0.0000030809 0.0000000009 0.0000305185 0.0000000000 0.0000000007
522 0.0000000033 0.0000569568 0.0000034235 0.0000000047 0.0000610370 -0.0000305185 0.0000000012
523 0.0000000033 0.0000569464 0.0000037661 0.0000000009 0.0000305185 0.0000000000 0.0000000007
524 0.0000000033 0.0000569351 0.0000041088 0.0000000009 0.0000305185 0.0000000000 0.0000000007
525 0.0000000033 0.0000569228 0.0000044516 0.0000000019 0.0000305185 -0.0000305185 0.0000000019
526 0.0000000033 0.0000569094 0.0000047945 0.0000000009 0.0000305185 0.0000000000 0.0000000007
527 0.0000000033 0.0000568951 0.0000051375 0.0000000019 0.0000305185 -0.0000305185 0.0000000020
528 0.0000000033 0.0000568798 0.0000054806 0.0000000009 0.0000305185 0.0000000000 0.0000000007
529 0.0000000033 0.0000568635 0.0000058238 0.0000000009 0.0000305185 0.0000000000 0.0000000007
530 0.0000000033 0.0000568462 0.0000061672 0.0000000009 0.0000305185 0.0000000000 0.0000000007
531 0.0000000033 0.0000568280 0.0000065106 0.0000000037 0.0000610370 0.0000000000 0.0000000001
532 0.0000000033 0.0000568087 0.0000068542 0.0000000037 0.0000610370 0.0000000000 0.0000000001
533 0.0000000033 0.0000567884 0.0000071980 0.0000000009 0.0000305185 0.0000000000 0.0000000007
534 0.0000000033 0.0000567671 0.0000075419 0.0000000009 0.0000305185 0.0000000000 0.0000000007
535 0.0000000033 0.0000567448 0.0000078859 0.0000000009 0.0000305185 0.0000000000 0.0000000008
536 0.0000000033 0.0000567215 0.0000082302 0.0000000009 0.0000305185 0.0000000000 0.0000000008
537 0.0000000033 0.0000566972 0.0000085746 0.0000000019 0.0000305185 -0.0000305185 0.0000000022
538 0.0000000033 0.0000566719 0.0000089192 0.0000000009 0.0000305185 0.0000000000 0.0000000008
539 0.0000000033 0.0000566456 0.0000092639 0.0000000009 0.0000305185 0.0000000000 0.0000000008
540 0.0000000033 0.0000566182 0.0000096089 0.0000000009 0.0000305185 0.0000000000 0.0000000008
541 0.0000000033 0.0000565899 0.0000099541 0.0000000009 0.0000305185 0.0000000000 0.0000000008
542 0.0000000033 0.0000565605 0.0000102995 0.0000000009 0.0000305185 0.0000000000 0.0000000008
543 0.0000000033 0.0000565301 0.0000106451 0.0000000037 0.0000610370 0.0000000000 0.0000000001
544 0.0000000033 0.0000564987 0.0000109909 0.0000000009 0.0000305185 0.0000000000 0.0000000008
545 0.0000000033 0.0000564663 0.0000113370 0.0000000037 0.0000610370 0.0000000000 0.0000000001
546 0.0000000033 0.0000564328 0.0000116833 0.0000000019 0.0000305185 0.0000305185 0.0000000010
547 0.0000000033 0.0000563983 0.0000120299 0.0000000009 0.0000305185 0.0000000000 0.0000000008
548 0.0000000033 0.0000563628 0.0000123767 0.0000000009 0.0000305185 0.0000000000 0.0000000008
549 0.0000000033 0.0000563262 0.0000127238 0.0000000009 0.0000305185 0.0000000000 0.0000000008
550 0.0000000033 0.0000562886 0.0000130711 0.0000000009 0.0000305185 0.0000000000 0.0000000008
551 0.0000000033 0.0000562499 0.0000134187 0.0000000037 0.0000610370 0.0000000000 0.0000000002
552 0.0000000033 0.0000562103 0.0000137667 0.0000000009 0.0000305185 0.0000000000 0.0000000008
553 0.0000000034 0.0000561695 0.0000141149 0.0000000009 0.0000305185 0.0000000000 0.0000000009
554 0.0000000034 0.0000561277 0.0000144634 0.0000000009 0.0000305185 0.0000000000 0.0000000009
555 0.0000000034 0.0000560849 0.0000148122 0.0000000009 0.0000305185 0.0000000000 0.0000000009
556 0.0000000034 0.0000560410 0.0000151614 0.0000000009 0.0000305185 0.0000000000 0.0000000009
557 0.0000000034 0.0000559960 0.0000155108 0.0000000009 0.0000305185 0.0000000000 0.0000000009
558 0.0000000034 0.0000559500 0.0000158607 0.0000000009 0.0000305185 0.0000000000 0.0000000009
559 0.0000000034 0.0000559029 0.0000162108 0.0000000047 0.0000610370 0.0000305185 0.0000000002
560 0.0000000034 0.0000558547 0.0000165613 0.0000000009 0.0000305185 0.0000000000 0.0000000009
561 0.0000000034 0.0000558054 0.0000169122 0.0000000009 0.0000305185 0.0000000000 0.0000000009
562 0.0000000034 0.0000557551 0.0000172634 0.0000000009 0.0000305185 0.0000000000 0.0000000009
563 0.0000000034 0.0000557037 0.0000176150 0.0000000000 0.0000000000 0.0000000000 0.0000000034
564 0.0000000034 0.0000556512 0.0000179670 0.0000000009 0.0000305185 0.0000000000 0.0000000010
565 0.0000000034 0.0000555976 0.0000183193 0.0000000037 0.0000610370 0.0000000000 0.0000000004
566 0.0000000034 0.0000555429 0.0000186721 0.0000000009 0.0000305185 0.0000000000 0.0000000010
567 0.0000000034 0.0000554870 0.0000190253 0.0000000009 0.0000305185 0.0000000000 0.0000000010
568 0.0000000034 0.0000554301 0.0000193789 0.0000000009 0.0000305185 0.0000000000 0.0000000010
569 0.0000000035 0.0000553721 0.0000197329 0.0000000037 0.0000610370 0.0000000000 0.0000000004
570 0.0000000035 0.0000553129 0.0000200873 0.0000000009 0.0000305185 0.0000000000 0.0000000010
571 0.0000000035 0.0000552527 0.0000204422 0.0000000037 0.0000610370 0.0000000000 0.0000000005
572 0.0000000035 0.0000551913 0.0000207976 0.0000000009 0.0000305185 0.0000000000 0.0000000010
573 0.0000000035 0.0000551287 0.0000211534 0.0000000037 0.0000610370 0.0000000000 0.0000000005
574 0.0000000035 0.0000550651 0.0000215096 0.0000000037 0.0000610370 0.0000000000 0.0000000005
575 0.0000000035 0.0000550003 0.0000218663 0.0000000037 0.0000610370 0.0000000000 0.0000000005
576 0.0000000035 0.0000549343 0.0000222235 0.0001508509 -0.0088808863 -0.0084841456 0.0001522072
577 0.0000000035 0.0000548672 0.0000225812 0.0000000000 0.0000000000 0.0000000000 0.0000000035
578 0.0000000035 0.0000547989 0.0000229394 0.0000000009 0.0000305185 0.0000000000 0.0000000011
579 0.0000000035 0.0000547294 0.0000232981 0.0000000009 0.0000305185 0.0000000000 0.0000000011
580 0.0000000035 0.0000546588 0.0000236574 0.0000000009 0.0000305185 0.0000000000 0.0000000011
581 0.0000000036 0.0000545870 0.0000240171 0.0000000009 0.0000305185 0.0000000000 0.0000000012
582 0.0000000036 0.0000545140 0.0000243774 0.0000000019 0.0000305185 0.0000305185 0.0000000006
583 0.0000000036 0.0000544399 0.0000247382 0.0000000009 0.0000305185 0.0000000000 0.0000000012
584 0.0000000036 0.0000543645 0.0000250996 0.0000000009 0.0000305185 0.0000000000 0.0000000012
585 0.0000000036 0.0000542879 0.0000254615 0.0000000009 0.0000305185 0.0000000000 0.0000000012
586 0.0000000036 0.0000542102 0.0000258240 0.0000000009 0.0000305185 0.0000000000 0.0000000012
587 0.0000000036 0.0000541312 0.0000261871 0.0000000047 0.0000610370 0.0000305185 0.0000000001
588 0.0000000036 0.0000540509 0.0000265508 0.0000000047 0.0000610370 0.0000305185 0.0000000001
589 0.0000000036 0.0000539695 0.0000269151 0.0000000009 0.0000305185 0.0000000000 0.0000000013
590 0.0000000036 0.0000538868 0.0000272799 0.0000000009 0.0000305185 0.0000000000 0.0000000013
591 0.0000000037 0.0000538028 0.0000276454 0.0000000009 0.0000305185 0.0000000000 0.0000000013
592 0.0000000037 0.0000537177 0.0000280116 0.0000000037 0.0000610370 0.0000000000 0.0000000008
593 0.0000000037 0.0000536312 0.0000283783 0.0000000019 0.0000305185 0.0000305185 0.0000000005
594 0.0000000037 0.0000535435 0.0000287457 0.0000000009 0.0000305185 0.0000000000 0.0000000014
595 0.0000000037 0.0000534545 0.0000291138 0.0000000019 0.0000305185 0.0000305185 0.0000000005
596 0.0000000037 0.0000533642 0.0000294825 0.0000000009 0.0000305185 0.0000000000 0.0000000014
597 0.0000000037 0.0000532726 0.0000298519 0.0000000009 0.0000000000 0.0000305185 0.0000000028
598 0.0000000037 0.0000531798 0.0000302219 0.0000000019 0.0000305185 0.0000305185 0.0000000005
599 0.0000000038 0.0000530856 0.0000305927 0.0000000019 0.0000305185 0.0000305185 0.0000000005
600 0.0000000038 0.0000529901 0.0000309642 0.0000000019 0.0000305185 0.0000305185 0.0000000005
601 0.0000000038 0.0000528933 0.0000313363 0.0000000009 0.0000305185 0.0000000000 0.0000000015
602 0.0000000038 0.0000527951 0.0000317092 0.0000000009 0.0000305185 0.0000000000 0.0000000015
603 0.0000000038 0.0000526956 0.0000320829 0.0000000019 0.0000305185 0.0000305185 0.0000000005
604 0.0000000038 0.0000525948 0.0000324572 0.0000000019 0.0000305185 0.0000305185 0.0000000005
605 0.0000000038 0.0000524926 0.0000328324 0.0000000019 0.0000305185 0.0000305185 0.0000000005
606 0.0000000038 0.0000523890 0.0000332083 0.0000000019 0.0000305185 0.0000305185 0.0000000005
607 0.0000000039 0.0000522841 0.0000335849 0.0000000019 0.0000305185 0.0000305185 0.0000000005
608 0.0000000039 0.0000521777 0.0000339624 0.0000000009 0.0000305185 0.0000000000 0.0000000016
609 0.0000000039 0.0000520700 0.0000343406 0.0000000009 0.0000305185 0.0000000000 0.0000000016
610 0.0000000039 0.0000519608 0.0000347197 0.0000000019 0.0000305185 0.0000305185 0.0000000005
611 0.0000000039 0.0000518502 0.0000350995 0.0000000009 0.0000305185 0.0000000000 0.0000000017
612 0.0000000039 0.0000517382 0.0000354802 0.0000000009 0.0000305185 0.0000000000 0.0000000017
613 0.0000000040 0.0000516248 0.0000358618 0.0000000047 0.0000610370 0.0000305185 0.0000000001
614 0.0000000040 0.0000515099 0.0000362442 0.0000000009 0.0000305185 0.0000000000 0.0000000018
615 0.0000000040 0.0000513936 0.0000366274 0.0000000019 0.0000305185 0.0000305185 0.0000000005
616 0.0000000040 0.0000512757 0.0000370115 0.0000000009 0.0000305185 0.0000000000 0.0000000018
617 0.0000000040 0.0000511564 0.0000373965 0.0000000047 0.0000610370 0.0000305185 0.0000000001
618 0.0000000040 0.0000510356 0.0000377824 0.0000000019 0.0000305185 0.0000305185 0.0000000005
619 0.0000000040 0.0000509133 0.0000381692 0.0000000047 0.0000610370 0.0000305185 0.0000000002
620 0.0000000041 0.0000507895 0.0000385569 0.0000000019 0.0000305185 0.0000305185 0.0000000005
621 0.0000000041 0.0000506642 0.0000389455 0.0000000019 0.0000305185 0.0000305185 0.0000000005
622 0.0000000041 0.0000505373 0.0000393351 0.0000000047 0.0000610370 0.0000305185 0.0000000002
623 0.0000000041 0.0000504088 0.0000397257 0.0000000019 0.0000305185 0.0000305185 0.0000000005
624 0.0000000041 0.0000502788 0.0000401172 0.0000000019 0.0000305185 0.0000305185 0.0000000005
625 0.0000000042 0.0000501472 0.0000405096 0.0000000019 0.0000305185 0.0000305185 0.0000000005
626 0.0000000042 0.0000500140 0.0000409031 0.0000000019 0.0000305185 0.0000305185 0.0000000005
627 0.0000000042 0.0000498792 0.0000412976 0.0000000009 0.0000305185 0.0000000000 0.0000000021
628 0.0000000042 0.0000497428 0.0000416930 0.0000000019 0.0000305185 0.0000305185 0.0000000005
629 0.0000000042 0.0000496048 0.0000420895 0.0000000019 0.0000305185 0.0000305185 0.0000000005
630 0.0000000043 0.0000494651 0.0000424871 0.0000000009 0.0000305185 0.0000000000 0.0000000022
631 0.0000000043 0.0000493238 0.0000428857 0.0000000009 0.0000305185 0.0000000000 0.0000000022
632 0.0000000043 0.0000491808 0.0000432853 0.0000000019 0.0000305185 0.0000305185 0.0000000005
633 0.0000000043 0.0000490361 0.0000436861 0.0000000019 0.0000305185 0.0000305185 0.0000000005
634 0.0000000043 0.0000488897 0.0000440879 0.0000000019 0.0000305185 0.0000305185 0.0000000005
635 0.0000000044 0.0000487416 0.0000444908 0.0000000019 0.0000305185 0.0000305185 0.0000000005
636 0.0000000044 0.0000485918 0.0000448949 0.0000000019 0.0000305185 0.0000305185 0.0000000005
637 0.0000000044 0.0000484402 0.0000453000 0.0000000009 0.0000000000 0.0000305185 0.0000000026
638 0.0000000044 0.0000482869 0.0000457064 0.0000000047 0.0000305185 0.0000610370 0.0000000006
639 0.0000000044 0.0000481317 0.0000461138 0.0000000019 0.0000305185 0.0000305185 0.0000000006
640 0.0000000045 0.0000479748 0.0000465225 0.0014661784 -0.0221259194 -0.0312509537 0.0014712136
641 0.0000000045 0.0000478161 0.0000469323 0.0000000019 0.0000305185 0.0000305185 0.0000000006
642 0.0000000045 0.0000476556 0.0000473434 0.0000000019 0.0000305185 0.0000305185 0.0000000006
643 0.0000000045 0.0000474932 0.0000477556 0.0000000019 0.0000305185 0.0000305185 0.0000000006
644 0.0000000046 0.0000473289 0.0000481691 0.0000000019 0.0000305185 0.0000305185 0.0000000006
645 0.0000000046 0.0000471628 0.0000485838 0.0000000019 0.0000305185 0.0000305185 0.0000000006
646 0.0000000046 0.0000469948 0.0000489998 0.0000000019 0.0000305185 0.0000305185 0.0000000006
647 0.0000000046 0.0000468249 0.0000494171 0.0000000019 0.0000305185 0.0000305185 0.0000000006
648 0.0000000047 0.0000466530 0.0000498356 0.0000000047 0.0000305185 0.0000610370 0.0000000004
649 0.0000000047 0.0000464792 0.0000502554 0.0000000019 0.0000305185 0.0000305185 0.0000000006
650 0.0000000047 0.0000463035 0.0000506766 0.0000000019 0.0000305185 0.0000305185 0.0000000007
651 0.0000000047 0.0000461257 0.0000510991 0.0000000019 0.0000305185 0.0000305185 0.0000000007
652 0.0000000048 0.0000459460 0.0000515229 0.0000000047 0.0000305185 0.0000610370 0.0000000003
653 0.0000000048 0.0000457642 0.0000519482 0.0000000019 0.0000305185 0.0000305185 0.0000000007
654 0.0000000048 0.0000455804 0.0000523747 0.0000000019 0.0000305185 0.0000305185 0.0000000007
655 0.0000000048 0.0000453945 0.0000528027 0.0000000019 0.0000305185 0.0000305185 0.0000000007
656 0.0000000049 0.0000452066 0.0000532321 0.0000000019 0.0000305185 0.0000305185 0.0000000007
657 0.0000000049 0.0000450165 0.0000536630 0.0000000019 0.0000305185 0.0000305185 0.0000000007
658 0.0000000049 0.0000448244 0.0000540953 0.0000000019 0.0000305185 0.0000305185 0.0000000008
659 0.0000000050 0.0000446300 0.0000545290 0.0000000019 0.0000305185 0.0000305185 0.0000000008
660 0.0000000050 0.0000444336 0.0000549642 0.0000000047 0.0000305185 0.0000610370 0.0000000002
661 0.0000000050 0.0000442349 0.0000554010 0.0000000047 0.0000305185 0.0000610370 0.0000000002
662 0.0000000051 0.0000440340 0.0000558392 0.0000000075 0.0000610370 0.0000610370 0.0000000003
663 0.0000000051 0.0000438309 0.0000562790 0.0000000019 0.0000305185 0.0000305185 0.0000000008
664 0.0000000051 0.0000436255 0.0000567203 0.0000000019 0.0000305185 0.0000305185 0.0000000009
665 0.0000000052 0.0000434178 0.0000571632 0.0000000047 0.0000305185 0.0000610370 0.0000000002
666 0.0000000052 0.0000432079 0.0000576077 0.0000000019 0.0000305185 0.0000305185 0.0000000009
667 0.0000000052 0.0000429956 0.0000580538 0.0000000047 0.0000305185 0.0000610370 0.0000000002
668 0.0000000053 0.0000427809 0.0000585015 0.0000000047 0.0000305185 0.0000610370 0.0000000002
669 0.0000000053 0.0000425639 0.0000589509 0.0000000019 0.0000305185 0.0000305185 0.0000000010
670 0.0000000053 0.0000423445 0.0000594019 0.0000000019 0.0000305185 0.0000305185 0.0000000010
671 0.0000000054 0.0000421227 0.0000598547 0.0000000019 0.0000305185 0.0000305185 0.0000000010
672 0.0000000054 0.0000418984 0.0000603091 0.0000000047 0.0000305185 0.0000610370 0.0000000001
673 0.0000000054 0.0000416716 0.0000607652 0.0000000037 0.0000000000 0.0000610370 0.0000000017
674 0.0000000055 0.0000414423 0.0000612231 0.0000000019 0.0000305185 0.0000305185 0.0000000011
675 0.0000000055 0.0000412105 0.0000616828 0.0000000047 0.0000305185 0.0000610370 0.0000000001
676 0.0000000055 0.0000409761 0.0000621442 0.0000000019 0.0000305185 0.0000305185 0.0000000011
677 0.0000000056 0.0000407391 0.0000626074 0.0000000019 0.0000305185 0.0000305185 0.0000000011
678 0.0000000056 0.0000404995 0.0000630725 0.0000000009 0.0000000000 0.0000305185 0.0000000027
679 0.0000000057 0.0000402572 0.0000635394 0.0000000019 0.0000305185 0.0000305185 0.0000000012
680 0.0000000057 0.0000400123 0.0000640082 0.0000000047 0.0000305185 0.0000610370 0.0000000001
681 0.0000000057 0.0000397647 0.0000644788 0.0000000047 0.0000305185 0.0000610370 0.0000000001
682 0.0000000058 0.0000395143 0.0000649514 0.0000000047 0.0000305185 0.0000610370 0.0000000001
683 0.0000000058 0.0000392612 0.0000654259 0.0000000047 0.0000305185 0.0000610370 0.0000000001
684 0.0000000059 0.0000390052 0.0000659024 0.0000000047 0.0000305185 0.0000610370 0.0000000001
685 0.0000000059 0.0000387464 0.0000663809 0.0000000019 0.0000305185 0.0000305185 0.0000000014
686 0.0000000060 0.0000384848 0.0000668613 0.0000000037 0.0000000000 0.0000610370 0.0000000015
687 0.0000000060 0.0000382202 0.0000673438 0.0000000047 0.0000305185 0.0000610370 0.0000000001
688 0.0000000060 0.0000379528 0.0000678284 0.0000000047 0.0000305185 0.0000610370 0.0000000001
689 0.0000000061 0.0000376823 0.0000683150 0.0000000047 0.0000305185 0.0000610370 0.0000000001
690 0.0000000061 0.0000374088 0.0000688037 0.0000000047 0.0000305185 0.0000610370 0.0000000001
691 0.0000000062 0.0000371323 0.0000692946 0.0000000037 0.0000000000 0.0000610370 0.0000000014
692 0.0000000062 0.0000368528 0.0000697876 0.0000000047 0.0000305185 0.0000610370 0.0000000001
693 0.0000000063 0.0000365701 0.0000702828 0.0000000037 0.0000000000 0.0000610370 0.0000000014
694 0.0000000063 0.0000362843 0.0000707801 0.0000000037 0.0000000000 0.0000610370 0.0000000014
695 0.0000000064 0.0000359952 0.0000712797 0.0000000047 0.0000305185 0.0000610370 0.0000000001
696 0.0000000064 0.0000357030 0.0000717816 0.0000000037 0.0000000000 0.0000610370 0.0000000014
697 0.0000000065 0.0000354075 0.0000722858 0.0000000037 0.0000000000 0.0000610370 0.0000000014
698 0.0000000065 0.0000351086 0.0000727922 0.0000000047 0.0000305185 0.0000610370 0.0000000002
699 0.0000000066 0.0000348065 0.0000733010 0.0000000019 0.0000305185 0.0000305185 0.0000000018
700 0.0000000066 0.0000345009 0.0000738122 0.0000000037 0.0000000000 0.0000610370 0.0000000014
701 0.0000000067 0.0000341919 0.0000743257 0.0000000037 0.0000000000 0.0000610370 0.0000000013
702 0.0000000067 0.0000338795 0.0000748417 0.0000000047 0.0000305185 0.0000610370 0.0000000002
703 0.0000000068 0.0000335635 0.0000753601 0.0000000037 0.0000000000 0.0000610370 0.0000000013
704 0.0000000069 0.0000332440 0.0000758810 0.0011823638 -0.0143436995 -0.0312509537 0.0011880671
705 0.0000000069 0.0000329208 0.0000764045 0.0000000093 0.0000305185 0.0000915555 0.0000000002
706 0.0000000070 0.0000325940 0.0000769304 0.0000000037 0.0000000000 0.0000610370 0.0000000013
707 0.0000000070 0.0000322636 0.0000774590 0.0000000047 0.0000305185 0.0000610370 0.0000000003
708 0.0000000071 0.0000319293 0.0000779901 0.0000000047 0.0000305185 0.0000610370 0.0000000003
709 0.0000000072 0.0000315913 0.0000785239 0.0000000047 0.0000305185 0.0000610370 0.0000000003
710 0.0000000072 0.0000312494 0.0000790603 0.0000000047 0.0000305185 0.0000610370 0.0000000003
711 0.0000000073 0.0000309036 0.0000795995 0.0000000047 0.0000305185 0.0000610370 0.0000000003
712 0.0000000074 0.0000305539 0.0000801414 0.0000000037 0.0000000000 0.0000610370 0.0000000013
713 0.0000000074 0.0000302002 0.0000806860 0.0000000037 0.0000000000 0.0000610370 0.0000000013
714 0.0000000075 0.0000298425 0.0000812335 0.0000000037 0.0000000000 0.0000610370 0.0000000013
715 0.0000000076 0.0000294806 0.0000817838 0.0000000037 0.0000000000 0.0000610370 0.0000000013
716 0.0000000076 0.0000291146 0.0000823370 0.0000000037 0.0000000000 0.0000610370 0.0000000013
717 0.0000000077 0.0000287444 0.0000828931 0.0000000037 0.0000000000 0.0000610370 0.0000000013
718 0.0000000078 0.0000283699 0.0000834521 0.0000000047 0.0000305185 0.0000610370 0.0000000005
719 0.0000000078 0.0000279910 0.0000840141 0.0000000037 0.0000000000 0.0000610370 0.0000000013
720 0.0000000079 0.0000276078 0.0000845791 0.0000000037 0.0000000000 0.0000610370 0.0000000013
721 0.0000000080 0.0000272202 0.0000851472 0.0000000047 0.0000305185 0.0000610370 0.0000000006
722 0.0000000081 0.0000268280 0.0000857184 0.0000000037 0.0000000000 0.0000610370 0.0000000013
723 0.0000000081 0.0000264313 0.0000862927 0.0000000037 0.0000000000 0.0000610370 0.0000000013
724 0.0000000082 0.0000260299 0.0000868702 0.0000000047 0.0000305185 0.0000610370 0.0000000007
725 0.0000000083 0.0000256238 0.0000874510 0.0000000037 0.0000000000 0.0000610370 0.0000000014
726 0.0000000084 0.0000252130 0.0000880349 0.0000000037 0.0000000000 0.0000610370 0.0000000014
727 0.0000000085 0.0000247974 0.0000886222 0.0000000084 0.0000000000 0.0000915555 0.0000000006
728 0.0000000086 0.0000243768 0.0000892128 0.0000000084 0.0000000000 0.0000915555 0.0000000006
729 0.0000000086 0.0000239513 0.0000898068 0.0000000037 0.0000000000 0.0000610370 0.0000000014
730 0.0000000087 0.0000235207 0.0000904043 0.0000000037 0.0000000000 0.0000610370 0.0000000014
731 0.0000000088 0.0000230850 0.0000910052 0.0000000084 0.0000000000 0.0000915555 0.0000000005
732 0.0000000089 0.0000226442 0.0000916096 0.0000000037 0.0000000000 0.0000610370 0.0000000014
733 0.0000000090 0.0000221981 0.0000922176 0.0000000037 0.0000000000 0.0000610370 0.0000000015
734 0.0000000091 0.0000217466 0.0000928292 0.0000000084 0.0000000000 0.0000915555 0.0000000005
735 0.0000000092 0.0000212898 0.0000934444 0.0000000093 0.0000305185 0.0000915555 0.0000000001
736 0.0000000093 0.0000208274 0.0000940634 0.0000000037 0.0000000000 0.0000610370 0.0000000015
737 0.0000000094 0.0000203595 0.0000946861 0.0000000037 0.0000000000 0.0000610370 0.0000000015
738 0.0000000095 0.0000198859 0.0000953126 0.0000000084 0.0000000000 0.0000915555 0.0000000004
739 0.0000000096 0.0000194066 0.0000959430 0.0000000084 0.0000000000 0.0000915555 0.0000000004
740 0.0000000097 0.0000189215 0.0000965773 0.0000000037 0.0000000000 0.0000610370 0.0000000016
741 0.0000000098 0.0000184304 0.0000972155 0.0000000037 0.0000000000 0.0000610370 0.0000000016
742 0.0000000099 0.0000179334 0.0000978578 0.0000000047 0.0000305185 0.0000610370 0.0000000015
743 0.0000000100 0.0000174302 0.0000985041 0.0000000037 0.0000000000 0.0000610370 0.0000000017
744 0.0000000101 0.0000169209 0.0000991546 0.0000000084 0.0000000000 0.0000915555 0.0000000003
745 0.0000000102 0.0000164053 0.0000998092 0.0000000084 0.0000000000 0.0000915555 0.0000000003
746 0.0000000103 0.0000158833 0.0001004681 0.0000000084 0.0000000000 0.0000915555 0.0000000003
747 0.0000000105 0.0000153549 0.0001011312 0.0000000084 0.0000000000 0.0000915555 0.0000000003
748 0.0000000106 0.0000148198 0.0001017988 0.0000000084 0.0000000000 0.0000915555 0.0000000003
749 0.0000000107 0.0000142781 0.0001024707 0.0000000084 0.0000000000 0.0000915555 0.0000000003
750 0.0000000108 0.0000137297 0.0001031471 0.0000000084 0.0000000000 0.0000915555 0.0000000003
751 0.0000000110 0.0000131743 0.0001038281 0.0000000084 0.0000000000 0.0000915555 0.0000000003
752 0.0000000111 0.0000126119 0.0001045136 0.0000000084 0.0000000000 0.0000915555 0.0000000003
753 0.0000000112 0.0000120424 0.0001052038 0.0000000084 0.0000000000 0.0000915555 0.0000000003
754 0.0000000113 0.0000114657 0.0001058988 0.0000000084 0.0000000000 0.0000915555 0.0000000003
755 0.0000000115 0.0000108817 0.0001065985 0.0000000084 0.0000000000 0.0000915555 0.0000000003
756 0.0000000116 0.0000102902 0.0001073031 0.0000000084 0.0000000000 0.0000915555 0.0000000004
757 0.0000000118 0.0000096912 0.0001080127 0.0000000084 0.0000000000 0.0000915555 0.0000000004
758 0.0000000119 0.0000090844 0.0001087272 0.0000000093 -0.0000305185 0.0000915555 0.0000000019
759 0.0000000121 0.0000084698 0.0001094469 0.0000000084 0.0000000000 0.0000915555 0.0000000004
760 0.0000000122 0.0000078473 0.0001101716 0.0000000084 0.0000000000 0.0000915555 0.0000000004
761 0.0000000124 0.0000072166 0.0001109017 0.0000000093 -0.0000305185 0.0000915555 0.0000000018
762 0.0000000125 0.0000065778 0.0001116370 0.0000000084 0.0000000000 0.0000915555 0.0000000004
763 0.0000000127 0.0000059306 0.0001123777 0.0000000084 0.0000000000 0.0000915555 0.0000000005
764 0.0000000128 0.0000052749 0.0001131238 0.0000000149 0.0000000000 0.0001220740 0.0000000001
765 0.0000000130 0.0000046106 0.0001138755 0.0000000093 -0.0000305185 0.0000915555 0.0000000017
766 0.0000000132 0.0000039375 0.0001146329 0.0000000093 -0.0000305185 0.0000915555 0.0000000017
767 0.0000000133 0.0000032554 0.0001153959 0.0000000084 0.0000000000 0.0000915555 0.0000000006
768 0.0000000135 0.0000025642 0.0001161647 0.0000001341 0.0000000000 0.0003662221 0.0000000625
769 0.0000000137 0.0000018639 0.0001169395 0.0000000084 0.0000000000 0.0000915555 0.0000000006
770 0.0000000139 0.0000011541 0.0001177201 0.0000000093 -0.0000305185 0.0000915555 0.0000000017
771 0.0000000140 0.0000004347 0.0001185069 0.0000000149 0.0000000000 0.0001220740 0.0000000000
772 0.0000000142 -0.0000002944 0.0001192998 0.0000000084 0.0000000000 0.0000915555 0.0000000008
773 0.0000000144 -0.0000010334 0.0001200989 0.0000000093 -0.0000305185 0.0000915555 0.0000000017
774 0.0000000146 -0.0000017825 0.0001209044 0.0000000093 -0.0000305185 0.0000915555 0.0000000017
775 0.0000000148 -0.0000025418 0.0001217163 0.0000000149 0.0000000000 0.0001220740 0.0000000000
776 0.0000000150 -0.0000033116 0.0001225348 0.0000000149 0.0000000000 0.0001220740 0.0000000000
777 0.0000000152 -0.0000040920 0.0001233599 0.0000000158 -0.0000305185 0.0001220740 0.0000000007
778 0.0000000154 -0.0000048833 0.0001241918 0.0000000158 -0.0000305185 0.0001220740 0.0000000007
779 0.0000000157 -0.0000056855 0.0001250305 0.0000000158 -0.0000305185 0.0001220740 0.0000000006
780 0.0000000159 -0.0000064990 0.0001258762 0.0000000158 -0.0000305185 0.0001220740 0.0000000006
781 0.0000000161 -0.0000073239 0.0001267290 0.0000000093 -0.0000305185 0.0000915555 0.0000000018
782 0.0000000163 -0.0000081605 0.0001275890 0.0000000158 -0.0000305185 0.0001220740 0.0000000005
783 0.0000000166 -0.0000090088 0.0001284562 0.0000000158 -0.0000305185 0.0001220740 0.0000000005
784 0.0000000168 -0.0000098693 0.0001293309 0.0000000158 -0.0000305185 0.0001220740 0.0000000005
785 0.0000000171 -0.0000107420 0.0001302132 0.0000000149 0.0000000000 0.0001220740 0.0000000002
786 0.0000000173 -0.0000116273 0.0001311031 0.0000000158 -0.0000305185 0.0001220740 0.0000000004
787 0.0000000176 -0.0000125254 0.0001320008 0.0000000158 -0.0000305185 0.0001220740 0.0000000004
788 0.0000000178 -0.0000134364 0.0001329065 0.0000000158 -0.0000305185 0.0001220740 0.0000000004
789 0.0000000181 -0.0000143607 0.0001338202 0.0000000093 -0.0000305185 0.0000915555 0.0000000020
790 0.0000000184 -0.0000152985 0.0001347421 0.0000000158 -0.0000305185 0.0001220740 0.0000000004
791 0.0000000187 -0.0000162501 0.0001356723 0.0000000158 -0.0000305185 0.0001220740 0.0000000004
792 0.0000000190 -0.0000172158 0.0001366111 0.0000000158 -0.0000305185 0.0001220740 0.0000000004
793 0.0000000193 -0.0000181957 0.0001375584 0.0000000121 -0.0000610370 0.0000915555 0.0000000040
794 0.0000000196 -0.0000191902 0.0001385145 0.0000000186 -0.0000610370 0.0001220740 0.0000000020
795 0.0000000199 -0.0000201997 0.0001394795 0.0000000158 -0.0000305185 0.0001220740 0.0000000004
796 0.0000000202 -0.0000212243 0.0001404536 0.0000000158 -0.0000305185 0.0001220740 0.0000000004
797 0.0000000205 -0.0000222644 0.0001414370 0.0000000186 -0.0000610370 0.0001220740 0.0000000019
798 0.0000000208 -0.0000233203 0.0001424297 0.0000000158 -0.0000305185 0.0001220740 0.0000000005
799 0.0000000212 -0.0000243923 0.0001434320 0.0000000242 -0.0000305185 0.0001525925 0.0000000001
800 0.0000000215 -0.0000254807 0.0001444440 0.0000000158 -0.0000305185 0.0001220740 0.0000000005
801 0.0000000219 -0.0000265860 0.0001454659 0.0000000242 -0.0000305185 0.0001525925 0.0000000001
802 0.0000000222 -0.0000277084 0.0001464980 0.0000000158 -0.0000305185 0.0001220740 0.0000000006
803 0.0000000226 -0.0000288482 0.0001475403 0.0000000242 -0.0000305185 0.0001525925 0.0000000000
804 0.0000000230 -0.0000300059 0.0001485930 0.0000000270 -0.0000610370 0.0001525925 0.0000000010
805 0.0000000234 -0.0000311818 0.0001496564 0.0000000242 -0.0000305185 0.0001525925 0.0000000000
806 0.0000000238 -0.0000323764 0.0001507307 0.0000000158 -0.0000305185 0.0001220740 0.0000000008
807 0.0000000242 -0.0000335899 0.0001518159 0.0000000270 -0.0000610370 0.0001525925 0.0000000008
808 0.0000000246 -0.0000348229 0.0001529125 0.0000000270 -0.0000610370 0.0001525925 0.0000000007
809 0.0000000250 -0.0000360757 0.0001540205 0.0000000242 -0.0000305185 0.0001525925 0.0000000000
810 0.0000000255 -0.0000373487 0.0001551402 0.0000000242 -0.0000305185 0.0001525925 0.0000000001
811 0.0000000259 -0.0000386424 0.0001562718 0.0000000270 -0.0000610370 0.0001525925 0.0000000005
812 0.0000000264 -0.0000399573 0.0001574155 0.0000000270 -0.0000610370 0.0001525925 0.0000000005
813 0.0000000269 -0.0000412938 0.0001585717 0.0000000270 -0.0000610370 0.0001525925 0.0000000004
814 0.0000000273 -0.0000426524 0.0001597404 0.0000000270 -0.0000610370 0.0001525925 0.0000000004
815 0.0000000278 -0.0000440336 0.0001609220 0.0000000186 -0.0000610370 0.0001220740 0.0000000018
816 0.0000000283 -0.0000454379 0.0001621167 0.0000000270 -0.0000610370 0.0001525925 0.0000000003
817 0.0000000289 -0.0000468659 0.0001633248 0.0000000270 -0.0000610370 0.0001525925 0.0000000003
818 0.0000000294 -0.0000483179 0.0001645465 0.0000000270 -0.0000610370 0.0001525925 0.0000000003
819 0.0000000300 -0.0000497947 0.0001657821 0.0000000270 -0.0000610370 0.0001525925 0.0000000003
820 0.0000000305 -0.0000512968 0.0001670320 0.0000000186 -0.0000610370 0.0001220740 0.0000000021
821 0.0000000311 -0.0000528248 0.0001682963 0.0000000270 -0.0000610370 0.0001525925 0.0000000003
822 0.0000000317 -0.0000543792 0.0001695755 0.0000000270 -0.0000610370 0.0001525925 0.0000000003
823 0.0000000323 -0.0000559608 0.0001708697 0.0000000270 -0.0000610370 0.0001525925 0.0000000004
824 0.0000000330 -0.0000575701 0.0001721793 0.0000000270 -0.0000610370 0.0001525925 0.0000000004
825 0.0000000336 -0.0000592078 0.0001735047 0.0000000317 -0.0000915555 0.0001525925 0.0000000015
826 0.0000000343 -0.0000608746 0.0001748462 0.0000000270 -0.0000610370 0.0001525925 0.0000000005
827 0.0000000350 -0.0000625711 0.0001762041 0.0000000317 -0.0000915555 0.0001525925 0.0000000014
828 0.0000000357 -0.0000642983 0.0001775788 0.0000000419 -0.0000915555 0.0001831111 0.0000000008
829 0.0000000364 -0.0000660566 0.0001789706 0.0000000419 -0.0000915555 0.0001831111 0.0000000007
830 0.0000000371 -0.0000678471 0.0001803799 0.0000000317 -0.0000915555 0.0001525925 0.0000000013
831 0.0000000379 -0.0000696704 0.0001818072 0.0000000540 -0.0000915555 0.0002136296 0.0000000015
832 0.0000000387 -0.0000715273 0.0001832527 0.0019513377 -0.0312509537 0.0312204352 0.0019354633
833 0.0000000395 -0.0000734188 0.0001847170 0.0000000270 -0.0000610370 0.0001525925 0.0000000012
834 0.0000000403 -0.0000753456 0.0001862004 0.0000000419 -0.0000915555 0.0001831111 0.0000000003
835 0.0000000412 -0.0000773088 0.0001877033 0.0000000317 -0.0000915555 0.0001525925 0.0000000014
836 0.0000000421 -0.0000793093 0.0001892263 0.0000000419 -0.0000915555 0.0001831111 0.0000000002
837 0.0000000430 -0.0000813479 0.0001907698 0.0000000419 -0.0000915555 0.0001831111 0.0000000002
838 0.0000000440 -0.0000834258 0.0001923343 0.0000000419 -0.0000915555 0.0001831111 0.0000000002
839 0.0000000449 -0.0000855439 0.0001939202 0.0000000382 -0.0001220740 0.0001525925 0.0000000030
840 0.0000000459 -0.0000877034 0.0001955281 0.0000000419 -0.0000915555 0.0001831111 0.0000000002
841 0.0000000470 -0.0000899053 0.0001971585 0.0000000484 -0.0001220740 0.0001831111 0.0000000012
842 0.0000000480 -0.0000921508 0.0001988120 0.0000000484 -0.0001220740 0.0001831111 0.0000000011
843 0.0000000491 -0.0000944410 0.0002004890 0.0000000484 -0.0001220740 0.0001831111 0.0000000011
844 0.0000000502 -0.0000967773 0.0002021903 0.0000000484 -0.0001220740 0.0001831111 0.0000000010
845 0.0000000514 -0.0000991609 0.0002039164 0.0000000484 -0.0001220740 0.0001831111 0.0000000010
846 0.0000000526 -0.0001015931 0.0002056679 0.0000000484 -0.0001220740 0.0001831111 0.0000000009
847 0.0000000539 -0.0001040753 0.0002074454 0.0000000605 -0.0001220740 0.0002136296 0.0000000004
848 0.0000000552 -0.0001066088 0.0002092497 0.0000000484 -0.0001220740 0.0001831111 0.0000000009
849 0.0000000565 -0.0001091953 0.0002110814 0.0000000605 -0.0001220740 0.0002136296 0.0000000002
850 0.0000000579 -0.0001118361 0.0002129412 0.0000000484 -0.0001220740 0.0001831111 0.0000000010
851 0.0000000593 -0.0001145330 0.0002148299 0.0000000484 -0.0001220740 0.0001831111 0.0000000011
852 0.0000000607 -0.0001172875 0.0002167483 0.0000000689 -0.0001525925 0.0002136296 0.0000000013
853 0.0000000623 -0.0001201013 0.0002186971 0.0000000605 -0.0001220740 0.0002136296 0.0000000000
854 0.0000000638 -0.0001229762 0.0002206771 0.0000000689 -0.0001525925 0.0002136296 0.0000000009
855 0.0000000654 -0.0001259142 0.0002226893 0.0000000689 -0.0001525925 0.0002136296 0.0000000008
856 0.0000000671 -0.0001289170 0.0002247345 0.0000000689 -0.0001525925 0.0002136296 0.0000000007
857 0.0000000689 -0.0001319867 0.0002268136 0.0000000689 -0.0001525925 0.0002136296 0.0000000006
858 0.0000000707 -0.0001351253 0.0002289276 0.0000000689 -0.0001525925 0.0002136296 0.0000000005
859 0.0000000725 -0.0001383351 0.0002310774 0.0000000792 -0.0001831111 0.0002136296 0.0000000023
860 0.0000000745 -0.0001416182 0.0002332642 0.0000000689 -0.0001525925 0.0002136296 0.0000000005
861 0.0000000765 -0.0001449770 0.0002354889 0.0000000792 -0.0001831111 0.0002136296 0.0000000019
862 0.0000000786 -0.0001484140 0.0002377527 0.0000000829 -0.0001525925 0.0002441481 0.0000000001
863 0.0000000807 -0.0001519317 0.0002400568 0.0000000792 -0.0001831111 0.0002136296 0.0000000017
864 0.0000000829 -0.0001555327 0.0002424023 0.0000000792 -0.0001831111 0.0002136296 0.0000000016
865 0.0000000853 -0.0001592197 0.0002447906 0.0000000792 -0.0001831111 0.0002136296 0.0000000015
866 0.0000000877 -0.0001629958 0.0002472229 0.0000000792 -0.0001831111 0.0002136296 0.0000000015
867 0.0000000902 -0.0001668639 0.0002497006 0.0000000792 -0.0001831111 0.0002136296 0.0000000016
868 0.0000000928 -0.0001708271 0.0002522251 0.0000000792 -0.0001831111 0.0002136296 0.0000000016
869 0.0000000955 -0.0001748887 0.0002547979 0.0000000931 -0.0001831111 0.0002441481 0.0000000002
870 0.0000000983 -0.0001790521 0.0002574206 0.0000000931 -0.0001831111 0.0002441481 0.0000000002
871 0.0000001013 -0.0001833210 0.0002600948 0.0000000931 -0.0001831111 0.0002441481 0.0000000003
872 0.0000001043 -0.0001876991 0.0002628221 0.0000001052 -0.0002136296 0.0002441481 0.0000000010
873 0.0000001075 -0.0001921904 0.0002656044 0.0000000931 -0.0001831111 0.0002441481 0.0000000005
874 0.0000001108 -0.0001967988 0.0002684434 0.0000001211 -0.0002136296 0.0002746666 0.0000000003
875 0.0000001142 -0.0002015289 0.0002713412 0.0000001052 -0.0002136296 0.0002441481 0.0000000009
876 0.0000001178 -0.0002063851 0.0002742998 0.0000001052 -0.0002136296 0.0002441481 0.0000000010
877 0.0000001216 -0.0002113721 0.0002773212 0.0000001211 -0.0002136296 0.0002746666 0.0000000000
878 0.0000001255 -0.0002164949 0.0002804077 0.0000001192 -0.0002441481 0.0002441481 0.0000000021
879 0.0000001296 -0.0002217588 0.0002835617 0.0000001351 -0.0002441481 0.0002746666 0.0000000006
880 0.0000001339 -0.0002271693 0.0002867855 0.0000001351 -0.0002441481 0.0002746666 0.0000000004
881 0.0000001383 -0.0002327321 0.0002900818 0.0000001351 -0.0002441481 0.0002746666 0.0000000004
882 0.0000001430 -0.0002384534 0.0002934533 0.0000001527 -0.0002441481 0.0003051851 0.0000000002
883 0.0000001479 -0.0002443395 0.0002969027 0.0000001351 -0.0002441481 0.0002746666 0.0000000005
884 0.0000001530 -0.0002503971 0.0003004331 0.0000001351 -0.0002441481 0.0002746666 0.0000000007
885 0.0000001583 -0.0002566335 0.0003040477 0.0000001509 -0.0002746666 0.0002746666 0.0000000012
886 0.0000001639 -0.0002630561 0.0003077497 0.0000001686 -0.0002746666 0.0003051851 0.0000000001
887 0.0000001698 -0.0002696728 0.0003115426 0.0000001686 -0.0002746666 0.0003051851 0.0000000001
888 0.0000001759 -0.0002764920 0.0003154302 0.0000001863 -0.0003051851 0.0003051851 0.0000000009
889 0.0000001824 -0.0002835226 0.0003194162 0.0000001686 -0.0002746666 0.0003051851 0.0000000003
890 0.0000001892 -0.0002907738 0.0003235049 0.0000001863 -0.0003051851 0.0003051851 0.0000000005
891 0.0000001963 -0.0002982556 0.0003277006 0.0000001863 -0.0003051851 0.0003051851 0.0000000006
892 0.0000002039 -0.0003059785 0.0003320078 0.0000001863 -0.0003051851 0.0003051851 0.0000000007
893 0.0000002118 -0.0003139536 0.0003364315 0.0000002058 -0.0003051851 0.0003357036 0.0000000001
894 0.0000002201 -0.0003221928 0.0003409768 0.0000002058 -0.0003357036 0.0003051851 0.0000000015
895 0.0000002288 -0.0003307085 0.0003456492 0.0000002468 -0.0003662221 0.0003357036 0.0000000014
896 0.0000002381 -0.0003395142 0.0003504545 0.0014648288 0.0220954009 -0.0312509537 0.0015019744
897 0.0000002478 -0.0003486239 0.0003553990 0.0000002468 -0.0003662221 0.0003357036 0.0000000007
898 0.0000002582 -0.0003580529 0.0003604891 0.0000002468 -0.0003662221 0.0003357036 0.0000000007
899 0.0000002690 -0.0003678172 0.0003657319 0.0000002468 -0.0003662221 0.0003357036 0.0000000009
900 0.0000002806 -0.0003779341 0.0003711350 0.0000002915 -0.0003967406 0.0003662221 0.0000000004
901 0.0000002928 -0.0003884220 0.0003767062 0.0000002915 -0.0003967406 0.0003662221 0.0000000002
902 0.0000003057 -0.0003993004 0.0003824541 0.0000002915 -0.0003967406 0.0003662221 0.0000000003
903 0.0000003194 -0.0004105905 0.0003883879 0.0000003400 -0.0004272591 0.0003967406 0.0000000003
904 0.0000003340 -0.0004223149 0.0003945173 0.0000003167 -0.0004272591 0.0003662221 0.0000000008
905 0.0000003495 -0.0004344978 0.0004008528 0.0000003167 -0.0004272591 0.0003662221 0.0000000013
906 0.0000003659 -0.0004471652 0.0004074057 0.0000003670 -0.0004577776 0.0003967406 0.0000000002
907 0.0000003835 -0.0004603451 0.0004141881 0.0000004210 -0.0004882962 0.0004272591 0.0000000010
908 0.0000004022 -0.0004740678 0.0004212130 0.0000004210 -0.0004882962 0.0004272591 0.0000000002
909 0.0000004221 -0.0004883659 0.0004284944 0.0000003958 -0.0004882962 0.0003967406 0.0000000010
910 0.0000004434 -0.0005032745 0.0004360477 0.0000004517 -0.0005188147 0.0004272591 0.0000000003
911 0.0000004662 -0.0005188318 0.0004438891 0.0000004517 -0.0005188147 0.0004272591 0.0000000003
912 0.0000004906 -0.0005350790 0.0004520364 0.0000004517 -0.0005188147 0.0004272591 0.0000000009
913 0.0000005168 -0.0005520611 0.0004605090 0.0000005458 -0.0005798517 0.0004577776 0.0000000008
914 0.0000005450 -0.0005698268 0.0004693278 0.0000005188 -0.0005798517 0.0004272591 0.0000000019
915 0.0000005752 -0.0005884292 0.0004785157 0.0000005821 -0.0006103702 0.0004577776 0.0000000009
916 0.0000006078 -0.0006079264 0.0004880975 0.0000006492 -0.0006408887 0.0004882962 0.0000000011
917 0.0000006430 -0.0006283817 0.0004981004 0.0000006892 -0.0006714072 0.0004882962 0.0000000019
918 0.0000006810 -0.0006498648 0.0005085543 0.0000006892 -0.0006714072 0.0004882962 0.0000000009
919 0.0000007221 -0.0006724519 0.0005194918 0.0000007619 -0.0007019257 0.0005188147 0.0000000009
920 0.0000007666 -0.0006962271 0.0005309491 0.0000008056 -0.0007324442 0.0005188147 0.0000000015
921 0.0000008151 -0.0007212831 0.0005429657 0.0000008513 -0.0007629627 0.0005188147 0.0000000023
922 0.0000008678 -0.0007477223 0.0005555855 0.0000008839 -0.0007629627 0.0005493332 0.0000000003
923 0.0000009252 -0.0007756585 0.0005688571 0.0000009314 -0.0007934812 0.0005493332 0.0000000007
924 0.0000009881 -0.0008052179 0.0005828346 0.0000009807 -0.0008239998 0.0005493332 0.0000000015
925 0.0000010569 -0.0008365415 0.0005975780 0.0000010664 -0.0008545183 0.0005798517 0.0000000006
926 0.0000011325 -0.0008697868 0.0006131549 0.0000011195 -0.0008850368 0.0005798517 0.0000000013
927 0.0000012157 -0.0009051305 0.0006296405 0.0000012108 -0.0009155553 0.0006103702 0.0000000005
928 0.0000013076 -0.0009427717 0.0006471199 0.0000013058 -0.0009460738 0.0006408887 0.0000000000
929 0.0000014093 -0.0009829350 0.0006656890 0.0000014250 -0.0010071108 0.0006408887 0.0000000012
930 0.0000015223 -0.0010258755 0.0006854564 0.0000015275 -0.0010376293 0.0006714072 0.0000000003
931 0.0000016481 -0.0010718834 0.0007065460 0.0000016579 -0.0010986663 0.0006714072 0.0000000020
932 0.0000017889 -0.0011212908 0.0007290994 0.0000017678 -0.0011291849 0.0007019257 0.0000000008
933 0.0000019468 -0.0011744790 0.0007532790 0.0000019531 -0.0011902219 0.0007324442 0.0000000007
934 0.0000021248 -0.0012318885 0.0007792727 0.0000021478 -0.0012512589 0.0007629627 0.0000000006
935 0.0000023262 -0.0012940308 0.0008072982 0.0000023042 -0.0013122959 0.0007629627 0.0000000023
936 0.0000025553 -0.0013615030 0.0008376100 0.0000025650 -0.0013733329 0.0008239998 0.0000000003
937 0.0000028170 -0.0014350068 0.0008705067 0.0000027364 -0.0014343699 0.0008239998 0.0000000022
938 0.0000031178 -0.0015153720 0.0009063419 0.0000031667 -0.0015259255 0.0009155553 0.0000000002
939 0.0000034655 -0.0016035880 0.0009455365 0.0000034545 -0.0016174810 0.0009155553 0.0000000011
940 0.0000038702 -0.0017008430 0.0009885965 0.0000038745 -0.0017090365 0.0009765923 0.0000000002
941 0.0000043445 -0.0018085774 0.0010361348 0.0000043672 -0.0018311106 0.0010071108 0.0000000014
942 0.0000049050 -0.0019285540 0.0010889016 0.0000048376 -0.0019226661 0.0010681478 0.0000000005
943 0.0000055733 -0.0020629536 0.0011478248 0.0000055818 -0.0020752586 0.0011291849 0.0000000005
944 0.0000063780 -0.0022145067 0.0012140662 0.0000063799 -0.0022278512 0.0011902219 0.0000000007
945 0.0000073580 -0.0023866785 0.0012891000 0.0000074557 -0.0024109622 0.0012817774 0.0000000006
946 0.0000085669 -0.0025839333 0.0013748254 0.0000085324 -0.0025940733 0.0013428144 0.0000000011
947 0.0000100799 -0.0028121229 0.0014737317 0.0000100291 -0.0028077029 0.0014648885 0.0000000001
948 0.0000120061 -0.0030790711 0.0015891467 0.0000120195 -0.0030823695 0.0015869625 0.0000000000
949 0.0000145071 -0.0033954804 0.0017256228 0.0000146040 -0.0034180731 0.0017090365 0.0000000008
950 0.0000178315 -0.0037763897 0.0018895567 0.0000177866 -0.0037842952 0.0018616291 0.0000000008
951 0.0000223774 -0.0042436190 0.0020902289 0.0000224360 -0.0042725913 0.0020447401 0.0000000029
952 0.0000288129 -0.0048300758 0.0023416354 0.0000289259 -0.0048524430 0.0023194067 0.0000000010
953 0.0000383309 -0.0055878224 0.0026659190 0.0000385824 -0.0056154057 0.0026551103 0.0000000009
954 0.0000532298 -0.0066043867 0.0031003057 0.0000533587 -0.0066225166 0.0030823695 0.0000000007
955 0.0000784114 -0.0080391589 0.0037125848 0.0000785497 -0.0080568865 0.0036927396 0.0000000007
956 0.0001259055 -0.0102161891 0.0046405751 0.0001257604 -0.0102237007 0.0046082949 0.0000000011
957 0.0002321261 -0.0139108521 0.0062140433 0.0002320485 -0.0139164403 0.0061952574 0.0000000004
958 0.0005542627 -0.0215553081 0.0094673854 0.0005550546 -0.0215765862 0.0094607379 0.0000000005
959 0.0025917094 -0.0467384188 0.0201799312 0.0013811025 -0.0312509537 0.0201116977 0.0002398662
960 0.1220533193 0.3216029082 -0.1364730330 0.0019532442 -0.0312509537 -0.0312509537 0.1355775338
961 0.0015950002 0.0368612282 -0.0153704265 0.0012113008 0.0312204352 -0.0153813288 0.0000318187
962 0.0004548886 0.0197363250 -0.0080849286 0.0004545802 0.0197149571 -0.0081179235 0.0000000015
963 0.0002137199 0.0135625313 -0.0054568916 0.0002126246 0.0135196997 -0.0054628132 0.0000000019
964 0.0001245922 0.0103812226 -0.0041015197 0.0001243913 0.0103762932 -0.0040894803 0.0000000002
965 0.0000819840 0.0084417507 -0.0032742633 0.0000816121 0.0084231086 -0.0032654805 0.0000000004
966 0.0000583049 0.0071361889 -0.0027165707 0.0000581078 0.0071108127 -0.0027466659 0.0000000015
967 0.0000437714 0.0061977596 -0.0023149809 0.0000433837 0.0061647389 -0.0023194067 0.0000000011
968 0.0000341984 0.0054909740 -0.0020118696 0.0000338994 0.0054628132 -0.0020142216 0.0000000008
969 0.0000275509 0.0049397166 -0.0017748640 0.0000273844 0.0049134800 -0.0018005921 0.0000000014
970 0.0000227417 0.0044979339 -0.0015843766 0.0000226446 0.0044862209 -0.0015869625 0.0000000001
971 0.0000191463 0.0041361269 -0.0014278603 0.0000190318 0.0041199988 -0.0014343699 0.0000000003
972 0.0000163856 0.0038345263 -0.0012969063 0.0000162749 0.0038148137 -0.0013122959 0.0000000006
973 0.0000142178 0.0035793868 -0.0011856676 0.0000141663 0.0035706656 -0.0011902219 0.0000000001
974 0.0000124833 0.0033608552 -0.0010899523 0.0000122728 0.0033265175 -0.0010986663 0.0000000013
975 0.0000110730 0.0031716840 -0.0010066770 0.0000108953 0.0031434065 -0.0010071108 0.0000000008
976 0.0000099100 0.0030064235 -0.0009335226 0.0000098400 0.0029908139 -0.0009460738 0.0000000004
977 0.0000089394 0.0028608972 -0.0008687116 0.0000088388 0.0028382214 -0.0008850368 0.0000000008
978 0.0000081205 0.0027318505 -0.0008108585 0.0000080564 0.0027161473 -0.0008239998 0.0000000004
979 0.0000074230 0.0026167098 -0.0007588672 0.0000073588 0.0025940733 -0.0007934812 0.0000000017
980 0.0000068240 0.0025134134 -0.0007118595 0.0000066473 0.0024719993 -0.0007324442 0.0000000021
981 0.0000063055 0.0024202902 -0.0006691232 0.0000063054 0.0024109622 -0.0007019257 0.0000000012
982 0.0000058538 0.0023359716 -0.0006300747 0.0000057904 0.0023194067 -0.0006408887 0.0000000004
983 0.0000054577 0.0022593262 -0.0005942310 0.0000054728 0.0022583697 -0.0006103702 0.0000000003
984 0.0000051085 0.0021894104 -0.0005611893 0.0000050313 0.0021668142 -0.0005798517 0.0000000009
985 0.0000047990 0.0021254313 -0.0005306105 0.0000047361 0.0021057772 -0.0005493332 0.0000000007
986 0.0000045235 0.0020667176 -0.0005022075 0.0000044501 0.0020447401 -0.0005188147 0.0000000008
987 0.0000042773 0.0020126978 -0.0004757350 0.0000041735 0.0019837031 -0.0004882962 0.0000000010
988 0.0000040563 0.0019628815 -0.0004509828 0.0000039062 0.0019226661 -0.0004577776 0.0000000017
989 0.0000038573 0.0019168466 -0.0004277691 0.0000037628 0.0018921476 -0.0004272591 0.0000000006
990 0.0000036775 0.0018742271 -0.0004059363 0.0000036482 0.0018616291 -0.0004272591 0.0000000006
991 0.0000035146 0.0018347046 -0.0003853466 0.0000033995 0.0018005921 -0.0003967406 0.0000000013
992 0.0000033667 0.0017980008 -0.0003658793 0.0000032906 0.0017700735 -0.0003967406 0.0000000017
993 0.0000032319 0.0017638713 -0.0003474283 0.0000031602 0.0017395550 -0.0003662221 0.0000000009
994 0.0000031090 0.0017321010 -0.0003298993 0.0000030335 0.0017090365 -0.0003357036 0.0000000006
995 0.0000029966 0.0017024995 -0.0003132090 0.0000030335 0.0017090365 -0.0003357036 0.0000000005
996 0.0000028937 0.0016748983 -0.0002972828 0.0000028090 0.0016479995 -0.0003051851 0.0000000008
997 0.0000027992 0.0016491472 -0.0002820540 0.0000027913 0.0016479995 -0.0002746666 0.0000000001
998 0.0000027125 0.0016251124 -0.0002674628 0.0000027094 0.0016174810 -0.0003051851 0.0000000015
999 0.0000026328 0.0016026743 -0.0002534551 0.0000025939 0.0015869625 -0.0002746666 0.0000000007
1000 0.0000025594 0.0015817259 -0.0002399823 0.0000024980 0.0015564440 -0.0002746666 0.0000000018
1001 0.0000024919 0.0015621708 -0.0002269998 0.0000023881 0.0015259255 -0.0002441481 0.0000000016
1002 0.0000024297 0.0015439226 -0.0002144675 0.0000023881 0.0015259255 -0.0002441481 0.0000000012
1003 0.0000023724 0.0015269034 -0.0002023484 0.0000022819 0.0014954070 -0.0002136296 0.0000000011
1004 0.0000023196 0.0015110430 -0.0001906088 0.0000022819 0.0014954070 -0.0002136296 0.0000000008
1005 0.0000022710 0.0014962781 -0.0001792176 0.0000021915 0.0014648885 -0.0002136296 0.0000000022
1006 0.0000022262 0.0014825513 -0.0001681463 0.0000021794 0.0014648885 -0.0001831111 0.0000000005
1007 0.0000021851 0.0014698111 -0.0001573683 0.0000020909 0.0014343699 -0.0001831111 0.0000000019
1008 0.0000021474 0.0014580108 -0.0001468590 0.0000020807 0.0014343699 -0.0001525925 0.0000000006
1009 0.0000021128 0.0014471081 -0.0001365956 0.0000019941 0.0014038514 -0.0001525925 0.0000000021
1010 0.0000020812 0.0014370651 -0.0001265566 0.0000019941 0.0014038514 -0.0001525925 0.0000000018
1011 0.0000020524 0.0014278475 -0.0001167221 0.0000019941 0.0014038514 -0.0001525925 0.0000000019
1012 0.0000020262 0.0014194246 -0.0001070730 0.0000019857 0.0014038514 -0.0001220740 0.0000000005
1013 0.0000020026 0.0014117686 -0.0000975917 0.0000018944 0.0013733329 -0.0000915555 0.0000000015
1014 0.0000019814 0.0014048551 -0.0000882611 0.0000018944 0.0013733329 -0.0000915555 0.0000000010
1015 0.0000019625 0.0013986621 -0.0000790653 0.0000018944 0.0013733329 -0.0000915555 0.0000000008
1016 0.0000019458 0.0013931702 -0.0000699889 0.0000018944 0.0013733329 -0.0000915555 0.0000000009
1017 0.0000019313 0.0013883626 -0.0000610171 0.0000018944 0.0013733329 -0.0000915555 0.0000000012
1018 0.0000019188 0.0013842247 -0.0000521356 0.0000018898 0.0013733329 -0.0000610370 0.0000000002
1019 0.0000019083 0.0013807439 -0.0000433309 0.0000018069 0.0013428144 -0.0000610370 0.0000000018
1020 0.0000018998 0.0013779099 -0.0000345896 0.0000018898 0.0013733329 -0.0000610370 0.0000000007
1021 0.0000018933 0.0013757143 -0.0000258985 0.0000018041 0.0013428144 -0.0000305185 0.0000000011
1022 0.0000018886 0.0013741505 -0.0000172449 0.0000018069 0.0013428144 -0.0000610370 0.0000000029
1023 0.0000018858 0.0013732141 -0.0000086162 0.0000018860 0.0013733329 0.0000000000 0.0000000001
