#int double real img int16 real16 img16 error
0 0.0001189267 0.0109053505 0.0000000000 0.0000000009 -0.0000305185 0.0000000000 0.0001195932
1 0.0001189854 0.0109078275 0.0000684412 0.0001187043 0.0108951079 -0.0000305185 0.0000000100
2 0.0001191618 0.0109152656 0.0001369812 0.0001160583 0.0107730338 0.0000000000 0.0000000390
3 0.0001194567 0.0109276868 0.0002057189 0.0001187071 0.0108951079 -0.0000610370 0.0000000722
4 0.0001198713 0.0109451273 0.0002747546 0.0001194149 0.0109256264 0.0002136296 0.0000000041
5 0.0001204076 0.0109676386 0.0003441899 0.0001201126 0.0109561449 0.0002746666 0.0000000050
6 0.0001210678 0.0109952875 0.0004141282 0.0001208195 0.0109866634 0.0003357036 0.0000000062
7 0.0001218551 0.0110281564 0.0004846757 0.0001215608 0.0110171819 0.0004272591 0.0000000034
8 0.0001227730 0.0110663444 0.0005559414 0.0001216475 0.0110171819 0.0005188147 0.0000000038
9 0.0001238258 0.0111099678 0.0006280382 0.0001230287 0.0110782189 0.0005493332 0.0000000072
10 0.0001250184 0.0111591607 0.0007010832 0.0001244556 0.0111392560 0.0006103702 0.0000000086
11 0.0001263565 0.0112140768 0.0007751983 0.0001258974 0.0112002930 0.0006714072 0.0000000110
12 0.0001278465 0.0112748900 0.0008505112 0.0001273997 0.0112613300 0.0007629627 0.0000000078
13 0.0001294960 0.0113417959 0.0009271563 0.0001289262 0.0113223670 0.0008545183 0.0000000057
14 0.0001313131 0.0114150138 0.0010052750 0.0001304769 0.0113834040 0.0009460738 0.0000000045
15 0.0001333074 0.0114947883 0.0010850173 0.0001326890 0.0114749596 0.0010071108 0.0000000065
16 0.0001354894 0.0115813913 0.0011665426 0.0018493470 -0.0312509537 -0.0295419172 0.0027776193
17 0.0001378711 0.0116751249 0.0012500207 0.0001374008 0.0116580706 0.0012207404 0.0000000011
18 0.0001404657 0.0117763239 0.0013356336 0.0001397758 0.0117496261 0.0013122959 0.0000000013
19 0.0001432883 0.0118853593 0.0014235764 0.0001429081 0.0118717002 0.0014038514 0.0000000006
20 0.0001463558 0.0120026414 0.0015140596 0.0001453557 0.0119632557 0.0014954070 0.0000000019
21 0.0001496870 0.0121286248 0.0016073105 0.0001493122 0.0121158483 0.0015869625 0.0000000006
22 0.0001533033 0.0122638130 0.0017035758 0.0001525842 0.0122379223 0.0016785180 0.0000000013
23 0.0001572287 0.0124087635 0.0018031237 0.0001567670 0.0123905148 0.0018005921 0.0000000003
24 0.0001614903 0.0125640951 0.0019062468 0.0001607952 0.0125431074 0.0018616291 0.0000000024
25 0.0001661187 0.0127304947 0.0020132657 0.0001651159 0.0126956999 0.0019837031 0.0000000021
26 0.0001711489 0.0129087265 0.0021245323 0.0001701705 0.0128788110 0.0020752586 0.0000000033
27 0.0001766202 0.0130996415 0.0022404344 0.0001762403 0.0130924406 0.0021973327 0.0000000019
28 0.0001825777 0.0133041899 0.0023614009 0.0001816199 0.0132755516 0.0023194067 0.0000000026
29 0.0001890730 0.0135234345 0.0024879075 0.0001888931 0.0135196997 0.0024719993 0.0000000003
30 0.0001961651 0.0137585672 0.0026204835 0.0001953335 0.0137333293 0.0025940733 0.0000000013
31 0.0002039222 0.0140109280 0.0027597208 0.0002037681 0.0140079958 0.0027466659 0.0000000002
32 0.0002124228 0.0142820280 0.0029062828 0.0019513377 -0.0312509537 0.0312204352 0.0028749437
33 0.0002217584 0.0145735770 0.0030609165 0.0002201567 0.0145268105 0.0030213324 0.0000000038
34 0.0002320353 0.0148875152 0.0032244663 0.0002309681 0.0148625141 0.0031739250 0.0000000032
35 0.0002433784 0.0152260539 0.0033978909 0.0002431841 0.0152287362 0.0033570360 0.0000000017
36 0.0002559346 0.0155917222 0.0035822837 0.0002547844 0.0155644398 0.0035401471 0.0000000025
37 0.0002698779 0.0159874266 0.0037788976 0.0002688501 0.0159611805 0.0037537767 0.0000000013
38 0.0002854157 0.0164165217 0.0039891757 0.0002843213 0.0163884396 0.0039674062 0.0000000013
39 0.0003027968 0.0168829006 0.0042147893 0.0003023053 0.0168767357 0.0041810358 0.0000000012
40 0.0003223215 0.0173911049 0.0044576850 0.0003211266 0.0173650319 0.0044251839 0.0000000017
41 0.0003443554 0.0179464660 0.0047201446 0.0003430131 0.0179143651 0.0046998505 0.0000000014
42 0.0003693471 0.0185552822 0.0050048609 0.0003679116 0.0185247353 0.0049745170 0.0000000019
43 0.0003978521 0.0192250483 0.0053150346 0.0003963671 0.0191961425 0.0052797021 0.0000000021
44 0.0004305647 0.0199647522 0.0056545011 0.0004298987 0.0199591052 0.0056154057 0.0000000016
45 0.0004683628 0.0207852647 0.0060278965 0.0004680834 0.0207831050 0.0060121464 0.0000000003
46 0.0005123688 0.0216998596 0.0064408778 0.0005115154 0.0216986602 0.0063783685 0.0000000039
47 0.0005640375 0.0227249139 0.0069004217 0.0005627031 0.0227057711 0.0068666646 0.0000000015
48 0.0006252817 0.0238808705 0.0074152338 0.0019513377 -0.0312509537 0.0312204352 0.0036062057
49 0.0006986577 0.0251935814 0.0079963197 0.0006973666 0.0251777703 0.0079653310 0.0000000012
50 0.0007876458 0.0266962220 0.0086577990 0.0007860516 0.0266731773 0.0086367382 0.0000000010
51 0.0008970836 0.0284320801 0.0094180922 0.0008950649 0.0284127323 0.0093691824 0.0000000028
52 0.0010338588 0.0304587250 0.0103016930 0.0010328066 0.0304574725 0.0102542192 0.0000000023
53 0.0012080518 0.0328544235 0.0113418976 0.0011029116 0.0312204352 0.0113223670 0.0000026703
54 0.0014349016 0.0357283587 0.0125851503 0.0011320451 0.0312204352 0.0125431074 0.0000203231
55 0.0017383469 0.0392375636 0.0140982459 0.0011726533 0.0312204352 0.0140690329 0.0000642752
56 0.0021577741 0.0436163567 0.0159808484 0.0012285016 0.0312204352 0.0159306619 0.0001536614
57 0.0027617862 0.0492305546 0.0183885471 0.0013111308 0.0312204352 0.0183416242 0.0003243666
58 0.0036787936 0.0566847636 0.0215784884 0.0014376344 0.0312204352 0.0215155492 0.0006484360
59 0.0051728379 0.0670552097 0.0260083979 0.0016492215 0.0312204352 0.0259712516 0.0012841324
60 0.0078612393 0.0824609823 0.0325795293 0.0019494311 0.0312204352 0.0312204352 0.0026274408
61 0.0134848153 0.1077310153 0.0433456306 0.0019494311 0.0312204352 0.0312204352 0.0060008892
62 0.0287015300 0.1567712020 0.0642208709 0.0019494311 0.0312204352 0.0312204352 0.0168520238
63 0.1006377061 0.2927991429 0.1220916379 0.0019494311 0.0312204352 0.0312204352 0.0766809958
64 7.7010438231 2.5545827037 1.0840438336 0.0000358926 -0.0023194067 0.0055238502 7.7009537567
65 0.1635258091 -0.3712564572 -0.1602948910 0.0019532442 -0.0312509537 -0.0312509537 0.1322560801
66 0.0349716119 -0.1712198987 -0.0752021154 0.0019532442 -0.0312509537 -0.0312509537 0.0215230102
67 0.0146461693 -0.1104978261 -0.0493599004 0.0019532442 -0.0312509537 -0.0312509537 0.0066080007
68 0.0079440972 -0.0811500742 -0.0368613980 0.0019532442 -0.0312509537 -0.0312509537 0.0025213993
69 0.0049474224 -0.0638573086 -0.0294901094 0.0018457444 -0.0312509537 -0.0294808802 0.0010631745
70 0.0033585746 -0.0524605085 -0.0246266039 0.0015831820 -0.0312509537 -0.0246284371 0.0004498452
71 0.0024185153 -0.0443856513 -0.0211761471 0.0014252080 -0.0312509537 -0.0211798456 0.0001725203
72 0.0018179704 -0.0383666558 -0.0186002709 0.0013231884 -0.0312509537 -0.0186162908 0.0000506335
73 0.0014119159 -0.0337082641 -0.0166032779 0.0012532651 -0.0312509537 -0.0166325877 0.0000060392
74 0.0011250944 -0.0299969299 -0.0150092825 0.0011254351 -0.0299996948 -0.0150151067 0.0000000000
75 0.0009153337 -0.0269712594 -0.0137071095 0.0009164364 -0.0269783624 -0.0137333293 0.0000000007
76 0.0007575316 -0.0244579315 -0.0126230410 0.0007594738 -0.0244758446 -0.0126651814 0.0000000021
77 0.0006360000 -0.0223374862 -0.0117062666 0.0006377574 -0.0223700674 -0.0117191076 0.0000000012
78 0.0005405321 -0.0205249114 -0.0109206264 0.0005412181 -0.0205389569 -0.0109256264 0.0000000002
79 0.0004642592 -0.0189580611 -0.0102396855 0.0004643271 -0.0189519944 -0.0102542192 0.0000000002
80 0.0004024244 -0.0175904522 -0.0096436709 0.0019532442 -0.0312509537 -0.0312509537 0.0006534840
81 0.0003516502 -0.0163866229 -0.0091174965 0.0003522924 -0.0164189581 -0.0090945158 0.0000000016
82 0.0003094863 -0.0153190491 -0.0086494527 0.0003107687 -0.0153508103 -0.0086672567 0.0000000013
83 0.0002741212 -0.0143660411 -0.0082303113 0.0002745157 -0.0143742180 -0.0082399976 0.0000000002
84 0.0002441925 -0.0135102762 -0.0078527011 0.0002447786 -0.0135196997 -0.0078737754 0.0000000005
85 0.0002186604 -0.0127377521 -0.0075106635 0.0002190977 -0.0127567370 -0.0075075533 0.0000000004
86 0.0001967204 -0.0120370278 -0.0071993294 0.0001976331 -0.0120548112 -0.0072328867 0.0000000014
87 0.0001777423 -0.0113986639 -0.0069146807 0.0001782707 -0.0114139225 -0.0069277017 0.0000000004
88 0.0001612273 -0.0108148031 -0.0066533726 0.0001616400 -0.0108340709 -0.0066530351 0.0000000004
89 0.0001467762 -0.0102788524 -0.0064125979 0.0001472418 -0.0102847377 -0.0064394055 0.0000000008
90 0.0001340668 -0.0097852385 -0.0061899831 0.0001343515 -0.0097964415 -0.0061952574 0.0000000002
91 0.0001228367 -0.0093292181 -0.0059835080 0.0001235615 -0.0093691824 -0.0059816279 0.0000000016
92 0.0001128706 -0.0089067292 -0.0057914421 0.0001135808 -0.0089419233 -0.0057985168 0.0000000013
93 0.0001039907 -0.0085142728 -0.0056122945 0.0001045529 -0.0085451827 -0.0056154057 0.0000000010
94 0.0000960488 -0.0081488189 -0.0054447736 0.0000962394 -0.0081484420 -0.0054628132 0.0000000003
95 0.0000889210 -0.0078077304 -0.0052877553 0.0000893919 -0.0078432569 -0.0052797021 0.0000000013
96 0.0000825029 -0.0074887014 -0.0051402562 0.0019513377 0.0312204352 -0.0312509537 0.0021801658
97 0.0000767060 -0.0071897071 -0.0050014125 0.0000769245 -0.0072023682 -0.0050050356 0.0000000002
98 0.0000714552 -0.0069089618 -0.0048704624 0.0000718364 -0.0069277017 -0.0048829615 0.0000000005
99 0.0000666860 -0.0066448851 -0.0047467312 0.0000669289 -0.0066530351 -0.0047608875 0.0000000003
100 0.0000623431 -0.0063960730 -0.0046296194 0.0000625924 -0.0064088870 -0.0046388134 0.0000000002
101 0.0000583790 -0.0061612741 -0.0045185925 0.0000586816 -0.0061647389 -0.0045472579 0.0000000008
102 0.0000547522 -0.0059393694 -0.0044131723 0.0000553621 -0.0059816279 -0.0044251839 0.0000000019
103 0.0000514269 -0.0057293552 -0.0043129297 0.0000516990 -0.0057374798 -0.0043336283 0.0000000005
104 0.0000483717 -0.0055303286 -0.0042174785 0.0000485081 -0.0055238502 -0.0042420728 0.0000000006
105 0.0000455591 -0.0053414756 -0.0041264704 0.0000460772 -0.0053712577 -0.0041505173 0.0000000015
106 0.0000429651 -0.0051620597 -0.0040395902 0.0000433920 -0.0051881466 -0.0040589618 0.0000000011
107 0.0000405685 -0.0049914135 -0.0039565520 0.0000410338 -0.0050050356 -0.0039979247 0.0000000019
108 0.0000383504 -0.0048289308 -0.0038770959 0.0000385684 -0.0048524430 -0.0038758507 0.0000000006
109 0.0000362943 -0.0046740592 -0.0038009851 0.0000366414 -0.0046998505 -0.0038148137 0.0000000009
110 0.0000343854 -0.0045262949 -0.0037280035 0.0000347684 -0.0045472579 -0.0037537767 0.0000000011
111 0.0000326104 -0.0043851771 -0.0036579532 0.0000327249 -0.0043946654 -0.0036622211 0.0000000001
112 0.0000309577 -0.0042502837 -0.0035906530 0.0019513377 0.0312204352 -0.0312509537 0.0020232641
113 0.0000294167 -0.0041212272 -0.0035259363 0.0000295070 -0.0041199988 -0.0035401471 0.0000000002
114 0.0000279781 -0.0039976514 -0.0034636498 0.0000280876 -0.0039979247 -0.0034791101 0.0000000002
115 0.0000266333 -0.0038792281 -0.0034036524 0.0000267054 -0.0038758507 -0.0034180731 0.0000000002
116 0.0000253746 -0.0037656547 -0.0033458136 0.0000255906 -0.0037842952 -0.0033570360 0.0000000005
117 0.0000241953 -0.0036566513 -0.0032900128 0.0000242755 -0.0036622211 -0.0032959990 0.0000000001
118 0.0000230890 -0.0035519593 -0.0032361385 0.0000229976 -0.0035401471 -0.0032349620 0.0000000001
119 0.0000220501 -0.0034513386 -0.0031840870 0.0000223727 -0.0034791101 -0.0032044435 0.0000000012
120 0.0000210736 -0.0033545666 -0.0031337622 0.0000211507 -0.0033570360 -0.0031434065 0.0000000001
121 0.0000201547 -0.0032614366 -0.0030850746 0.0000205537 -0.0032959990 -0.0031128880 0.0000000020
122 0.0000192891 -0.0031717559 -0.0030379410 0.0000193876 -0.0031739250 -0.0030518509 0.0000000002
123 0.0000184731 -0.0030853452 -0.0029922835 0.0000188185 -0.0031128880 -0.0030213324 0.0000000016
124 0.0000177031 -0.0030020374 -0.0029480298 0.0000178918 -0.0030213324 -0.0029602954 0.0000000005
125 0.0000169759 -0.0029216760 -0.0029051119 0.0000171672 -0.0029297769 -0.0029297769 0.0000000007
126 0.0000162884 -0.0028441152 -0.0028634666 0.0000164593 -0.0028687399 -0.0028687399 0.0000000006
127 0.0000156381 -0.0027692181 -0.0028230343 0.0006695500 -0.0242927335 -0.0089114048 0.0005003300
128 0.0000150224 -0.0026968568 -0.0027837593 0.0002512638 -0.0091555528 0.0129398480 0.0002889466
129 0.0000144389 -0.0026269111 -0.0027455893 0.0015907215 -0.0247810297 -0.0312509537 0.0013033608
130 0.0000138857 -0.0025592683 -0.0027084751 0.0000141067 -0.0025940733 -0.0027161473 0.0000000013
131 0.0000133607 -0.0024938224 -0.0026723705 0.0000136289 -0.0025330363 -0.0026856288 0.0000000017
132 0.0000128622 -0.0024304737 -0.0026372320 0.0000130104 -0.0024414808 -0.0026551103 0.0000000004
133 0.0000123885 -0.0023691285 -0.0026030184 0.0000125550 -0.0023804437 -0.0026245918 0.0000000006
134 0.0000119380 -0.0023096983 -0.0025696910 0.0000119515 -0.0023194067 -0.0025635548 0.0000000001
135 0.0000115094 -0.0022520998 -0.0025372134 0.0000116720 -0.0022583697 -0.0025635548 0.0000000007
136 0.0000111013 -0.0021962542 -0.0025055509 0.0000113796 -0.0022278512 -0.0025330363 0.0000000018
137 0.0000107125 -0.0021420874 -0.0024746710 0.0000109577 -0.0021668142 -0.0025025178 0.0000000014
138 0.0000103419 -0.0020895290 -0.0024445426 0.0000104175 -0.0020752586 -0.0024719993 0.0000000010
139 0.0000099884 -0.0020385126 -0.0024151366 0.0000101418 -0.0020447401 -0.0024414808 0.0000000007
140 0.0000096510 -0.0019889752 -0.0023864252 0.0000098698 -0.0020142216 -0.0024109622 0.0000000012
141 0.0000093289 -0.0019408573 -0.0023583820 0.0000094814 -0.0019531846 -0.0023804437 0.0000000006
142 0.0000090211 -0.0018941024 -0.0023309821 0.0000092188 -0.0019226661 -0.0023499252 0.0000000012
143 0.0000087269 -0.0018486569 -0.0023042017 0.0000088453 -0.0018616291 -0.0023194067 0.0000000004
144 0.0000084455 -0.0018044698 -0.0022780184 0.0002962690 -0.0000305185 0.0172124393 0.0003830248
145 0.0000081762 -0.0017614929 -0.0022524105 0.0000082334 -0.0017700735 -0.0022583697 0.0000000001
146 0.0000079184 -0.0017196803 -0.0022273577 0.0000081263 -0.0017395550 -0.0022583697 0.0000000014
147 0.0000076715 -0.0016789881 -0.0022028406 0.0000078841 -0.0017090365 -0.0022278512 0.0000000015
148 0.0000074349 -0.0016393749 -0.0021788406 0.0000075442 -0.0016479995 -0.0021973327 0.0000000004
149 0.0000072081 -0.0016008010 -0.0021553400 0.0000072135 -0.0015869625 -0.0021668142 0.0000000003
150 0.0000069905 -0.0015632288 -0.0021323221 0.0000070822 -0.0015869625 -0.0021362957 0.0000000006
151 0.0000067817 -0.0015266223 -0.0021097706 0.0000067627 -0.0015259255 -0.0021057772 0.0000000000
152 0.0000065813 -0.0014909471 -0.0020876702 0.0000066705 -0.0014954070 -0.0021057772 0.0000000003
153 0.0000063888 -0.0014561706 -0.0020660062 0.0000064526 -0.0014648885 -0.0020752586 0.0000000002
154 0.0000062039 -0.0014222615 -0.0020447645 0.0000063641 -0.0014343699 -0.0020752586 0.0000000011
155 0.0000060261 -0.0013891900 -0.0020239318 0.0000061518 -0.0014038514 -0.0020447401 0.0000000006
156 0.0000058552 -0.0013569275 -0.0020034952 0.0000059431 -0.0013733329 -0.0020142216 0.0000000004
157 0.0000056909 -0.0013254468 -0.0019834423 0.0000056572 -0.0013122959 -0.0019837031 0.0000000002
158 0.0000055327 -0.0012947217 -0.0019637612 0.0000056572 -0.0013122959 -0.0019837031 0.0000000007
159 0.0000053804 -0.0012647274 -0.0019444409 0.0000054579 -0.0012817774 -0.0019531846 0.0000000004
160 0.0000052337 -0.0012354398 -0.0019254702 0.0009923624 0.0039674062 -0.0312509537 0.0008870536
161 0.0000050925 -0.0012068361 -0.0019068389 0.0000051869 -0.0012207404 -0.0019226661 0.0000000004
162 0.0000049564 -0.0011788944 -0.0018885370 0.0000049969 -0.0011902219 -0.0018921476 0.0000000001
163 0.0000048251 -0.0011515935 -0.0018705548 0.0000049251 -0.0011597034 -0.0018921476 0.0000000005
164 0.0000046986 -0.0011249134 -0.0018528831 0.0000047407 -0.0011291849 -0.0018616291 0.0000000001
165 0.0000045765 -0.0010988346 -0.0018355131 0.0000047407 -0.0011291849 -0.0018616291 0.0000000016
166 0.0000044588 -0.0010733385 -0.0018184363 0.0000046066 -0.0010681478 -0.0018616291 0.0000000019
167 0.0000043451 -0.0010484073 -0.0018016443 0.0000043831 -0.0010681478 -0.0018005921 0.0000000004
168 0.0000042353 -0.0010240239 -0.0017851295 0.0000042098 -0.0010376293 -0.0017700735 0.0000000004
169 0.0000041293 -0.0010001718 -0.0017688841 0.0000041474 -0.0010071108 -0.0017700735 0.0000000000
170 0.0000040269 -0.0009768350 -0.0017529009 0.0000041474 -0.0010071108 -0.0017700735 0.0000000012
171 0.0000039279 -0.0009539984 -0.0017371727 0.0000039798 -0.0009765923 -0.0017395550 0.0000000005
172 0.0000038322 -0.0009316474 -0.0017216929 0.0000039211 -0.0009460738 -0.0017395550 0.0000000005
173 0.0000037397 -0.0009097678 -0.0017064549 0.0000037590 -0.0009155553 -0.0017090365 0.0000000000
174 0.0000036502 -0.0008883460 -0.0016914523 0.0000037590 -0.0009155553 -0.0017090365 0.0000000010
175 0.0000035636 -0.0008673689 -0.0016766791 0.0000036007 -0.0008850368 -0.0016785180 0.0000000003
176 0.0000034798 -0.0008468240 -0.0016621293 0.0010146261 -0.0312509537 0.0061647389 0.0009856710
177 0.0000033987 -0.0008266991 -0.0016477974 0.0000033949 -0.0008239998 -0.0016479995 0.0000000000
178 0.0000033201 -0.0008069826 -0.0016336778 0.0000033949 -0.0008239998 -0.0016479995 0.0000000005
179 0.0000032441 -0.0007876630 -0.0016197653 0.0000033455 -0.0007934812 -0.0016479995 0.0000000008
180 0.0000031704 -0.0007687296 -0.0016060546 0.0000033455 -0.0007934812 -0.0016479995 0.0000000024
181 0.0000030989 -0.0007501718 -0.0015925410 0.0000032459 -0.0007934812 -0.0016174810 0.0000000025
182 0.0000030297 -0.0007319795 -0.0015792195 0.0000031006 -0.0007629627 -0.0015869625 0.0000000010
183 0.0000029626 -0.0007141429 -0.0015660857 0.0000030549 -0.0007324442 -0.0015869625 0.0000000008
184 0.0000028976 -0.0006966526 -0.0015531349 0.0000029152 -0.0007019257 -0.0015564440 0.0000000000
185 0.0000028344 -0.0006794994 -0.0015403629 0.0000029152 -0.0007019257 -0.0015564440 0.0000000008
186 0.0000027732 -0.0006626745 -0.0015277654 0.0000027792 -0.0006714072 -0.0015259255 0.0000000001
187 0.0000027138 -0.0006461694 -0.0015153385 0.0000027392 -0.0006408887 -0.0015259255 0.0000000001
188 0.0000026561 -0.0006299758 -0.0015030781 0.0000027392 -0.0006408887 -0.0015259255 0.0000000006
189 0.0000026001 -0.0006140859 -0.0014909805 0.0000003735 -0.0006103702 -0.0000305185 0.0000021330
190 0.0000025458 -0.0005984918 -0.0014790420 0.0000000764 0.0002746666 -0.0000305185 0.0000028606
191 0.0000024930 -0.0005831861 -0.0014672590 0.0000000242 -0.0001525925 -0.0000305185 0.0000022496
192 0.0000024417 -0.0005681616 -0.0014556280 0.0009766230 -0.0312509537 -0.0000305185 0.0009434647
193 0.0000023918 -0.0005534113 -0.0014441456 0.0009802023 -0.0312509537 -0.0018921476 0.0009425398
194 0.0000023434 -0.0005389285 -0.0014328087 0.0000195832 -0.0044251839 -0.0000305185 0.0000170694
195 0.0000022963 -0.0005247065 -0.0014216140 0.0000003027 -0.0005493332 -0.0000305185 0.0000019358
196 0.0000022505 -0.0005107392 -0.0014105584 0.0000023266 -0.0005188147 -0.0014343699 0.0000000006
197 0.0000022060 -0.0004970202 -0.0013996390 0.0000023266 -0.0005188147 -0.0014343699 0.0000000017
198 0.0000021627 -0.0004835437 -0.0013888528 0.0000022092 -0.0004882962 -0.0014038514 0.0000000002
199 0.0000021206 -0.0004703039 -0.0013781971 0.0000022092 -0.0004882962 -0.0014038514 0.0000000010
200 0.0000020796 -0.0004572952 -0.0013676691 0.0000021804 -0.0004577776 -0.0014038514 0.0000000013
201 0.0000020398 -0.0004445122 -0.0013572662 0.0000020956 -0.0004577776 -0.0013733329 0.0000000004
202 0.0000020010 -0.0004319495 -0.0013469857 0.0000020956 -0.0004577776 -0.0013733329 0.0000000014
203 0.0000019632 -0.0004196022 -0.0013368252 0.0000020127 -0.0004577776 -0.0013428144 0.0000000015
204 0.0000019264 -0.0004074651 -0.0013267822 0.0000020686 -0.0004272591 -0.0013733329 0.0000000026
205 0.0000018906 -0.0003955336 -0.0013168543 0.0000018795 -0.0003967406 -0.0013122959 0.0000000000
206 0.0000018557 -0.0003838030 -0.0013070392 0.0000018795 -0.0003967406 -0.0013122959 0.0000000002
207 0.0000018217 -0.0003722687 -0.0012973347 0.0000018562 -0.0003662221 -0.0013122959 0.0000000003
208 0.0000017885 -0.0003609263 -0.0012877386 0.0009198536 -0.0299081393 0.0050355541 0.0009130218
209 0.0000017563 -0.0003497716 -0.0012782487 0.0000017771 -0.0003662221 -0.0012817774 0.0000000003
210 0.0000017248 -0.0003388003 -0.0012688630 0.0000017771 -0.0003662221 -0.0012817774 0.0000000009
211 0.0000016941 -0.0003280085 -0.0012595795 0.0000017557 -0.0003357036 -0.0012817774 0.0000000006
212 0.0000016642 -0.0003173923 -0.0012503961 0.0000016588 -0.0003051851 -0.0012512589 0.0000000001
213 0.0000016351 -0.0003069477 -0.0012413111 0.0000016588 -0.0003051851 -0.0012512589 0.0000000001
214 0.0000016066 -0.0002966712 -0.0012323224 0.0000016588 -0.0003051851 -0.0012512589 0.0000000004
215 0.0000015789 -0.0002865591 -0.0012234283 0.0000015833 -0.0003051851 -0.0012207404 0.0000000004
216 0.0000015518 -0.0002766079 -0.0012146271 0.0000015656 -0.0002746666 -0.0012207404 0.0000000000
217 0.0000015254 -0.0002668143 -0.0012059169 0.0000015656 -0.0002746666 -0.0012207404 0.0000000003
218 0.0000014997 -0.0002571747 -0.0011972961 0.0000015656 -0.0002746666 -0.0012207404 0.0000000009
219 0.0000014745 -0.0002476862 -0.0011887631 0.0000014921 -0.0002746666 -0.0011902219 0.0000000007
220 0.0000014500 -0.0002383455 -0.0011803162 0.0000014921 -0.0002746666 -0.0011902219 0.0000000014
221 0.0000014260 -0.0002291495 -0.0011719540 0.0000014762 -0.0002441481 -0.0011902219 0.0000000006
222 0.0000014026 -0.0002200953 -0.0011636747 0.0000014762 -0.0002441481 -0.0011902219 0.0000000013
223 0.0000013797 -0.0002111800 -0.0011554771 0.0000014045 -0.0002441481 -0.0011597034 0.0000000011
224 0.0000013574 -0.0002024007 -0.0011473596 0.0001911284 -0.0000305185 0.0138248848 0.0002241976
225 0.0000013356 -0.0001937548 -0.0011393207 0.0000014045 -0.0002441481 -0.0011597034 0.0000000030
226 0.0000013143 -0.0001852395 -0.0011313592 0.0000013905 -0.0002136296 -0.0011597034 0.0000000016
227 0.0000012935 -0.0001768522 -0.0011234737 0.0000013086 -0.0001831111 -0.0011291849 0.0000000001
228 0.0000012731 -0.0001685905 -0.0011156628 0.0000013086 -0.0001831111 -0.0011291849 0.0000000004
229 0.0000012532 -0.0001604517 -0.0011079252 0.0000013086 -0.0001831111 -0.0011291849 0.0000000010
230 0.0000012338 -0.0001524335 -0.0011002597 0.0000012983 -0.0001525925 -0.0011291849 0.0000000008
231 0.0000012148 -0.0001445336 -0.0010926651 0.0000012304 -0.0001525925 -0.0010986663 0.0000000001
232 0.0000011962 -0.0001367496 -0.0010851402 0.0000012304 -0.0001525925 -0.0010986663 0.0000000004
233 0.0000011781 -0.0001290793 -0.0010776837 0.0000012983 -0.0001525925 -0.0011291849 0.0000000032
234 0.0000011603 -0.0001215206 -0.0010702946 0.0000012220 -0.0001220740 -0.0010986663 0.0000000008
235 0.0000011429 -0.0001140712 -0.0010629716 0.0000012220 -0.0001220740 -0.0010986663 0.0000000013
236 0.0000011259 -0.0001067292 -0.0010557138 0.0000011558 -0.0001220740 -0.0010681478 0.0000000004
237 0.0000011093 -0.0000994925 -0.0010485199 0.0000011493 -0.0000915555 -0.0010681478 0.0000000004
238 0.0000010930 -0.0000923591 -0.0010413891 0.0000010916 -0.0001220740 -0.0010376293 0.0000000009
239 0.0000010771 -0.0000853271 -0.0010343202 0.0000010851 -0.0000915555 -0.0010376293 0.0000000000
240 0.0000010615 -0.0000783946 -0.0010273123 0.0002858562 -0.0000305185 0.0169072542 0.0003216510
241 0.0000010463 -0.0000715597 -0.0010203643 0.0000010851 -0.0000915555 -0.0010376293 0.0000000007
242 0.0000010313 -0.0000648208 -0.0010134753 0.0000010851 -0.0000915555 -0.0010376293 0.0000000013
243 0.0000010167 -0.0000581760 -0.0010066443 0.0000010227 -0.0000915555 -0.0010071108 0.0000000011
244 0.0000010024 -0.0000516235 -0.0009998705 0.0000010804 -0.0000610370 -0.0010376293 0.0000000015
245 0.0000009884 -0.0000451619 -0.0009931529 0.0000009575 -0.0000610370 -0.0009765923 0.0000000005
246 0.0000009747 -0.0000387893 -0.0009864906 0.0000010152 -0.0000305185 -0.0010071108 0.0000000005
247 0.0000009612 -0.0000325043 -0.0009798828 0.0000010152 -0.0000305185 -0.0010071108 0.0000000007
248 0.0000009481 -0.0000263052 -0.0009733286 0.0000010152 -0.0000305185 -0.0010071108 0.0000000012
249 0.0000009352 -0.0000201905 -0.0009668272 0.0000009547 -0.0000305185 -0.0009765923 0.0000000002
250 0.0000009225 -0.0000141588 -0.0009603778 0.0000009547 -0.0000305185 -0.0009765923 0.0000000005
251 0.0000009101 -0.0000082086 -0.0009539796 0.0000008960 -0.0000305185 -0.0009460738 0.0000000006
252 0.0000008980 -0.0000023385 -0.0009476318 0.0000009547 -0.0000305185 -0.0009765923 0.0000000016
253 0.0000008861 0.0000034529 -0.0009413336 0.0000008951 0.0000000000 -0.0009460738 0.0000000000
254 0.0000008745 0.0000091670 -0.0009350842 0.0000008951 0.0000000000 -0.0009460738 0.0000000002
255 0.0000008630 0.0000148051 -0.0009288831 0.0002022183 0.0117801447 0.0079653310 0.0002175303
256 0.0000008518 0.0000203685 -0.0009227293 0.0000000000 0.0000000000 0.0000000000 0.0000008518
257 0.0000008409 0.0000258585 -0.0009166223 0.0000008960 0.0000305185 -0.0009460738 0.0000000009
258 0.0000008301 0.0000312763 -0.0009105613 0.0000008382 0.0000000000 -0.0009155553 0.0000000010
259 0.0000008195 0.0000366231 -0.0009045456 0.0000008392 0.0000305185 -0.0009155553 0.0000000002
260 0.0000008092 0.0000419001 -0.0008985746 0.0000008392 0.0000305185 -0.0009155553 0.0000000004
261 0.0000007990 0.0000471085 -0.0008926476 0.0000007842 0.0000305185 -0.0008850368 0.0000000003
262 0.0000007891 0.0000522494 -0.0008867640 0.0000007842 0.0000305185 -0.0008850368 0.0000000005
263 0.0000007793 0.0000573239 -0.0008809232 0.0000007870 0.0000610370 -0.0008850368 0.0000000000
264 0.0000007697 0.0000623331 -0.0008751244 0.0000007311 0.0000305185 -0.0008545183 0.0000000014
265 0.0000007603 0.0000672781 -0.0008693672 0.0000007870 0.0000610370 -0.0008850368 0.0000000003
266 0.0000007511 0.0000721599 -0.0008636510 0.0000007870 0.0000610370 -0.0008850368 0.0000000006
267 0.0000007420 0.0000769796 -0.0008579751 0.0000007870 0.0000610370 -0.0008850368 0.0000000010
268 0.0000007332 0.0000817381 -0.0008523389 0.0000007870 0.0000610370 -0.0008850368 0.0000000015
269 0.0000007244 0.0000864365 -0.0008467420 0.0000007386 0.0000915555 -0.0008545183 0.0000000001
270 0.0000007159 0.0000910756 -0.0008411838 0.0000007339 0.0000610370 -0.0008545183 0.0000000011
271 0.0000007075 0.0000956565 -0.0008356636 0.0000007339 0.0000610370 -0.0008545183 0.0000000016
272 0.0000006992 0.0001001800 -0.0008301810 0.0019532442 -0.0312509537 -0.0312509537 0.0019083170
273 0.0000006911 0.0001046470 -0.0008247355 0.0000007386 0.0000915555 -0.0008545183 0.0000000011
274 0.0000006832 0.0001090585 -0.0008193266 0.0000006874 0.0000915555 -0.0008239998 0.0000000003
275 0.0000006754 0.0001134152 -0.0008139537 0.0000007386 0.0000915555 -0.0008545183 0.0000000021
276 0.0000006677 0.0001177182 -0.0008086163 0.0000006874 0.0000915555 -0.0008239998 0.0000000009
277 0.0000006602 0.0001219680 -0.0008033141 0.0000006874 0.0000915555 -0.0008239998 0.0000000014
278 0.0000006528 0.0001261657 -0.0007980463 0.0000006380 0.0000915555 -0.0007934812 0.0000000012
279 0.0000006455 0.0001303119 -0.0007928128 0.0000006445 0.0001220740 -0.0007934812 0.0000000001
280 0.0000006384 0.0001344075 -0.0007876128 0.0000006445 0.0001220740 -0.0007934812 0.0000000002
281 0.0000006314 0.0001384532 -0.0007824461 0.0000006445 0.0001220740 -0.0007934812 0.0000000004
282 0.0000006245 0.0001424498 -0.0007773121 0.0000006529 0.0001525925 -0.0007934812 0.0000000004
283 0.0000006177 0.0001463980 -0.0007722104 0.0000006445 0.0001220740 -0.0007934812 0.0000000010
284 0.0000006111 0.0001502986 -0.0007671406 0.0000006445 0.0001220740 -0.0007934812 0.0000000015
285 0.0000006046 0.0001541522 -0.0007621023 0.0000006054 0.0001525925 -0.0007629627 0.0000000000
286 0.0000005981 0.0001579595 -0.0007570950 0.0000005970 0.0001220740 -0.0007629627 0.0000000013
287 0.0000005918 0.0001617213 -0.0007521184 0.0000006054 0.0001525925 -0.0007629627 0.0000000002
288 0.0000005856 0.0001654381 -0.0007471719 0.0013389976 -0.0221259194 -0.0291451765 0.0013033513
289 0.0000005795 0.0001691107 -0.0007422554 0.0000005598 0.0001525925 -0.0007324442 0.0000000004
290 0.0000005736 0.0001727396 -0.0007373682 0.0000005598 0.0001525925 -0.0007324442 0.0000000004
291 0.0000005677 0.0001763256 -0.0007325101 0.0000006054 0.0001525925 -0.0007629627 0.0000000015
292 0.0000005619 0.0001798692 -0.0007276807 0.0000005598 0.0001525925 -0.0007324442 0.0000000008
293 0.0000005562 0.0001833710 -0.0007228796 0.0000005598 0.0001525925 -0.0007324442 0.0000000010
294 0.0000005506 0.0001868317 -0.0007181065 0.0000005598 0.0001525925 -0.0007324442 0.0000000014
295 0.0000005451 0.0001902517 -0.0007133610 0.0000005598 0.0001525925 -0.0007324442 0.0000000018
296 0.0000005397 0.0001936318 -0.0007086427 0.0000005262 0.0001831111 -0.0007019257 0.0000000002
297 0.0000005343 0.0001969724 -0.0007039512 0.0000005262 0.0001831111 -0.0007019257 0.0000000002
298 0.0000005291 0.0002002740 -0.0006992863 0.0000005262 0.0001831111 -0.0007019257 0.0000000003
299 0.0000005240 0.0002035374 -0.0006946477 0.0000005383 0.0002136296 -0.0007019257 0.0000000002
300 0.0000005189 0.0002067629 -0.0006900349 0.0000005262 0.0001831111 -0.0007019257 0.0000000007
301 0.0000005139 0.0002099510 -0.0006854476 0.0000005262 0.0001831111 -0.0007019257 0.0000000010
302 0.0000005090 0.0002131024 -0.0006808856 0.0000005383 0.0002136296 -0.0007019257 0.0000000004
303 0.0000005042 0.0002162175 -0.0006763485 0.0000005383 0.0002136296 -0.0007019257 0.0000000007
304 0.0000004995 0.0002192968 -0.0006718360 0.0009766230 -0.0312509537 -0.0000305185 0.0009907880
305 0.0000004948 0.0002223408 -0.0006673478 0.0000005383 0.0002136296 -0.0007019257 0.0000000013
306 0.0000004902 0.0002253499 -0.0006628836 0.0000004964 0.0002136296 -0.0006714072 0.0000000002
307 0.0000004857 0.0002283247 -0.0006584430 0.0000005104 0.0002441481 -0.0006714072 0.0000000004
308 0.0000004812 0.0002312655 -0.0006540259 0.0000004964 0.0002136296 -0.0006714072 0.0000000006
309 0.0000004769 0.0002341729 -0.0006496319 0.0000004564 0.0002136296 -0.0006408887 0.0000000005
310 0.0000004726 0.0002370472 -0.0006452607 0.0000004564 0.0002136296 -0.0006408887 0.0000000006
311 0.0000004683 0.0002398890 -0.0006409121 0.0000004964 0.0002136296 -0.0006714072 0.0000000016
312 0.0000004641 0.0002426986 -0.0006365857 0.0000004564 0.0002136296 -0.0006408887 0.0000000009
313 0.0000004600 0.0002454764 -0.0006322813 0.0000005104 0.0002441481 -0.0006714072 0.0000000015
314 0.0000004560 0.0002482229 -0.0006279986 0.0000004703 0.0002441481 -0.0006408887 0.0000000002
315 0.0000004520 0.0002509385 -0.0006237374 0.0000004703 0.0002441481 -0.0006408887 0.0000000003
316 0.0000004481 0.0002536236 -0.0006194975 0.0000004322 0.0002441481 -0.0006103702 0.0000000002
317 0.0000004442 0.0002562785 -0.0006152784 0.0000003726 0.0000000000 -0.0006103702 0.0000000657
318 0.0000004404 0.0002589037 -0.0006110801 0.0000001574 0.0000000000 0.0003967406 0.0000010827
319 0.0000004367 0.0002614995 -0.0006069022 0.0000906642 0.0000000000 0.0095217750 0.0001026585
320 0.0000004330 0.0002640663 -0.0006027445 0.0000362307 -0.0055543687 -0.0023194067 0.0000368011
321 0.0000004294 0.0002666044 -0.0005986067 0.0019532442 -0.0312509537 -0.0312509537 0.0019329228
322 0.0000004258 0.0002691143 -0.0005944887 0.0019532442 -0.0312509537 -0.0312509537 0.0019333335
323 0.0000004223 0.0002715962 -0.0005903901 0.0009769583 -0.0312509537 -0.0005798517 0.0009936713
324 0.0000004189 0.0002740506 -0.0005863108 0.0000004322 0.0002441481 -0.0006103702 0.0000000015
325 0.0000004155 0.0002764777 -0.0005822505 0.0000003958 0.0002441481 -0.0005798517 0.0000000011
326 0.0000004121 0.0002788779 -0.0005782090 0.0000003958 0.0002441481 -0.0005798517 0.0000000012
327 0.0000004088 0.0002812515 -0.0005741861 0.0000003958 0.0002441481 -0.0005798517 0.0000000014
328 0.0000004055 0.0002835989 -0.0005701815 0.0000004117 0.0002746666 -0.0005798517 0.0000000002
329 0.0000004023 0.0002859203 -0.0005661951 0.0000003958 0.0002441481 -0.0005798517 0.0000000019
330 0.0000003992 0.0002882161 -0.0005622266 0.0000004117 0.0002746666 -0.0005798517 0.0000000005
331 0.0000003961 0.0002904865 -0.0005582757 0.0000004117 0.0002746666 -0.0005798517 0.0000000007
332 0.0000003930 0.0002927320 -0.0005543424 0.0000004117 0.0002746666 -0.0005798517 0.0000000010
333 0.0000003900 0.0002949527 -0.0005504264 0.0000004117 0.0002746666 -0.0005798517 0.0000000013
334 0.0000003870 0.0002971490 -0.0005465274 0.0000003772 0.0002746666 -0.0005493332 0.0000000005
335 0.0000003841 0.0002993211 -0.0005426454 0.0000003772 0.0002746666 -0.0005493332 0.0000000007
336 0.0000003812 0.0003014694 -0.0005387800 0.0019532442 -0.0312509537 -0.0312509537 0.0019387930
337 0.0000003783 0.0003035941 -0.0005349311 0.0000003623 0.0003051851 -0.0005188147 0.0000000003
338 0.0000003755 0.0003056955 -0.0005310986 0.0000003949 0.0003051851 -0.0005493332 0.0000000003
339 0.0000003728 0.0003077739 -0.0005272821 0.0000003772 0.0002746666 -0.0005493332 0.0000000016
340 0.0000003700 0.0003098295 -0.0005234816 0.0000003446 0.0002746666 -0.0005188147 0.0000000013
341 0.0000003673 0.0003118625 -0.0005196968 0.0000003446 0.0002746666 -0.0005188147 0.0000000014
342 0.0000003647 0.0003138733 -0.0005159275 0.0000003446 0.0002746666 -0.0005188147 0.0000000015
343 0.0000003621 0.0003158621 -0.0005121737 0.0000003446 0.0002746666 -0.0005188147 0.0000000017
344 0.0000003595 0.0003178291 -0.0005084350 0.0000003623 0.0003051851 -0.0005188147 0.0000000003
345 0.0000003570 0.0003197747 -0.0005047114 0.0000003446 0.0002746666 -0.0005188147 0.0000000022
346 0.0000003545 0.0003216989 -0.0005010026 0.0000003623 0.0003051851 -0.0005188147 0.0000000006
347 0.0000003520 0.0003236021 -0.0004973084 0.0000003623 0.0003051851 -0.0005188147 0.0000000008
348 0.0000003496 0.0003254845 -0.0004936288 0.0000003623 0.0003051851 -0.0005188147 0.0000000010
349 0.0000003472 0.0003273463 -0.0004899635 0.0000003316 0.0003051851 -0.0004882962 0.0000000005
350 0.0000003449 0.0003291877 -0.0004863124 0.0000003623 0.0003051851 -0.0005188147 0.0000000016
351 0.0000003425 0.0003310090 -0.0004826753 0.0000003316 0.0003051851 -0.0004882962 0.0000000007
352 0.0000003403 0.0003328104 -0.0004790520 0.0009054806 0.0287789544 0.0087893307 0.0008950860
353 0.0000003380 0.0003345921 -0.0004754425 0.0000003316 0.0003051851 -0.0004882962 0.0000000010
354 0.0000003358 0.0003363543 -0.0004718464 0.0000003316 0.0003051851 -0.0004882962 0.0000000012
355 0.0000003336 0.0003380972 -0.0004682637 0.0000003316 0.0003051851 -0.0004882962 0.0000000015
356 0.0000003314 0.0003398211 -0.0004646943 0.0000003316 0.0003051851 -0.0004882962 0.0000000018
357 0.0000003293 0.0003415260 -0.0004611379 0.0000003027 0.0003051851 -0.0004577776 0.0000000013
358 0.0000003272 0.0003432123 -0.0004575944 0.0000003027 0.0003051851 -0.0004577776 0.0000000014
359 0.0000003251 0.0003448801 -0.0004540637 0.0000003027 0.0003051851 -0.0004577776 0.0000000016
360 0.0000003231 0.0003465295 -0.0004505456 0.0000003223 0.0003357036 -0.0004577776 0.0000000002
361 0.0000003211 0.0003481609 -0.0004470400 0.0000003223 0.0003357036 -0.0004577776 0.0000000003
362 0.0000003191 0.0003497744 -0.0004435467 0.0000003223 0.0003357036 -0.0004577776 0.0000000004
363 0.0000003171 0.0003513701 -0.0004400656 0.0000003223 0.0003357036 -0.0004577776 0.0000000006
364 0.0000003152 0.0003529482 -0.0004365965 0.0000003223 0.0003357036 -0.0004577776 0.0000000007
365 0.0000003133 0.0003545090 -0.0004331393 0.0000002952 0.0003357036 -0.0004272591 0.0000000004
366 0.0000003114 0.0003560526 -0.0004296940 0.0000002952 0.0003357036 -0.0004272591 0.0000000004
367 0.0000003096 0.0003575791 -0.0004262602 0.0000003223 0.0003357036 -0.0004577776 0.0000000015
368 0.0000003077 0.0003590888 -0.0004228379 0.0005369263 -0.0049134800 -0.0226447340 0.0005216126
369 0.0000003059 0.0003605817 -0.0004194270 0.0000002952 0.0003357036 -0.0004272591 0.0000000007
370 0.0000003042 0.0003620581 -0.0004160274 0.0000002952 0.0003357036 -0.0004272591 0.0000000008
371 0.0000003024 0.0003635182 -0.0004126388 0.0000002952 0.0003357036 -0.0004272591 0.0000000010
372 0.0000003007 0.0003649620 -0.0004092613 0.0000003167 0.0003662221 -0.0004272591 0.0000000003
373 0.0000002990 0.0003663898 -0.0004058945 0.0000002952 0.0003357036 -0.0004272591 0.0000000014
374 0.0000002973 0.0003678016 -0.0004025385 0.0000002952 0.0003357036 -0.0004272591 0.0000000016
375 0.0000002957 0.0003691977 -0.0003991931 0.0000002952 0.0003357036 -0.0004272591 0.0000000019
376 0.0000002940 0.0003705782 -0.0003958582 0.0000003167 0.0003662221 -0.0004272591 0.0000000010
377 0.0000002924 0.0003719433 -0.0003925336 0.0000003167 0.0003662221 -0.0004272591 0.0000000012
378 0.0000002908 0.0003732930 -0.0003892192 0.0000002701 0.0003357036 -0.0003967406 0.0000000015
379 0.0000002893 0.0003746276 -0.0003859150 0.0000002915 0.0003662221 -0.0003967406 0.0000000002
380 0.0000002877 0.0003759471 -0.0003826207 0.0000002915 0.0003662221 -0.0003967406 0.0000000003
381 0.0000002862 0.0003772517 -0.0003793364 0.0000002915 0.0003662221 -0.0003967406 0.0000000004
382 0.0000002847 0.0003785416 -0.0003760617 0.0000002915 0.0003662221 -0.0003967406 0.0000000006
383 0.0000002832 0.0003798168 -0.0003727968 0.0000436724 0.0048524430 -0.0044862209 0.0000369246
384 0.0000002818 0.0003810776 -0.0003695413 0.0011440618 -0.0312509537 0.0129398480 0.0011777252
385 0.0000002803 0.0003823239 -0.0003662953 0.0005654777 -0.0217902158 -0.0095217750 0.0005754443
386 0.0000002789 0.0003835561 -0.0003630586 0.0000003148 0.0003967406 -0.0003967406 0.0000000013
387 0.0000002775 0.0003847741 -0.0003598311 0.0000002682 0.0003662221 -0.0003662221 0.0000000004
388 0.0000002762 0.0003859782 -0.0003566126 0.0000002682 0.0003662221 -0.0003662221 0.0000000005
389 0.0000002748 0.0003871684 -0.0003534032 0.0000002682 0.0003662221 -0.0003662221 0.0000000006
390 0.0000002735 0.0003883448 -0.0003502026 0.0000002682 0.0003662221 -0.0003662221 0.0000000007
391 0.0000002721 0.0003895077 -0.0003470108 0.0000002682 0.0003662221 -0.0003662221 0.0000000009
392 0.0000002708 0.0003906570 -0.0003438276 0.0000002915 0.0003967406 -0.0003662221 0.0000000005
393 0.0000002695 0.0003917929 -0.0003406530 0.0000002682 0.0003662221 -0.0003662221 0.0000000013
394 0.0000002683 0.0003929156 -0.0003374869 0.0000002468 0.0003662221 -0.0003357036 0.0000000007
395 0.0000002670 0.0003940251 -0.0003343291 0.0000002701 0.0003967406 -0.0003357036 0.0000000000
396 0.0000002658 0.0003951215 -0.0003311796 0.0000002915 0.0003967406 -0.0003662221 0.0000000012
397 0.0000002646 0.0003962050 -0.0003280382 0.0000002468 0.0003662221 -0.0003357036 0.0000000010
398 0.0000002634 0.0003972756 -0.0003249048 0.0000002468 0.0003662221 -0.0003357036 0.0000000011
399 0.0000002622 0.0003983335 -0.0003217794 0.0000002468 0.0003662221 -0.0003357036 0.0000000012
400 0.0000002610 0.0003993787 -0.0003186619 0.0013474611 -0.0312509537 0.0192571795 0.0013849571
401 0.0000002599 0.0004004114 -0.0003155521 0.0000002468 0.0003662221 -0.0003357036 0.0000000016
402 0.0000002588 0.0004014317 -0.0003124500 0.0000002701 0.0003967406 -0.0003357036 0.0000000006
403 0.0000002577 0.0004024397 -0.0003093554 0.0000002505 0.0003967406 -0.0003051851 0.0000000000
404 0.0000002566 0.0004034354 -0.0003062683 0.0000002505 0.0003967406 -0.0003051851 0.0000000000
405 0.0000002555 0.0004044189 -0.0003031886 0.0000002468 0.0003662221 -0.0003357036 0.0000000025
406 0.0000002544 0.0004053904 -0.0003001162 0.0000002505 0.0003967406 -0.0003051851 0.0000000001
407 0.0000002534 0.0004063500 -0.0002970510 0.0000002273 0.0003662221 -0.0003051851 0.0000000017
408 0.0000002523 0.0004072976 -0.0002939928 0.0000002273 0.0003662221 -0.0003051851 0.0000000018
409 0.0000002513 0.0004082335 -0.0002909417 0.0000002505 0.0003967406 -0.0003051851 0.0000000003
410 0.0000002503 0.0004091577 -0.0002878975 0.0000002328 0.0003967406 -0.0002746666 0.0000000003
411 0.0000002493 0.0004100703 -0.0002848602 0.0000002505 0.0003967406 -0.0003051851 0.0000000006
412 0.0000002483 0.0004109714 -0.0002818295 0.0000002505 0.0003967406 -0.0003051851 0.0000000007
413 0.0000002474 0.0004118611 -0.0002788056 0.0000002273 0.0003662221 -0.0003051851 0.0000000028
414 0.0000002464 0.0004127394 -0.0002757882 0.0000002328 0.0003967406 -0.0002746666 0.0000000003
415 0.0000002455 0.0004136064 -0.0002727773 0.0000002580 0.0004272591 -0.0002746666 0.0000000002
416 0.0000002446 0.0004144623 -0.0002697728 0.0010078131 -0.0055848872 -0.0312509537 0.0009958258
417 0.0000002436 0.0004153070 -0.0002667746 0.0000002505 0.0003967406 -0.0003051851 0.0000000018
418 0.0000002428 0.0004161407 -0.0002637826 0.0000002328 0.0003967406 -0.0002746666 0.0000000005
419 0.0000002419 0.0004169634 -0.0002607968 0.0000002328 0.0003967406 -0.0002746666 0.0000000006
420 0.0000002410 0.0004177753 -0.0002578171 0.0000002328 0.0003967406 -0.0002746666 0.0000000007
421 0.0000002402 0.0004185763 -0.0002548433 0.0000002170 0.0003967406 -0.0002441481 0.0000000006
422 0.0000002393 0.0004193666 -0.0002518754 0.0000002328 0.0003967406 -0.0002746666 0.0000000010
423 0.0000002385 0.0004201463 -0.0002489134 0.0000002170 0.0003967406 -0.0002441481 0.0000000006
424 0.0000002377 0.0004209153 -0.0002459571 0.0000002328 0.0003967406 -0.0002746666 0.0000000014
425 0.0000002369 0.0004216739 -0.0002430064 0.0000002170 0.0003967406 -0.0002441481 0.0000000006
426 0.0000002361 0.0004224219 -0.0002400613 0.0000002328 0.0003967406 -0.0002746666 0.0000000019
427 0.0000002353 0.0004231596 -0.0002371218 0.0000002170 0.0003967406 -0.0002441481 0.0000000007
428 0.0000002345 0.0004238870 -0.0002341876 0.0000002422 0.0004272591 -0.0002441481 0.0000000001
429 0.0000002338 0.0004246041 -0.0002312588 0.0000002422 0.0004272591 -0.0002441481 0.0000000002
430 0.0000002330 0.0004253110 -0.0002283353 0.0000002170 0.0003967406 -0.0002441481 0.0000000011
431 0.0000002323 0.0004260078 -0.0002254170 0.0000002030 0.0003967406 -0.0002136296 0.0000000010
432 0.0000002316 0.0004266945 -0.0002225037 0.0006301015 0.0008850368 0.0250862148 0.0006407413
433 0.0000002309 0.0004273712 -0.0002195956 0.0000002030 0.0003967406 -0.0002136296 0.0000000010
434 0.0000002302 0.0004280379 -0.0002166923 0.0000002170 0.0003967406 -0.0002441481 0.0000000017
435 0.0000002295 0.0004286948 -0.0002137940 0.0000002170 0.0003967406 -0.0002441481 0.0000000019
436 0.0000002288 0.0004293418 -0.0002109005 0.0000002030 0.0003967406 -0.0002136296 0.0000000011
437 0.0000002282 0.0004299790 -0.0002080117 0.0000002282 0.0004272591 -0.0002136296 0.0000000000
438 0.0000002275 0.0004306065 -0.0002051277 0.0000002282 0.0004272591 -0.0002136296 0.0000000001
439 0.0000002269 0.0004312244 -0.0002022482 0.0000002170 0.0003967406 -0.0002441481 0.0000000029
440 0.0000002262 0.0004318326 -0.0001993732 0.0000002030 0.0003967406 -0.0002136296 0.0000000014
441 0.0000002256 0.0004324313 -0.0001965027 0.0000002030 0.0003967406 -0.0002136296 0.0000000016
442 0.0000002250 0.0004330205 -0.0001936365 0.0000002282 0.0004272591 -0.0002136296 0.0000000004
443 0.0000002244 0.0004336002 -0.0001907747 0.0000002282 0.0004272591 -0.0002136296 0.0000000006
444 0.0000002238 0.0004341705 -0.0001879172 0.0000002161 0.0004272591 -0.0001831111 0.0000000001
445 0.0000002232 0.0004347314 -0.0001850637 0.0000001909 0.0003967406 -0.0001831111 0.0000000014
446 0.0000002227 0.0004352831 -0.0001822144 0.0003015443 0.0000000000 0.0173650319 0.0003080953
447 0.0000002221 0.0004358254 -0.0001793692 0.0009747156 0.0000000000 0.0312204352 0.0009861377
448 0.0000002216 0.0004363586 -0.0001765279 0.0003194277 -0.0164494766 -0.0069887387 0.0003315376
449 0.0000002210 0.0004368825 -0.0001736904 0.0002461869 -0.0109256264 0.0112613300 0.0002598663
450 0.0000002205 0.0004373974 -0.0001708569 0.0000070422 0.0022888882 0.0013428144 0.0000057192
451 0.0000002200 0.0004379031 -0.0001680270 0.0000002161 0.0004272591 -0.0001831111 0.0000000003
452 0.0000002195 0.0004383999 -0.0001652009 0.0000002161 0.0004272591 -0.0001831111 0.0000000004
453 0.0000002190 0.0004388876 -0.0001623784 0.0000002058 0.0004272591 -0.0001525925 0.0000000002
454 0.0000002185 0.0004393663 -0.0001595594 0.0000002161 0.0004272591 -0.0001831111 0.0000000007
455 0.0000002180 0.0004398362 -0.0001567440 0.0000002058 0.0004272591 -0.0001525925 0.0000000002
456 0.0000002176 0.0004402971 -0.0001539319 0.0000002058 0.0004272591 -0.0001525925 0.0000000002
457 0.0000002171 0.0004407492 -0.0001511233 0.0000001807 0.0003967406 -0.0001525925 0.0000000019
458 0.0000002166 0.0004411925 -0.0001483179 0.0000002058 0.0004272591 -0.0001525925 0.0000000002
459 0.0000002162 0.0004416271 -0.0001455157 0.0000002058 0.0004272591 -0.0001525925 0.0000000003
460 0.0000002158 0.0004420529 -0.0001427167 0.0000002058 0.0004272591 -0.0001525925 0.0000000003
461 0.0000002154 0.0004424700 -0.0001399208 0.0000002058 0.0004272591 -0.0001525925 0.0000000004
462 0.0000002149 0.0004428785 -0.0001371280 0.0000002058 0.0004272591 -0.0001525925 0.0000000005
463 0.0000002145 0.0004432783 -0.0001343381 0.0000002328 0.0004577776 -0.0001525925 0.0000000005
464 0.0000002141 0.0004436696 -0.0001315511 0.0019532442 -0.0312509537 -0.0312509537 0.0019729664
465 0.0000002138 0.0004440523 -0.0001287670 0.0000002058 0.0004272591 -0.0001525925 0.0000000008
466 0.0000002134 0.0004444264 -0.0001259857 0.0000002058 0.0004272591 -0.0001525925 0.0000000010
467 0.0000002130 0.0004447921 -0.0001232070 0.0000002058 0.0004272591 -0.0001525925 0.0000000012
468 0.0000002127 0.0004451493 -0.0001204310 0.0000001975 0.0004272591 -0.0001220740 0.0000000003
469 0.0000002123 0.0004454980 -0.0001176577 0.0000001975 0.0004272591 -0.0001220740 0.0000000004
470 0.0000002120 0.0004458384 -0.0001148868 0.0000001975 0.0004272591 -0.0001220740 0.0000000004
471 0.0000002116 0.0004461703 -0.0001121184 0.0000001975 0.0004272591 -0.0001220740 0.0000000005
472 0.0000002113 0.0004464939 -0.0001093525 0.0000001975 0.0004272591 -0.0001220740 0.0000000005
473 0.0000002110 0.0004468092 -0.0001065888 0.0000001975 0.0004272591 -0.0001220740 0.0000000006
474 0.0000002107 0.0004471162 -0.0001038275 0.0000001975 0.0004272591 -0.0001220740 0.0000000007
475 0.0000002104 0.0004474149 -0.0001010684 0.0000001723 0.0003967406 -0.0001220740 0.0000000030
476 0.0000002101 0.0004477053 -0.0000983114 0.0000001975 0.0004272591 -0.0001220740 0.0000000010
477 0.0000002098 0.0004479875 -0.0000955565 0.0000001975 0.0004272591 -0.0001220740 0.0000000011
478 0.0000002096 0.0004482615 -0.0000928037 0.0000001975 0.0004272591 -0.0001220740 0.0000000013
479 0.0000002093 0.0004485274 -0.0000900529 0.0000001909 0.0004272591 -0.0000915555 0.0000000005
480 0.0000002090 0.0004487850 -0.0000873040 0.0009810564 -0.0021057772 -0.0312509537 0.0009776989
481 0.0000002088 0.0004490346 -0.0000845569 0.0000001975 0.0004272591 -0.0001220740 0.0000000019
482 0.0000002085 0.0004492760 -0.0000818117 0.0000001909 0.0004272591 -0.0000915555 0.0000000006
483 0.0000002083 0.0004495093 -0.0000790681 0.0000001909 0.0004272591 -0.0000915555 0.0000000007
484 0.0000002081 0.0004497345 -0.0000763263 0.0000001909 0.0004272591 -0.0000915555 0.0000000007
485 0.0000002079 0.0004499516 -0.0000735861 0.0000001909 0.0004272591 -0.0000915555 0.0000000008
486 0.0000002077 0.0004501607 -0.0000708475 0.0000001909 0.0004272591 -0.0000915555 0.0000000010
487 0.0000002075 0.0004503618 -0.0000681103 0.0000001909 0.0004272591 -0.0000915555 0.0000000011
488 0.0000002073 0.0004505549 -0.0000653746 0.0000001909 0.0004272591 -0.0000915555 0.0000000012
489 0.0000002071 0.0004507399 -0.0000626403 0.0000002179 0.0004577776 -0.0000915555 0.0000000009
490 0.0000002069 0.0004509170 -0.0000599073 0.0000001863 0.0004272591 -0.0000610370 0.0000000006
491 0.0000002067 0.0004510861 -0.0000571756 0.0000001863 0.0004272591 -0.0000610370 0.0000000006
492 0.0000002066 0.0004512473 -0.0000544451 0.0000001909 0.0004272591 -0.0000915555 0.0000000020
493 0.0000002064 0.0004514005 -0.0000517157 0.0000001863 0.0004272591 -0.0000610370 0.0000000007
494 0.0000002063 0.0004515458 -0.0000489875 0.0000001863 0.0004272591 -0.0000610370 0.0000000007
495 0.0000002062 0.0004516831 -0.0000462603 0.0000001863 0.0004272591 -0.0000610370 0.0000000008
496 0.0000002060 0.0004518126 -0.0000435340 0.0009820018 -0.0023194067 -0.0312509537 0.0009815827
497 0.0000002059 0.0004519341 -0.0000408087 0.0000002105 0.0004577776 -0.0000305185 0.0000000001
498 0.0000002058 0.0004520478 -0.0000380842 0.0000001863 0.0004272591 -0.0000610370 0.0000000011
499 0.0000002057 0.0004521536 -0.0000353606 0.0000001835 0.0004272591 -0.0000305185 0.0000000006
500 0.0000002056 0.0004522515 -0.0000326377 0.0000001835 0.0004272591 -0.0000305185 0.0000000006
501 0.0000002055 0.0004523416 -0.0000299154 0.0000001863 0.0004272591 -0.0000610370 0.0000000016
502 0.0000002054 0.0004524238 -0.0000271939 0.0000001835 0.0004272591 -0.0000305185 0.0000000006
503 0.0000002054 0.0004524981 -0.0000244728 0.0000001835 0.0004272591 -0.0000305185 0.0000000007
504 0.0000002053 0.0004525646 -0.0000217523 0.0000001835 0.0004272591 -0.0000305185 0.0000000007
505 0.0000002052 0.0004526233 -0.0000190323 0.0000001835 0.0004272591 -0.0000305185 0.0000000008
506 0.0000002052 0.0004526741 -0.0000163126 0.0000001835 0.0004272591 -0.0000305185 0.0000000008
507 0.0000002051 0.0004527172 -0.0000135933 0.0000001835 0.0004272591 -0.0000305185 0.0000000009
508 0.0000002051 0.0004527523 -0.0000108743 0.0000001835 0.0004272591 -0.0000305185 0.0000000010
509 0.0000002051 0.0004527797 -0.0000081555 0.0000001826 0.0004272591 0.0000000000 0.0000000007
510 0.0000002051 0.0004527993 -0.0000054369 0.0000001835 0.0004272591 -0.0000305185 0.0000000013
511 0.0000002050 0.0004528110 -0.0000027184 0.0000104026 -0.0026551103 0.0018311106 0.0000130221
512 0.0000002050 0.0004528149 0.0000000000 0.0000000009 -0.0000305185 0.0000000000 0.0000002336
513 0.0000002050 0.0004528110 0.0000027184 0.0000001826 0.0004272591 0.0000000000 0.0000000007
514 0.0000002051 0.0004527993 0.0000054369 0.0000001826 0.0004272591 0.0000000000 0.0000000007
515 0.0000002051 0.0004527797 0.0000081555 0.0000001826 0.0004272591 0.0000000000 0.0000000007
516 0.0000002051 0.0004527523 0.0000108743 0.0000001826 0.0004272591 0.0000000000 0.0000000008
517 0.0000002051 0.0004527172 0.0000135933 0.0000001826 0.0004272591 0.0000000000 0.0000000008
518 0.0000002052 0.0004526741 0.0000163126 0.0000001826 0.0004272591 0.0000000000 0.0000000009
519 0.0000002052 0.0004526233 0.0000190323 0.0000001826 0.0004272591 0.0000000000 0.0000000010
520 0.0000002053 0.0004525646 0.0000217523 0.0000001826 0.0004272591 0.0000000000 0.0000000011
521 0.0000002054 0.0004524981 0.0000244728 0.0000001826 0.0004272591 0.0000000000 0.0000000012
522 0.0000002054 0.0004524238 0.0000271939 0.0000001826 0.0004272591 0.0000000000 0.0000000014
523 0.0000002055 0.0004523416 0.0000299154 0.0000001826 0.0004272591 0.0000000000 0.0000000015
524 0.0000002056 0.0004522515 0.0000326377 0.0000001826 0.0004272591 0.0000000000 0.0000000017
525 0.0000002057 0.0004521536 0.0000353606 0.0000001835 0.0004272591 0.0000305185 0.0000000006
526 0.0000002058 0.0004520478 0.0000380842 0.0000002105 0.0004577776 0.0000305185 0.0000000001
527 0.0000002059 0.0004519341 0.0000408087 0.0000002105 0.0004577776 0.0000305185 0.0000000001
528 0.0000002060 0.0004518126 0.0000435340 0.0009954024 -0.0312509537 -0.0043336283 0.0010242249
529 0.0000002062 0.0004516831 0.0000462603 0.0000001835 0.0004272591 0.0000305185 0.0000000008
530 0.0000002063 0.0004515458 0.0000489875 0.0000001835 0.0004272591 0.0000305185 0.0000000009
531 0.0000002064 0.0004514005 0.0000517157 0.0000001835 0.0004272591 0.0000305185 0.0000000010
532 0.0000002066 0.0004512473 0.0000544451 0.0000001863 0.0004272591 0.0000610370 0.0000000006
533 0.0000002067 0.0004510861 0.0000571756 0.0000001835 0.0004272591 0.0000305185 0.0000000013
534 0.0000002069 0.0004509170 0.0000599073 0.0000001863 0.0004272591 0.0000610370 0.0000000006
535 0.0000002071 0.0004507399 0.0000626403 0.0000002105 0.0004577776 0.0000305185 0.0000000011
536 0.0000002073 0.0004505549 0.0000653746 0.0000001863 0.0004272591 0.0000610370 0.0000000006
537 0.0000002075 0.0004503618 0.0000681103 0.0000001909 0.0004272591 0.0000915555 0.0000000011
538 0.0000002077 0.0004501607 0.0000708475 0.0000001863 0.0004272591 0.0000610370 0.0000000006
539 0.0000002079 0.0004499516 0.0000735861 0.0000001863 0.0004272591 0.0000610370 0.0000000007
540 0.0000002081 0.0004497345 0.0000763263 0.0000002133 0.0004577776 0.0000610370 0.0000000003
541 0.0000002083 0.0004495093 0.0000790681 0.0000001863 0.0004272591 0.0000610370 0.0000000008
542 0.0000002085 0.0004492760 0.0000818117 0.0000001863 0.0004272591 0.0000610370 0.0000000009
543 0.0000002088 0.0004490346 0.0000845569 0.0000001909 0.0004272591 0.0000915555 0.0000000005
544 0.0000002090 0.0004487850 0.0000873040 0.0010371851 -0.0077822199 -0.0312509537 0.0010498358
545 0.0000002093 0.0004485274 0.0000900529 0.0000001909 0.0004272591 0.0000915555 0.0000000005
546 0.0000002096 0.0004482615 0.0000928037 0.0000001863 0.0004272591 0.0000610370 0.0000000015
547 0.0000002098 0.0004479875 0.0000955565 0.0000001909 0.0004272591 0.0000915555 0.0000000004
548 0.0000002101 0.0004477053 0.0000983114 0.0000001909 0.0004272591 0.0000915555 0.0000000005
549 0.0000002104 0.0004474149 0.0001010684 0.0000001909 0.0004272591 0.0000915555 0.0000000005
550 0.0000002107 0.0004471162 0.0001038275 0.0000001909 0.0004272591 0.0000915555 0.0000000005
551 0.0000002110 0.0004468092 0.0001065888 0.0000001909 0.0004272591 0.0000915555 0.0000000006
552 0.0000002113 0.0004464939 0.0001093525 0.0000001909 0.0004272591 0.0000915555 0.0000000007
553 0.0000002116 0.0004461703 0.0001121184 0.0000001975 0.0004272591 0.0001220740 0.0000000005
554 0.0000002120 0.0004458384 0.0001148868 0.0000002179 0.0004577776 0.0000915555 0.0000000007
555 0.0000002123 0.0004454980 0.0001176577 0.0000001909 0.0004272591 0.0000915555 0.0000000010
556 0.0000002127 0.0004451493 0.0001204310 0.0000001909 0.0004272591 0.0000915555 0.0000000012
557 0.0000002130 0.0004447921 0.0001232070 0.0000001975 0.0004272591 0.0001220740 0.0000000003
558 0.0000002134 0.0004444264 0.0001259857 0.0000001975 0.0004272591 0.0001220740 0.0000000003
559 0.0000002138 0.0004440523 0.0001287670 0.0000001975 0.0004272591 0.0001220740 0.0000000003
560 0.0000002141 0.0004436696 0.0001315511 0.0000003018 0.0005493332 0.0000000000 0.0000000285
561 0.0000002145 0.0004432783 0.0001343381 0.0000001975 0.0004272591 0.0001220740 0.0000000004
562 0.0000002149 0.0004428785 0.0001371280 0.0000001975 0.0004272591 0.0001220740 0.0000000005
563 0.0000002154 0.0004424700 0.0001399208 0.0000001975 0.0004272591 0.0001220740 0.0000000005
564 0.0000002158 0.0004420529 0.0001427167 0.0000001975 0.0004272591 0.0001220740 0.0000000006
565 0.0000002162 0.0004416271 0.0001455157 0.0000001975 0.0004272591 0.0001220740 0.0000000008
566 0.0000002166 0.0004411925 0.0001483179 0.0000002058 0.0004272591 0.0001525925 0.0000000002
567 0.0000002171 0.0004407492 0.0001511233 0.0000002058 0.0004272591 0.0001525925 0.0000000002
568 0.0000002176 0.0004402971 0.0001539319 0.0000001975 0.0004272591 0.0001220740 0.0000000012
569 0.0000002180 0.0004398362 0.0001567440 0.0000001975 0.0004272591 0.0001220740 0.0000000014
570 0.0000002185 0.0004393663 0.0001595594 0.0000002058 0.0004272591 0.0001525925 0.0000000002
571 0.0000002190 0.0004388876 0.0001623784 0.0000002058 0.0004272591 0.0001525925 0.0000000002
572 0.0000002195 0.0004383999 0.0001652009 0.0000002058 0.0004272591 0.0001525925 0.0000000003
573 0.0000002200 0.0004379031 0.0001680270 0.0000002058 0.0004272591 0.0001525925 0.0000000004
574 0.0000002205 0.0004373974 0.0001708569 0.0000000233 0.0000000000 0.0001525925 0.0000001917
575 0.0000002210 0.0004368825 0.0001736904 0.0000001574 0.0000000000 -0.0003967406 0.0000005163
576 0.0000002216 0.0004363586 0.0001765279 0.0000360900 0.0022888882 -0.0055543687 0.0000362750
577 0.0000002221 0.0004358254 0.0001793692 0.0009776364 -0.0312509537 -0.0010071108 0.0010054597
578 0.0000002227 0.0004352831 0.0001822144 0.0009775172 -0.0312509537 0.0009460738 0.0010046011
579 0.0000002232 0.0004347314 0.0001850637 0.0000001807 0.0003967406 0.0001525925 0.0000000025
580 0.0000002238 0.0004341705 0.0001879172 0.0000001909 0.0003967406 0.0001831111 0.0000000014
581 0.0000002244 0.0004336002 0.0001907747 0.0000001909 0.0003967406 0.0001831111 0.0000000014
582 0.0000002250 0.0004330205 0.0001936365 0.0000002161 0.0004272591 0.0001831111 0.0000000001
583 0.0000002256 0.0004324313 0.0001965027 0.0000001807 0.0003967406 0.0001525925 0.0000000032
584 0.0000002262 0.0004318326 0.0001993732 0.0000002161 0.0004272591 0.0001831111 0.0000000003
585 0.0000002269 0.0004312244 0.0002022482 0.0000002161 0.0004272591 0.0001831111 0.0000000004
586 0.0000002275 0.0004306065 0.0002051277 0.0000002282 0.0004272591 0.0002136296 0.0000000001
587 0.0000002282 0.0004299790 0.0002080117 0.0000002282 0.0004272591 0.0002136296 0.0000000000
588 0.0000002288 0.0004293418 0.0002109005 0.0000002161 0.0004272591 0.0001831111 0.0000000008
589 0.0000002295 0.0004286948 0.0002137940 0.0000002161 0.0004272591 0.0001831111 0.0000000009
590 0.0000002302 0.0004280379 0.0002166923 0.0000002282 0.0004272591 0.0002136296 0.0000000000
591 0.0000002309 0.0004273712 0.0002195956 0.0000001909 0.0003967406 0.0001831111 0.0000000023
592 0.0000002316 0.0004266945 0.0002225037 0.0010113151 -0.0312509537 -0.0058900723 0.0010408370
593 0.0000002323 0.0004260078 0.0002254170 0.0000001909 0.0003967406 0.0001831111 0.0000000026
594 0.0000002330 0.0004253110 0.0002283353 0.0000002030 0.0003967406 0.0002136296 0.0000000010
595 0.0000002338 0.0004246041 0.0002312588 0.0000002030 0.0003967406 0.0002136296 0.0000000011
596 0.0000002345 0.0004238870 0.0002341876 0.0000002282 0.0004272591 0.0002136296 0.0000000004
597 0.0000002353 0.0004231596 0.0002371218 0.0000002282 0.0004272591 0.0002136296 0.0000000006
598 0.0000002361 0.0004224219 0.0002400613 0.0000002170 0.0003967406 0.0002441481 0.0000000007
599 0.0000002369 0.0004216739 0.0002430064 0.0000002282 0.0004272591 0.0002136296 0.0000000009
600 0.0000002377 0.0004209153 0.0002459571 0.0000002170 0.0003967406 0.0002441481 0.0000000006
601 0.0000002385 0.0004201463 0.0002489134 0.0000002030 0.0003967406 0.0002136296 0.0000000018
602 0.0000002393 0.0004193666 0.0002518754 0.0000002170 0.0003967406 0.0002441481 0.0000000006
603 0.0000002402 0.0004185763 0.0002548433 0.0000002170 0.0003967406 0.0002441481 0.0000000006
604 0.0000002410 0.0004177753 0.0002578171 0.0000002328 0.0003967406 0.0002746666 0.0000000007
605 0.0000002419 0.0004169634 0.0002607968 0.0000002170 0.0003967406 0.0002441481 0.0000000007
606 0.0000002428 0.0004161407 0.0002637826 0.0000002170 0.0003967406 0.0002441481 0.0000000008
607 0.0000002436 0.0004153070 0.0002667746 0.0000002170 0.0003967406 0.0002441481 0.0000000009
608 0.0000002446 0.0004144623 0.0002697728 0.0002095306 -0.0055543687 0.0133671072 0.0002071671
609 0.0000002455 0.0004136064 0.0002727773 0.0000002328 0.0003967406 0.0002746666 0.0000000003
610 0.0000002464 0.0004127394 0.0002757882 0.0000002170 0.0003967406 0.0002441481 0.0000000013
611 0.0000002474 0.0004118611 0.0002788056 0.0000002328 0.0003967406 0.0002746666 0.0000000002
612 0.0000002483 0.0004109714 0.0002818295 0.0000002328 0.0003967406 0.0002746666 0.0000000003
613 0.0000002493 0.0004100703 0.0002848602 0.0000002328 0.0003967406 0.0002746666 0.0000000003
614 0.0000002503 0.0004091577 0.0002878975 0.0000002328 0.0003967406 0.0002746666 0.0000000003
615 0.0000002513 0.0004082335 0.0002909417 0.0000002328 0.0003967406 0.0002746666 0.0000000004
616 0.0000002523 0.0004072976 0.0002939928 0.0000002096 0.0003662221 0.0002746666 0.0000000021
617 0.0000002534 0.0004063500 0.0002970510 0.0000002096 0.0003662221 0.0002746666 0.0000000021
618 0.0000002544 0.0004053904 0.0003001162 0.0000002328 0.0003967406 0.0002746666 0.0000000007
619 0.0000002555 0.0004044189 0.0003031886 0.0000002328 0.0003967406 0.0002746666 0.0000000009
620 0.0000002566 0.0004034354 0.0003062683 0.0000002328 0.0003967406 0.0002746666 0.0000000010
621 0.0000002577 0.0004024397 0.0003093554 0.0000002505 0.0003967406 0.0003051851 0.0000000000
622 0.0000002588 0.0004014317 0.0003124500 0.0000002505 0.0003967406 0.0003051851 0.0000000001
623 0.0000002599 0.0004004114 0.0003155521 0.0000002505 0.0003967406 0.0003051851 0.0000000001
624 0.0000002610 0.0003993787 0.0003186619 0.0000514364 0.0071718497 -0.0000305185 0.0000459883
625 0.0000002622 0.0003983335 0.0003217794 0.0000002273 0.0003662221 0.0003051851 0.0000000013
626 0.0000002634 0.0003972756 0.0003249048 0.0000002273 0.0003662221 0.0003051851 0.0000000014
627 0.0000002646 0.0003962050 0.0003280382 0.0000002273 0.0003662221 0.0003051851 0.0000000014
628 0.0000002658 0.0003951215 0.0003311796 0.0000002701 0.0003967406 0.0003357036 0.0000000000
629 0.0000002670 0.0003940251 0.0003343291 0.0000002505 0.0003967406 0.0003051851 0.0000000009
630 0.0000002683 0.0003929156 0.0003374869 0.0000002468 0.0003662221 0.0003357036 0.0000000007
631 0.0000002695 0.0003917929 0.0003406530 0.0000002468 0.0003662221 0.0003357036 0.0000000007
632 0.0000002708 0.0003906570 0.0003438276 0.0000002701 0.0003967406 0.0003357036 0.0000000001
633 0.0000002721 0.0003895077 0.0003470108 0.0000002468 0.0003662221 0.0003357036 0.0000000007
634 0.0000002735 0.0003883448 0.0003502026 0.0000002468 0.0003662221 0.0003357036 0.0000000007
635 0.0000002748 0.0003871684 0.0003534032 0.0000002468 0.0003662221 0.0003357036 0.0000000008
636 0.0000002762 0.0003859782 0.0003566126 0.0000002468 0.0003662221 0.0003357036 0.0000000008
637 0.0000002775 0.0003847741 0.0003598311 0.0000002468 0.0003662221 0.0003357036 0.0000000009
638 0.0000002789 0.0003835561 0.0003630586 0.0000002682 0.0003662221 0.0003662221 0.0000000003
639 0.0000002803 0.0003823239 0.0003662953 0.0000191389 -0.0043641469 0.0003051851 0.0000225327
640 0.0000002818 0.0003810776 0.0003695413 0.0019532442 -0.0312509537 -0.0312509537 0.0020004411
641 0.0000002832 0.0003798168 0.0003727968 0.0005831488 0.0224921415 -0.0087893307 0.0005728995
642 0.0000002847 0.0003785416 0.0003760617 0.0000002682 0.0003662221 0.0003662221 0.0000000002
643 0.0000002862 0.0003772517 0.0003793364 0.0000002682 0.0003662221 0.0003662221 0.0000000003
644 0.0000002877 0.0003759471 0.0003826207 0.0000002682 0.0003662221 0.0003662221 0.0000000004
645 0.0000002893 0.0003746276 0.0003859150 0.0000002682 0.0003662221 0.0003662221 0.0000000005
646 0.0000002908 0.0003732930 0.0003892192 0.0000002468 0.0003357036 0.0003662221 0.0000000019
647 0.0000002924 0.0003719433 0.0003925336 0.0000002915 0.0003662221 0.0003967406 0.0000000001
648 0.0000002940 0.0003705782 0.0003958582 0.0000002915 0.0003662221 0.0003967406 0.0000000000
649 0.0000002957 0.0003691977 0.0003991931 0.0000002701 0.0003357036 0.0003967406 0.0000000011
650 0.0000002973 0.0003678016 0.0004025385 0.0000002701 0.0003357036 0.0003967406 0.0000000011
651 0.0000002990 0.0003663898 0.0004058945 0.0000002468 0.0003357036 0.0003662221 0.0000000025
652 0.0000003007 0.0003649620 0.0004092613 0.0000002915 0.0003662221 0.0003967406 0.0000000002
653 0.0000003024 0.0003635182 0.0004126388 0.0000002701 0.0003357036 0.0003967406 0.0000000010
654 0.0000003042 0.0003620581 0.0004160274 0.0000002701 0.0003357036 0.0003967406 0.0000000011
655 0.0000003059 0.0003605817 0.0004194270 0.0000002915 0.0003662221 0.0003967406 0.0000000005
656 0.0000003077 0.0003590888 0.0004228379 0.0017445109 -0.0277108066 -0.0312509537 0.0017911481
657 0.0000003096 0.0003575791 0.0004262602 0.0000002952 0.0003357036 0.0004272591 0.0000000005
658 0.0000003114 0.0003560526 0.0004296940 0.0000002952 0.0003357036 0.0004272591 0.0000000004
659 0.0000003133 0.0003545090 0.0004331393 0.0000002952 0.0003357036 0.0004272591 0.0000000004
660 0.0000003152 0.0003529482 0.0004365965 0.0000002952 0.0003357036 0.0004272591 0.0000000004
661 0.0000003171 0.0003513701 0.0004400656 0.0000002952 0.0003357036 0.0004272591 0.0000000004
662 0.0000003191 0.0003497744 0.0004435467 0.0000002952 0.0003357036 0.0004272591 0.0000000005
663 0.0000003211 0.0003481609 0.0004470400 0.0000002952 0.0003357036 0.0004272591 0.0000000005
664 0.0000003231 0.0003465295 0.0004505456 0.0000002952 0.0003357036 0.0004272591 0.0000000007
665 0.0000003251 0.0003448801 0.0004540637 0.0000002952 0.0003357036 0.0004272591 0.0000000008
666 0.0000003272 0.0003432123 0.0004575944 0.0000002952 0.0003357036 0.0004272591 0.0000000010
667 0.0000003293 0.0003415260 0.0004611379 0.0000002757 0.0003051851 0.0004272591 0.0000000025
668 0.0000003314 0.0003398211 0.0004646943 0.0000003027 0.0003051851 0.0004577776 0.0000000012
669 0.0000003336 0.0003380972 0.0004682637 0.0000003027 0.0003051851 0.0004577776 0.0000000012
670 0.0000003358 0.0003363543 0.0004718464 0.0000003027 0.0003051851 0.0004577776 0.0000000012
671 0.0000003380 0.0003345921 0.0004754425 0.0000003316 0.0003051851 0.0004882962 0.0000000010
672 0.0000003403 0.0003328104 0.0004790520 0.0018439459 0.0294503616 -0.0312509537 0.0018546251
673 0.0000003425 0.0003310090 0.0004826753 0.0000003027 0.0003051851 0.0004577776 0.0000000013
674 0.0000003449 0.0003291877 0.0004863124 0.0000003316 0.0003051851 0.0004882962 0.0000000006
675 0.0000003472 0.0003273463 0.0004899635 0.0000003316 0.0003051851 0.0004882962 0.0000000005
676 0.0000003496 0.0003254845 0.0004936288 0.0000003027 0.0003051851 0.0004577776 0.0000000017
677 0.0000003520 0.0003236021 0.0004973084 0.0000003316 0.0003051851 0.0004882962 0.0000000004
678 0.0000003545 0.0003216989 0.0005010026 0.0000003316 0.0003051851 0.0004882962 0.0000000004
679 0.0000003570 0.0003197747 0.0005047114 0.0000003623 0.0003051851 0.0005188147 0.0000000004
680 0.0000003595 0.0003178291 0.0005084350 0.0000003316 0.0003051851 0.0004882962 0.0000000006
681 0.0000003621 0.0003158621 0.0005121737 0.0000003139 0.0002746666 0.0004882962 0.0000000023
682 0.0000003647 0.0003138733 0.0005159275 0.0000003623 0.0003051851 0.0005188147 0.0000000001
683 0.0000003673 0.0003118625 0.0005196968 0.0000003446 0.0002746666 0.0005188147 0.0000000014
684 0.0000003700 0.0003098295 0.0005234816 0.0000003139 0.0002746666 0.0004882962 0.0000000025
685 0.0000003728 0.0003077739 0.0005272821 0.0000003623 0.0003051851 0.0005188147 0.0000000001
686 0.0000003755 0.0003056955 0.0005310986 0.0000003446 0.0002746666 0.0005188147 0.0000000011
687 0.0000003783 0.0003035941 0.0005349311 0.0000003623 0.0003051851 0.0005188147 0.0000000003
688 0.0000003812 0.0003014694 0.0005387800 0.0019532442 -0.0312509537 -0.0312509537 0.0020061426
689 0.0000003841 0.0002993211 0.0005426454 0.0000003446 0.0002746666 0.0005188147 0.0000000012
690 0.0000003870 0.0002971490 0.0005465274 0.0000003446 0.0002746666 0.0005188147 0.0000000013
691 0.0000003900 0.0002949527 0.0005504264 0.0000003446 0.0002746666 0.0005188147 0.0000000014
692 0.0000003930 0.0002927320 0.0005543424 0.0000003446 0.0002746666 0.0005188147 0.0000000016
693 0.0000003961 0.0002904865 0.0005582757 0.0000003446 0.0002746666 0.0005188147 0.0000000018
694 0.0000003992 0.0002882161 0.0005622266 0.0000003772 0.0002746666 0.0005493332 0.0000000003
695 0.0000004023 0.0002859203 0.0005661951 0.0000003772 0.0002746666 0.0005493332 0.0000000004
696 0.0000004055 0.0002835989 0.0005701815 0.0000003614 0.0002441481 0.0005493332 0.0000000020
697 0.0000004088 0.0002812515 0.0005741861 0.0000003772 0.0002746666 0.0005493332 0.0000000007
698 0.0000004121 0.0002788779 0.0005782090 0.0000003958 0.0002441481 0.0005798517 0.0000000012
699 0.0000004155 0.0002764777 0.0005822505 0.0000003614 0.0002441481 0.0005493332 0.0000000021
700 0.0000004189 0.0002740506 0.0005863108 0.0000003958 0.0002441481 0.0005798517 0.0000000009
701 0.0000004223 0.0002715962 0.0005903901 0.0000003372 -0.0000305185 0.0005798517 0.0000000914
702 0.0000004258 0.0002691143 0.0005944887 0.0009766230 -0.0000305185 -0.0312509537 0.0010142220
703 0.0000004294 0.0002666044 0.0005986067 0.0009766230 -0.0000305185 -0.0312509537 0.0010144828
704 0.0000004330 0.0002640663 0.0006027445 0.0005723178 -0.0023804437 -0.0238044374 0.0006027040
705 0.0000004367 0.0002614995 0.0006069022 0.0010135057 -0.0060731834 -0.0312509537 0.0010550512
706 0.0000004404 0.0002589037 0.0006110801 0.0009766230 -0.0000305185 -0.0312509537 0.0010152730
707 0.0000004442 0.0002562785 0.0006152784 0.0000003735 -0.0000305185 0.0006103702 0.0000000823
708 0.0000004481 0.0002536236 0.0006194975 0.0000004182 0.0002136296 0.0006103702 0.0000000017
709 0.0000004520 0.0002509385 0.0006237374 0.0000004322 0.0002441481 0.0006103702 0.0000000002
710 0.0000004560 0.0002482229 0.0006279986 0.0000004322 0.0002441481 0.0006103702 0.0000000003
711 0.0000004600 0.0002454764 0.0006322813 0.0000004322 0.0002441481 0.0006103702 0.0000000005
712 0.0000004641 0.0002426986 0.0006365857 0.0000004322 0.0002441481 0.0006103702 0.0000000007
713 0.0000004683 0.0002398890 0.0006409121 0.0000004182 0.0002136296 0.0006103702 0.0000000016
714 0.0000004726 0.0002370472 0.0006452607 0.0000004564 0.0002136296 0.0006408887 0.0000000006
715 0.0000004769 0.0002341729 0.0006496319 0.0000004564 0.0002136296 0.0006408887 0.0000000005
716 0.0000004812 0.0002312655 0.0006540259 0.0000004564 0.0002136296 0.0006408887 0.0000000005
717 0.0000004857 0.0002283247 0.0006584430 0.0000004564 0.0002136296 0.0006408887 0.0000000005
718 0.0000004902 0.0002253499 0.0006628836 0.0000004564 0.0002136296 0.0006408887 0.0000000006
719 0.0000004948 0.0002223408 0.0006673478 0.0000004964 0.0002136296 0.0006714072 0.0000000001
720 0.0000004995 0.0002192968 0.0006718360 0.0019229632 -0.0312509537 -0.0307626576 0.0019785041
721 0.0000005042 0.0002162175 0.0006763485 0.0000004564 0.0002136296 0.0006408887 0.0000000013
722 0.0000005090 0.0002131024 0.0006808856 0.0000004964 0.0002136296 0.0006714072 0.0000000001
723 0.0000005139 0.0002099510 0.0006854476 0.0000004843 0.0001831111 0.0006714072 0.0000000009
724 0.0000005189 0.0002067629 0.0006900349 0.0000004843 0.0001831111 0.0006714072 0.0000000009
725 0.0000005240 0.0002035374 0.0006946477 0.0000005262 0.0001831111 0.0007019257 0.0000000005
726 0.0000005291 0.0002002740 0.0006992863 0.0000004843 0.0001831111 0.0006714072 0.0000000011
727 0.0000005343 0.0001969724 0.0007039512 0.0000004741 0.0001525925 0.0006714072 0.0000000030
728 0.0000005397 0.0001936318 0.0007086427 0.0000005262 0.0001831111 0.0007019257 0.0000000002
729 0.0000005451 0.0001902517 0.0007133610 0.0000005160 0.0001525925 0.0007019257 0.0000000015
730 0.0000005506 0.0001868317 0.0007181065 0.0000005262 0.0001831111 0.0007019257 0.0000000003
731 0.0000005562 0.0001833710 0.0007228796 0.0000005598 0.0001525925 0.0007324442 0.0000000010
732 0.0000005619 0.0001798692 0.0007276807 0.0000005160 0.0001525925 0.0007019257 0.0000000014
733 0.0000005677 0.0001763256 0.0007325101 0.0000005160 0.0001525925 0.0007019257 0.0000000015
734 0.0000005736 0.0001727396 0.0007373682 0.0000005160 0.0001525925 0.0007019257 0.0000000017
735 0.0000005795 0.0001691107 0.0007422554 0.0000005598 0.0001525925 0.0007324442 0.0000000004
736 0.0000005856 0.0001654381 0.0007471719 0.0009766230 -0.0312509537 -0.0000305185 0.0009875945
737 0.0000005918 0.0001617213 0.0007521184 0.0000005598 0.0001525925 0.0007324442 0.0000000005
738 0.0000005981 0.0001579595 0.0007570950 0.0000005514 0.0001220740 0.0007324442 0.0000000019
739 0.0000006046 0.0001541522 0.0007621023 0.0000005598 0.0001525925 0.0007324442 0.0000000009
740 0.0000006111 0.0001502986 0.0007671406 0.0000005970 0.0001220740 0.0007629627 0.0000000008
741 0.0000006177 0.0001463980 0.0007722104 0.0000006054 0.0001525925 0.0007629627 0.0000000001
742 0.0000006245 0.0001424498 0.0007773121 0.0000005970 0.0001220740 0.0007629627 0.0000000006
743 0.0000006314 0.0001384532 0.0007824461 0.0000005970 0.0001220740 0.0007629627 0.0000000006
744 0.0000006384 0.0001344075 0.0007876128 0.0000005970 0.0001220740 0.0007629627 0.0000000008
745 0.0000006455 0.0001303119 0.0007928128 0.0000006445 0.0001220740 0.0007934812 0.0000000001
746 0.0000006528 0.0001261657 0.0007980463 0.0000005905 0.0000915555 0.0007629627 0.0000000024
747 0.0000006602 0.0001219680 0.0008033141 0.0000006380 0.0000915555 0.0007934812 0.0000000010
748 0.0000006677 0.0001177182 0.0008086163 0.0000006380 0.0000915555 0.0007934812 0.0000000009
749 0.0000006754 0.0001134152 0.0008139537 0.0000006380 0.0000915555 0.0007934812 0.0000000009
750 0.0000006832 0.0001090585 0.0008193266 0.0000006380 0.0000915555 0.0007934812 0.0000000010
751 0.0000006911 0.0001046470 0.0008247355 0.0000006874 0.0000915555 0.0008239998 0.0000000002
752 0.0000006992 0.0001001800 0.0008301810 0.0009817223 -0.0312509537 -0.0022583697 0.0009924327
753 0.0000007075 0.0000956565 0.0008356636 0.0000006874 0.0000915555 0.0008239998 0.0000000002
754 0.0000007159 0.0000910756 0.0008411838 0.0000006874 0.0000915555 0.0008239998 0.0000000003
755 0.0000007244 0.0000864365 0.0008467420 0.0000006827 0.0000610370 0.0008239998 0.0000000012
756 0.0000007332 0.0000817381 0.0008523389 0.0000007339 0.0000610370 0.0008545183 0.0000000004
757 0.0000007420 0.0000769796 0.0008579751 0.0000007339 0.0000610370 0.0008545183 0.0000000003
758 0.0000007511 0.0000721599 0.0008636510 0.0000007311 0.0000305185 0.0008545183 0.0000000018
759 0.0000007603 0.0000672781 0.0008693672 0.0000007311 0.0000305185 0.0008545183 0.0000000016
760 0.0000007697 0.0000623331 0.0008751244 0.0000007311 0.0000305185 0.0008545183 0.0000000014
761 0.0000007793 0.0000573239 0.0008809232 0.0000007870 0.0000610370 0.0008850368 0.0000000000
762 0.0000007891 0.0000522494 0.0008867640 0.0000007842 0.0000305185 0.0008850368 0.0000000005
763 0.0000007990 0.0000471085 0.0008926476 0.0000007842 0.0000305185 0.0008850368 0.0000000003
764 0.0000008092 0.0000419001 0.0008985746 0.0000007842 0.0000305185 0.0008850368 0.0000000003
765 0.0000008195 0.0000366231 0.0009045456 0.0000007833 0.0000000000 0.0008850368 0.0000000017
766 0.0000008301 0.0000312763 0.0009105613 0.0000008392 0.0000305185 0.0009155553 0.0000000000
767 0.0000008409 0.0000258585 0.0009166223 0.0000398500 0.0021057772 -0.0059511093 0.0000514918
768 0.0000008518 0.0000203685 0.0009227293 0.0000000009 0.0000000000 -0.0000305185 0.0000009091
769 0.0000008630 0.0000148051 0.0009288831 0.0000008392 -0.0000305185 0.0009155553 0.0000000022
770 0.0000008745 0.0000091670 0.0009350842 0.0000008382 0.0000000000 0.0009155553 0.0000000005
771 0.0000008861 0.0000034529 0.0009413336 0.0000008382 0.0000000000 0.0009155553 0.0000000007
772 0.0000008980 -0.0000023385 0.0009476318 0.0000008951 0.0000000000 0.0009460738 0.0000000000
773 0.0000009101 -0.0000082086 0.0009539796 0.0000008392 -0.0000305185 0.0009155553 0.0000000020
774 0.0000009225 -0.0000141588 0.0009603778 0.0000008988 -0.0000610370 0.0009460738 0.0000000024
775 0.0000009352 -0.0000201905 0.0009668272 0.0000008988 -0.0000610370 0.0009460738 0.0000000021
776 0.0000009481 -0.0000263052 0.0009733286 0.0000009547 -0.0000305185 0.0009765923 0.0000000000
777 0.0000009612 -0.0000325043 0.0009798828 0.0000009547 -0.0000305185 0.0009765923 0.0000000000
778 0.0000009747 -0.0000387893 0.0009864906 0.0000009547 -0.0000305185 0.0009765923 0.0000000002
779 0.0000009884 -0.0000451619 0.0009931529 0.0000008988 -0.0000610370 0.0009460738 0.0000000025
780 0.0000010024 -0.0000516235 0.0009998705 0.0000009575 -0.0000610370 0.0009765923 0.0000000006
781 0.0000010167 -0.0000581760 0.0010066443 0.0000009621 -0.0000915555 0.0009765923 0.0000000020
782 0.0000010313 -0.0000648208 0.0010134753 0.0000010227 -0.0000915555 0.0010071108 0.0000000008
783 0.0000010463 -0.0000715597 0.0010203643 0.0000010227 -0.0000915555 0.0010071108 0.0000000006
784 0.0000010615 -0.0000783946 0.0010273123 0.0009821443 -0.0312509537 -0.0023499252 0.0009831342
785 0.0000010771 -0.0000853271 0.0010343202 0.0000010227 -0.0000915555 0.0010071108 0.0000000008
786 0.0000010930 -0.0000923591 0.0010413891 0.0000010292 -0.0001220740 0.0010071108 0.0000000021
787 0.0000011093 -0.0000994925 0.0010485199 0.0000010851 -0.0000915555 0.0010376293 0.0000000002
788 0.0000011259 -0.0001067292 0.0010557138 0.0000010916 -0.0001220740 0.0010376293 0.0000000006
789 0.0000011429 -0.0001140712 0.0010629716 0.0000011558 -0.0001220740 0.0010681478 0.0000000001
790 0.0000011603 -0.0001215206 0.0010702946 0.0000010916 -0.0001220740 0.0010376293 0.0000000011
791 0.0000011781 -0.0001290793 0.0010776837 0.0000011642 -0.0001525925 0.0010681478 0.0000000006
792 0.0000011962 -0.0001367496 0.0010851402 0.0000011642 -0.0001525925 0.0010681478 0.0000000005
793 0.0000012148 -0.0001445336 0.0010926651 0.0000011642 -0.0001525925 0.0010681478 0.0000000007
794 0.0000012338 -0.0001524335 0.0011002597 0.0000012406 -0.0001831111 0.0010986663 0.0000000009
795 0.0000012532 -0.0001604517 0.0011079252 0.0000012406 -0.0001831111 0.0010986663 0.0000000006
796 0.0000012731 -0.0001685905 0.0011156628 0.0000012406 -0.0001831111 0.0010986663 0.0000000005
797 0.0000012935 -0.0001768522 0.0011234737 0.0000012406 -0.0001831111 0.0010986663 0.0000000007
798 0.0000013143 -0.0001852395 0.0011313592 0.0000013207 -0.0002136296 0.0011291849 0.0000000008
799 0.0000013356 -0.0001937548 0.0011393207 0.0000013207 -0.0002136296 0.0011291849 0.0000000005
800 0.0000013574 -0.0002024007 0.0011473596 0.0009766230 -0.0000305185 -0.0312509537 0.0010496802
801 0.0000013797 -0.0002111800 0.0011554771 0.0000013347 -0.0002441481 0.0011291849 0.0000000018
802 0.0000014026 -0.0002200953 0.0011636747 0.0000014045 -0.0002441481 0.0011597034 0.0000000006
803 0.0000014260 -0.0002291495 0.0011719540 0.0000014045 -0.0002441481 0.0011597034 0.0000000004
804 0.0000014500 -0.0002383455 0.0011803162 0.0000014204 -0.0002746666 0.0011597034 0.0000000017
805 0.0000014745 -0.0002476862 0.0011887631 0.0000014204 -0.0002746666 0.0011597034 0.0000000016
806 0.0000014997 -0.0002571747 0.0011972961 0.0000014204 -0.0002746666 0.0011597034 0.0000000017
807 0.0000015254 -0.0002668143 0.0012059169 0.0000015098 -0.0003051851 0.0011902219 0.0000000017
808 0.0000015518 -0.0002766079 0.0012146271 0.0000014921 -0.0002746666 0.0011902219 0.0000000006
809 0.0000015789 -0.0002865591 0.0012234283 0.0000015833 -0.0003051851 0.0012207404 0.0000000004
810 0.0000016066 -0.0002966712 0.0012323224 0.0000015833 -0.0003051851 0.0012207404 0.0000000002
811 0.0000016351 -0.0003069477 0.0012413111 0.0000016029 -0.0003357036 0.0012207404 0.0000000013
812 0.0000016642 -0.0003173923 0.0012503961 0.0000016588 -0.0003051851 0.0012512589 0.0000000001
813 0.0000016941 -0.0003280085 0.0012595795 0.0000016029 -0.0003357036 0.0012207404 0.0000000016
814 0.0000017248 -0.0003388003 0.0012688630 0.0000016998 -0.0003662221 0.0012512589 0.0000000011
815 0.0000017563 -0.0003497716 0.0012782487 0.0000017557 -0.0003357036 0.0012817774 0.0000000002
816 0.0000017885 -0.0003609263 0.0012877386 0.0001581976 -0.0060121464 -0.0110477004 0.0001840993
817 0.0000018217 -0.0003722687 0.0012973347 0.0000018004 -0.0003967406 0.0012817774 0.0000000008
818 0.0000018557 -0.0003838030 0.0013070392 0.0000018004 -0.0003967406 0.0012817774 0.0000000008
819 0.0000018906 -0.0003955336 0.0013168543 0.0000018004 -0.0003967406 0.0012817774 0.0000000012
820 0.0000019264 -0.0004074651 0.0013267822 0.0000019047 -0.0004272591 0.0013122959 0.0000000006
821 0.0000019632 -0.0004196022 0.0013368252 0.0000019857 -0.0004272591 0.0013428144 0.0000000001
822 0.0000020010 -0.0004319495 0.0013469857 0.0000019317 -0.0004577776 0.0013122959 0.0000000019
823 0.0000020398 -0.0004445122 0.0013572662 0.0000020416 -0.0004882962 0.0013428144 0.0000000021
824 0.0000020796 -0.0004572952 0.0013676691 0.0000021245 -0.0004882962 0.0013733329 0.0000000010
825 0.0000021206 -0.0004703039 0.0013781971 0.0000021245 -0.0004882962 0.0013733329 0.0000000003
826 0.0000021627 -0.0004835437 0.0013888528 0.0000021245 -0.0004882962 0.0013733329 0.0000000003
827 0.0000022060 -0.0004970202 0.0013996390 0.0000022400 -0.0005188147 0.0014038514 0.0000000005
828 0.0000022505 -0.0005107392 0.0014105584 0.0000022400 -0.0005188147 0.0014038514 0.0000000001
829 0.0000022963 -0.0005247065 0.0014216140 0.0000003027 -0.0005493332 -0.0000305185 0.0000021093
830 0.0000023434 -0.0005389285 0.0014328087 0.0000001835 -0.0004272591 -0.0000305185 0.0000021538
831 0.0000023918 -0.0005534113 0.0014441456 0.0000339786 -0.0058290353 -0.0000305185 0.0000300068
832 0.0000024417 -0.0005681616 0.0014556280 0.0000357519 0.0055238502 0.0022888882 0.0000378069
833 0.0000024930 -0.0005831861 0.0014672590 0.0009853855 -0.0312509537 -0.0029602954 0.0009601152
834 0.0000025458 -0.0005984918 0.0014790420 0.0009766230 -0.0312509537 -0.0000305185 0.0009418522
835 0.0000026001 -0.0006140859 0.0014909805 0.0000004117 -0.0006408887 -0.0000305185 0.0000023157
836 0.0000026561 -0.0006299758 0.0015030781 0.0000026470 -0.0006408887 0.0014954070 0.0000000002
837 0.0000027138 -0.0006461694 0.0015153385 0.0000025967 -0.0006714072 0.0014648885 0.0000000032
838 0.0000027732 -0.0006626745 0.0015277654 0.0000028211 -0.0007019257 0.0015259255 0.0000000015
839 0.0000028344 -0.0006794994 0.0015403629 0.0000028211 -0.0007019257 0.0015259255 0.0000000007
840 0.0000028976 -0.0006966526 0.0015531349 0.0000028211 -0.0007019257 0.0015259255 0.0000000008
841 0.0000029626 -0.0007141429 0.0015660857 0.0000029152 -0.0007019257 0.0015564440 0.0000000002
842 0.0000030297 -0.0007319795 0.0015792195 0.0000030046 -0.0007629627 0.0015564440 0.0000000015
843 0.0000030989 -0.0007501718 0.0015925410 0.0000030046 -0.0007629627 0.0015564440 0.0000000015
844 0.0000031704 -0.0007687296 0.0016060546 0.0000032459 -0.0007934812 0.0016174810 0.0000000007
845 0.0000032441 -0.0007876630 0.0016197653 0.0000032459 -0.0007934812 0.0016174810 0.0000000000
846 0.0000033201 -0.0008069826 0.0016336778 0.0000032952 -0.0008239998 0.0016174810 0.0000000006
847 0.0000033987 -0.0008266991 0.0016477974 0.0000033464 -0.0008545183 0.0016174810 0.0000000017
848 0.0000034798 -0.0008468240 0.0016621293 0.0009775172 -0.0312509537 -0.0009460738 0.0009312138
849 0.0000035636 -0.0008673689 0.0016766791 0.0000034992 -0.0008850368 0.0016479995 0.0000000011
850 0.0000036502 -0.0008883460 0.0016914523 0.0000036557 -0.0009155553 0.0016785180 0.0000000009
851 0.0000037397 -0.0009097678 0.0017064549 0.0000036557 -0.0009155553 0.0016785180 0.0000000008
852 0.0000038322 -0.0009316474 0.0017216929 0.0000038159 -0.0009460738 0.0017090365 0.0000000004
853 0.0000039279 -0.0009539984 0.0017371727 0.0000038745 -0.0009765923 0.0017090365 0.0000000013
854 0.0000040269 -0.0009768350 0.0017529009 0.0000040403 -0.0010071108 0.0017395550 0.0000000011
855 0.0000041293 -0.0010001718 0.0017688841 0.0000041474 -0.0010071108 0.0017700735 0.0000000000
856 0.0000042353 -0.0010240239 0.0017851295 0.0000041027 -0.0010376293 0.0017395550 0.0000000023
857 0.0000043451 -0.0010484073 0.0018016443 0.0000042741 -0.0010681478 0.0017700735 0.0000000014
858 0.0000044588 -0.0010733385 0.0018184363 0.0000044492 -0.0010986663 0.0018005921 0.0000000010
859 0.0000045765 -0.0010988346 0.0018355131 0.0000045600 -0.0010986663 0.0018311106 0.0000000000
860 0.0000046986 -0.0011249134 0.0018528831 0.0000048106 -0.0011597034 0.0018616291 0.0000000013
861 0.0000048251 -0.0011515935 0.0018705548 0.0000048106 -0.0011597034 0.0018616291 0.0000000001
862 0.0000049564 -0.0011788944 0.0018885370 0.0000048823 -0.0011902219 0.0018616291 0.0000000009
863 0.0000050925 -0.0012068361 0.0019068389 0.0000050704 -0.0012207404 0.0018921476 0.0000000004
864 0.0000052337 -0.0012354398 0.0019254702 0.0002095697 0.0046693319 0.0137028108 0.0001735721
865 0.0000053804 -0.0012647274 0.0019444409 0.0000054579 -0.0012817774 0.0019531846 0.0000000004
866 0.0000055327 -0.0012947217 0.0019637612 0.0000055371 -0.0013122959 0.0019531846 0.0000000004
867 0.0000056909 -0.0013254468 0.0019834423 0.0000056181 -0.0013428144 0.0019531846 0.0000000012
868 0.0000058552 -0.0013569275 0.0020034952 0.0000058211 -0.0013733329 0.0019837031 0.0000000007
869 0.0000060261 -0.0013891900 0.0020239318 0.0000060279 -0.0014038514 0.0020142216 0.0000000003
870 0.0000062039 -0.0014222615 0.0020447645 0.0000062384 -0.0014343699 0.0020447401 0.0000000001
871 0.0000063888 -0.0014561706 0.0020660062 0.0000063269 -0.0014648885 0.0020447401 0.0000000005
872 0.0000065813 -0.0014909471 0.0020876702 0.0000065429 -0.0014954070 0.0020752586 0.0000000002
873 0.0000067817 -0.0015266223 0.0021097706 0.0000067292 -0.0015564440 0.0020752586 0.0000000021
874 0.0000069905 -0.0015632288 0.0021323221 0.0000070822 -0.0015869625 0.0021362957 0.0000000006
875 0.0000072081 -0.0016008010 0.0021553400 0.0000070822 -0.0015869625 0.0021362957 0.0000000006
876 0.0000074349 -0.0016393749 0.0021788406 0.0000074110 -0.0016479995 0.0021668142 0.0000000002
877 0.0000076715 -0.0016789881 0.0022028406 0.0000075125 -0.0016785180 0.0021668142 0.0000000013
878 0.0000079184 -0.0017196803 0.0022273577 0.0000079894 -0.0017395550 0.0022278512 0.0000000004
879 0.0000081762 -0.0017614929 0.0022524105 0.0000080965 -0.0017700735 0.0022278512 0.0000000007
880 0.0000084455 -0.0018044698 0.0022780184 0.0019532442 -0.0312509537 -0.0312509537 0.0019912874
881 0.0000087269 -0.0018486569 0.0023042017 0.0000087047 -0.0018616291 0.0022888882 0.0000000004
882 0.0000090211 -0.0018941024 0.0023309821 0.0000089599 -0.0018921476 0.0023194067 0.0000000001
883 0.0000093289 -0.0019408573 0.0023583820 0.0000093371 -0.0019531846 0.0023499252 0.0000000002
884 0.0000096510 -0.0019889752 0.0023864252 0.0000095792 -0.0020142216 0.0023499252 0.0000000020
885 0.0000099884 -0.0020385126 0.0024151366 0.0000098475 -0.0020447401 0.0023804437 0.0000000012
886 0.0000103419 -0.0020895290 0.0024445426 0.0000103951 -0.0021057772 0.0024414808 0.0000000003
887 0.0000107125 -0.0021420874 0.0024746710 0.0000108059 -0.0021668142 0.0024719993 0.0000000006
888 0.0000111013 -0.0021962542 0.0025055509 0.0000112259 -0.0022278512 0.0025025178 0.0000000010
889 0.0000115094 -0.0022520998 0.0025372134 0.0000115165 -0.0022583697 0.0025330363 0.0000000001
890 0.0000119380 -0.0023096983 0.0025696910 0.0000119515 -0.0023194067 0.0025635548 0.0000000001
891 0.0000123885 -0.0023691285 0.0026030184 0.0000123957 -0.0023804437 0.0025940733 0.0000000002
892 0.0000128622 -0.0024304737 0.0026372320 0.0000128493 -0.0024414808 0.0026245918 0.0000000003
893 0.0000133607 -0.0024938224 0.0026723705 0.0000133122 -0.0025025178 0.0026551103 0.0000000004
894 0.0000138857 -0.0025592683 0.0027084751 0.0000137844 -0.0025635548 0.0026856288 0.0000000005
895 0.0000144389 -0.0026269111 0.0027455893 0.0001703763 -0.0014648885 0.0129703665 0.0001058964
896 0.0000150224 -0.0026968568 0.0027837593 0.0010604463 -0.0091555528 -0.0312509537 0.0012000764
897 0.0000156381 -0.0027692181 0.0028230343 0.0011868680 0.0193487350 -0.0285042879 0.0014706050
898 0.0000162884 -0.0028441152 0.0028634666 0.0000161110 -0.0028382214 0.0028382214 0.0000000007
899 0.0000169759 -0.0029216760 0.0029051119 0.0000169893 -0.0029297769 0.0028992584 0.0000000001
900 0.0000177031 -0.0030020374 0.0029480298 0.0000177120 -0.0030213324 0.0029297769 0.0000000007
901 0.0000184731 -0.0030853452 0.0029922835 0.0000184534 -0.0031128880 0.0029602954 0.0000000018
902 0.0000192891 -0.0031717559 0.0030379410 0.0000193969 -0.0032044435 0.0030213324 0.0000000013
903 0.0000201547 -0.0032614366 0.0030850746 0.0000203646 -0.0032959990 0.0030823695 0.0000000012
904 0.0000210736 -0.0033545666 0.0031337622 0.0000209598 -0.0033570360 0.0031128880 0.0000000004
905 0.0000220501 -0.0034513386 0.0031840870 0.0000221780 -0.0034791101 0.0031739250 0.0000000009
906 0.0000230890 -0.0035519593 0.0032361385 0.0000232146 -0.0035706656 0.0032349620 0.0000000004
907 0.0000241953 -0.0036566513 0.0032900128 0.0000240752 -0.0036622211 0.0032654805 0.0000000006
908 0.0000253746 -0.0037656547 0.0033458136 0.0000253866 -0.0037842952 0.0033265175 0.0000000007
909 0.0000266333 -0.0038792281 0.0034036524 0.0000264977 -0.0038758507 0.0033875546 0.0000000003
910 0.0000279781 -0.0039976514 0.0034636498 0.0000278762 -0.0039979247 0.0034485916 0.0000000002
911 0.0000294167 -0.0041212272 0.0035259363 0.0000295443 -0.0041505173 0.0035096286 0.0000000011
912 0.0000309577 -0.0042502837 0.0035906530 0.0015682427 -0.0312509537 -0.0243232521 0.0015082223
913 0.0000326104 -0.0043851771 0.0036579532 0.0000327249 -0.0043946654 0.0036622211 0.0000000001
914 0.0000343854 -0.0045262949 0.0037280035 0.0000345402 -0.0045472579 0.0037232582 0.0000000005
915 0.0000362943 -0.0046740592 0.0038009851 0.0000361794 -0.0046998505 0.0037537767 0.0000000029
916 0.0000383504 -0.0048289308 0.0038770959 0.0000383328 -0.0048524430 0.0038453322 0.0000000016
917 0.0000405685 -0.0049914135 0.0039565520 0.0000405495 -0.0050050356 0.0039368877 0.0000000006
918 0.0000429651 -0.0051620597 0.0040395902 0.0000431452 -0.0051881466 0.0040284433 0.0000000008
919 0.0000455591 -0.0053414756 0.0041264704 0.0000458248 -0.0053712577 0.0041199988 0.0000000009
920 0.0000483717 -0.0055303286 0.0042174785 0.0000479940 -0.0055238502 0.0041810358 0.0000000014
921 0.0000514269 -0.0057293552 0.0043129297 0.0000514354 -0.0057374798 0.0043031098 0.0000000002
922 0.0000547522 -0.0059393694 0.0044131723 0.0000544615 -0.0059511093 0.0043641469 0.0000000025
923 0.0000583790 -0.0061612741 0.0045185925 0.0000581302 -0.0061647389 0.0044862209 0.0000000011
924 0.0000623431 -0.0063960730 0.0046296194 0.0000623102 -0.0064088870 0.0046082949 0.0000000006
925 0.0000666860 -0.0066448851 0.0047467312 0.0000666393 -0.0066530351 0.0047303690 0.0000000003
926 0.0000714552 -0.0069089618 0.0048704624 0.0000715393 -0.0069277017 0.0048524430 0.0000000007
927 0.0000767060 -0.0071897071 0.0050014125 0.0000766199 -0.0072023682 0.0049745170 0.0000000009
928 0.0000825029 -0.0074887014 0.0051402562 0.0013694351 0.0312204352 0.0198675497 0.0017152904
929 0.0000889210 -0.0078077304 0.0052877553 0.0000890706 -0.0078432569 0.0052491836 0.0000000027
930 0.0000960488 -0.0081488189 0.0054447736 0.0000964052 -0.0081789605 0.0054322947 0.0000000011
931 0.0001039907 -0.0085142728 0.0056122945 0.0001042111 -0.0085451827 0.0055848872 0.0000000017
932 0.0001128706 -0.0089067292 0.0057914421 0.0001132278 -0.0089419233 0.0057679983 0.0000000018
933 0.0001228367 -0.0093292181 0.0059835080 0.0001231973 -0.0093691824 0.0059511093 0.0000000026
934 0.0001340668 -0.0097852385 0.0061899831 0.0001339743 -0.0097964415 0.0061647389 0.0000000008
935 0.0001467762 -0.0102788524 0.0064125979 0.0001464594 -0.0102847377 0.0063783685 0.0000000012
936 0.0001612273 -0.0108148031 0.0066533726 0.0001612348 -0.0108340709 0.0066225166 0.0000000013
937 0.0001777423 -0.0113986639 0.0069146807 0.0001778488 -0.0114139225 0.0068971831 0.0000000005
938 0.0001967204 -0.0120370278 0.0071993294 0.0001971926 -0.0120548112 0.0072023682 0.0000000003
939 0.0002186604 -0.0127377521 0.0075106635 0.0002186404 -0.0127567370 0.0074770348 0.0000000015
940 0.0002441925 -0.0135102762 0.0078527011 0.0002442990 -0.0135196997 0.0078432569 0.0000000002
941 0.0002741212 -0.0143660411 0.0082303113 0.0002740137 -0.0143742180 0.0082094790 0.0000000005
942 0.0003094863 -0.0153190491 0.0086494527 0.0003093046 -0.0153202918 0.0086367382 0.0000000002
943 0.0003516502 -0.0163866229 0.0091174965 0.0003512912 -0.0163884396 0.0090945158 0.0000000005
944 0.0004024244 -0.0175904522 0.0096436709 0.0000127506 -0.0000305185 0.0035706656 0.0003452327
945 0.0004642592 -0.0189580611 0.0102396855 0.0004637021 -0.0189519944 0.0102237007 0.0000000003
946 0.0005405321 -0.0205249114 0.0109206264 0.0005418067 -0.0205694754 0.0108951079 0.0000000026
947 0.0006360000 -0.0223374862 0.0117062666 0.0006349661 -0.0223395489 0.0116580706 0.0000000023
948 0.0007575316 -0.0244579315 0.0126230410 0.0007579314 -0.0244758446 0.0126041444 0.0000000007
949 0.0009153337 -0.0269712594 0.0137071095 0.0009155991 -0.0269783624 0.0137028108 0.0000000001
950 0.0011250944 -0.0299969299 0.0150092825 0.0011245196 -0.0299996948 0.0149845882 0.0000000006
951 0.0014119159 -0.0337082641 0.0166032779 0.0012512384 -0.0312509537 0.0165715506 0.0000060394
952 0.0018179704 -0.0383666558 0.0186002709 0.0013220530 -0.0312509537 0.0185857723 0.0000506334
953 0.0024185153 -0.0443856513 0.0211761471 0.0014239161 -0.0312509537 0.0211493271 0.0001725210
954 0.0033585746 -0.0524605085 0.0246266039 0.0015816797 -0.0312509537 0.0245979186 0.0004498460
955 0.0049474224 -0.0638573086 0.0294901094 0.0018457444 -0.0312509537 0.0294808802 0.0010631745
956 0.0079440972 -0.0811500742 0.0368613980 0.0019513377 -0.0312509537 0.0312204352 0.0025217427
957 0.0146461693 -0.1104978261 0.0493599004 0.0019513377 -0.0312509537 0.0312204352 0.0066091070
958 0.0349716119 -0.1712198987 0.0752021154 0.0019513377 -0.0312509537 0.0312204352 0.0215256938
959 0.1635258091 -0.3712564572 0.1602948910 0.0019513377 -0.0312509537 0.0312204352 0.1322639575
960 7.7010438231 2.5545827037 -1.0840438336 0.0019513377 0.0312204352 -0.0312509537 7.4757299859
961 0.1006377061 0.2927991429 -0.1220916379 0.0009766975 0.0002746666 -0.0312509537 0.0938225992
962 0.0287015300 0.1567712020 -0.0642208709 0.0009821443 -0.0023499252 -0.0312509537 0.0264065486
963 0.0134848153 0.1077310153 -0.0433456306 0.0019513377 0.0312204352 -0.0312509537 0.0060001501
964 0.0078612393 0.0824609823 -0.0325795293 0.0019513377 0.0312204352 -0.0312509537 0.0026273588
965 0.0051728379 0.0670552097 -0.0260083979 0.0016508076 0.0312204352 -0.0260017701 0.0012841311
966 0.0036787936 0.0566847636 -0.0215784884 0.0014402646 0.0312204352 -0.0215765862 0.0006484320
967 0.0027617862 0.0492305546 -0.0183885471 0.0013133735 0.0312204352 -0.0184026612 0.0003243646
968 0.0021577741 0.0436163567 -0.0159808484 0.0012304500 0.0312204352 -0.0159916990 0.0001536590
969 0.0017383469 0.0392375636 -0.0140982459 0.0011735129 0.0312204352 -0.0140995514 0.0000642743
970 0.0014349016 0.0357283587 -0.0125851503 0.0011328116 0.0312204352 -0.0125736259 0.0000203215
971 0.0012080518 0.0328544235 -0.0113418976 0.0011036036 0.0312204352 -0.0113528855 0.0000026700
972 0.0010338588 0.0304587250 -0.0103016930 0.0010340621 0.0304574725 -0.0103152562 0.0000000002
973 0.0008970836 0.0284320801 -0.0094180922 0.0008962124 0.0284127323 -0.0094302194 0.0000000005
974 0.0007876458 0.0266962220 -0.0086577990 0.0007865797 0.0266731773 -0.0086672567 0.0000000006
975 0.0006986577 0.0251935814 -0.0079963197 0.0006978537 0.0251777703 -0.0079958495 0.0000000003
976 0.0006252817 0.0238808705 -0.0074152338 0.0011168357 0.0118411817 -0.0312509537 0.0007130956
977 0.0005640375 0.0227249139 -0.0069004217 0.0005631232 0.0227057711 -0.0068971831 0.0000000004
978 0.0005123688 0.0216998596 -0.0064408778 0.0005122978 0.0216986602 -0.0064394055 0.0000000000
979 0.0004683628 0.0207852647 -0.0060278965 0.0004671836 0.0207525864 -0.0060426649 0.0000000013
980 0.0004305647 0.0199647522 -0.0056545011 0.0004290250 0.0199285867 -0.0056459243 0.0000000014
981 0.0003978521 0.0192250483 -0.0053150346 0.0003966903 0.0191961425 -0.0053102206 0.0000000009
982 0.0003693471 0.0185552822 -0.0050048609 0.0003682162 0.0185247353 -0.0050050356 0.0000000009
983 0.0003443554 0.0179464660 -0.0047201446 0.0003433009 0.0179143651 -0.0047303690 0.0000000011
984 0.0003223215 0.0173911049 -0.0044576850 0.0003213976 0.0173650319 -0.0044557024 0.0000000007
985 0.0003027968 0.0168829006 -0.0042147893 0.0003015322 0.0168462172 -0.0042115543 0.0000000014
986 0.0002854157 0.0164165217 -0.0039891757 0.0002845644 0.0163884396 -0.0039979247 0.0000000009
987 0.0002698779 0.0159874266 -0.0037788976 0.0002690802 0.0159611805 -0.0037842952 0.0000000007
988 0.0002559346 0.0155917222 -0.0035822837 0.0002552203 0.0155644398 -0.0036011841 0.0000000011
989 0.0002433784 0.0152260539 -0.0033978909 0.0002424613 0.0151982177 -0.0033875546 0.0000000009
990 0.0002320353 0.0148875152 -0.0032244663 0.0002313593 0.0148625141 -0.0032349620 0.0000000007
991 0.0002217584 0.0145735770 -0.0030609165 0.0002205292 0.0145268105 -0.0030823695 0.0000000026
992 0.0002124228 0.0142820280 -0.0029062828 0.0019532442 -0.0312509537 -0.0312509537 0.0028766728
993 0.0002039222 0.0140109280 -0.0027597208 0.0002039367 0.0140079958 -0.0027771844 0.0000000003
994 0.0001961651 0.0137585672 -0.0026204835 0.0001956539 0.0137333293 -0.0026551103 0.0000000018
995 0.0001890730 0.0135234345 -0.0024879075 0.0001890449 0.0135196997 -0.0025025178 0.0000000002
996 0.0001825777 0.0133041899 -0.0023614009 0.0001819068 0.0132755516 -0.0023804437 0.0000000012
997 0.0001766202 0.0130996415 -0.0022404344 0.0001757140 0.0130619221 -0.0022583697 0.0000000017
998 0.0001711489 0.0129087265 -0.0021245323 0.0001704275 0.0128788110 -0.0021362957 0.0000000010
999 0.0001661187 0.0127304947 -0.0020132657 0.0001653618 0.0126956999 -0.0020447401 0.0000000022
1000 0.0001614903 0.0125640951 -0.0019062468 0.0001610262 0.0125431074 -0.0019226661 0.0000000007
1001 0.0001572287 0.0124087635 -0.0018031237 0.0001561225 0.0123599963 -0.0018311106 0.0000000032
1002 0.0001533033 0.0122638130 -0.0017035758 0.0001526875 0.0122379223 -0.0017090365 0.0000000007
1003 0.0001496870 0.0121286248 -0.0016073105 0.0001494100 0.0121158483 -0.0016174810 0.0000000003
1004 0.0001463558 0.0120026414 -0.0015140596 0.0001454479 0.0119632557 -0.0015259255 0.0000000017
1005 0.0001432883 0.0118853593 -0.0014235764 0.0001429947 0.0118717002 -0.0014343699 0.0000000003
1006 0.0001404657 0.0117763239 -0.0013356336 0.0001398569 0.0117496261 -0.0013428144 0.0000000008
1007 0.0001378711 0.0116751249 -0.0012500207 0.0001367656 0.0116275521 -0.0012512589 0.0000000023
1008 0.0001354894 0.0115813913 -0.0011665426 0.0018225093 -0.0290841395 -0.0312509537 0.0025587572
1009 0.0001333074 0.0114947883 -0.0010850173 0.0001328818 0.0114749596 -0.0010986663 0.0000000006
1010 0.0001313131 0.0114150138 -0.0010052750 0.0001306586 0.0113834040 -0.0010376293 0.0000000020
1011 0.0001294960 0.0113417959 -0.0009271563 0.0001290911 0.0113223670 -0.0009460738 0.0000000007
1012 0.0001278465 0.0112748900 -0.0008505112 0.0001275478 0.0112613300 -0.0008545183 0.0000000002
1013 0.0001263565 0.0112140768 -0.0007751983 0.0001260762 0.0112002930 -0.0007934812 0.0000000005
1014 0.0001250184 0.0111591607 -0.0007010832 0.0001245757 0.0111392560 -0.0007019257 0.0000000004
1015 0.0001238258 0.0111099678 -0.0006280382 0.0001231377 0.0110782189 -0.0006408887 0.0000000012
1016 0.0001227730 0.0110663444 -0.0005559414 0.0001223879 0.0110477004 -0.0005798517 0.0000000009
1017 0.0001218551 0.0110281564 -0.0004846757 0.0001216475 0.0110171819 -0.0005188147 0.0000000013
1018 0.0001210678 0.0109952875 -0.0004141282 0.0001208893 0.0109866634 -0.0004272591 0.0000000002
1019 0.0001204076 0.0109676386 -0.0003441899 0.0001201712 0.0109561449 -0.0003662221 0.0000000006
1020 0.0001198713 0.0109451273 -0.0002747546 0.0001194625 0.0109256264 -0.0003051851 0.0000000013
1021 0.0001194567 0.0109276868 -0.0002057189 0.0001187490 0.0108951079 -0.0002136296 0.0000000011
1022 0.0001191618 0.0109152656 -0.0001369812 0.0001187267 0.0108951079 -0.0001525925 0.0000000007
1023 0.0001189854 0.0109078275 -0.0000684412 0.0004421379 0.0206610309 -0.0039063692 0.0001098547
