#int double real img int16 real16 img16 error
0 0.0000011893 0.0010905350 0.0000000000 0.0000004508 0.0006714072 0.0000000000 0.0000001757
1 0.0000011899 0.0010907827 0.0000068441 0.0000012005 0.0010681478 -0.0002441481 0.0000000635
2 0.0000011916 0.0010915266 0.0000136981 0.0000009034 0.0009460738 -0.0000915555 0.0000000322
3 0.0000011946 0.0010927687 0.0000205719 0.0000012005 0.0010681478 -0.0002441481 0.0000000707
4 0.0000011987 0.0010945127 0.0000274755 0.0000011419 0.0010681478 -0.0000305185 0.0000000041
5 0.0000012041 0.0010967639 0.0000344190 0.0000011419 0.0010681478 -0.0000305185 0.0000000050
6 0.0000012107 0.0010995287 0.0000414128 0.0000011419 0.0010681478 -0.0000305185 0.0000000062
7 0.0000012186 0.0011028156 0.0000484676 0.0000012080 0.0010986663 -0.0000305185 0.0000000063
8 0.0000012277 0.0011066344 0.0000555941 0.0000010767 0.0010376293 0.0000000000 0.0000000079
9 0.0000012383 0.0011109968 0.0000628038 0.0000012071 0.0010986663 0.0000000000 0.0000000041
10 0.0000012502 0.0011159161 0.0000701083 0.0000012080 0.0010986663 -0.0000305185 0.0000000104
11 0.0000012636 0.0011214077 0.0000775198 0.0000012071 0.0010986663 0.0000000000 0.0000000065
12 0.0000012785 0.0011274890 0.0000850511 0.0000012071 0.0010986663 0.0000000000 0.0000000081
13 0.0000012950 0.0011341796 0.0000927156 0.0000012071 0.0010986663 0.0000000000 0.0000000099
14 0.0000013131 0.0011415014 0.0001005275 0.0000012751 0.0011291849 0.0000000000 0.0000000103
15 0.0000013331 0.0011494788 0.0001085017 0.0000012760 0.0011291849 0.0000305185 0.0000000065
16 0.0000013549 0.0011581391 0.0001166543 0.0000012834 0.0011291849 0.0000915555 0.0000000015
17 0.0000013787 0.0011675125 0.0001250021 0.0000012900 0.0011291849 0.0001220740 0.0000000015
18 0.0000014047 0.0011776324 0.0001335634 0.0000013533 0.0011597034 0.0000915555 0.0000000021
19 0.0000014329 0.0011885359 0.0001423576 0.0000013598 0.0011597034 0.0001220740 0.0000000012
20 0.0000014636 0.0012002641 0.0001514060 0.0000014315 0.0011902219 0.0001220740 0.0000000010
21 0.0000014969 0.0012128625 0.0001607311 0.0000014315 0.0011902219 0.0001220740 0.0000000020
22 0.0000015330 0.0012263813 0.0001703576 0.0000014399 0.0011902219 0.0001525925 0.0000000016
23 0.0000015723 0.0012408763 0.0001803124 0.0000015135 0.0012207404 0.0001525925 0.0000000012
24 0.0000016149 0.0012564095 0.0001906247 0.0000015889 0.0012512589 0.0001525925 0.0000000015
25 0.0000016612 0.0012730495 0.0002013266 0.0000015992 0.0012512589 0.0001831111 0.0000000008
26 0.0000017115 0.0012908726 0.0002124532 0.0000016765 0.0012817774 0.0001831111 0.0000000009
27 0.0000017662 0.0013099642 0.0002240434 0.0000017678 0.0013122959 0.0002136296 0.0000000001
28 0.0000018258 0.0013304190 0.0002361401 0.0000017678 0.0013122959 0.0002136296 0.0000000008
29 0.0000018907 0.0013523435 0.0002487907 0.0000018488 0.0013428144 0.0002136296 0.0000000013
30 0.0000019617 0.0013758567 0.0002620484 0.0000019457 0.0013733329 0.0002441481 0.0000000003
31 0.0000020392 0.0014010928 0.0002759721 0.0000019457 0.0013733329 0.0002441481 0.0000000018
32 0.0000021242 0.0014282028 0.0002906283 0.0000020462 0.0014038514 0.0002746666 0.0000000008
33 0.0000022176 0.0014573577 0.0003060916 0.0000021329 0.0014343699 0.0002746666 0.0000000015
34 0.0000023204 0.0014887515 0.0003224466 0.0000022390 0.0014648885 0.0003051851 0.0000000009
35 0.0000024338 0.0015226054 0.0003397891 0.0000023489 0.0014954070 0.0003357036 0.0000000008
36 0.0000025593 0.0015591722 0.0003582284 0.0000024411 0.0015259255 0.0003357036 0.0000000016
37 0.0000026988 0.0015987427 0.0003778898 0.0000026311 0.0015869625 0.0003357036 0.0000000019
38 0.0000028542 0.0016416522 0.0003989176 0.0000027504 0.0016174810 0.0003662221 0.0000000017
39 0.0000030280 0.0016882901 0.0004214789 0.0000029748 0.0016785180 0.0003967406 0.0000000007
40 0.0000032232 0.0017391105 0.0004457685 0.0000030782 0.0017090365 0.0003967406 0.0000000033
41 0.0000034436 0.0017946466 0.0004720145 0.0000033157 0.0017700735 0.0004272591 0.0000000026
42 0.0000036935 0.0018555282 0.0005004861 0.0000035914 0.0018311106 0.0004882962 0.0000000007
43 0.0000039785 0.0019225048 0.0005315035 0.0000038494 0.0018921476 0.0005188147 0.0000000011
44 0.0000043056 0.0019964752 0.0005654501 0.0000041167 0.0019531846 0.0005493332 0.0000000021
45 0.0000046836 0.0020785265 0.0006027896 0.0000046085 0.0020752586 0.0005493332 0.0000000029
46 0.0000051237 0.0021699860 0.0006440878 0.0000050676 0.0021668142 0.0006103702 0.0000000011
47 0.0000056404 0.0022724914 0.0006900422 0.0000055510 0.0022583697 0.0006714072 0.0000000005
48 0.0000062528 0.0023880871 0.0007415234 0.0000062030 0.0023804437 0.0007324442 0.0000000001
49 0.0000069866 0.0025193581 0.0007996320 0.0000068922 0.0025025178 0.0007934812 0.0000000003
50 0.0000078765 0.0026696222 0.0008657799 0.0000077798 0.0026551103 0.0008545183 0.0000000003
51 0.0000089708 0.0028432080 0.0009418092 0.0000086665 0.0028077029 0.0008850368 0.0000000045
52 0.0000103386 0.0030458725 0.0010301693 0.0000101427 0.0030213324 0.0010071108 0.0000000011
53 0.0000120805 0.0032854424 0.0011341898 0.0000119384 0.0032654805 0.0011291849 0.0000000004
54 0.0000143490 0.0035728359 0.0012585150 0.0000142399 0.0035706656 0.0012207404 0.0000000014
55 0.0000173835 0.0039237564 0.0014098246 0.0000171458 0.0039063692 0.0013733329 0.0000000016
56 0.0000215777 0.0043616357 0.0015980848 0.0000212029 0.0043336283 0.0015564440 0.0000000025
57 0.0000276179 0.0049230555 0.0018388547 0.0000273844 0.0049134800 0.0018005921 0.0000000016
58 0.0000367879 0.0056684764 0.0021578488 0.0000364402 0.0056459243 0.0021362957 0.0000000010
59 0.0000517284 0.0067055210 0.0026008398 0.0000512417 0.0066835536 0.0025635548 0.0000000019
60 0.0000786124 0.0082460982 0.0032579529 0.0000783625 0.0082399976 0.0032349620 0.0000000006
61 0.0001348482 0.0107731015 0.0043345631 0.0001339184 0.0107425153 0.0043031098 0.0000000019
62 0.0002870153 0.0156771202 0.0064220871 0.0002857938 0.0156559954 0.0063783685 0.0000000024
63 0.0010063771 0.0292799143 0.0122091638 0.0010012794 0.0292062136 0.0121768853 0.0000000065
64 0.0770104382 0.2554582704 0.1084043834 0.0011550306 0.0312204352 0.0134281442 0.0593030927
65 0.0016352581 -0.0371256457 -0.0160294891 0.0012333336 -0.0312509537 -0.0160222175 0.0000345121
66 0.0003497161 -0.0171219899 -0.0075202115 0.0003499472 -0.0171208838 -0.0075380718 0.0000000003
67 0.0001464617 -0.0110497826 -0.0049359900 0.0001464948 -0.0110477004 -0.0049439985 0.0000000001
68 0.0000794410 -0.0081150074 -0.0036861398 0.0000795370 -0.0081179235 -0.0036927396 0.0000000001
69 0.0000494742 -0.0063857309 -0.0029490109 0.0000494469 -0.0063783685 -0.0029602954 0.0000000002
70 0.0000335857 -0.0052460508 -0.0024626604 0.0000338165 -0.0052491836 -0.0025025178 0.0000000016
71 0.0000241852 -0.0044385651 -0.0021176147 0.0000244170 -0.0044557024 -0.0021362957 0.0000000006
72 0.0000181797 -0.0038366656 -0.0018600271 0.0000182522 -0.0038453322 -0.0018616291 0.0000000001
73 0.0000141192 -0.0033708264 -0.0016603278 0.0000140871 -0.0033570360 -0.0016785180 0.0000000005
74 0.0000112509 -0.0029996930 -0.0015009282 0.0000112734 -0.0029908139 -0.0015259255 0.0000000007
75 0.0000091533 -0.0026971259 -0.0013707109 0.0000092635 -0.0027161473 -0.0013733329 0.0000000004
76 0.0000075753 -0.0024457931 -0.0012623041 0.0000077537 -0.0024719993 -0.0012817774 0.0000000011
77 0.0000063600 -0.0022337486 -0.0011706267 0.0000063799 -0.0022278512 -0.0011902219 0.0000000004
78 0.0000054053 -0.0020524911 -0.0010920626 0.0000055138 -0.0020752586 -0.0010986663 0.0000000006
79 0.0000046426 -0.0018958061 -0.0010239686 0.0000047733 -0.0019226661 -0.0010376293 0.0000000009
80 0.0000040242 -0.0017590452 -0.0009643671 0.0000040869 -0.0017700735 -0.0009765923 0.0000000003
81 0.0000035165 -0.0016386623 -0.0009117497 0.0000036110 -0.0016479995 -0.0009460738 0.0000000013
82 0.0000030949 -0.0015319049 -0.0008649453 0.0000031117 -0.0015259255 -0.0008850368 0.0000000004
83 0.0000027412 -0.0014366041 -0.0008230311 0.0000027364 -0.0014343699 -0.0008239998 0.0000000000
84 0.0000024419 -0.0013510276 -0.0007852701 0.0000025157 -0.0013733329 -0.0007934812 0.0000000006
85 0.0000021866 -0.0012737752 -0.0007510664 0.0000021794 -0.0012817774 -0.0007324442 0.0000000004
86 0.0000019672 -0.0012037028 -0.0007199329 0.0000019531 -0.0011902219 -0.0007324442 0.0000000003
87 0.0000017774 -0.0011398664 -0.0006914681 0.0000018814 -0.0011597034 -0.0007324442 0.0000000021
88 0.0000016123 -0.0010814803 -0.0006653373 0.0000016579 -0.0010986663 -0.0006714072 0.0000000003
89 0.0000014678 -0.0010278852 -0.0006412598 0.0000015275 -0.0010376293 -0.0006714072 0.0000000010
90 0.0000013407 -0.0009785238 -0.0006189983 0.0000013645 -0.0009765923 -0.0006408887 0.0000000005
91 0.0000012284 -0.0009329218 -0.0005983508 0.0000012676 -0.0009460738 -0.0006103702 0.0000000003
92 0.0000011287 -0.0008906729 -0.0005791442 0.0000011745 -0.0009155553 -0.0005798517 0.0000000006
93 0.0000010399 -0.0008514273 -0.0005612294 0.0000010664 -0.0008545183 -0.0005798517 0.0000000004
94 0.0000009605 -0.0008148819 -0.0005444774 0.0000009807 -0.0008239998 -0.0005493332 0.0000000001
95 0.0000008892 -0.0007807730 -0.0005287755 0.0000009314 -0.0007934812 -0.0005493332 0.0000000006
96 0.0000008250 -0.0007488701 -0.0005140256 0.0000008513 -0.0007629627 -0.0005188147 0.0000000002
97 0.0000007671 -0.0007189707 -0.0005001412 0.0000008056 -0.0007324442 -0.0005188147 0.0000000005
98 0.0000007146 -0.0006908962 -0.0004870462 0.0000007311 -0.0007019257 -0.0004882962 0.0000000001
99 0.0000006669 -0.0006644885 -0.0004746731 0.0000007311 -0.0007019257 -0.0004882962 0.0000000016
100 0.0000006234 -0.0006396073 -0.0004629619 0.0000006492 -0.0006408887 -0.0004882962 0.0000000006
101 0.0000005838 -0.0006161274 -0.0004518593 0.0000006203 -0.0006408887 -0.0004577776 0.0000000006
102 0.0000005475 -0.0005939369 -0.0004413172 0.0000005821 -0.0006103702 -0.0004577776 0.0000000005
103 0.0000005143 -0.0005729355 -0.0004312930 0.0000005458 -0.0005798517 -0.0004577776 0.0000000007
104 0.0000004837 -0.0005530329 -0.0004217479 0.0000005188 -0.0005798517 -0.0004272591 0.0000000007
105 0.0000004556 -0.0005341476 -0.0004126470 0.0000004843 -0.0005493332 -0.0004272591 0.0000000004
106 0.0000004297 -0.0005162060 -0.0004039590 0.0000004843 -0.0005493332 -0.0004272591 0.0000000016
107 0.0000004057 -0.0004991414 -0.0003956552 0.0000004266 -0.0005188147 -0.0003967406 0.0000000004
108 0.0000003835 -0.0004828931 -0.0003877096 0.0000004266 -0.0005188147 -0.0003967406 0.0000000014
109 0.0000003629 -0.0004674059 -0.0003800985 0.0000003726 -0.0004882962 -0.0003662221 0.0000000006
110 0.0000003439 -0.0004526295 -0.0003728003 0.0000003958 -0.0004882962 -0.0003967406 0.0000000018
111 0.0000003261 -0.0004385177 -0.0003657953 0.0000003437 -0.0004577776 -0.0003662221 0.0000000004
112 0.0000003096 -0.0004250284 -0.0003590653 0.0000003167 -0.0004272591 -0.0003662221 0.0000000001
113 0.0000002942 -0.0004121227 -0.0003525936 0.0000003167 -0.0004272591 -0.0003662221 0.0000000004
114 0.0000002798 -0.0003997651 -0.0003463650 0.0000003167 -0.0004272591 -0.0003662221 0.0000000012
115 0.0000002663 -0.0003879228 -0.0003403652 0.0000002915 -0.0003967406 -0.0003662221 0.0000000007
116 0.0000002537 -0.0003765655 -0.0003345814 0.0000002915 -0.0003967406 -0.0003662221 0.0000000014
117 0.0000002420 -0.0003656651 -0.0003290013 0.0000002682 -0.0003662221 -0.0003662221 0.0000000014
118 0.0000002309 -0.0003551959 -0.0003236139 0.0000002468 -0.0003662221 -0.0003357036 0.0000000003
119 0.0000002205 -0.0003451339 -0.0003184087 0.0000002468 -0.0003662221 -0.0003357036 0.0000000007
120 0.0000002107 -0.0003354567 -0.0003133762 0.0000002254 -0.0003357036 -0.0003357036 0.0000000005
121 0.0000002015 -0.0003261437 -0.0003085075 0.0000002468 -0.0003662221 -0.0003357036 0.0000000023
122 0.0000001929 -0.0003171756 -0.0003037941 0.0000002058 -0.0003357036 -0.0003051851 0.0000000003
123 0.0000001847 -0.0003085345 -0.0002992284 0.0000002254 -0.0003357036 -0.0003357036 0.0000000021
124 0.0000001770 -0.0003002037 -0.0002948030 0.0000002058 -0.0003357036 -0.0003051851 0.0000000014
125 0.0000001698 -0.0002921676 -0.0002905112 0.0000001863 -0.0003051851 -0.0003051851 0.0000000004
126 0.0000001629 -0.0002844115 -0.0002863467 0.0000001863 -0.0003051851 -0.0003051851 0.0000000008
127 0.0000001564 -0.0002769218 -0.0002823034 0.0000001686 -0.0002746666 -0.0003051851 0.0000000005
128 0.0000001502 -0.0002696857 -0.0002783759 0.0005706832 0.0220648824 -0.0091555528 0.0005776372
129 0.0000001444 -0.0002626911 -0.0002745589 0.0000001686 -0.0003051851 -0.0002746666 0.0000000018
130 0.0000001389 -0.0002559268 -0.0002708475 0.0000001351 -0.0002441481 -0.0002746666 0.0000000002
131 0.0000001336 -0.0002493822 -0.0002672371 0.0000001509 -0.0002746666 -0.0002746666 0.0000000007
132 0.0000001286 -0.0002430474 -0.0002637232 0.0000001351 -0.0002441481 -0.0002746666 0.0000000001
133 0.0000001239 -0.0002369128 -0.0002603018 0.0000001351 -0.0002441481 -0.0002746666 0.0000000003
134 0.0000001194 -0.0002309698 -0.0002569691 0.0000001509 -0.0002746666 -0.0002746666 0.0000000022
135 0.0000001151 -0.0002252100 -0.0002537213 0.0000001192 -0.0002441481 -0.0002441481 0.0000000005
136 0.0000001110 -0.0002196254 -0.0002505551 0.0000001211 -0.0002136296 -0.0002746666 0.0000000006
137 0.0000001071 -0.0002142087 -0.0002474671 0.0000001052 -0.0002136296 -0.0002441481 0.0000000000
138 0.0000001034 -0.0002089529 -0.0002444543 0.0000001211 -0.0002136296 -0.0002746666 0.0000000009
139 0.0000000999 -0.0002038513 -0.0002415137 0.0000001211 -0.0002136296 -0.0002746666 0.0000000012
140 0.0000000965 -0.0001988975 -0.0002386425 0.0000001052 -0.0002136296 -0.0002441481 0.0000000002
141 0.0000000933 -0.0001940857 -0.0002358382 0.0000001052 -0.0002136296 -0.0002441481 0.0000000005
142 0.0000000902 -0.0001894102 -0.0002330982 0.0000001052 -0.0002136296 -0.0002441481 0.0000000007
143 0.0000000873 -0.0001848657 -0.0002304202 0.0000000931 -0.0001831111 -0.0002441481 0.0000000002
144 0.0000000845 -0.0001804470 -0.0002278018 0.0000000931 -0.0001831111 -0.0002441481 0.0000000003
145 0.0000000818 -0.0001761493 -0.0002252410 0.0000000931 -0.0001831111 -0.0002441481 0.0000000004
146 0.0000000792 -0.0001719680 -0.0002227358 0.0000000931 -0.0001831111 -0.0002441481 0.0000000006
147 0.0000000767 -0.0001678988 -0.0002202841 0.0000000931 -0.0001831111 -0.0002441481 0.0000000008
148 0.0000000743 -0.0001639375 -0.0002178841 0.0000000931 -0.0001831111 -0.0002441481 0.0000000011
149 0.0000000721 -0.0001600801 -0.0002155340 0.0000000931 -0.0001831111 -0.0002441481 0.0000000013
150 0.0000000699 -0.0001563229 -0.0002132322 0.0000000792 -0.0001831111 -0.0002136296 0.0000000007
151 0.0000000678 -0.0001526622 -0.0002109771 0.0000000792 -0.0001831111 -0.0002136296 0.0000000009
152 0.0000000658 -0.0001490947 -0.0002087670 0.0000000792 -0.0001831111 -0.0002136296 0.0000000012
153 0.0000000639 -0.0001456171 -0.0002066006 0.0000000792 -0.0001831111 -0.0002136296 0.0000000015
154 0.0000000620 -0.0001422262 -0.0002044765 0.0000000605 -0.0001220740 -0.0002136296 0.0000000005
155 0.0000000603 -0.0001389190 -0.0002023932 0.0000000689 -0.0001525925 -0.0002136296 0.0000000003
156 0.0000000586 -0.0001356928 -0.0002003495 0.0000000689 -0.0001525925 -0.0002136296 0.0000000005
157 0.0000000569 -0.0001325447 -0.0001983442 0.0000000689 -0.0001525925 -0.0002136296 0.0000000006
158 0.0000000553 -0.0001294722 -0.0001963761 0.0000000689 -0.0001525925 -0.0002136296 0.0000000008
159 0.0000000538 -0.0001264727 -0.0001944441 0.0000000689 -0.0001525925 -0.0002136296 0.0000000011
160 0.0000000523 -0.0001235440 -0.0001925470 0.0000000689 -0.0001525925 -0.0002136296 0.0000000013
161 0.0000000509 -0.0001206836 -0.0001906839 0.0000000605 -0.0001220740 -0.0002136296 0.0000000005
162 0.0000000496 -0.0001178894 -0.0001888537 0.0000000484 -0.0001220740 -0.0001831111 0.0000000001
163 0.0000000483 -0.0001151594 -0.0001870555 0.0000000605 -0.0001220740 -0.0002136296 0.0000000008
164 0.0000000470 -0.0001124913 -0.0001852883 0.0000000605 -0.0001220740 -0.0002136296 0.0000000009
165 0.0000000458 -0.0001098835 -0.0001835513 0.0000000484 -0.0001220740 -0.0001831111 0.0000000001
166 0.0000000446 -0.0001073339 -0.0001818436 0.0000000605 -0.0001220740 -0.0002136296 0.0000000012
167 0.0000000435 -0.0001048407 -0.0001801644 0.0000000484 -0.0001220740 -0.0001831111 0.0000000003
168 0.0000000424 -0.0001024024 -0.0001785129 0.0000000484 -0.0001220740 -0.0001831111 0.0000000004
169 0.0000000413 -0.0001000172 -0.0001768884 0.0000000484 -0.0001220740 -0.0001831111 0.0000000005
170 0.0000000403 -0.0000976835 -0.0001752901 0.0000000484 -0.0001220740 -0.0001831111 0.0000000007
171 0.0000000393 -0.0000953998 -0.0001737173 0.0000000484 -0.0001220740 -0.0001831111 0.0000000008
172 0.0000000383 -0.0000931647 -0.0001721693 0.0000000484 -0.0001220740 -0.0001831111 0.0000000010
173 0.0000000374 -0.0000909768 -0.0001706455 0.0000000419 -0.0000915555 -0.0001831111 0.0000000002
174 0.0000000365 -0.0000888346 -0.0001691452 0.0000000484 -0.0001220740 -0.0001831111 0.0000000013
175 0.0000000356 -0.0000867369 -0.0001676679 0.0000000419 -0.0000915555 -0.0001831111 0.0000000003
176 0.0000000348 -0.0000846824 -0.0001662129 0.0000000484 -0.0001220740 -0.0001831111 0.0000000017
177 0.0000000340 -0.0000826699 -0.0001647797 0.0000000484 -0.0001220740 -0.0001831111 0.0000000019
178 0.0000000332 -0.0000806983 -0.0001633678 0.0000000419 -0.0000915555 -0.0001831111 0.0000000005
179 0.0000000324 -0.0000787663 -0.0001619765 0.0000000419 -0.0000915555 -0.0001831111 0.0000000006
180 0.0000000317 -0.0000768730 -0.0001606055 0.0000000317 -0.0000915555 -0.0001525925 0.0000000003
181 0.0000000310 -0.0000750172 -0.0001592541 0.0000000419 -0.0000915555 -0.0001831111 0.0000000008
182 0.0000000303 -0.0000731979 -0.0001579220 0.0000000373 -0.0000610370 -0.0001831111 0.0000000008
183 0.0000000296 -0.0000714143 -0.0001566086 0.0000000270 -0.0000610370 -0.0001525925 0.0000000001
184 0.0000000290 -0.0000696653 -0.0001553135 0.0000000419 -0.0000915555 -0.0001831111 0.0000000013
185 0.0000000283 -0.0000679499 -0.0001540363 0.0000000317 -0.0000915555 -0.0001525925 0.0000000006
186 0.0000000277 -0.0000662674 -0.0001527765 0.0000000419 -0.0000915555 -0.0001831111 0.0000000016
187 0.0000000271 -0.0000646169 -0.0001515338 0.0000000317 -0.0000915555 -0.0001525925 0.0000000007
188 0.0000000266 -0.0000629976 -0.0001503078 0.0000000317 -0.0000915555 -0.0001525925 0.0000000008
189 0.0000000260 -0.0000614086 -0.0001490981 0.0000000270 -0.0000610370 -0.0001525925 0.0000000000
190 0.0000000255 -0.0000598492 -0.0001479042 0.0000000270 -0.0000610370 -0.0001525925 0.0000000000
191 0.0000000249 -0.0000583186 -0.0001467259 0.0000000270 -0.0000610370 -0.0001525925 0.0000000000
192 0.0000000244 -0.0000568162 -0.0001455628 0.0009766230 -0.0312509537 -0.0000305185 0.0009730875
193 0.0000000239 -0.0000553411 -0.0001444146 0.0000000419 -0.0000915555 -0.0001831111 0.0000000028
194 0.0000000234 -0.0000538928 -0.0001432809 0.0000000270 -0.0000610370 -0.0001525925 0.0000000001
195 0.0000000230 -0.0000524707 -0.0001421614 0.0000000373 -0.0000610370 -0.0001831111 0.0000000018
196 0.0000000225 -0.0000510739 -0.0001410558 0.0000000270 -0.0000610370 -0.0001525925 0.0000000002
197 0.0000000221 -0.0000497020 -0.0001399639 0.0000000270 -0.0000610370 -0.0001525925 0.0000000003
198 0.0000000216 -0.0000483544 -0.0001388853 0.0000000270 -0.0000610370 -0.0001525925 0.0000000003
199 0.0000000212 -0.0000470304 -0.0001378197 0.0000000373 -0.0000610370 -0.0001831111 0.0000000022
200 0.0000000208 -0.0000457295 -0.0001367669 0.0000000270 -0.0000610370 -0.0001525925 0.0000000005
201 0.0000000204 -0.0000444512 -0.0001357266 0.0000000270 -0.0000610370 -0.0001525925 0.0000000006
202 0.0000000200 -0.0000431950 -0.0001346986 0.0000000270 -0.0000610370 -0.0001525925 0.0000000006
203 0.0000000196 -0.0000419602 -0.0001336825 0.0000000270 -0.0000610370 -0.0001525925 0.0000000007
204 0.0000000193 -0.0000407465 -0.0001326782 0.0000000270 -0.0000610370 -0.0001525925 0.0000000008
205 0.0000000189 -0.0000395534 -0.0001316854 0.0000000242 -0.0000305185 -0.0001525925 0.0000000005
206 0.0000000186 -0.0000383803 -0.0001307039 0.0000000270 -0.0000610370 -0.0001525925 0.0000000010
207 0.0000000182 -0.0000372269 -0.0001297335 0.0000000270 -0.0000610370 -0.0001525925 0.0000000011
208 0.0000000179 -0.0000360926 -0.0001287739 0.0000000270 -0.0000610370 -0.0001525925 0.0000000012
209 0.0000000176 -0.0000349772 -0.0001278249 0.0000000186 -0.0000610370 -0.0001220740 0.0000000007
210 0.0000000172 -0.0000338800 -0.0001268863 0.0000000186 -0.0000610370 -0.0001220740 0.0000000008
211 0.0000000169 -0.0000328009 -0.0001259579 0.0000000186 -0.0000610370 -0.0001220740 0.0000000008
212 0.0000000166 -0.0000317392 -0.0001250396 0.0000000270 -0.0000610370 -0.0001525925 0.0000000016
213 0.0000000164 -0.0000306948 -0.0001241311 0.0000000158 -0.0000305185 -0.0001220740 0.0000000000
214 0.0000000161 -0.0000296671 -0.0001232322 0.0000000270 -0.0000610370 -0.0001525925 0.0000000018
215 0.0000000158 -0.0000286559 -0.0001223428 0.0000000270 -0.0000610370 -0.0001525925 0.0000000020
216 0.0000000155 -0.0000276608 -0.0001214627 0.0000000242 -0.0000305185 -0.0001525925 0.0000000010
217 0.0000000153 -0.0000266814 -0.0001205917 0.0000000158 -0.0000305185 -0.0001220740 0.0000000000
218 0.0000000150 -0.0000257175 -0.0001197296 0.0000000158 -0.0000305185 -0.0001220740 0.0000000000
219 0.0000000147 -0.0000247686 -0.0001188763 0.0000000242 -0.0000305185 -0.0001525925 0.0000000012
220 0.0000000145 -0.0000238345 -0.0001180316 0.0000000158 -0.0000305185 -0.0001220740 0.0000000001
221 0.0000000143 -0.0000229149 -0.0001171954 0.0000000242 -0.0000305185 -0.0001525925 0.0000000013
222 0.0000000140 -0.0000220095 -0.0001163675 0.0000000158 -0.0000305185 -0.0001220740 0.0000000001
223 0.0000000138 -0.0000211180 -0.0001155477 0.0000000158 -0.0000305185 -0.0001220740 0.0000000001
224 0.0000000136 -0.0000202401 -0.0001147360 0.0000000158 -0.0000305185 -0.0001220740 0.0000000002
225 0.0000000134 -0.0000193755 -0.0001139321 0.0000000158 -0.0000305185 -0.0001220740 0.0000000002
226 0.0000000131 -0.0000185240 -0.0001131359 0.0000000242 -0.0000305185 -0.0001525925 0.0000000017
227 0.0000000129 -0.0000176852 -0.0001123474 0.0000000242 -0.0000305185 -0.0001525925 0.0000000018
228 0.0000000127 -0.0000168590 -0.0001115663 0.0000000158 -0.0000305185 -0.0001220740 0.0000000003
229 0.0000000125 -0.0000160452 -0.0001107925 0.0000000158 -0.0000305185 -0.0001220740 0.0000000003
230 0.0000000123 -0.0000152434 -0.0001100260 0.0000000158 -0.0000305185 -0.0001220740 0.0000000004
231 0.0000000121 -0.0000144534 -0.0001092665 0.0000000158 -0.0000305185 -0.0001220740 0.0000000004
232 0.0000000120 -0.0000136750 -0.0001085140 0.0000000158 -0.0000305185 -0.0001220740 0.0000000005
233 0.0000000118 -0.0000129079 -0.0001077684 0.0000000158 -0.0000305185 -0.0001220740 0.0000000005
234 0.0000000116 -0.0000121521 -0.0001070295 0.0000000149 0.0000000000 -0.0001220740 0.0000000004
235 0.0000000114 -0.0000114071 -0.0001062972 0.0000000158 -0.0000305185 -0.0001220740 0.0000000006
236 0.0000000113 -0.0000106729 -0.0001055714 0.0000000158 -0.0000305185 -0.0001220740 0.0000000007
237 0.0000000111 -0.0000099492 -0.0001048520 0.0000000158 -0.0000305185 -0.0001220740 0.0000000007
238 0.0000000109 -0.0000092359 -0.0001041389 0.0000000158 -0.0000305185 -0.0001220740 0.0000000008
239 0.0000000108 -0.0000085327 -0.0001034320 0.0000000158 -0.0000305185 -0.0001220740 0.0000000008
240 0.0000000106 -0.0000078395 -0.0001027312 0.0000000242 -0.0000305185 -0.0001525925 0.0000000030
241 0.0000000105 -0.0000071560 -0.0001020364 0.0000000158 -0.0000305185 -0.0001220740 0.0000000009
242 0.0000000103 -0.0000064821 -0.0001013475 0.0000000158 -0.0000305185 -0.0001220740 0.0000000010
243 0.0000000102 -0.0000058176 -0.0001006644 0.0000000149 0.0000000000 -0.0001220740 0.0000000005
244 0.0000000100 -0.0000051624 -0.0000999870 0.0000000149 0.0000000000 -0.0001220740 0.0000000005
245 0.0000000099 -0.0000045162 -0.0000993153 0.0000000093 -0.0000305185 -0.0000915555 0.0000000007
246 0.0000000097 -0.0000038789 -0.0000986491 0.0000000093 -0.0000305185 -0.0000915555 0.0000000008
247 0.0000000096 -0.0000032504 -0.0000979883 0.0000000084 0.0000000000 -0.0000915555 0.0000000001
248 0.0000000095 -0.0000026305 -0.0000973329 0.0000000158 -0.0000305185 -0.0001220740 0.0000000014
249 0.0000000094 -0.0000020191 -0.0000966827 0.0000000158 -0.0000305185 -0.0001220740 0.0000000015
250 0.0000000092 -0.0000014159 -0.0000960378 0.0000000158 -0.0000305185 -0.0001220740 0.0000000015
251 0.0000000091 -0.0000008209 -0.0000953980 0.0000000158 -0.0000305185 -0.0001220740 0.0000000016
252 0.0000000090 -0.0000002339 -0.0000947632 0.0000000158 -0.0000305185 -0.0001220740 0.0000000017
253 0.0000000089 0.0000003453 -0.0000941334 0.0000000149 0.0000000000 -0.0001220740 0.0000000008
254 0.0000000087 0.0000009167 -0.0000935084 0.0000000158 -0.0000305185 -0.0001220740 0.0000000018
255 0.0000000086 0.0000014805 -0.0000928883 0.0000000149 0.0000000000 -0.0001220740 0.0000000009
256 0.0000000085 0.0000020369 -0.0000922729 0.0000000931 0.0000000000 -0.0003051851 0.0000000453
257 0.0000000084 0.0000025859 -0.0000916622 0.0000000149 0.0000000000 -0.0001220740 0.0000000009
258 0.0000000083 0.0000031276 -0.0000910561 0.0000000149 0.0000000000 -0.0001220740 0.0000000010
259 0.0000000082 0.0000036623 -0.0000904546 0.0000000084 0.0000000000 -0.0000915555 0.0000000000
260 0.0000000081 0.0000041900 -0.0000898575 0.0000000093 -0.0000305185 -0.0000915555 0.0000000012
261 0.0000000080 0.0000047108 -0.0000892648 0.0000000084 0.0000000000 -0.0000915555 0.0000000000
262 0.0000000079 0.0000052249 -0.0000886764 0.0000000084 0.0000000000 -0.0000915555 0.0000000000
263 0.0000000078 0.0000057324 -0.0000880923 0.0000000084 0.0000000000 -0.0000915555 0.0000000000
264 0.0000000077 0.0000062333 -0.0000875124 0.0000000084 0.0000000000 -0.0000915555 0.0000000001
265 0.0000000076 0.0000067278 -0.0000869367 0.0000000084 0.0000000000 -0.0000915555 0.0000000001
266 0.0000000075 0.0000072160 -0.0000863651 0.0000000084 0.0000000000 -0.0000915555 0.0000000001
267 0.0000000074 0.0000076980 -0.0000857975 0.0000000037 0.0000000000 -0.0000610370 0.0000000007
268 0.0000000073 0.0000081738 -0.0000852339 0.0000000084 0.0000000000 -0.0000915555 0.0000000001
269 0.0000000072 0.0000086436 -0.0000846742 0.0000000084 0.0000000000 -0.0000915555 0.0000000001
270 0.0000000072 0.0000091076 -0.0000841184 0.0000000084 0.0000000000 -0.0000915555 0.0000000001
271 0.0000000071 0.0000095656 -0.0000835664 0.0000000149 0.0000000000 -0.0001220740 0.0000000016
272 0.0000000070 0.0000100180 -0.0000830181 0.0000000149 0.0000000000 -0.0001220740 0.0000000016
273 0.0000000069 0.0000104647 -0.0000824736 0.0000000084 0.0000000000 -0.0000915555 0.0000000002
274 0.0000000068 0.0000109058 -0.0000819327 0.0000000084 0.0000000000 -0.0000915555 0.0000000002
275 0.0000000068 0.0000113415 -0.0000813954 0.0000000084 0.0000000000 -0.0000915555 0.0000000002
276 0.0000000067 0.0000117718 -0.0000808616 0.0000000084 0.0000000000 -0.0000915555 0.0000000003
277 0.0000000066 0.0000121968 -0.0000803314 0.0000000084 0.0000000000 -0.0000915555 0.0000000003
278 0.0000000065 0.0000126166 -0.0000798046 0.0000000084 0.0000000000 -0.0000915555 0.0000000003
279 0.0000000065 0.0000130312 -0.0000792813 0.0000000084 0.0000000000 -0.0000915555 0.0000000003
280 0.0000000064 0.0000134408 -0.0000787613 0.0000000084 0.0000000000 -0.0000915555 0.0000000003
281 0.0000000063 0.0000138453 -0.0000782446 0.0000000084 0.0000000000 -0.0000915555 0.0000000004
282 0.0000000062 0.0000142450 -0.0000777312 0.0000000084 0.0000000000 -0.0000915555 0.0000000004
283 0.0000000062 0.0000146398 -0.0000772210 0.0000000093 -0.0000305185 -0.0000915555 0.0000000022
284 0.0000000061 0.0000150299 -0.0000767141 0.0000000084 0.0000000000 -0.0000915555 0.0000000004
285 0.0000000060 0.0000154152 -0.0000762102 0.0000000084 0.0000000000 -0.0000915555 0.0000000005
286 0.0000000060 0.0000157960 -0.0000757095 0.0000000084 0.0000000000 -0.0000915555 0.0000000005
287 0.0000000059 0.0000161721 -0.0000752118 0.0000000084 0.0000000000 -0.0000915555 0.0000000005
288 0.0000000059 0.0000165438 -0.0000747172 0.0000000084 0.0000000000 -0.0000915555 0.0000000006
289 0.0000000058 0.0000169111 -0.0000742255 0.0000000084 0.0000000000 -0.0000915555 0.0000000006
290 0.0000000057 0.0000172740 -0.0000737368 0.0000000084 0.0000000000 -0.0000915555 0.0000000006
291 0.0000000057 0.0000176326 -0.0000732510 0.0000000084 0.0000000000 -0.0000915555 0.0000000006
292 0.0000000056 0.0000179869 -0.0000727681 0.0000000084 0.0000000000 -0.0000915555 0.0000000007
293 0.0000000056 0.0000183371 -0.0000722880 0.0000000093 0.0000305185 -0.0000915555 0.0000000005
294 0.0000000055 0.0000186832 -0.0000718107 0.0000000084 0.0000000000 -0.0000915555 0.0000000007
295 0.0000000055 0.0000190252 -0.0000713361 0.0000000093 0.0000305185 -0.0000915555 0.0000000005
296 0.0000000054 0.0000193632 -0.0000708643 0.0000000084 0.0000000000 -0.0000915555 0.0000000008
297 0.0000000053 0.0000196972 -0.0000703951 0.0000000084 0.0000000000 -0.0000915555 0.0000000008
298 0.0000000053 0.0000200274 -0.0000699286 0.0000000084 0.0000000000 -0.0000915555 0.0000000009
299 0.0000000052 0.0000203537 -0.0000694648 0.0000000084 0.0000000000 -0.0000915555 0.0000000009
300 0.0000000052 0.0000206763 -0.0000690035 0.0000000037 0.0000000000 -0.0000610370 0.0000000005
301 0.0000000051 0.0000209951 -0.0000685448 0.0000000084 0.0000000000 -0.0000915555 0.0000000010
302 0.0000000051 0.0000213102 -0.0000680886 0.0000000084 0.0000000000 -0.0000915555 0.0000000010
303 0.0000000050 0.0000216218 -0.0000676349 0.0000000037 0.0000000000 -0.0000610370 0.0000000005
304 0.0000000050 0.0000219297 -0.0000671836 0.0000000084 0.0000000000 -0.0000915555 0.0000000011
305 0.0000000049 0.0000222341 -0.0000667348 0.0000000037 0.0000000000 -0.0000610370 0.0000000005
306 0.0000000049 0.0000225350 -0.0000662884 0.0000000084 0.0000000000 -0.0000915555 0.0000000011
307 0.0000000049 0.0000228325 -0.0000658443 0.0000000084 0.0000000000 -0.0000915555 0.0000000012
308 0.0000000048 0.0000231265 -0.0000654026 0.0000000093 0.0000305185 -0.0000915555 0.0000000007
309 0.0000000048 0.0000234173 -0.0000649632 0.0000000037 0.0000000000 -0.0000610370 0.0000000006
310 0.0000000047 0.0000237047 -0.0000645261 0.0000000037 0.0000000000 -0.0000610370 0.0000000006
311 0.0000000047 0.0000239889 -0.0000640912 0.0000000084 0.0000000000 -0.0000915555 0.0000000013
312 0.0000000046 0.0000242699 -0.0000636586 0.0000000037 0.0000000000 -0.0000610370 0.0000000006
313 0.0000000046 0.0000245476 -0.0000632281 0.0000000084 0.0000000000 -0.0000915555 0.0000000014
314 0.0000000046 0.0000248223 -0.0000627999 0.0000000084 0.0000000000 -0.0000915555 0.0000000014
315 0.0000000045 0.0000250939 -0.0000623737 0.0000000084 0.0000000000 -0.0000915555 0.0000000015
316 0.0000000045 0.0000253624 -0.0000619497 0.0000000037 0.0000000000 -0.0000610370 0.0000000006
317 0.0000000044 0.0000256279 -0.0000615278 0.0000000084 0.0000000000 -0.0000915555 0.0000000016
318 0.0000000044 0.0000258904 -0.0000611080 0.0000000084 0.0000000000 -0.0000915555 0.0000000016
319 0.0000000044 0.0000261499 -0.0000606902 0.0000000158 0.0000305185 -0.0001220740 0.0000000038
320 0.0000000043 0.0000264066 -0.0000602744 0.0001985747 -0.0020142216 0.0139469588 0.0002003667
321 0.0000000043 0.0000266604 -0.0000598607 0.0000000009 0.0000000000 -0.0000305185 0.0000000016
322 0.0000000043 0.0000269114 -0.0000594489 0.0000000047 0.0000305185 -0.0000610370 0.0000000000
323 0.0000000042 0.0000271596 -0.0000590390 0.0000000037 0.0000000000 -0.0000610370 0.0000000007
324 0.0000000042 0.0000274051 -0.0000586311 0.0000000037 0.0000000000 -0.0000610370 0.0000000008
325 0.0000000042 0.0000276478 -0.0000582251 0.0000000037 0.0000000000 -0.0000610370 0.0000000008
326 0.0000000041 0.0000278878 -0.0000578209 0.0000000037 0.0000000000 -0.0000610370 0.0000000008
327 0.0000000041 0.0000281252 -0.0000574186 0.0000000037 0.0000000000 -0.0000610370 0.0000000008
328 0.0000000041 0.0000283599 -0.0000570182 0.0000000037 0.0000000000 -0.0000610370 0.0000000008
329 0.0000000040 0.0000285920 -0.0000566195 0.0000000037 0.0000000000 -0.0000610370 0.0000000008
330 0.0000000040 0.0000288216 -0.0000562227 0.0000000037 0.0000000000 -0.0000610370 0.0000000009
331 0.0000000040 0.0000290487 -0.0000558276 0.0000000047 0.0000305185 -0.0000610370 0.0000000000
332 0.0000000039 0.0000292732 -0.0000554342 0.0000000037 0.0000000000 -0.0000610370 0.0000000009
333 0.0000000039 0.0000294953 -0.0000550426 0.0000000037 0.0000000000 -0.0000610370 0.0000000009
334 0.0000000039 0.0000297149 -0.0000546527 0.0000000047 0.0000305185 -0.0000610370 0.0000000000
335 0.0000000038 0.0000299321 -0.0000542645 0.0000000037 0.0000000000 -0.0000610370 0.0000000009
336 0.0000000038 0.0000301469 -0.0000538780 0.0000000037 0.0000000000 -0.0000610370 0.0000000010
337 0.0000000038 0.0000303594 -0.0000534931 0.0000000037 0.0000000000 -0.0000610370 0.0000000010
338 0.0000000038 0.0000305696 -0.0000531099 0.0000000037 0.0000000000 -0.0000610370 0.0000000010
339 0.0000000037 0.0000307774 -0.0000527282 0.0000000037 0.0000000000 -0.0000610370 0.0000000010
340 0.0000000037 0.0000309829 -0.0000523482 0.0000000037 0.0000000000 -0.0000610370 0.0000000010
341 0.0000000037 0.0000311863 -0.0000519697 0.0000000037 0.0000000000 -0.0000610370 0.0000000011
342 0.0000000036 0.0000313873 -0.0000515928 0.0000000047 0.0000305185 -0.0000610370 0.0000000001
343 0.0000000036 0.0000315862 -0.0000512174 0.0000000037 0.0000000000 -0.0000610370 0.0000000011
344 0.0000000036 0.0000317829 -0.0000508435 0.0000000047 0.0000305185 -0.0000610370 0.0000000001
345 0.0000000036 0.0000319775 -0.0000504711 0.0000000047 0.0000305185 -0.0000610370 0.0000000001
346 0.0000000035 0.0000321699 -0.0000501003 0.0000000047 0.0000305185 -0.0000610370 0.0000000001
347 0.0000000035 0.0000323602 -0.0000497308 0.0000000037 0.0000000000 -0.0000610370 0.0000000012
348 0.0000000035 0.0000325484 -0.0000493629 0.0000000037 0.0000000000 -0.0000610370 0.0000000012
349 0.0000000035 0.0000327346 -0.0000489964 0.0000000047 0.0000305185 -0.0000610370 0.0000000001
350 0.0000000034 0.0000329188 -0.0000486312 0.0000000047 0.0000305185 -0.0000610370 0.0000000002
351 0.0000000034 0.0000331009 -0.0000482675 0.0000000047 0.0000305185 -0.0000610370 0.0000000002
352 0.0000000034 0.0000332810 -0.0000479052 0.0000000037 0.0000000000 -0.0000610370 0.0000000013
353 0.0000000034 0.0000334592 -0.0000475442 0.0000000037 0.0000000000 -0.0000610370 0.0000000013
354 0.0000000034 0.0000336354 -0.0000471846 0.0000000037 0.0000000000 -0.0000610370 0.0000000013
355 0.0000000033 0.0000338097 -0.0000468264 0.0000000037 0.0000000000 -0.0000610370 0.0000000013
356 0.0000000033 0.0000339821 -0.0000464694 0.0000000047 0.0000305185 -0.0000610370 0.0000000002
357 0.0000000033 0.0000341526 -0.0000461138 0.0000000047 0.0000305185 -0.0000610370 0.0000000002
358 0.0000000033 0.0000343212 -0.0000457594 0.0000000047 0.0000305185 -0.0000610370 0.0000000002
359 0.0000000033 0.0000344880 -0.0000454064 0.0000000037 0.0000000000 -0.0000610370 0.0000000014
360 0.0000000032 0.0000346530 -0.0000450546 0.0000000047 0.0000305185 -0.0000610370 0.0000000003
361 0.0000000032 0.0000348161 -0.0000447040 0.0000000019 0.0000305185 -0.0000305185 0.0000000002
362 0.0000000032 0.0000349774 -0.0000443547 0.0000000047 0.0000305185 -0.0000610370 0.0000000003
363 0.0000000032 0.0000351370 -0.0000440066 0.0000000037 0.0000000000 -0.0000610370 0.0000000015
364 0.0000000032 0.0000352948 -0.0000436596 0.0000000047 0.0000305185 -0.0000610370 0.0000000003
365 0.0000000031 0.0000354509 -0.0000433139 0.0000000009 0.0000000000 -0.0000305185 0.0000000014
366 0.0000000031 0.0000356053 -0.0000429694 0.0000000037 0.0000000000 -0.0000610370 0.0000000016
367 0.0000000031 0.0000357579 -0.0000426260 0.0000000037 0.0000000000 -0.0000610370 0.0000000016
368 0.0000000031 0.0000359089 -0.0000422838 0.0000000047 0.0000305185 -0.0000610370 0.0000000004
369 0.0000000031 0.0000360582 -0.0000419427 0.0000000037 0.0000000000 -0.0000610370 0.0000000017
370 0.0000000030 0.0000362058 -0.0000416027 0.0000000047 0.0000305185 -0.0000610370 0.0000000004
371 0.0000000030 0.0000363518 -0.0000412639 0.0000000037 0.0000000000 -0.0000610370 0.0000000017
372 0.0000000030 0.0000364962 -0.0000409261 0.0000000019 0.0000305185 -0.0000305185 0.0000000001
373 0.0000000030 0.0000366390 -0.0000405895 0.0000000047 0.0000305185 -0.0000610370 0.0000000005
374 0.0000000030 0.0000367802 -0.0000402539 0.0000000047 0.0000305185 -0.0000610370 0.0000000005
375 0.0000000030 0.0000369198 -0.0000399193 0.0000000047 0.0000305185 -0.0000610370 0.0000000005
376 0.0000000029 0.0000370578 -0.0000395858 0.0000000047 0.0000305185 -0.0000610370 0.0000000005
377 0.0000000029 0.0000371943 -0.0000392534 0.0000000047 0.0000305185 -0.0000610370 0.0000000005
378 0.0000000029 0.0000373293 -0.0000389219 0.0000000037 0.0000000000 -0.0000610370 0.0000000019
379 0.0000000029 0.0000374628 -0.0000385915 0.0000000047 0.0000305185 -0.0000610370 0.0000000006
380 0.0000000029 0.0000375947 -0.0000382621 0.0000000047 0.0000305185 -0.0000610370 0.0000000006
381 0.0000000029 0.0000377252 -0.0000379336 0.0000000047 0.0000305185 -0.0000610370 0.0000000006
382 0.0000000028 0.0000378542 -0.0000376062 0.0000000047 0.0000305185 -0.0000610370 0.0000000006
383 0.0000000028 0.0000379817 -0.0000372797 0.0000000037 0.0000000000 -0.0000610370 0.0000000020
384 0.0000000028 0.0000381078 -0.0000369541 0.0005733805 -0.0221259194 -0.0091555528 0.0005743929
385 0.0000000028 0.0000382324 -0.0000366295 0.0000000019 0.0000305185 -0.0000305185 0.0000000001
386 0.0000000028 0.0000383556 -0.0000363059 0.0000000047 0.0000305185 -0.0000610370 0.0000000007
387 0.0000000028 0.0000384774 -0.0000359831 0.0000000047 0.0000305185 -0.0000610370 0.0000000007
388 0.0000000028 0.0000385978 -0.0000356613 0.0000000037 0.0000000000 -0.0000610370 0.0000000021
389 0.0000000027 0.0000387168 -0.0000353403 0.0000000037 0.0000000000 -0.0000610370 0.0000000022
390 0.0000000027 0.0000388345 -0.0000350203 0.0000000037 0.0000000000 -0.0000610370 0.0000000022
391 0.0000000027 0.0000389508 -0.0000347011 0.0000000047 0.0000305185 -0.0000610370 0.0000000008
392 0.0000000027 0.0000390657 -0.0000343828 0.0000000009 0.0000000000 -0.0000305185 0.0000000015
393 0.0000000027 0.0000391793 -0.0000340653 0.0000000037 0.0000000000 -0.0000610370 0.0000000023
394 0.0000000027 0.0000392916 -0.0000337487 0.0000000047 0.0000305185 -0.0000610370 0.0000000008
395 0.0000000027 0.0000394025 -0.0000334329 0.0000000047 0.0000305185 -0.0000610370 0.0000000008
396 0.0000000027 0.0000395121 -0.0000331180 0.0000000019 0.0000305185 -0.0000305185 0.0000000001
397 0.0000000026 0.0000396205 -0.0000328038 0.0000000047 0.0000305185 -0.0000610370 0.0000000009
398 0.0000000026 0.0000397276 -0.0000324905 0.0000000019 0.0000305185 -0.0000305185 0.0000000001
399 0.0000000026 0.0000398333 -0.0000321779 0.0000000037 0.0000000000 -0.0000610370 0.0000000024
400 0.0000000026 0.0000399379 -0.0000318662 0.0000000047 0.0000305185 -0.0000610370 0.0000000009
401 0.0000000026 0.0000400411 -0.0000315552 0.0000000047 0.0000305185 -0.0000610370 0.0000000010
402 0.0000000026 0.0000401432 -0.0000312450 0.0000000047 0.0000305185 -0.0000610370 0.0000000010
403 0.0000000026 0.0000402440 -0.0000309355 0.0000000019 0.0000305185 -0.0000305185 0.0000000001
404 0.0000000026 0.0000403435 -0.0000306268 0.0000000019 0.0000305185 -0.0000305185 0.0000000001
405 0.0000000026 0.0000404419 -0.0000303189 0.0000000009 0.0000000000 -0.0000305185 0.0000000016
406 0.0000000025 0.0000405390 -0.0000300116 0.0000000009 0.0000000000 -0.0000305185 0.0000000016
407 0.0000000025 0.0000406350 -0.0000297051 0.0000000037 0.0000000000 -0.0000610370 0.0000000026
408 0.0000000025 0.0000407298 -0.0000293993 0.0000000019 0.0000305185 -0.0000305185 0.0000000001
409 0.0000000025 0.0000408234 -0.0000290942 0.0000000019 0.0000305185 -0.0000305185 0.0000000001
410 0.0000000025 0.0000409158 -0.0000287898 0.0000000019 0.0000305185 -0.0000305185 0.0000000001
411 0.0000000025 0.0000410070 -0.0000284860 0.0000000047 0.0000305185 -0.0000610370 0.0000000012
412 0.0000000025 0.0000410971 -0.0000281830 0.0000000047 0.0000305185 -0.0000610370 0.0000000012
413 0.0000000025 0.0000411861 -0.0000278806 0.0000000019 0.0000305185 -0.0000305185 0.0000000001
414 0.0000000025 0.0000412739 -0.0000275788 0.0000000019 0.0000305185 -0.0000305185 0.0000000001
415 0.0000000025 0.0000413606 -0.0000272777 0.0000000047 0.0000305185 -0.0000610370 0.0000000013
416 0.0000000024 0.0000414462 -0.0000269773 0.0000000019 0.0000305185 -0.0000305185 0.0000000001
417 0.0000000024 0.0000415307 -0.0000266775 0.0000000009 0.0000000000 -0.0000305185 0.0000000017
418 0.0000000024 0.0000416141 -0.0000263783 0.0000000019 0.0000305185 -0.0000305185 0.0000000001
419 0.0000000024 0.0000416963 -0.0000260797 0.0000000019 0.0000305185 -0.0000305185 0.0000000001
420 0.0000000024 0.0000417775 -0.0000257817 0.0000000047 0.0000305185 -0.0000610370 0.0000000014
421 0.0000000024 0.0000418576 -0.0000254843 0.0000000019 0.0000305185 -0.0000305185 0.0000000002
422 0.0000000024 0.0000419367 -0.0000251875 0.0000000019 0.0000305185 -0.0000305185 0.0000000002
423 0.0000000024 0.0000420146 -0.0000248913 0.0000000019 0.0000305185 -0.0000305185 0.0000000002
424 0.0000000024 0.0000420915 -0.0000245957 0.0000000019 0.0000305185 -0.0000305185 0.0000000002
425 0.0000000024 0.0000421674 -0.0000243006 0.0000000009 0.0000000000 -0.0000305185 0.0000000018
426 0.0000000024 0.0000422422 -0.0000240061 0.0000000019 0.0000305185 -0.0000305185 0.0000000002
427 0.0000000024 0.0000423160 -0.0000237122 0.0000000047 0.0000305185 -0.0000610370 0.0000000015
428 0.0000000023 0.0000423887 -0.0000234188 0.0000000019 0.0000305185 -0.0000305185 0.0000000002
429 0.0000000023 0.0000424604 -0.0000231259 0.0000000047 0.0000305185 -0.0000610370 0.0000000016
430 0.0000000023 0.0000425311 -0.0000228335 0.0000000019 0.0000305185 -0.0000305185 0.0000000002
431 0.0000000023 0.0000426008 -0.0000225417 0.0000000019 0.0000305185 -0.0000305185 0.0000000002
432 0.0000000023 0.0000426694 -0.0000222504 0.0000000019 0.0000305185 -0.0000305185 0.0000000002
433 0.0000000023 0.0000427371 -0.0000219596 0.0000000019 0.0000305185 -0.0000305185 0.0000000002
434 0.0000000023 0.0000428038 -0.0000216692 0.0000000047 0.0000305185 -0.0000610370 0.0000000017
435 0.0000000023 0.0000428695 -0.0000213794 0.0000000019 0.0000305185 -0.0000305185 0.0000000002
436 0.0000000023 0.0000429342 -0.0000210901 0.0000000019 0.0000305185 -0.0000305185 0.0000000002
437 0.0000000023 0.0000429979 -0.0000208012 0.0000000009 0.0000000000 -0.0000305185 0.0000000019
438 0.0000000023 0.0000430607 -0.0000205128 0.0000000009 0.0000000000 -0.0000305185 0.0000000020
439 0.0000000023 0.0000431224 -0.0000202248 0.0000000019 0.0000305185 -0.0000305185 0.0000000003
440 0.0000000023 0.0000431833 -0.0000199373 0.0000000019 0.0000305185 -0.0000305185 0.0000000003
441 0.0000000023 0.0000432431 -0.0000196503 0.0000000019 0.0000305185 -0.0000305185 0.0000000003
442 0.0000000023 0.0000433020 -0.0000193637 0.0000000019 0.0000305185 -0.0000305185 0.0000000003
443 0.0000000022 0.0000433600 -0.0000190775 0.0000000019 0.0000305185 -0.0000305185 0.0000000003
444 0.0000000022 0.0000434170 -0.0000187917 0.0000000019 0.0000305185 -0.0000305185 0.0000000003
445 0.0000000022 0.0000434731 -0.0000185064 0.0000000019 0.0000305185 -0.0000305185 0.0000000003
446 0.0000000022 0.0000435283 -0.0000182214 0.0000000019 0.0000305185 -0.0000305185 0.0000000003
447 0.0000000022 0.0000435825 -0.0000179369 0.0000000000 0.0000000000 0.0000000000 0.0000000022
448 0.0000000022 0.0000436359 -0.0000176528 0.0008231876 -0.0286568804 -0.0014038514 0.0008256412
449 0.0000000022 0.0000436883 -0.0000173690 0.0000000075 0.0000610370 -0.0000610370 0.0000000022
450 0.0000000022 0.0000437397 -0.0000170857 0.0000000019 0.0000305185 -0.0000305185 0.0000000004
451 0.0000000022 0.0000437903 -0.0000168027 0.0000000019 0.0000305185 -0.0000305185 0.0000000004
452 0.0000000022 0.0000438400 -0.0000165201 0.0000000019 0.0000305185 -0.0000305185 0.0000000004
453 0.0000000022 0.0000438888 -0.0000162378 0.0000000019 0.0000305185 -0.0000305185 0.0000000004
454 0.0000000022 0.0000439366 -0.0000159559 0.0000000019 0.0000305185 -0.0000305185 0.0000000004
455 0.0000000022 0.0000439836 -0.0000156744 0.0000000019 0.0000305185 -0.0000305185 0.0000000004
456 0.0000000022 0.0000440297 -0.0000153932 0.0000000019 0.0000305185 -0.0000305185 0.0000000004
457 0.0000000022 0.0000440749 -0.0000151123 0.0000000019 0.0000305185 -0.0000305185 0.0000000004
458 0.0000000022 0.0000441193 -0.0000148318 0.0000000019 0.0000305185 -0.0000305185 0.0000000004
459 0.0000000022 0.0000441627 -0.0000145516 0.0000000019 0.0000305185 -0.0000305185 0.0000000004
460 0.0000000022 0.0000442053 -0.0000142717 0.0000000019 0.0000305185 -0.0000305185 0.0000000005
461 0.0000000022 0.0000442470 -0.0000139921 0.0000000019 0.0000305185 -0.0000305185 0.0000000005
462 0.0000000021 0.0000442878 -0.0000137128 0.0000000019 0.0000305185 -0.0000305185 0.0000000005
463 0.0000000021 0.0000443278 -0.0000134338 0.0000000019 0.0000305185 -0.0000305185 0.0000000005
464 0.0000000021 0.0000443670 -0.0000131551 0.0000000019 0.0000305185 -0.0000305185 0.0000000005
465 0.0000000021 0.0000444052 -0.0000128767 0.0000000009 0.0000305185 0.0000000000 0.0000000004
466 0.0000000021 0.0000444426 -0.0000125986 0.0000000019 0.0000305185 -0.0000305185 0.0000000005
467 0.0000000021 0.0000444792 -0.0000123207 0.0000000019 0.0000305185 -0.0000305185 0.0000000005
468 0.0000000021 0.0000445149 -0.0000120431 0.0000000009 0.0000000000 -0.0000305185 0.0000000023
469 0.0000000021 0.0000445498 -0.0000117658 0.0000000019 0.0000305185 -0.0000305185 0.0000000005
470 0.0000000021 0.0000445838 -0.0000114887 0.0000000019 0.0000305185 -0.0000305185 0.0000000006
471 0.0000000021 0.0000446170 -0.0000112118 0.0000000019 0.0000305185 -0.0000305185 0.0000000006
472 0.0000000021 0.0000446494 -0.0000109352 0.0000000019 0.0000305185 -0.0000305185 0.0000000006
473 0.0000000021 0.0000446809 -0.0000106589 0.0000000009 0.0000305185 0.0000000000 0.0000000003
474 0.0000000021 0.0000447116 -0.0000103827 0.0000000009 0.0000000000 -0.0000305185 0.0000000024
475 0.0000000021 0.0000447415 -0.0000101068 0.0000000009 0.0000305185 0.0000000000 0.0000000003
476 0.0000000021 0.0000447705 -0.0000098311 0.0000000019 0.0000305185 -0.0000305185 0.0000000006
477 0.0000000021 0.0000447988 -0.0000095557 0.0000000019 0.0000305185 -0.0000305185 0.0000000006
478 0.0000000021 0.0000448262 -0.0000092804 0.0000000019 0.0000305185 -0.0000305185 0.0000000007
479 0.0000000021 0.0000448527 -0.0000090053 0.0000000009 0.0000305185 0.0000000000 0.0000000003
480 0.0000000021 0.0000448785 -0.0000087304 0.0000000019 0.0000305185 -0.0000305185 0.0000000007
481 0.0000000021 0.0000449035 -0.0000084557 0.0000000019 0.0000305185 -0.0000305185 0.0000000007
482 0.0000000021 0.0000449276 -0.0000081812 0.0000000019 0.0000305185 -0.0000305185 0.0000000007
483 0.0000000021 0.0000449509 -0.0000079068 0.0000000009 0.0000305185 0.0000000000 0.0000000003
484 0.0000000021 0.0000449734 -0.0000076326 0.0000000019 0.0000305185 -0.0000305185 0.0000000007
485 0.0000000021 0.0000449952 -0.0000073586 0.0000000009 0.0000305185 0.0000000000 0.0000000003
486 0.0000000021 0.0000450161 -0.0000070847 0.0000000019 0.0000305185 -0.0000305185 0.0000000008
487 0.0000000021 0.0000450362 -0.0000068110 0.0000000009 0.0000305185 0.0000000000 0.0000000003
488 0.0000000021 0.0000450555 -0.0000065375 0.0000000019 0.0000305185 -0.0000305185 0.0000000008
489 0.0000000021 0.0000450740 -0.0000062640 0.0000000019 0.0000305185 -0.0000305185 0.0000000008
490 0.0000000021 0.0000450917 -0.0000059907 0.0000000019 0.0000305185 -0.0000305185 0.0000000008
491 0.0000000021 0.0000451086 -0.0000057176 0.0000000009 0.0000305185 0.0000000000 0.0000000002
492 0.0000000021 0.0000451247 -0.0000054445 0.0000000009 0.0000305185 0.0000000000 0.0000000002
493 0.0000000021 0.0000451400 -0.0000051716 0.0000000047 0.0000610370 -0.0000305185 0.0000000009
494 0.0000000021 0.0000451546 -0.0000048987 0.0000000009 0.0000305185 0.0000000000 0.0000000002
495 0.0000000021 0.0000451683 -0.0000046260 0.0000000009 0.0000305185 0.0000000000 0.0000000002
496 0.0000000021 0.0000451813 -0.0000043534 0.0000000009 0.0000305185 0.0000000000 0.0000000002
497 0.0000000021 0.0000451934 -0.0000040809 0.0000000009 0.0000305185 0.0000000000 0.0000000002
498 0.0000000021 0.0000452048 -0.0000038084 0.0000000009 0.0000305185 0.0000000000 0.0000000002
499 0.0000000021 0.0000452154 -0.0000035361 0.0000000019 0.0000305185 -0.0000305185 0.0000000009
500 0.0000000021 0.0000452252 -0.0000032638 0.0000000009 0.0000305185 0.0000000000 0.0000000002
501 0.0000000021 0.0000452342 -0.0000029915 0.0000000019 0.0000305185 -0.0000305185 0.0000000010
502 0.0000000021 0.0000452424 -0.0000027194 0.0000000019 0.0000305185 -0.0000305185 0.0000000010
503 0.0000000021 0.0000452498 -0.0000024473 0.0000000019 0.0000305185 -0.0000305185 0.0000000010
504 0.0000000021 0.0000452565 -0.0000021752 0.0000000009 0.0000000000 -0.0000305185 0.0000000029
505 0.0000000021 0.0000452623 -0.0000019032 0.0000000009 0.0000305185 0.0000000000 0.0000000002
506 0.0000000021 0.0000452674 -0.0000016313 0.0000000019 0.0000305185 -0.0000305185 0.0000000011
507 0.0000000021 0.0000452717 -0.0000013593 0.0000000009 0.0000305185 0.0000000000 0.0000000002
508 0.0000000021 0.0000452752 -0.0000010874 0.0000000019 0.0000305185 -0.0000305185 0.0000000011
509 0.0000000021 0.0000452780 -0.0000008156 0.0000000009 0.0000305185 0.0000000000 0.0000000002
510 0.0000000021 0.0000452799 -0.0000005437 0.0000000019 0.0000305185 -0.0000305185 0.0000000011
511 0.0000000021 0.0000452811 -0.0000002718 0.0000000009 0.0000305185 0.0000000000 0.0000000002
512 0.0000000021 0.0000452815 0.0000000000 0.0000000084 0.0000915555 0.0000000000 0.0000000021
513 0.0000000021 0.0000452811 0.0000002718 0.0000000019 0.0000305185 -0.0000305185 0.0000000012
514 0.0000000021 0.0000452799 0.0000005437 0.0000000009 0.0000305185 0.0000000000 0.0000000002
515 0.0000000021 0.0000452780 0.0000008156 0.0000000009 0.0000305185 0.0000000000 0.0000000002
516 0.0000000021 0.0000452752 0.0000010874 0.0000000009 0.0000305185 0.0000000000 0.0000000002
517 0.0000000021 0.0000452717 0.0000013593 0.0000000019 0.0000305185 -0.0000305185 0.0000000012
518 0.0000000021 0.0000452674 0.0000016313 0.0000000009 0.0000000000 -0.0000305185 0.0000000031
519 0.0000000021 0.0000452623 0.0000019032 0.0000000019 0.0000305185 -0.0000305185 0.0000000013
520 0.0000000021 0.0000452565 0.0000021752 0.0000000000 0.0000000000 0.0000000000 0.0000000021
521 0.0000000021 0.0000452498 0.0000024473 0.0000000019 0.0000305185 -0.0000305185 0.0000000013
522 0.0000000021 0.0000452424 0.0000027194 0.0000000019 0.0000305185 -0.0000305185 0.0000000013
523 0.0000000021 0.0000452342 0.0000029915 0.0000000009 0.0000305185 0.0000000000 0.0000000002
524 0.0000000021 0.0000452252 0.0000032638 0.0000000019 0.0000305185 -0.0000305185 0.0000000014
525 0.0000000021 0.0000452154 0.0000035361 0.0000000037 0.0000610370 0.0000000000 0.0000000003
526 0.0000000021 0.0000452048 0.0000038084 0.0000000009 0.0000305185 0.0000000000 0.0000000002
527 0.0000000021 0.0000451934 0.0000040809 0.0000000009 0.0000305185 0.0000000000 0.0000000002
528 0.0000000021 0.0000451813 0.0000043534 0.0000000019 0.0000305185 -0.0000305185 0.0000000014
529 0.0000000021 0.0000451683 0.0000046260 0.0000000009 0.0000305185 0.0000000000 0.0000000002
530 0.0000000021 0.0000451546 0.0000048987 0.0000000019 0.0000305185 -0.0000305185 0.0000000015
531 0.0000000021 0.0000451400 0.0000051716 0.0000000047 0.0000610370 -0.0000305185 0.0000000015
532 0.0000000021 0.0000451247 0.0000054445 0.0000000019 0.0000305185 -0.0000305185 0.0000000015
533 0.0000000021 0.0000451086 0.0000057176 0.0000000009 0.0000305185 0.0000000000 0.0000000002
534 0.0000000021 0.0000450917 0.0000059907 0.0000000009 0.0000305185 0.0000000000 0.0000000002
535 0.0000000021 0.0000450740 0.0000062640 0.0000000037 0.0000610370 0.0000000000 0.0000000003
536 0.0000000021 0.0000450555 0.0000065375 0.0000000009 0.0000305185 0.0000000000 0.0000000003
537 0.0000000021 0.0000450362 0.0000068110 0.0000000009 0.0000305185 0.0000000000 0.0000000003
538 0.0000000021 0.0000450161 0.0000070847 0.0000000009 0.0000305185 0.0000000000 0.0000000003
539 0.0000000021 0.0000449952 0.0000073586 0.0000000019 0.0000305185 -0.0000305185 0.0000000016
540 0.0000000021 0.0000449734 0.0000076326 0.0000000009 0.0000305185 0.0000000000 0.0000000003
541 0.0000000021 0.0000449509 0.0000079068 0.0000000009 0.0000305185 0.0000000000 0.0000000003
542 0.0000000021 0.0000449276 0.0000081812 0.0000000000 0.0000000000 0.0000000000 0.0000000021
543 0.0000000021 0.0000449035 0.0000084557 0.0000000037 0.0000610370 0.0000000000 0.0000000003
544 0.0000000021 0.0000448785 0.0000087304 0.0000000009 0.0000305185 0.0000000000 0.0000000003
545 0.0000000021 0.0000448527 0.0000090053 0.0000000009 0.0000305185 0.0000000000 0.0000000003
546 0.0000000021 0.0000448262 0.0000092804 0.0000000009 0.0000305185 0.0000000000 0.0000000003
547 0.0000000021 0.0000447988 0.0000095557 0.0000000009 0.0000305185 0.0000000000 0.0000000003
548 0.0000000021 0.0000447705 0.0000098311 0.0000000009 0.0000305185 0.0000000000 0.0000000003
549 0.0000000021 0.0000447415 0.0000101068 0.0000000019 0.0000305185 -0.0000305185 0.0000000019
550 0.0000000021 0.0000447116 0.0000103827 0.0000000000 0.0000000000 0.0000000000 0.0000000021
551 0.0000000021 0.0000446809 0.0000106589 0.0000000009 0.0000305185 0.0000000000 0.0000000003
552 0.0000000021 0.0000446494 0.0000109352 0.0000000009 0.0000305185 0.0000000000 0.0000000003
553 0.0000000021 0.0000446170 0.0000112118 0.0000000009 0.0000305185 0.0000000000 0.0000000003
554 0.0000000021 0.0000445838 0.0000114887 0.0000000019 0.0000305185 -0.0000305185 0.0000000020
555 0.0000000021 0.0000445498 0.0000117658 0.0000000009 0.0000305185 0.0000000000 0.0000000003
556 0.0000000021 0.0000445149 0.0000120431 0.0000000009 0.0000305185 0.0000000000 0.0000000003
557 0.0000000021 0.0000444792 0.0000123207 0.0000000009 0.0000305185 0.0000000000 0.0000000003
558 0.0000000021 0.0000444426 0.0000125986 0.0000000019 0.0000305185 0.0000305185 0.0000000005
559 0.0000000021 0.0000444052 0.0000128767 0.0000000009 0.0000305185 0.0000000000 0.0000000004
560 0.0000000021 0.0000443670 0.0000131551 0.0000000009 0.0000305185 0.0000000000 0.0000000004
561 0.0000000021 0.0000443278 0.0000134338 0.0000000009 0.0000305185 0.0000000000 0.0000000004
562 0.0000000021 0.0000442878 0.0000137128 0.0000000000 0.0000000000 0.0000000000 0.0000000021
563 0.0000000022 0.0000442470 0.0000139921 0.0000000009 0.0000305185 0.0000000000 0.0000000004
564 0.0000000022 0.0000442053 0.0000142717 0.0000000009 0.0000305185 0.0000000000 0.0000000004
565 0.0000000022 0.0000441627 0.0000145516 0.0000000019 0.0000305185 0.0000305185 0.0000000004
566 0.0000000022 0.0000441193 0.0000148318 0.0000000009 0.0000305185 0.0000000000 0.0000000004
567 0.0000000022 0.0000440749 0.0000151123 0.0000000009 0.0000305185 0.0000000000 0.0000000004
568 0.0000000022 0.0000440297 0.0000153932 0.0000000009 0.0000305185 0.0000000000 0.0000000004
569 0.0000000022 0.0000439836 0.0000156744 0.0000000009 0.0000305185 0.0000000000 0.0000000004
570 0.0000000022 0.0000439366 0.0000159559 0.0000000009 0.0000305185 0.0000000000 0.0000000004
571 0.0000000022 0.0000438888 0.0000162378 0.0000000009 0.0000305185 0.0000000000 0.0000000004
572 0.0000000022 0.0000438400 0.0000165201 0.0000000009 0.0000305185 0.0000000000 0.0000000005
573 0.0000000022 0.0000437903 0.0000168027 0.0000000009 0.0000305185 0.0000000000 0.0000000005
574 0.0000000022 0.0000437397 0.0000170857 0.0000000009 0.0000305185 0.0000000000 0.0000000005
575 0.0000000022 0.0000436883 0.0000173690 0.0000000037 0.0000610370 0.0000000000 0.0000000006
576 0.0000000022 0.0000436359 0.0000176528 0.0002371236 -0.0126651814 -0.0087588122 0.0002385404
577 0.0000000022 0.0000435825 0.0000179369 0.0000000000 0.0000000000 0.0000000000 0.0000000022
578 0.0000000022 0.0000435283 0.0000182214 0.0000000009 0.0000305185 0.0000000000 0.0000000005
579 0.0000000022 0.0000434731 0.0000185064 0.0000000009 0.0000305185 0.0000000000 0.0000000005
580 0.0000000022 0.0000434170 0.0000187917 0.0000000009 0.0000305185 0.0000000000 0.0000000005
581 0.0000000022 0.0000433600 0.0000190775 0.0000000009 0.0000305185 0.0000000000 0.0000000005
582 0.0000000023 0.0000433020 0.0000193637 0.0000000009 0.0000305185 0.0000000000 0.0000000005
583 0.0000000023 0.0000432431 0.0000196503 0.0000000009 0.0000305185 0.0000000000 0.0000000005
584 0.0000000023 0.0000431833 0.0000199373 0.0000000009 0.0000305185 0.0000000000 0.0000000006
585 0.0000000023 0.0000431224 0.0000202248 0.0000000009 0.0000305185 0.0000000000 0.0000000006
586 0.0000000023 0.0000430607 0.0000205128 0.0000000000 0.0000000000 0.0000000000 0.0000000023
587 0.0000000023 0.0000429979 0.0000208012 0.0000000009 0.0000305185 0.0000000000 0.0000000006
588 0.0000000023 0.0000429342 0.0000210901 0.0000000009 0.0000305185 0.0000000000 0.0000000006
589 0.0000000023 0.0000428695 0.0000213794 0.0000000009 0.0000305185 0.0000000000 0.0000000006
590 0.0000000023 0.0000428038 0.0000216692 0.0000000009 0.0000305185 0.0000000000 0.0000000006
591 0.0000000023 0.0000427371 0.0000219596 0.0000000009 0.0000305185 0.0000000000 0.0000000006
592 0.0000000023 0.0000426694 0.0000222504 0.0000000009 0.0000305185 0.0000000000 0.0000000006
593 0.0000000023 0.0000426008 0.0000225417 0.0000000000 0.0000000000 0.0000000000 0.0000000023
594 0.0000000023 0.0000425311 0.0000228335 0.0000000000 0.0000000000 0.0000000000 0.0000000023
595 0.0000000023 0.0000424604 0.0000231259 0.0000000009 0.0000305185 0.0000000000 0.0000000007
596 0.0000000023 0.0000423887 0.0000234188 0.0000000009 0.0000305185 0.0000000000 0.0000000007
597 0.0000000024 0.0000423160 0.0000237122 0.0000000009 0.0000305185 0.0000000000 0.0000000007
598 0.0000000024 0.0000422422 0.0000240061 0.0000000019 0.0000305185 0.0000305185 0.0000000002
599 0.0000000024 0.0000421674 0.0000243006 0.0000000000 0.0000000000 0.0000000000 0.0000000024
600 0.0000000024 0.0000420915 0.0000245957 0.0000000000 0.0000000000 0.0000000000 0.0000000024
601 0.0000000024 0.0000420146 0.0000248913 0.0000000009 0.0000305185 0.0000000000 0.0000000008
602 0.0000000024 0.0000419367 0.0000251875 0.0000000000 0.0000000000 0.0000000000 0.0000000024
603 0.0000000024 0.0000418576 0.0000254843 0.0000000009 0.0000305185 0.0000000000 0.0000000008
604 0.0000000024 0.0000417775 0.0000257817 0.0000000009 0.0000305185 0.0000000000 0.0000000008
605 0.0000000024 0.0000416963 0.0000260797 0.0000000009 0.0000305185 0.0000000000 0.0000000008
606 0.0000000024 0.0000416141 0.0000263783 0.0000000009 0.0000305185 0.0000000000 0.0000000008
607 0.0000000024 0.0000415307 0.0000266775 0.0000000009 0.0000305185 0.0000000000 0.0000000008
608 0.0000000024 0.0000414462 0.0000269773 0.0000000009 0.0000305185 0.0000000000 0.0000000008
609 0.0000000025 0.0000413606 0.0000272777 0.0000000009 0.0000305185 0.0000000000 0.0000000009
610 0.0000000025 0.0000412739 0.0000275788 0.0000000009 0.0000305185 0.0000000000 0.0000000009
611 0.0000000025 0.0000411861 0.0000278806 0.0000000009 0.0000305185 0.0000000000 0.0000000009
612 0.0000000025 0.0000410971 0.0000281830 0.0000000019 0.0000305185 0.0000305185 0.0000000001
613 0.0000000025 0.0000410070 0.0000284860 0.0000000009 0.0000000000 0.0000305185 0.0000000017
614 0.0000000025 0.0000409158 0.0000287898 0.0000000019 0.0000305185 0.0000305185 0.0000000001
615 0.0000000025 0.0000408234 0.0000290942 0.0000000009 0.0000305185 0.0000000000 0.0000000010
616 0.0000000025 0.0000407298 0.0000293993 0.0000000009 0.0000305185 0.0000000000 0.0000000010
617 0.0000000025 0.0000406350 0.0000297051 0.0000000009 0.0000305185 0.0000000000 0.0000000010
618 0.0000000025 0.0000405390 0.0000300116 0.0000000009 0.0000305185 0.0000000000 0.0000000010
619 0.0000000026 0.0000404419 0.0000303189 0.0000000009 0.0000305185 0.0000000000 0.0000000010
620 0.0000000026 0.0000403435 0.0000306268 0.0000000009 0.0000000000 0.0000305185 0.0000000016
621 0.0000000026 0.0000402440 0.0000309355 0.0000000009 0.0000305185 0.0000000000 0.0000000011
622 0.0000000026 0.0000401432 0.0000312450 0.0000000019 0.0000305185 0.0000305185 0.0000000001
623 0.0000000026 0.0000400411 0.0000315552 0.0000000019 0.0000305185 0.0000305185 0.0000000001
624 0.0000000026 0.0000399379 0.0000318662 0.0000000019 0.0000305185 0.0000305185 0.0000000001
625 0.0000000026 0.0000398333 0.0000321779 0.0000000019 0.0000305185 0.0000305185 0.0000000001
626 0.0000000026 0.0000397276 0.0000324905 0.0000000009 0.0000305185 0.0000000000 0.0000000011
627 0.0000000026 0.0000396205 0.0000328038 0.0000000009 0.0000305185 0.0000000000 0.0000000012
628 0.0000000027 0.0000395121 0.0000331180 0.0000000009 0.0000305185 0.0000000000 0.0000000012
629 0.0000000027 0.0000394025 0.0000334329 0.0000000019 0.0000305185 0.0000305185 0.0000000001
630 0.0000000027 0.0000392916 0.0000337487 0.0000000009 0.0000000000 0.0000305185 0.0000000016
631 0.0000000027 0.0000391793 0.0000340653 0.0000000009 0.0000000000 0.0000305185 0.0000000015
632 0.0000000027 0.0000390657 0.0000343828 0.0000000009 0.0000305185 0.0000000000 0.0000000013
633 0.0000000027 0.0000389508 0.0000347011 0.0000000019 0.0000305185 0.0000305185 0.0000000001
634 0.0000000027 0.0000388345 0.0000350203 0.0000000019 0.0000305185 0.0000305185 0.0000000001
635 0.0000000027 0.0000387168 0.0000353403 0.0000000047 0.0000305185 0.0000610370 0.0000000007
636 0.0000000028 0.0000385978 0.0000356613 0.0000000009 0.0000000000 0.0000305185 0.0000000015
637 0.0000000028 0.0000384774 0.0000359831 0.0000000019 0.0000305185 0.0000305185 0.0000000001
638 0.0000000028 0.0000383556 0.0000363059 0.0000000019 0.0000305185 0.0000305185 0.0000000001
639 0.0000000028 0.0000382324 0.0000366295 0.0000000047 0.0000610370 0.0000305185 0.0000000006
640 0.0000000028 0.0000381078 0.0000369541 0.0014661784 -0.0221259194 -0.0312509537 0.0014701773
641 0.0000000028 0.0000379817 0.0000372797 0.0000000019 0.0000305185 0.0000305185 0.0000000001
642 0.0000000028 0.0000378542 0.0000376062 0.0000000019 0.0000305185 0.0000305185 0.0000000001
643 0.0000000029 0.0000377252 0.0000379336 0.0000000019 0.0000305185 0.0000305185 0.0000000001
644 0.0000000029 0.0000375947 0.0000382621 0.0000000019 0.0000305185 0.0000305185 0.0000000001
645 0.0000000029 0.0000374628 0.0000385915 0.0000000019 0.0000305185 0.0000305185 0.0000000001
646 0.0000000029 0.0000373293 0.0000389219 0.0000000009 0.0000000000 0.0000305185 0.0000000015
647 0.0000000029 0.0000371943 0.0000392534 0.0000000019 0.0000305185 0.0000305185 0.0000000001
648 0.0000000029 0.0000370578 0.0000395858 0.0000000019 0.0000305185 0.0000305185 0.0000000001
649 0.0000000030 0.0000369198 0.0000399193 0.0000000009 0.0000305185 0.0000000000 0.0000000016
650 0.0000000030 0.0000367802 0.0000402539 0.0000000019 0.0000305185 0.0000305185 0.0000000001
651 0.0000000030 0.0000366390 0.0000405895 0.0000000019 0.0000305185 0.0000305185 0.0000000001
652 0.0000000030 0.0000364962 0.0000409261 0.0000000009 0.0000305185 0.0000000000 0.0000000017
653 0.0000000030 0.0000363518 0.0000412639 0.0000000009 0.0000000000 0.0000305185 0.0000000014
654 0.0000000030 0.0000362058 0.0000416027 0.0000000019 0.0000305185 0.0000305185 0.0000000002
655 0.0000000031 0.0000360582 0.0000419427 0.0000000009 0.0000000000 0.0000305185 0.0000000014
656 0.0000000031 0.0000359089 0.0000422838 0.0000000019 0.0000305185 0.0000305185 0.0000000002
657 0.0000000031 0.0000357579 0.0000426260 0.0000000009 0.0000000000 0.0000305185 0.0000000014
658 0.0000000031 0.0000356053 0.0000429694 0.0000000009 0.0000000000 0.0000305185 0.0000000014
659 0.0000000031 0.0000354509 0.0000433139 0.0000000019 0.0000305185 0.0000305185 0.0000000002
660 0.0000000032 0.0000352948 0.0000436596 0.0000000009 0.0000000000 0.0000305185 0.0000000014
661 0.0000000032 0.0000351370 0.0000440066 0.0000000009 0.0000000000 0.0000305185 0.0000000014
662 0.0000000032 0.0000349774 0.0000443547 0.0000000019 0.0000305185 0.0000305185 0.0000000002
663 0.0000000032 0.0000348161 0.0000447040 0.0000000009 0.0000000000 0.0000305185 0.0000000014
664 0.0000000032 0.0000346530 0.0000450546 0.0000000019 0.0000305185 0.0000305185 0.0000000002
665 0.0000000033 0.0000344880 0.0000454064 0.0000000019 0.0000305185 0.0000305185 0.0000000002
666 0.0000000033 0.0000343212 0.0000457594 0.0000000019 0.0000305185 0.0000305185 0.0000000002
667 0.0000000033 0.0000341526 0.0000461138 0.0000000019 0.0000305185 0.0000305185 0.0000000003
668 0.0000000033 0.0000339821 0.0000464694 0.0000000019 0.0000305185 0.0000305185 0.0000000003
669 0.0000000033 0.0000338097 0.0000468264 0.0000000009 0.0000000000 0.0000305185 0.0000000014
670 0.0000000034 0.0000336354 0.0000471846 0.0000000009 0.0000000000 0.0000305185 0.0000000014
671 0.0000000034 0.0000334592 0.0000475442 0.0000000037 0.0000000000 0.0000610370 0.0000000013
672 0.0000000034 0.0000332810 0.0000479052 0.0000000019 0.0000305185 0.0000305185 0.0000000003
673 0.0000000034 0.0000331009 0.0000482675 0.0000000047 0.0000305185 0.0000610370 0.0000000002
674 0.0000000034 0.0000329188 0.0000486312 0.0000000009 0.0000000000 0.0000305185 0.0000000014
675 0.0000000035 0.0000327346 0.0000489964 0.0000000019 0.0000305185 0.0000305185 0.0000000003
676 0.0000000035 0.0000325484 0.0000493629 0.0000000009 0.0000000000 0.0000305185 0.0000000014
677 0.0000000035 0.0000323602 0.0000497308 0.0000000019 0.0000305185 0.0000305185 0.0000000004
678 0.0000000035 0.0000321699 0.0000501003 0.0000000019 0.0000305185 0.0000305185 0.0000000004
679 0.0000000036 0.0000319775 0.0000504711 0.0000000019 0.0000305185 0.0000305185 0.0000000004
680 0.0000000036 0.0000317829 0.0000508435 0.0000000019 0.0000305185 0.0000305185 0.0000000004
681 0.0000000036 0.0000315862 0.0000512174 0.0000000009 0.0000000000 0.0000305185 0.0000000014
682 0.0000000036 0.0000313873 0.0000515928 0.0000000019 0.0000305185 0.0000305185 0.0000000004
683 0.0000000037 0.0000311863 0.0000519697 0.0000000009 0.0000000000 0.0000305185 0.0000000014
684 0.0000000037 0.0000309829 0.0000523482 0.0000000009 0.0000000000 0.0000305185 0.0000000014
685 0.0000000037 0.0000307774 0.0000527282 0.0000000037 0.0000000000 0.0000610370 0.0000000010
686 0.0000000038 0.0000305696 0.0000531099 0.0000000019 0.0000305185 0.0000305185 0.0000000005
687 0.0000000038 0.0000303594 0.0000534931 0.0000000009 0.0000000000 0.0000305185 0.0000000014
688 0.0000000038 0.0000301469 0.0000538780 0.0000000009 0.0000000000 0.0000305185 0.0000000015
689 0.0000000038 0.0000299321 0.0000542645 0.0000000009 0.0000000000 0.0000305185 0.0000000015
690 0.0000000039 0.0000297149 0.0000546527 0.0000000019 0.0000305185 0.0000305185 0.0000000006
691 0.0000000039 0.0000294953 0.0000550426 0.0000000009 0.0000000000 0.0000305185 0.0000000015
692 0.0000000039 0.0000292732 0.0000554342 0.0000000009 0.0000000000 0.0000305185 0.0000000015
693 0.0000000040 0.0000290487 0.0000558276 0.0000000009 0.0000000000 0.0000305185 0.0000000015
694 0.0000000040 0.0000288216 0.0000562227 0.0000000009 0.0000000000 0.0000305185 0.0000000015
695 0.0000000040 0.0000285920 0.0000566195 0.0000000009 0.0000000000 0.0000305185 0.0000000015
696 0.0000000041 0.0000283599 0.0000570182 0.0000000009 0.0000000000 0.0000305185 0.0000000015
697 0.0000000041 0.0000281252 0.0000574186 0.0000000047 0.0000305185 0.0000610370 0.0000000000
698 0.0000000041 0.0000278878 0.0000578209 0.0000000009 0.0000000000 0.0000305185 0.0000000015
699 0.0000000042 0.0000276478 0.0000582251 0.0000000037 0.0000000000 0.0000610370 0.0000000008
700 0.0000000042 0.0000274051 0.0000586311 0.0000000037 0.0000000000 0.0000610370 0.0000000008
701 0.0000000042 0.0000271596 0.0000590390 0.0000000009 0.0000000000 0.0000305185 0.0000000016
702 0.0000000043 0.0000269114 0.0000594489 0.0000000009 0.0000000000 0.0000305185 0.0000000016
703 0.0000000043 0.0000266604 0.0000598607 0.0000000000 0.0000000000 0.0000000000 0.0000000043
704 0.0000000043 0.0000264066 0.0000602744 0.0011823638 -0.0143436995 -0.0312509537 0.0011868930
705 0.0000000044 0.0000261499 0.0000606902 0.0000000093 0.0000305185 0.0000915555 0.0000000010
706 0.0000000044 0.0000258904 0.0000611080 0.0000000037 0.0000000000 0.0000610370 0.0000000007
707 0.0000000044 0.0000256279 0.0000615278 0.0000000084 0.0000000000 0.0000915555 0.0000000016
708 0.0000000045 0.0000253624 0.0000619497 0.0000000009 0.0000000000 0.0000305185 0.0000000016
709 0.0000000045 0.0000250939 0.0000623737 0.0000000019 0.0000305185 0.0000305185 0.0000000010
710 0.0000000046 0.0000248223 0.0000627999 0.0000000037 0.0000000000 0.0000610370 0.0000000006
711 0.0000000046 0.0000245476 0.0000632281 0.0000000037 0.0000000000 0.0000610370 0.0000000006
712 0.0000000046 0.0000242699 0.0000636586 0.0000000009 0.0000000000 0.0000305185 0.0000000017
713 0.0000000047 0.0000239889 0.0000640912 0.0000000019 0.0000305185 0.0000305185 0.0000000012
714 0.0000000047 0.0000237047 0.0000645261 0.0000000009 0.0000000000 0.0000305185 0.0000000017
715 0.0000000048 0.0000234173 0.0000649632 0.0000000009 0.0000000000 0.0000305185 0.0000000017
716 0.0000000048 0.0000231265 0.0000654026 0.0000000047 0.0000305185 0.0000610370 0.0000000001
717 0.0000000049 0.0000228325 0.0000658443 0.0000000047 0.0000305185 0.0000610370 0.0000000001
718 0.0000000049 0.0000225350 0.0000662884 0.0000000037 0.0000000000 0.0000610370 0.0000000005
719 0.0000000049 0.0000222341 0.0000667348 0.0000000037 0.0000000000 0.0000610370 0.0000000005
720 0.0000000050 0.0000219297 0.0000671836 0.0000000037 0.0000000000 0.0000610370 0.0000000005
721 0.0000000050 0.0000216218 0.0000676349 0.0000000037 0.0000000000 0.0000610370 0.0000000005
722 0.0000000051 0.0000213102 0.0000680886 0.0000000037 0.0000000000 0.0000610370 0.0000000005
723 0.0000000051 0.0000209951 0.0000685448 0.0000000037 0.0000000000 0.0000610370 0.0000000005
724 0.0000000052 0.0000206763 0.0000690035 0.0000000009 0.0000000000 0.0000305185 0.0000000019
725 0.0000000052 0.0000203537 0.0000694648 0.0000000047 0.0000305185 0.0000610370 0.0000000002
726 0.0000000053 0.0000200274 0.0000699286 0.0000000037 0.0000000000 0.0000610370 0.0000000005
727 0.0000000053 0.0000196972 0.0000703951 0.0000000037 0.0000000000 0.0000610370 0.0000000005
728 0.0000000054 0.0000193632 0.0000708643 0.0000000037 0.0000000000 0.0000610370 0.0000000005
729 0.0000000055 0.0000190252 0.0000713361 0.0000000037 0.0000000000 0.0000610370 0.0000000005
730 0.0000000055 0.0000186832 0.0000718107 0.0000000037 0.0000000000 0.0000610370 0.0000000005
731 0.0000000056 0.0000183371 0.0000722880 0.0000000037 0.0000000000 0.0000610370 0.0000000005
732 0.0000000056 0.0000179869 0.0000727681 0.0000000037 0.0000000000 0.0000610370 0.0000000005
733 0.0000000057 0.0000176326 0.0000732510 0.0000000037 0.0000000000 0.0000610370 0.0000000005
734 0.0000000057 0.0000172740 0.0000737368 0.0000000037 0.0000000000 0.0000610370 0.0000000005
735 0.0000000058 0.0000169111 0.0000742255 0.0000000037 0.0000000000 0.0000610370 0.0000000005
736 0.0000000059 0.0000165438 0.0000747172 0.0000000037 0.0000000000 0.0000610370 0.0000000005
737 0.0000000059 0.0000161721 0.0000752118 0.0000000047 -0.0000305185 0.0000610370 0.0000000024
738 0.0000000060 0.0000157960 0.0000757095 0.0000000037 0.0000000000 0.0000610370 0.0000000005
739 0.0000000060 0.0000154152 0.0000762102 0.0000000037 0.0000000000 0.0000610370 0.0000000005
740 0.0000000061 0.0000150299 0.0000767141 0.0000000037 0.0000000000 0.0000610370 0.0000000005
741 0.0000000062 0.0000146398 0.0000772210 0.0000000037 0.0000000000 0.0000610370 0.0000000005
742 0.0000000062 0.0000142450 0.0000777312 0.0000000037 0.0000000000 0.0000610370 0.0000000005
743 0.0000000063 0.0000138453 0.0000782446 0.0000000037 0.0000000000 0.0000610370 0.0000000005
744 0.0000000064 0.0000134408 0.0000787613 0.0000000037 0.0000000000 0.0000610370 0.0000000005
745 0.0000000065 0.0000130312 0.0000792813 0.0000000047 -0.0000305185 0.0000610370 0.0000000022
746 0.0000000065 0.0000126166 0.0000798046 0.0000000037 0.0000000000 0.0000610370 0.0000000005
747 0.0000000066 0.0000121968 0.0000803314 0.0000000037 0.0000000000 0.0000610370 0.0000000005
748 0.0000000067 0.0000117718 0.0000808616 0.0000000037 0.0000000000 0.0000610370 0.0000000005
749 0.0000000068 0.0000113415 0.0000813954 0.0000000084 0.0000000000 0.0000915555 0.0000000002
750 0.0000000068 0.0000109058 0.0000819327 0.0000000037 0.0000000000 0.0000610370 0.0000000006
751 0.0000000069 0.0000104647 0.0000824736 0.0000000037 0.0000000000 0.0000610370 0.0000000006
752 0.0000000070 0.0000100180 0.0000830181 0.0000000084 0.0000000000 0.0000915555 0.0000000002
753 0.0000000071 0.0000095656 0.0000835664 0.0000000037 0.0000000000 0.0000610370 0.0000000006
754 0.0000000072 0.0000091076 0.0000841184 0.0000000037 0.0000000000 0.0000610370 0.0000000006
755 0.0000000072 0.0000086436 0.0000846742 0.0000000037 0.0000000000 0.0000610370 0.0000000006
756 0.0000000073 0.0000081738 0.0000852339 0.0000000037 0.0000000000 0.0000610370 0.0000000007
757 0.0000000074 0.0000076980 0.0000857975 0.0000000047 -0.0000305185 0.0000610370 0.0000000021
758 0.0000000075 0.0000072160 0.0000863651 0.0000000047 -0.0000305185 0.0000610370 0.0000000021
759 0.0000000076 0.0000067278 0.0000869367 0.0000000037 0.0000000000 0.0000610370 0.0000000007
760 0.0000000077 0.0000062333 0.0000875124 0.0000000037 0.0000000000 0.0000610370 0.0000000007
761 0.0000000078 0.0000057324 0.0000880923 0.0000000047 -0.0000305185 0.0000610370 0.0000000020
762 0.0000000079 0.0000052249 0.0000886764 0.0000000037 0.0000000000 0.0000610370 0.0000000008
763 0.0000000080 0.0000047108 0.0000892648 0.0000000037 0.0000000000 0.0000610370 0.0000000008
764 0.0000000081 0.0000041900 0.0000898575 0.0000000047 -0.0000305185 0.0000610370 0.0000000020
765 0.0000000082 0.0000036623 0.0000904546 0.0000000037 0.0000000000 0.0000610370 0.0000000009
766 0.0000000083 0.0000031276 0.0000910561 0.0000000037 0.0000000000 0.0000610370 0.0000000009
767 0.0000000084 0.0000025859 0.0000916622 0.0000000037 0.0000000000 0.0000610370 0.0000000009
768 0.0000000085 0.0000020369 0.0000922729 0.0000000754 0.0000000000 0.0002746666 0.0000000333
769 0.0000000086 0.0000014805 0.0000928883 0.0000000084 0.0000000000 0.0000915555 0.0000000000
770 0.0000000087 0.0000009167 0.0000935084 0.0000000084 0.0000000000 0.0000915555 0.0000000000
771 0.0000000089 0.0000003453 0.0000941334 0.0000000084 0.0000000000 0.0000915555 0.0000000000
772 0.0000000090 -0.0000002339 0.0000947632 0.0000000093 -0.0000305185 0.0000915555 0.0000000009
773 0.0000000091 -0.0000008209 0.0000953980 0.0000000093 -0.0000305185 0.0000915555 0.0000000009
774 0.0000000092 -0.0000014159 0.0000960378 0.0000000093 -0.0000305185 0.0000915555 0.0000000009
775 0.0000000094 -0.0000020191 0.0000966827 0.0000000084 0.0000000000 0.0000915555 0.0000000000
776 0.0000000095 -0.0000026305 0.0000973329 0.0000000093 -0.0000305185 0.0000915555 0.0000000008
777 0.0000000096 -0.0000032504 0.0000979883 0.0000000037 0.0000000000 0.0000610370 0.0000000014
778 0.0000000097 -0.0000038789 0.0000986491 0.0000000047 -0.0000305185 0.0000610370 0.0000000021
779 0.0000000099 -0.0000045162 0.0000993153 0.0000000047 -0.0000305185 0.0000610370 0.0000000021
780 0.0000000100 -0.0000051624 0.0000999870 0.0000000093 -0.0000305185 0.0000915555 0.0000000007
781 0.0000000102 -0.0000058176 0.0001006644 0.0000000093 -0.0000305185 0.0000915555 0.0000000007
782 0.0000000103 -0.0000064821 0.0001013475 0.0000000047 -0.0000305185 0.0000610370 0.0000000022
783 0.0000000105 -0.0000071560 0.0001020364 0.0000000047 -0.0000305185 0.0000610370 0.0000000022
784 0.0000000106 -0.0000078395 0.0001027312 0.0000000093 -0.0000305185 0.0000915555 0.0000000006
785 0.0000000108 -0.0000085327 0.0001034320 0.0000000093 -0.0000305185 0.0000915555 0.0000000006
786 0.0000000109 -0.0000092359 0.0001041389 0.0000000093 -0.0000305185 0.0000915555 0.0000000006
787 0.0000000111 -0.0000099492 0.0001048520 0.0000000158 -0.0000305185 0.0001220740 0.0000000007
788 0.0000000113 -0.0000106729 0.0001055714 0.0000000093 -0.0000305185 0.0000915555 0.0000000006
789 0.0000000114 -0.0000114071 0.0001062972 0.0000000093 -0.0000305185 0.0000915555 0.0000000006
790 0.0000000116 -0.0000121521 0.0001070295 0.0000000047 -0.0000305185 0.0000610370 0.0000000025
791 0.0000000118 -0.0000129079 0.0001077684 0.0000000093 -0.0000305185 0.0000915555 0.0000000006
792 0.0000000120 -0.0000136750 0.0001085140 0.0000000093 -0.0000305185 0.0000915555 0.0000000006
793 0.0000000121 -0.0000144534 0.0001092665 0.0000000093 -0.0000305185 0.0000915555 0.0000000006
794 0.0000000123 -0.0000152434 0.0001100260 0.0000000093 -0.0000305185 0.0000915555 0.0000000006
795 0.0000000125 -0.0000160452 0.0001107925 0.0000000093 -0.0000305185 0.0000915555 0.0000000006
796 0.0000000127 -0.0000168590 0.0001115663 0.0000000093 -0.0000305185 0.0000915555 0.0000000006
797 0.0000000129 -0.0000176852 0.0001123474 0.0000000093 -0.0000305185 0.0000915555 0.0000000006
798 0.0000000131 -0.0000185240 0.0001131359 0.0000000093 -0.0000305185 0.0000915555 0.0000000006
799 0.0000000134 -0.0000193755 0.0001139321 0.0000000093 -0.0000305185 0.0000915555 0.0000000006
800 0.0000000136 -0.0000202401 0.0001147360 0.0000000093 -0.0000305185 0.0000915555 0.0000000006
801 0.0000000138 -0.0000211180 0.0001155477 0.0000000093 -0.0000305185 0.0000915555 0.0000000007
802 0.0000000140 -0.0000220095 0.0001163675 0.0000000093 -0.0000305185 0.0000915555 0.0000000007
803 0.0000000143 -0.0000229149 0.0001171954 0.0000000158 -0.0000305185 0.0001220740 0.0000000001
804 0.0000000145 -0.0000238345 0.0001180316 0.0000000093 -0.0000305185 0.0000915555 0.0000000007
805 0.0000000147 -0.0000247686 0.0001188763 0.0000000093 -0.0000305185 0.0000915555 0.0000000008
806 0.0000000150 -0.0000257175 0.0001197296 0.0000000121 -0.0000610370 0.0000915555 0.0000000020
807 0.0000000153 -0.0000266814 0.0001205917 0.0000000158 -0.0000305185 0.0001220740 0.0000000000
808 0.0000000155 -0.0000276608 0.0001214627 0.0000000158 -0.0000305185 0.0001220740 0.0000000000
809 0.0000000158 -0.0000286559 0.0001223428 0.0000000121 -0.0000610370 0.0000915555 0.0000000020
810 0.0000000161 -0.0000296671 0.0001232322 0.0000000158 -0.0000305185 0.0001220740 0.0000000000
811 0.0000000164 -0.0000306948 0.0001241311 0.0000000093 -0.0000305185 0.0000915555 0.0000000011
812 0.0000000166 -0.0000317392 0.0001250396 0.0000000093 -0.0000305185 0.0000915555 0.0000000011
813 0.0000000169 -0.0000328009 0.0001259579 0.0000000093 -0.0000305185 0.0000915555 0.0000000012
814 0.0000000172 -0.0000338800 0.0001268863 0.0000000121 -0.0000610370 0.0000915555 0.0000000020
815 0.0000000176 -0.0000349772 0.0001278249 0.0000000158 -0.0000305185 0.0001220740 0.0000000001
816 0.0000000179 -0.0000360926 0.0001287739 0.0000000186 -0.0000610370 0.0001220740 0.0000000007
817 0.0000000182 -0.0000372269 0.0001297335 0.0000000186 -0.0000610370 0.0001220740 0.0000000006
818 0.0000000186 -0.0000383803 0.0001307039 0.0000000186 -0.0000610370 0.0001220740 0.0000000006
819 0.0000000189 -0.0000395534 0.0001316854 0.0000000186 -0.0000610370 0.0001220740 0.0000000006
820 0.0000000193 -0.0000407465 0.0001326782 0.0000000186 -0.0000610370 0.0001220740 0.0000000005
821 0.0000000196 -0.0000419602 0.0001336825 0.0000000186 -0.0000610370 0.0001220740 0.0000000005
822 0.0000000200 -0.0000431950 0.0001346986 0.0000000186 -0.0000610370 0.0001220740 0.0000000005
823 0.0000000204 -0.0000444512 0.0001357266 0.0000000186 -0.0000610370 0.0001220740 0.0000000005
824 0.0000000208 -0.0000457295 0.0001367669 0.0000000186 -0.0000610370 0.0001220740 0.0000000005
825 0.0000000212 -0.0000470304 0.0001378197 0.0000000270 -0.0000610370 0.0001525925 0.0000000004
826 0.0000000216 -0.0000483544 0.0001388853 0.0000000186 -0.0000610370 0.0001220740 0.0000000004
827 0.0000000221 -0.0000497020 0.0001399639 0.0000000186 -0.0000610370 0.0001220740 0.0000000004
828 0.0000000225 -0.0000510739 0.0001410558 0.0000000186 -0.0000610370 0.0001220740 0.0000000005
829 0.0000000230 -0.0000524707 0.0001421614 0.0000000270 -0.0000610370 0.0001525925 0.0000000002
830 0.0000000234 -0.0000538928 0.0001432809 0.0000000186 -0.0000610370 0.0001220740 0.0000000005
831 0.0000000239 -0.0000553411 0.0001444146 0.0000000317 -0.0000915555 0.0001525925 0.0000000014
832 0.0000000244 -0.0000568162 0.0001455628 0.0019513377 -0.0312509537 0.0312204352 0.0019387219
833 0.0000000249 -0.0000583186 0.0001467259 0.0000000121 -0.0000610370 0.0000915555 0.0000000031
834 0.0000000255 -0.0000598492 0.0001479042 0.0000000233 -0.0000915555 0.0001220740 0.0000000017
835 0.0000000260 -0.0000614086 0.0001490981 0.0000000186 -0.0000610370 0.0001220740 0.0000000007
836 0.0000000266 -0.0000629976 0.0001503078 0.0000000233 -0.0000915555 0.0001220740 0.0000000016
837 0.0000000271 -0.0000646169 0.0001515338 0.0000000186 -0.0000610370 0.0001220740 0.0000000009
838 0.0000000277 -0.0000662674 0.0001527765 0.0000000317 -0.0000915555 0.0001525925 0.0000000006
839 0.0000000283 -0.0000679499 0.0001540363 0.0000000233 -0.0000915555 0.0001220740 0.0000000016
840 0.0000000290 -0.0000696653 0.0001553135 0.0000000317 -0.0000915555 0.0001525925 0.0000000005
841 0.0000000296 -0.0000714143 0.0001566086 0.0000000317 -0.0000915555 0.0001525925 0.0000000004
842 0.0000000303 -0.0000731979 0.0001579220 0.0000000317 -0.0000915555 0.0001525925 0.0000000004
843 0.0000000310 -0.0000750172 0.0001592541 0.0000000317 -0.0000915555 0.0001525925 0.0000000003
844 0.0000000317 -0.0000768730 0.0001606055 0.0000000233 -0.0000915555 0.0001220740 0.0000000017
845 0.0000000324 -0.0000787663 0.0001619765 0.0000000317 -0.0000915555 0.0001525925 0.0000000003
846 0.0000000332 -0.0000806983 0.0001633678 0.0000000317 -0.0000915555 0.0001525925 0.0000000002
847 0.0000000340 -0.0000826699 0.0001647797 0.0000000382 -0.0001220740 0.0001525925 0.0000000017
848 0.0000000348 -0.0000846824 0.0001662129 0.0000000382 -0.0001220740 0.0001525925 0.0000000016
849 0.0000000356 -0.0000867369 0.0001676679 0.0000000317 -0.0000915555 0.0001525925 0.0000000003
850 0.0000000365 -0.0000888346 0.0001691452 0.0000000382 -0.0001220740 0.0001525925 0.0000000014
851 0.0000000374 -0.0000909768 0.0001706455 0.0000000317 -0.0000915555 0.0001525925 0.0000000003
852 0.0000000383 -0.0000931647 0.0001721693 0.0000000382 -0.0001220740 0.0001525925 0.0000000012
853 0.0000000393 -0.0000953998 0.0001737173 0.0000000382 -0.0001220740 0.0001525925 0.0000000012
854 0.0000000403 -0.0000976835 0.0001752901 0.0000000382 -0.0001220740 0.0001525925 0.0000000011
855 0.0000000413 -0.0001000172 0.0001768884 0.0000000382 -0.0001220740 0.0001525925 0.0000000011
856 0.0000000424 -0.0001024024 0.0001785129 0.0000000382 -0.0001220740 0.0001525925 0.0000000011
857 0.0000000435 -0.0001048407 0.0001801644 0.0000000484 -0.0001220740 0.0001831111 0.0000000003
858 0.0000000446 -0.0001073339 0.0001818436 0.0000000484 -0.0001220740 0.0001831111 0.0000000002
859 0.0000000458 -0.0001098835 0.0001835513 0.0000000382 -0.0001220740 0.0001525925 0.0000000011
860 0.0000000470 -0.0001124913 0.0001852883 0.0000000484 -0.0001220740 0.0001831111 0.0000000001
861 0.0000000483 -0.0001151594 0.0001870555 0.0000000484 -0.0001220740 0.0001831111 0.0000000001
862 0.0000000496 -0.0001178894 0.0001888537 0.0000000382 -0.0001220740 0.0001525925 0.0000000013
863 0.0000000509 -0.0001206836 0.0001906839 0.0000000484 -0.0001220740 0.0001831111 0.0000000001
864 0.0000000523 -0.0001235440 0.0001925470 0.0000000568 -0.0001525925 0.0001831111 0.0000000009
865 0.0000000538 -0.0001264727 0.0001944441 0.0000000484 -0.0001220740 0.0001831111 0.0000000001
866 0.0000000553 -0.0001294722 0.0001963761 0.0000000568 -0.0001525925 0.0001831111 0.0000000007
867 0.0000000569 -0.0001325447 0.0001983442 0.0000000484 -0.0001220740 0.0001831111 0.0000000003
868 0.0000000586 -0.0001356928 0.0002003495 0.0000000568 -0.0001525925 0.0001831111 0.0000000006
869 0.0000000603 -0.0001389190 0.0002023932 0.0000000568 -0.0001525925 0.0001831111 0.0000000006
870 0.0000000620 -0.0001422262 0.0002044765 0.0000000568 -0.0001525925 0.0001831111 0.0000000006
871 0.0000000639 -0.0001456171 0.0002066006 0.0000000568 -0.0001525925 0.0001831111 0.0000000006
872 0.0000000658 -0.0001490947 0.0002087670 0.0000000792 -0.0001831111 0.0002136296 0.0000000012
873 0.0000000678 -0.0001526622 0.0002109771 0.0000000671 -0.0001831111 0.0001831111 0.0000000017
874 0.0000000699 -0.0001563229 0.0002132322 0.0000000792 -0.0001831111 0.0002136296 0.0000000007
875 0.0000000721 -0.0001600801 0.0002155340 0.0000000671 -0.0001831111 0.0001831111 0.0000000016
876 0.0000000743 -0.0001639375 0.0002178841 0.0000000792 -0.0001831111 0.0002136296 0.0000000004
877 0.0000000767 -0.0001678988 0.0002202841 0.0000000792 -0.0001831111 0.0002136296 0.0000000003
878 0.0000000792 -0.0001719680 0.0002227358 0.0000000792 -0.0001831111 0.0002136296 0.0000000002
879 0.0000000818 -0.0001761493 0.0002252410 0.0000000913 -0.0002136296 0.0002136296 0.0000000015
880 0.0000000845 -0.0001804470 0.0002278018 0.0000000792 -0.0001831111 0.0002136296 0.0000000002
881 0.0000000873 -0.0001848657 0.0002304202 0.0000000671 -0.0001831111 0.0001831111 0.0000000022
882 0.0000000902 -0.0001894102 0.0002330982 0.0000001052 -0.0002136296 0.0002441481 0.0000000007
883 0.0000000933 -0.0001940857 0.0002358382 0.0000000913 -0.0002136296 0.0002136296 0.0000000009
884 0.0000000965 -0.0001988975 0.0002386425 0.0000000913 -0.0002136296 0.0002136296 0.0000000008
885 0.0000000999 -0.0002038513 0.0002415137 0.0000001052 -0.0002136296 0.0002441481 0.0000000001
886 0.0000001034 -0.0002089529 0.0002444543 0.0000001192 -0.0002441481 0.0002441481 0.0000000012
887 0.0000001071 -0.0002142087 0.0002474671 0.0000000913 -0.0002136296 0.0002136296 0.0000000011
888 0.0000001110 -0.0002196254 0.0002505551 0.0000001052 -0.0002136296 0.0002441481 0.0000000001
889 0.0000001151 -0.0002252100 0.0002537213 0.0000001052 -0.0002441481 0.0002136296 0.0000000020
890 0.0000001194 -0.0002309698 0.0002569691 0.0000001351 -0.0002746666 0.0002441481 0.0000000021
891 0.0000001239 -0.0002369128 0.0002603018 0.0000001192 -0.0002441481 0.0002441481 0.0000000003
892 0.0000001286 -0.0002430474 0.0002637232 0.0000001351 -0.0002746666 0.0002441481 0.0000000014
893 0.0000001336 -0.0002493822 0.0002672371 0.0000001351 -0.0002746666 0.0002441481 0.0000000012
894 0.0000001389 -0.0002559268 0.0002708475 0.0000001351 -0.0002746666 0.0002441481 0.0000000011
895 0.0000001444 -0.0002626911 0.0002745589 0.0000001351 -0.0002746666 0.0002441481 0.0000000011
896 0.0000001502 -0.0002696857 0.0002783759 0.0014648288 0.0220954009 -0.0312509537 0.0014942957
897 0.0000001564 -0.0002769218 0.0002823034 0.0000001509 -0.0002746666 0.0002746666 0.0000000001
898 0.0000001629 -0.0002844115 0.0002863467 0.0000001527 -0.0003051851 0.0002441481 0.0000000022
899 0.0000001698 -0.0002921676 0.0002905112 0.0000001686 -0.0003051851 0.0002746666 0.0000000004
900 0.0000001770 -0.0003002037 0.0002948030 0.0000001881 -0.0003357036 0.0002746666 0.0000000017
901 0.0000001847 -0.0003085345 0.0002992284 0.0000002058 -0.0003357036 0.0003051851 0.0000000008
902 0.0000001929 -0.0003171756 0.0003037941 0.0000002058 -0.0003357036 0.0003051851 0.0000000003
903 0.0000002015 -0.0003261437 0.0003085075 0.0000002058 -0.0003357036 0.0003051851 0.0000000001
904 0.0000002107 -0.0003354567 0.0003133762 0.0000002058 -0.0003357036 0.0003051851 0.0000000001
905 0.0000002205 -0.0003451339 0.0003184087 0.0000002273 -0.0003662221 0.0003051851 0.0000000006
906 0.0000002309 -0.0003551959 0.0003236139 0.0000002273 -0.0003662221 0.0003051851 0.0000000005
907 0.0000002420 -0.0003656651 0.0003290013 0.0000002273 -0.0003662221 0.0003051851 0.0000000006
908 0.0000002537 -0.0003765655 0.0003345814 0.0000002701 -0.0003967406 0.0003357036 0.0000000004
909 0.0000002663 -0.0003879228 0.0003403652 0.0000002701 -0.0003967406 0.0003357036 0.0000000001
910 0.0000002798 -0.0003997651 0.0003463650 0.0000002952 -0.0004272591 0.0003357036 0.0000000009
911 0.0000002942 -0.0004121227 0.0003525936 0.0000002952 -0.0004272591 0.0003357036 0.0000000005
912 0.0000003096 -0.0004250284 0.0003590653 0.0000002952 -0.0004272591 0.0003357036 0.0000000006
913 0.0000003261 -0.0004385177 0.0003657953 0.0000003223 -0.0004577776 0.0003357036 0.0000000013
914 0.0000003439 -0.0004526295 0.0003728003 0.0000003437 -0.0004577776 0.0003662221 0.0000000001
915 0.0000003629 -0.0004674059 0.0003800985 0.0000003511 -0.0004882962 0.0003357036 0.0000000024
916 0.0000003835 -0.0004828931 0.0003877096 0.0000004266 -0.0005188147 0.0003967406 0.0000000014
917 0.0000004057 -0.0004991414 0.0003956552 0.0000004266 -0.0005188147 0.0003967406 0.0000000004
918 0.0000004297 -0.0005162060 0.0004039590 0.0000004592 -0.0005493332 0.0003967406 0.0000000011
919 0.0000004556 -0.0005341476 0.0004126470 0.0000004592 -0.0005493332 0.0003967406 0.0000000005
920 0.0000004837 -0.0005530329 0.0004217479 0.0000004936 -0.0005798517 0.0003967406 0.0000000013
921 0.0000005143 -0.0005729355 0.0004312930 0.0000004936 -0.0005798517 0.0003967406 0.0000000012
922 0.0000005475 -0.0005939369 0.0004413172 0.0000005551 -0.0006103702 0.0004272591 0.0000000005
923 0.0000005838 -0.0006161274 0.0004518593 0.0000005933 -0.0006408887 0.0004272591 0.0000000012
924 0.0000006234 -0.0006396073 0.0004629619 0.0000006203 -0.0006408887 0.0004577776 0.0000000000
925 0.0000006669 -0.0006644885 0.0004746731 0.0000007311 -0.0007019257 0.0004882962 0.0000000016
926 0.0000007146 -0.0006908962 0.0004870462 0.0000007023 -0.0007019257 0.0004577776 0.0000000010
927 0.0000007671 -0.0007189707 0.0005001412 0.0000007749 -0.0007324442 0.0004882962 0.0000000003
928 0.0000008250 -0.0007488701 0.0005140256 0.0000008205 -0.0007629627 0.0004882962 0.0000000009
929 0.0000008892 -0.0007807730 0.0005287755 0.0000008680 -0.0007934812 0.0004882962 0.0000000018
930 0.0000009605 -0.0008148819 0.0005444774 0.0000009481 -0.0008239998 0.0005188147 0.0000000007
931 0.0000010399 -0.0008514273 0.0005612294 0.0000010320 -0.0008545183 0.0005493332 0.0000000002
932 0.0000011287 -0.0008906729 0.0005791442 0.0000011400 -0.0009155553 0.0005493332 0.0000000015
933 0.0000012284 -0.0009329218 0.0005983508 0.0000011968 -0.0009460738 0.0005493332 0.0000000026
934 0.0000013407 -0.0009785238 0.0006189983 0.0000013263 -0.0009765923 0.0006103702 0.0000000001
935 0.0000014678 -0.0010278852 0.0006412598 0.0000014492 -0.0010376293 0.0006103702 0.0000000010
936 0.0000016123 -0.0010814803 0.0006653373 0.0000016858 -0.0011291849 0.0006408887 0.0000000029
937 0.0000017774 -0.0011398664 0.0006914681 0.0000017957 -0.0011597034 0.0006714072 0.0000000008
938 0.0000019672 -0.0012037028 0.0007199329 0.0000019093 -0.0011902219 0.0007019257 0.0000000005
939 0.0000021866 -0.0012737752 0.0007510664 0.0000021794 -0.0012817774 0.0007324442 0.0000000004
940 0.0000024419 -0.0013510276 0.0007852701 0.0000024682 -0.0013733329 0.0007629627 0.0000000010
941 0.0000027412 -0.0014366041 0.0008230311 0.0000028249 -0.0014648885 0.0008239998 0.0000000008
942 0.0000030949 -0.0015319049 0.0008649453 0.0000031527 -0.0015564440 0.0008545183 0.0000000007
943 0.0000035165 -0.0016386623 0.0009117497 0.0000036007 -0.0016785180 0.0008850368 0.0000000023
944 0.0000040242 -0.0017590452 0.0009643671 0.0000040282 -0.0017700735 0.0009460738 0.0000000005
945 0.0000046426 -0.0018958061 0.0010239686 0.0000047109 -0.0019226661 0.0010071108 0.0000000010
946 0.0000054053 -0.0020524911 0.0010920626 0.0000054476 -0.0020752586 0.0010681478 0.0000000011
947 0.0000063600 -0.0022337486 0.0011706267 0.0000063082 -0.0022278512 0.0011597034 0.0000000002
948 0.0000075753 -0.0024457931 0.0012623041 0.0000076764 -0.0024719993 0.0012512589 0.0000000008
949 0.0000091533 -0.0026971259 0.0013707109 0.0000091806 -0.0027161473 0.0013428144 0.0000000011
950 0.0000112509 -0.0029996930 0.0015009282 0.0000113647 -0.0030213324 0.0014954070 0.0000000005
951 0.0000141192 -0.0033708264 0.0016603278 0.0000141914 -0.0033875546 0.0016479995 0.0000000004
952 0.0000181797 -0.0038366656 0.0018600271 0.0000181395 -0.0038453322 0.0018311106 0.0000000009
953 0.0000241852 -0.0044385651 0.0021176147 0.0000241600 -0.0044557024 0.0020752586 0.0000000021
954 0.0000335857 -0.0052460508 0.0024626604 0.0000338361 -0.0052797021 0.0024414808 0.0000000016
955 0.0000494742 -0.0063857309 0.0029490109 0.0000492672 -0.0063783685 0.0029297769 0.0000000004
956 0.0000794410 -0.0081150074 0.0036861398 0.0000793125 -0.0081179235 0.0036622211 0.0000000006
957 0.0001464617 -0.0110497826 0.0049359900 0.0001468692 -0.0110782189 0.0049134800 0.0000000013
958 0.0003497161 -0.0171219899 0.0075202115 0.0003494880 -0.0171208838 0.0075075533 0.0000000002
959 0.0016352581 -0.0371256457 0.0160294891 0.0012323565 -0.0312509537 0.0159916990 0.0000345134
960 0.0770104382 0.2554582704 -0.1084043834 0.0019532442 -0.0312509537 -0.0312509537 0.0881548309
961 0.0010063771 0.0292799143 -0.0122091638 0.0010027697 0.0292062136 -0.0122379223 0.0000000063
962 0.0002870153 0.0156771202 -0.0064220871 0.0002865761 0.0156559954 -0.0064394055 0.0000000007
963 0.0001348482 0.0107731015 -0.0043345631 0.0001341820 0.0107425153 -0.0043336283 0.0000000009
964 0.0000786124 0.0082460982 -0.0032579529 0.0000785609 0.0082399976 -0.0032654805 0.0000000001
965 0.0000517284 0.0067055210 -0.0026008398 0.0000515584 0.0066835536 -0.0026245918 0.0000000010
966 0.0000367879 0.0056684764 -0.0021578488 0.0000365715 0.0056459243 -0.0021668142 0.0000000006
967 0.0000276179 0.0049230555 -0.0018388547 0.0000274953 0.0049134800 -0.0018311106 0.0000000002
968 0.0000215777 0.0043616357 -0.0015980848 0.0000212988 0.0043336283 -0.0015869625 0.0000000009
969 0.0000173835 0.0039237564 -0.0014098246 0.0000172305 0.0039063692 -0.0014038514 0.0000000003
970 0.0000143490 0.0035728359 -0.0012585150 0.0000143153 0.0035706656 -0.0012512589 0.0000000001
971 0.0000120805 0.0032854424 -0.0011341898 0.0000119384 0.0032654805 -0.0011291849 0.0000000004
972 0.0000103386 0.0030458725 -0.0010301693 0.0000102051 0.0030213324 -0.0010376293 0.0000000007
973 0.0000089708 0.0028432080 -0.0009418092 0.0000087783 0.0028077029 -0.0009460738 0.0000000013
974 0.0000078765 0.0026696222 -0.0008657799 0.0000076718 0.0026245918 -0.0008850368 0.0000000024
975 0.0000069866 0.0025193581 -0.0007996320 0.0000069416 0.0025025178 -0.0008239998 0.0000000009
976 0.0000062528 0.0023880871 -0.0007415234 0.0000062486 0.0023804437 -0.0007629627 0.0000000005
977 0.0000056404 0.0022724914 -0.0006900422 0.0000055929 0.0022583697 -0.0007019257 0.0000000003
978 0.0000051237 0.0021699860 -0.0006440878 0.0000049745 0.0021362957 -0.0006408887 0.0000000011
979 0.0000046836 0.0020785265 -0.0006027896 0.0000045535 0.0020447401 -0.0006103702 0.0000000012
980 0.0000043056 0.0019964752 -0.0005654501 0.0000042713 0.0019837031 -0.0005798517 0.0000000004
981 0.0000039785 0.0019225048 -0.0005315035 0.0000038820 0.0018921476 -0.0005493332 0.0000000012
982 0.0000036935 0.0018555282 -0.0005004861 0.0000036221 0.0018311106 -0.0005188147 0.0000000009
983 0.0000034436 0.0017946466 -0.0004720145 0.0000032645 0.0017395550 -0.0004882962 0.0000000033
984 0.0000032232 0.0017391105 -0.0004457685 0.0000031304 0.0017090365 -0.0004577776 0.0000000010
985 0.0000030280 0.0016882901 -0.0004214789 0.0000030270 0.0016785180 -0.0004577776 0.0000000014
986 0.0000028542 0.0016416522 -0.0003989176 0.0000027736 0.0016174810 -0.0003967406 0.0000000006
987 0.0000026988 0.0015987427 -0.0003778898 0.0000025799 0.0015564440 -0.0003967406 0.0000000021
988 0.0000025593 0.0015591722 -0.0003582284 0.0000024626 0.0015259255 -0.0003662221 0.0000000012
989 0.0000024338 0.0015226054 -0.0003397891 0.0000023704 0.0014954070 -0.0003662221 0.0000000014
990 0.0000023204 0.0014887515 -0.0003224466 0.0000021915 0.0014343699 -0.0003662221 0.0000000049
991 0.0000022176 0.0014573577 -0.0003060916 0.0000021506 0.0014343699 -0.0003051851 0.0000000005
992 0.0000021242 0.0014282028 -0.0002906283 0.0000020639 0.0014038514 -0.0003051851 0.0000000008
993 0.0000020392 0.0014010928 -0.0002759721 0.0000019615 0.0013733329 -0.0002746666 0.0000000008
994 0.0000019617 0.0013758567 -0.0002620484 0.0000019615 0.0013733329 -0.0002746666 0.0000000002
995 0.0000018907 0.0013523435 -0.0002487907 0.0000018628 0.0013428144 -0.0002441481 0.0000000001
996 0.0000018258 0.0013304190 -0.0002361401 0.0000017817 0.0013122959 -0.0002441481 0.0000000004
997 0.0000017662 0.0013099642 -0.0002240434 0.0000017026 0.0012817774 -0.0002441481 0.0000000012
998 0.0000017115 0.0012908726 -0.0002124532 0.0000016886 0.0012817774 -0.0002136296 0.0000000001
999 0.0000016612 0.0012730495 -0.0002013266 0.0000016113 0.0012512589 -0.0002136296 0.0000000006
1000 0.0000016149 0.0012564095 -0.0001906247 0.0000016113 0.0012512589 -0.0002136296 0.0000000006
1001 0.0000015723 0.0012408763 -0.0001803124 0.0000015237 0.0012207404 -0.0001831111 0.0000000004
1002 0.0000015330 0.0012263813 -0.0001703576 0.0000015237 0.0012207404 -0.0001831111 0.0000000002
1003 0.0000014969 0.0012128625 -0.0001607311 0.0000014502 0.0011902219 -0.0001831111 0.0000000010
1004 0.0000014636 0.0012002641 -0.0001514060 0.0000014502 0.0011902219 -0.0001831111 0.0000000011
1005 0.0000014329 0.0011885359 -0.0001423576 0.0000013682 0.0011597034 -0.0001525925 0.0000000009
1006 0.0000014047 0.0011776324 -0.0001335634 0.0000013682 0.0011597034 -0.0001525925 0.0000000007
1007 0.0000013787 0.0011675125 -0.0001250021 0.0000013682 0.0011597034 -0.0001525925 0.0000000008
1008 0.0000013549 0.0011581391 -0.0001166543 0.0000012900 0.0011291849 -0.0001220740 0.0000000009
1009 0.0000013331 0.0011494788 -0.0001085017 0.0000012900 0.0011291849 -0.0001220740 0.0000000006
1010 0.0000013131 0.0011415014 -0.0001005275 0.0000012834 0.0011291849 -0.0000915555 0.0000000002
1011 0.0000012950 0.0011341796 -0.0000927156 0.0000012220 0.0010986663 -0.0001220740 0.0000000021
1012 0.0000012785 0.0011274890 -0.0000850511 0.0000012155 0.0010986663 -0.0000915555 0.0000000009
1013 0.0000012636 0.0011214077 -0.0000775198 0.0000012155 0.0010986663 -0.0000915555 0.0000000007
1014 0.0000012502 0.0011159161 -0.0000701083 0.0000012108 0.0010986663 -0.0000610370 0.0000000004
1015 0.0000012383 0.0011109968 -0.0000628038 0.0000011447 0.0010681478 -0.0000610370 0.0000000018
1016 0.0000012277 0.0011066344 -0.0000555941 0.0000011447 0.0010681478 -0.0000610370 0.0000000015
1017 0.0000012186 0.0011028156 -0.0000484676 0.0000011447 0.0010681478 -0.0000610370 0.0000000014
1018 0.0000012107 0.0010995287 -0.0000414128 0.0000011447 0.0010681478 -0.0000610370 0.0000000014
1019 0.0000012041 0.0010967639 -0.0000344190 0.0000011447 0.0010681478 -0.0000610370 0.0000000015
1020 0.0000011987 0.0010945127 -0.0000274755 0.0000011419 0.0010681478 -0.0000305185 0.0000000007
1021 0.0000011946 0.0010927687 -0.0000205719 0.0000011447 0.0010681478 -0.0000610370 0.0000000022
1022 0.0000011916 0.0010915266 -0.0000136981 0.0000011447 0.0010681478 -0.0000610370 0.0000000028
1023 0.0000011899 0.0010907827 -0.0000068441 0.0000011419 0.0010681478 -0.0000305185 0.0000000011
