#int double real img int16 real16 img16 error
0 14.9719805759 3.8693643633 0.0000000000 0.0040179047 0.0633869442 0.0000000000 14.4854641147
1 14.9793723590 3.8702432291 0.0242838709 0.0082533126 0.0431836909 0.0799279763 14.6494809756
2 15.0015802650 3.8728823940 0.0486027526 0.0560817759 -0.2254707480 0.0724204230 16.7970657577
3 15.0387022816 3.8772895784 0.0729918265 0.0395534822 -0.0848414563 -0.1798760949 15.7624245222
4 15.0909027881 3.8834777130 0.0974866172 0.0005161183 -0.0125736259 -0.0189214759 15.1927668797
5 15.1584141743 3.8914650334 0.1221231679 0.0041409427 0.0544450209 -0.0343028047 14.7471916611
6 15.2415391459 3.9012752152 0.1469382223 0.0002012711 0.0134281442 0.0045777764 15.1356213442
7 15.3406537564 3.9129375509 0.1719694129 0.0023689533 -0.0482192450 0.0066225166 15.7181027578
8 15.4562112196 3.9264871709 0.1972554590 0.0102020787 -0.0829798273 -0.0575884274 16.1407710161
9 15.5887465707 3.9419653119 0.2228363761 0.1754878215 -0.2628559221 0.3261818293 17.6912018927
10 15.7388822604 3.9594196364 0.2487537002 0.1222880354 0.1928769799 -0.2916959136 14.4789293683
11 15.9073347876 3.9789046087 0.2750507276 0.0249121577 -0.0869167150 -0.1317484054 16.6963885705
12 16.0949224954 4.0004819319 0.3017727756 0.2177971856 -0.1606799524 0.4381542405 17.3338681311
13 16.3025746842 4.0242210539 0.3289674661 0.0611498770 0.2197943052 -0.1133152257 14.6692768651
14 16.5313422233 4.0501997491 0.3566850365 0.1410214695 -0.1449018830 0.3464461196 17.5989825394
15 16.7824098818 4.0785047868 0.3849786822 0.0560463238 -0.2325510422 0.0443433943 18.7012347603
16 17.0571106413 4.1092326954 0.4139049359 0.0128855244 0.1119724113 0.0186468093 16.1343187662
17 17.3569423054 4.1424906381 0.4435240901 0.1430738050 0.3733634449 -0.0606097598 14.4604707371
18 17.6835867875 4.1783974133 0.4739006692 0.0377935300 -0.1872615741 0.0522171697 19.2367953682
19 18.0389325319 4.2170845998 0.5051039594 0.0197313289 -0.0427869503 0.1337931455 18.2843773440
20 18.4251006226 4.2586978685 0.5372086066 0.0127969381 -0.0728782006 0.0865199744 18.9656714863
21 18.8444752471 4.3033984856 0.5702952933 0.0213264875 -0.1385540330 -0.0461439863 20.1109395628
22 19.2997393321 4.3513650395 0.6044515073 0.0117513455 -0.0036927396 -0.1083407086 19.4746010032
23 19.7939163419 4.4027954294 0.6397724197 0.0342464273 0.1685842463 0.0763267922 18.2460153176
24 20.3304194612 4.4579091574 0.6763618898 0.0157829042 0.0613116855 0.1096530045 19.6512282899
25 20.9131096622 4.5169499819 0.7143336220 0.1542891304 0.2827539903 0.2726523637 18.1234980290
26 21.5463645133 4.5801889948 0.7538125001 0.0723714091 -0.1913815729 -0.1890621662 23.6568983190
27 22.2351600424 4.6479282033 0.7949361352 0.1398700330 -0.2582781457 -0.2704855495 25.2059841055
28 22.9851685436 4.7205047132 0.8378566680 0.0006887178 0.0025025178 0.0261238441 22.9184548935
29 23.8028759637 4.7982956328 0.8827428755 0.0664760186 -0.2457655568 -0.0779442732 26.3654730820
30 24.6957234707 4.8817238453 0.9297826463 0.0168836065 0.1105380413 0.0683004242 23.5063655947
31 25.6722790618 4.9712648324 0.9791859009 0.0311262765 0.1170995209 0.1319620350 24.2807091502
32 26.7424467274 5.0674547774 1.0311880560 0.1086085501 -0.1908322398 -0.2686849574 29.3392522053
33 27.9177228726 5.1709002357 1.0860541537 0.0104426354 0.0135196997 0.1012909330 27.5683325944
34 29.2115126261 5.2822897364 1.1440838111 0.1736412845 -0.2132328257 -0.3580126347 32.4570619631
35 30.6395225999 5.4024077779 1.2056171870 0.1004862277 0.2335276345 -0.2143620106 28.7336628578
36 32.2202520202 5.5321518142 1.2710422201 0.1205354736 0.2357249672 0.2548905911 29.0847014783
37 33.9756115000 5.6725530025 1.3408034658 0.0875109202 -0.0605487228 -0.2895596179 35.5265391773
38 35.9317089194 5.8248017195 1.4154129600 0.0626975194 -0.0266731773 -0.2489700003 37.0099291068
39 38.1198561972 5.9902791747 1.4954636760 0.1145209997 -0.0586260567 -0.3332926420 39.9336041692
40 40.5778710636 6.1705968889 1.5816463252 0.0857084635 0.0318308054 0.2910245064 39.3501537077
41 43.3517771983 6.3676464192 1.6747705153 0.1300601293 -0.0372020631 -0.3587145604 45.1571456330
42 46.4980487930 6.5836625697 1.7757916434 1.2425939025 -0.4925382244 1.0000000000 50.6744703535
43 50.0866088456 6.8213045585 1.8858454248 0.9265043647 -0.3814203314 0.8837549974 52.8834310642
44 54.2048857579 7.0837613812 2.0062927133 0.1195481220 0.0054933317 -0.3457136753 55.6338126334
45 58.9633788725 7.3748902311 2.1387783785 0.0311602485 -0.1319009980 0.1173131504 60.4382362243
46 64.5034119511 7.6994007344 2.2853096688 0.0606735444 -0.1332132939 0.2071901608 65.6684232050
47 71.0081183597 8.0631037298 2.4483620243 0.0460482415 -0.1592761010 0.1438032167 72.9185213793
48 78.7182982715 8.4732526019 2.6310242523 0.0460671438 0.1711478011 -0.1295205542 76.5455517513
49 87.9557896122 8.9390199970 2.8372012805 0.0229055948 0.0205999939 -0.1499374371 88.4612130690
50 99.1587252257 9.4721769983 3.0719030157 0.2112075188 -0.3385418256 0.3108005005 103.8738909421
51 112.9361392922 10.0880827142 3.3416652203 0.0186138049 0.0346385083 0.1319620350 111.3739349391
52 130.1551122712 10.8071634410 3.6551786046 0.1928942588 0.3676259651 -0.2403027436 124.1587176432
53 152.0847092395 11.6571893671 4.0242571115 0.0026339457 0.0446180609 -0.0253608814 151.2512182304
54 180.6434115816 12.6769000378 4.4653798285 0.0018928731 -0.0243232521 -0.0360728782 181.5841495298
55 218.8449127225 13.9220129092 5.0022464233 0.1420959060 -0.3710440382 0.0664998321 228.6530713131
56 271.6476632459 15.4756673533 5.6702189743 0.1994355237 0.4454786828 0.0313730277 257.7031550787
57 347.6882787003 17.4676599198 6.5245027111 0.1674571031 0.3589281899 -0.1965392010 337.8811057880
58 463.1326728869 20.1125130823 7.6563366177 0.0998964130 0.2997222816 -0.1003143406 452.7123134011
59 651.2217086388 23.7920862054 9.2281277967 0.0499852381 -0.2097842341 0.0773033845 659.8273720207
60 989.6713958931 29.2582605998 11.5596532201 0.9668846333 -0.9824823756 -0.0401623585 1049.0582571569
61 1697.6376712889 38.2244066581 15.3796101032 0.0033820734 0.0087282937 0.0574968719 1695.2052267233
62 3613.3085496613 55.6245215025 22.7864248464 0.0166655911 -0.0049134800 0.1290017396 3607.9928583162
63 12669.5365632509 103.8890562622 43.3197478316 0.0601349081 -0.2447584460 0.0151066622 12719.1433124995
64 969503.9766183444 906.4001471654 384.6332666799 0.0039999961 -0.0587786493 0.0233466597 969592.5747669920
65 20586.6796524628 -131.7267618439 -56.8747735519 0.1107088777 0.0674764245 0.3258156072 20641.6286408825
66 4402.6650868945 -60.7511125511 -26.6827174534 1.2889971281 -0.9846186712 -0.5652638325 4254.1551743324
67 1843.8434759797 -39.2061081672 -17.5135535617 0.0583511116 -0.1964476455 -0.1405682546 1823.5742325006
68 1000.1025853593 -28.7931328727 -13.0789175674 0.2764368768 -0.3380840480 -0.4026612140 970.3772787535
69 622.8435798288 -22.6574280897 -10.4634856616 0.4550389638 0.4432813501 0.5084688864 654.0265632252
70 422.8194875411 -18.6136908214 -8.7378487940 0.1956149047 0.2813501389 0.3412579730 439.4527525753
71 304.4730309865 -15.7486233854 -7.5135805346 0.0571050228 0.0846888638 0.2234565264 310.5555192650
72 228.8689075652 -13.6130031690 -6.5996251625 0.3061961602 0.3456526383 0.4321115757 244.2893935029
73 177.7496817471 -11.9601434443 -5.8910653144 0.2276344244 -0.3136692404 -0.3595080416 166.2384872445
74 141.6409884445 -10.6433123603 -5.3254943850 0.1630335715 0.1866512040 0.3580431532 149.5907097519
75 115.2336836943 -9.5697639715 -4.8634659683 0.1044718498 -0.2420728172 -0.2141788995 108.6216925181
76 95.3675753101 -8.6780015638 -4.4788239717 0.0596646463 0.0292977691 0.2425000763 98.1079624381
77 80.0676521119 -7.9256391831 -4.1535401348 0.4329234321 -0.3454084902 -0.5600146489 70.3733227746
78 68.0489555279 -7.2825133682 -3.8747844546 0.3395478709 -0.1468855861 -0.5638904996 61.8792026262
79 58.4467754442 -6.7265739055 -3.6331775263 0.1366556042 -0.1065401166 0.3539841914 59.7223059300
80 50.6622300597 -6.2413279784 -3.4217035414 0.0603754061 0.1111178930 0.2191534165 53.6094079379
81 44.2701315564 -5.8141932260 -3.2350098434 0.0071545037 -0.0361949522 -0.0764488662 43.3617714983
82 38.9620163100 -5.4354037142 -3.0689416373 0.0743169853 -0.0466322825 0.2685934019 40.1779976817
83 34.5098094560 -5.0972637336 -2.9202246294 0.5587929399 0.1474349193 -0.7328409680 32.2915112415
84 30.7420116301 -4.7936269000 -2.7862434878 0.0406625251 0.0222785119 -0.2004150517 29.8794536377
85 27.5277128703 -4.5195249969 -2.6648839887 0.1280972509 -0.1509140294 0.3245338298 28.0213806786
86 24.7656288396 -4.2708986348 -2.5544184643 0.2196086729 -0.2386547441 0.4033021027 25.0071017467
87 22.3764358621 -4.0443985677 -2.4534213025 0.0658423425 0.1379741813 -0.2163457137 22.4967490021
88 20.2973187053 -3.8372369463 -2.3607056834 0.0717137864 -0.2244941557 0.1460005493 19.3354866079
89 18.4780310329 -3.6470744545 -2.2752755781 1.3993498035 0.6728720969 -0.9729300821 20.3580419982
90 16.8780079084 -3.4719336211 -2.1962888787 0.1846948312 0.0177312540 -0.4293954283 15.2996734059
91 15.4642215807 -3.3101314867 -2.1230287613 0.1498832811 0.1925717948 -0.3358561968 15.4629160537
92 14.2095700102 -3.1602267660 -2.0548812126 0.0443061335 -0.1353190710 -0.1612292856 12.7359841838
93 13.0916523204 -3.0209779905 -1.9913172278 0.2314698895 0.3160496841 -0.3627430036 13.7880077045
94 12.0918287172 -2.8913100589 -1.9318785832 0.0907518970 0.2595294046 -0.1529587695 13.0923450285
95 11.1944919277 -2.7702872888 -1.8761663747 0.0015922937 0.0206915494 0.0341196936 11.4387557378
96 10.3864975719 -2.6570915407 -1.8238317128 0.0081162582 -0.0061952574 0.0898770104 10.6895321816
97 9.6567151254 -2.5510043362 -1.7745681171 0.1015173206 0.1885433515 -0.2568437757 9.8086087097
98 8.9956712209 -2.4513921434 -1.7281052572 0.0671100189 0.2575762200 0.0276497696 10.4211853081
99 8.3952642543 -2.3576941940 -1.6842037709 0.0196649262 0.0087588122 -0.1399578845 7.9847951885
100 7.8485345004 -2.2694123383 -1.6426509487 0.0565430052 0.1202429273 0.2051454207 9.1248037112
101 7.3494777608 -2.1861025515 -1.6032571208 0.0909015669 0.1507309183 -0.2611163671 7.2621324681
102 6.8928933982 -2.1073677852 -1.5658526163 0.0234818281 0.0106509598 -0.1528672140 6.4825311515
103 6.4742597098 -2.0328519231 -1.5302851919 0.3466627109 0.5858638264 -0.0585345012 9.0237222724
104 6.0896311767 -1.9622346453 -1.4964178473 0.0159583863 0.1222266305 -0.0319223609 6.4897258396
105 5.7355533202 -1.8952270475 -1.4641269612 0.2644790165 -0.2937406537 -0.4221320231 3.6505121207
106 5.4089918097 -1.8315678879 -1.4333006949 0.0287945047 0.1079134495 0.1309549242 6.2084834996
107 5.1072731693 -1.7710203586 -1.4038376183 0.0823673829 0.2865993225 0.0151066622 6.2472016234
108 4.8280349692 -1.7133693000 -1.3756455252 0.1043905050 -0.2908108768 -0.1407818842 3.5485606792
109 4.5691838134 -1.6584187863 -1.3486404052 0.3374236478 -0.3995178076 -0.4216742454 2.4440979358
110 4.3288597649 -1.6059900279 -1.3227455520 0.0087751300 0.0028992584 -0.0936307871 4.0992478408
111 4.1054061075 -1.5559195417 -1.2978907840 0.6429789938 -0.6445509201 -0.4770043031 1.5044473789
112 3.8973435534 -1.5080575513 -1.2740117642 0.0286644404 -0.1584215827 -0.0597247230 3.2960102661
113 3.7033481672 -1.4622665834 -1.2510494020 0.0048650511 -0.0498367260 -0.0487990967 3.4403638989
114 3.5222324088 -1.4184202329 -1.2289493284 0.0463951728 0.0124820704 0.2150334178 4.1325675727
115 3.3529288037 -1.3764020741 -1.2076614319 0.0156541680 0.0847804193 0.0920133061 3.8242087037
116 3.1944758345 -1.3361046975 -1.1871394492 0.1545972531 0.1187475204 0.3748283334 4.5563383296
117 3.0460057159 -1.2974288563 -1.1673406010 0.1241499942 0.0745567186 -0.3443708609 2.5596236109
118 2.9067337731 -1.2602827077 -1.1482252695 0.0779297716 0.2648396252 -0.0882595294 3.4495255008
119 2.7759491880 -1.2245811375 -1.1297567108 0.0089075498 -0.0781273843 -0.0529496139 2.4738697323
120 2.6530069171 -1.1902451567 -1.1119007978 0.0902295357 -0.0673543504 0.2927335429 3.2338813937
121 2.5373206142 -1.1572013624 -1.0946257904 0.0204822722 0.1340678121 -0.0500808741 2.7584501634
122 2.4283564203 -1.1253814543 -1.0779021303 0.0632892769 0.0285653249 -0.2499465926 2.0171035416
123 2.3256274999 -1.0947218007 -1.0617022553 0.0227679276 -0.1074861904 0.1058992279 2.3379273739
124 2.2286892243 -1.0651630478 -1.0460004330 0.0331938950 -0.1451765496 -0.1100802637 1.7223217203
125 2.1371349166 -1.0366497675 -1.0307726113 0.0083304149 0.0240485855 0.0880458998 2.3768358568
126 2.0505920843 -1.0091301396 -1.0159962824 0.1324237915 -0.1311990722 0.3394268624 2.6079348603
127 1.9687190776 -0.9825556643 -1.0016503603 0.1344387517 -0.1278725547 0.3436384167 2.5402851113
128 1.8912021195 -0.9568809016 -0.9877150701 0.0160942634 0.0633259072 -0.1099276711 1.8113326504
129 1.8177526611 -0.9320632350 -0.9741718468 0.0025378757 -0.0480971709 -0.0149845882 1.7014361995
130 1.7481050228 -0.9080626564 -0.9610032439 0.0085247482 -0.0642719810 0.0662862026 1.7673063109
131 1.6820142863 -0.8848415709 -0.9481928499 0.1595784118 0.3633533738 -0.1659901730 2.1698316478
132 1.6192544079 -0.8623646182 -0.9357252125 0.0322196712 -0.0985442671 0.1500289926 1.7622837225
133 1.5596165269 -0.8405985100 -0.9235857686 0.0854872208 -0.2914822840 0.0229194006 1.1974006650
134 1.5029074465 -0.8195118813 -0.9117607816 0.0439410887 0.1722159490 -0.1195104831 1.6111846248
135 1.4489482677 -0.7990751544 -0.9002372828 0.0388636588 -0.0752891629 -0.1821955016 1.0394501611
136 1.3975731590 -0.7792604139 -0.8890030181 0.0629618309 0.1580858791 -0.1948606830 1.3604516544
137 1.3486282462 -0.7600412924 -0.8780463997 0.0521560573 -0.1260109256 -0.1904660176 0.8747612878
138 1.3019706100 -0.7413928654 -0.8673564603 0.0064917611 -0.0398266549 -0.0700399792 1.1279087186
139 1.2574673791 -0.7232915542 -0.8569228126 0.0198582349 -0.0476088748 -0.1326334422 0.9811421753
140 1.2149949087 -0.7057150375 -0.8467356108 0.0533126517 0.2096926786 -0.0966521195 1.4005965306
141 1.1744380358 -0.6886421687 -0.8367855157 0.3460001351 -0.5059663686 -0.2999969481 0.3215124142
142 1.1356894024 -0.6720529005 -0.8270636622 0.0176968964 0.1326639607 -0.0098574786 1.3153951732
143 1.0986488407 -0.6559282146 -0.8175616295 0.0597714643 0.2429273354 -0.0275276955 1.4320949166
144 1.0632228134 -0.6402500575 -0.8082714131 0.0192922878 -0.1320230720 0.0431531724 0.9832184936
145 1.0293239031 -0.6250012799 -0.7991853998 0.0315763255 -0.1768852809 0.0169682913 0.8669147959
146 0.9968703471 -0.6101655817 -0.7902963432 0.0279801951 -0.1582689901 -0.0541398358 0.7461369328
147 0.9657856121 -0.5957274604 -0.7815973421 0.0889175564 0.2839442122 0.0910672323 1.5353657108
148 0.9359980057 -0.5816721631 -0.7730818200 0.0070490911 0.0006408887 -0.0839564196 0.8139823078
149 0.9074403200 -0.5679856425 -0.7647435060 0.1625551498 0.0010071108 -0.4031800287 0.4544809014
150 0.8800495059 -0.5546545150 -0.7565764171 0.0202493528 -0.1229590747 0.0716269417 0.8722817568
151 0.8537663741 -0.5416660230 -0.7485748417 0.0017373821 0.0112613300 0.0401318400 0.9277868874
152 0.8285353203 -0.5290079983 -0.7407333245 0.0071704266 -0.0812097537 -0.0239875484 0.7142477753
153 0.8043040727 -0.5166688294 -0.7330466516 0.1296330211 0.0326548051 -0.3585619678 0.4419952338
154 0.7810234604 -0.5046374299 -0.7255098378 0.0003966903 0.0053102206 0.0191961425 0.8146336033
155 0.7586471993 -0.4929032096 -0.7181181138 0.0553518417 -0.1234778893 -0.2002624592 0.4046495462
156 0.7371316953 -0.4814560473 -0.7108669143 0.0643967439 -0.2214423048 0.1239356670 0.7645024959
157 0.7164358624 -0.4702862654 -0.7037518675 0.0505617890 0.2244636372 0.0133365886 0.9968932810
158 0.6965209555 -0.4593846059 -0.6967687847 0.0239507143 -0.0944547868 0.1225928526 0.8045272655
159 0.6773504151 -0.4487422084 -0.6899136507 0.0659506974 -0.0180669576 0.2561723685 1.0805599275
160 0.6588897242 -0.4383505891 -0.6831826149 0.0078073979 -0.0321359905 0.0823084201 0.7509868247
161 0.6411062758 -0.4282016211 -0.6765719825 0.1037185473 -0.0358897671 0.3200476089 1.1471592007
162 0.6239692501 -0.4182875163 -0.6700782073 0.1449027007 0.2012695700 -0.3230994598 0.5042452343
163 0.6074495006 -0.4086008076 -0.6636978835 0.1479724444 0.0035706656 -0.3846552934 0.2477500904
164 0.5915194487 -0.3991343335 -0.6574277394 0.1404506391 -0.0396740623 -0.3726615192 0.2103034867
165 0.5761529857 -0.3898812220 -0.6512646301 0.0684903315 -0.0844141972 0.2477187414 0.9014812056
166 0.5613253821 -0.3808348768 -0.6452055321 0.4333515211 0.4663838618 -0.4645832698 0.7504039927
167 0.5470132023 -0.3719889635 -0.6392475369 0.0749139949 0.2062440870 -0.1799371319 0.5453195088
168 0.5331942269 -0.3633373970 -0.6333878455 0.1266343407 0.2286446730 -0.2726828822 0.4805508418
169 0.5198473786 -0.3548743297 -0.6276237636 0.0246243475 0.0715048677 -0.1396832179 0.4198851962
170 0.5069526544 -0.3465941396 -0.6219526966 0.0033204431 -0.0574968719 -0.0038148137 0.4656716725
171 0.4944910623 -0.3384914203 -0.6163721447 0.0017110036 -0.0057985168 0.0409558397 0.5427646471
172 0.4824445614 -0.3305609705 -0.6108796986 0.0346193135 -0.1844538713 0.0244148076 0.4249463941
173 0.4707960069 -0.3227977844 -0.6054730360 0.1029166604 0.3006988739 0.1117893002 0.9032133418
174 0.4595290986 -0.3151970432 -0.6001499167 0.7050962127 -0.8362987152 0.0755027924 0.7280535359
175 0.4486283322 -0.3077541062 -0.5949081797 0.0040530298 -0.0454420606 -0.0445875423 0.3716604132
176 0.4380789545 -0.3004645026 -0.5897457394 0.2366463920 -0.4386120182 -0.2103946043 0.1629920198
177 0.4278669211 -0.2933239244 -0.5846605823 0.0098762403 -0.0879848628 0.0462050233 0.4401555426
178 0.4179788568 -0.2863282186 -0.5796507638 0.0873442591 0.2702719199 -0.1195715201 0.5214766247
179 0.4084020187 -0.2794733810 -0.5747144056 0.0176977681 -0.1329691458 0.0041199988 0.3565127587
180 0.3991242614 -0.2727555491 -0.5698496924 0.0123367398 -0.0892361217 -0.0661336100 0.2874092718
181 0.3901340046 -0.2661709962 -0.5650548694 0.0244848566 0.1212500381 0.0989104892 0.5909450552
182 0.3814202024 -0.2597161257 -0.5603282399 0.3786444883 -0.5206457717 -0.3279824213 0.1220688595
183 0.3729723148 -0.2533874654 -0.5556681629 0.0843896153 -0.0921658986 -0.2754905850 0.1044918687
184 0.3647802811 -0.2471816624 -0.5510730504 0.0861076834 0.2527848140 0.1490218818 0.7400993916
185 0.3568344940 -0.2410954778 -0.5465413659 0.1659413911 -0.3009430219 -0.2745445112 0.0775640175
186 0.3491257765 -0.2351257823 -0.5420716216 0.0839089872 0.1252174444 0.2612079226 0.7751052672
187 0.3416453589 -0.2292695514 -0.5376623771 0.6008271754 -0.3969237342 -0.6657918027 0.0445250747
188 0.3343848586 -0.2235238613 -0.5333122369 0.9780351152 -0.5319986572 -0.8336741234 0.1853739625
189 0.3273362596 -0.2178858848 -0.5290198491 0.1338939879 0.3493758965 0.1087679678 0.7285592279
190 0.3204918942 -0.2123528873 -0.5247839036 0.3304811074 -0.2213202307 -0.5305642872 0.0001138261
191 0.3138444256 -0.2069222231 -0.5206031302 0.2567637889 0.3617664113 0.3548081912 1.0897517446
192 0.3073868309 -0.2015913320 -0.5164762974 0.0395064792 -0.0162663656 -0.1980956450 0.1357115830
193 0.3011123860 -0.1963577360 -0.5124022107 0.0603290709 0.2411877804 -0.0464491714 0.4085583137
194 0.2950146504 -0.1912190355 -0.5083797113 0.1268509153 -0.1973937193 -0.2964568010 0.0449494466
195 0.2890874537 -0.1861729072 -0.5044076747 0.7045755418 0.0664387951 0.8367564928 1.8625339964
196 0.2833248822 -0.1812171003 -0.5004850095 0.0285720541 -0.0253608814 -0.1671193579 0.1354238187
197 0.2777212668 -0.1763494343 -0.4966106562 0.2669375751 -0.0477309488 0.5144505142 1.0387874051
198 0.2722711709 -0.1715677960 -0.4927835857 0.3030281215 0.0304269539 0.5496383557 1.1274453827
199 0.2669693797 -0.1668701371 -0.4890027986 0.0044407062 0.0323496200 0.0582598346 0.3391849013
200 0.2618108894 -0.1622544719 -0.4852673240 0.1806951155 -0.0875576037 0.4159672842 0.8178034411
201 0.2567908975 -0.1577188747 -0.4815762184 0.1598195571 0.2475051119 -0.3139439070 0.1923070711
202 0.2519047935 -0.1532614776 -0.4779285647 0.0445331693 0.0234382153 0.2097231971 0.5040877270
203 0.2471481495 -0.1488804687 -0.4743234714 0.3199219770 0.2465590381 -0.5090487381 0.1575782477
204 0.2425167124 -0.1445740898 -0.4707600716 0.2240000477 0.3844721824 -0.2760093997 0.3178177823
205 0.2380063958 -0.1403406344 -0.4672375221 0.0149606256 -0.0227362896 -0.1201818903 0.1342783935
206 0.2336132719 -0.1361784462 -0.4637550029 0.0158418326 0.1256752220 -0.0068971831 0.2772864110
207 0.2293335651 -0.1320859167 -0.4603117158 0.1602537411 -0.0619830927 0.3954893643 0.7373098946
208 0.2251636445 -0.1280614843 -0.4569068842 0.0152057796 0.0176396985 -0.1220435194 0.1333623077
209 0.2211000182 -0.1241036319 -0.4535397521 0.2708438810 -0.3507492294 0.3844721824 0.7536322292
210 0.2171393263 -0.1202108858 -0.4502095836 0.0095183596 -0.0314645833 -0.0923490097 0.1359400966
211 0.2132783357 -0.1163818141 -0.4469156621 0.2224255397 -0.4625995666 0.0917996765 0.4100809482
212 0.2095139343 -0.1126150252 -0.4436572894 0.0295899428 0.0888698996 0.1472823267 0.3898058048
213 0.2058431261 -0.1089091665 -0.4404337857 0.3931235646 -0.5427716910 0.3138828700 0.7572303072
214 0.2022630255 -0.1052629227 -0.4372444884 0.0125584901 0.0814233833 -0.0769981994 0.1646291656
215 0.1987708534 -0.1016750153 -0.4340887520 0.1654758160 -0.3911862545 0.1115756706 0.3815664197
216 0.1953639318 -0.0981442006 -0.4309659472 0.0505661954 -0.1564378796 0.1615344707 0.3544548982
217 0.1920396803 -0.0946692691 -0.4278754607 1.0741177064 -1.0000305185 0.2721335490 1.3096916056
218 0.1887956117 -0.0912490438 -0.4248166942 0.0506563529 -0.1683706168 0.1493575854 0.3356238403
219 0.1856293276 -0.0878823797 -0.4217890646 0.1242816726 -0.3441877499 0.0762657552 0.3137510462
220 0.1825385158 -0.0845681624 -0.4187920029 0.0286070069 -0.1608935820 0.0521561327 0.2276177161
221 0.1795209455 -0.0813053073 -0.4158249542 0.0190507662 0.0180059206 0.1368449965 0.3153067943
222 0.1765744649 -0.0780927583 -0.4128873769 0.0091594730 0.0847804193 -0.0444044313 0.1623073532
223 0.1736969976 -0.0749294873 -0.4099787428 0.1822795111 -0.2393261513 -0.3535569323 0.0302096838
224 0.1708865394 -0.0718144931 -0.4070985359 0.0001976471 0.0138859218 0.0021973327 0.1748676692
225 0.1681411557 -0.0687468006 -0.4042462530 0.0231339243 -0.1010467849 0.1136814478 0.2692923922
226 0.1654589784 -0.0657254598 -0.4014214024 0.0047296090 -0.0509659108 0.0461745048 0.2005599404
227 0.1628382035 -0.0627495452 -0.3986235041 0.0078852789 0.0587786493 0.0665608692 0.2311656032
228 0.1602770884 -0.0598181551 -0.3958520894 0.0002365555 -0.0113528855 -0.0103762932 0.1509404718
229 0.1577739496 -0.0569304106 -0.3931067005 0.1485931520 0.2048402356 0.3265480514 0.5864268331
230 0.1553271602 -0.0540854551 -0.3903868898 0.0366216386 -0.1888790551 0.0307626576 0.1955362559
231 0.1529351479 -0.0512824535 -0.3876922205 0.0608982360 0.0123294778 0.2464674825 0.4062050068
232 0.1505963926 -0.0485205918 -0.3850222653 0.0190138296 -0.0435499130 -0.1308328501 0.0646369664
233 0.1483094248 -0.0457990759 -0.3823766068 0.0177652102 -0.0523087252 0.1225928526 0.2550365304
234 0.1460728232 -0.0431171317 -0.3797548369 0.0123590026 0.0742210150 0.0827661977 0.2276939481
235 0.1438852131 -0.0404740039 -0.3771565565 0.0174184716 0.0863673818 0.0997955260 0.2435720262
236 0.1417452649 -0.0378689559 -0.3745813757 0.0259816486 -0.0197149571 -0.1599780267 0.0463841651
237 0.1396516917 -0.0353012688 -0.3720289130 0.0110932877 -0.0232551042 0.1027253029 0.2255366756
238 0.1376032483 -0.0327702415 -0.3694987950 0.1200651065 -0.0043641469 -0.3464766381 0.0013369259
239 0.1355987294 -0.0302751893 -0.3669906570 0.0128133527 0.0810876797 0.0789819025 0.2112932124
240 0.1336369682 -0.0278154443 -0.3645041416 0.0010714635 -0.0017700735 -0.0326853236 0.1107820893
241 0.1317168350 -0.0253903544 -0.3620388997 0.1196789259 -0.1837214270 0.2931302835 0.4543153872
242 0.1298372355 -0.0229992829 -0.3595945891 0.0774538572 0.0218817713 -0.2774437696 0.0087630662
243 0.1279971101 -0.0206416082 -0.3571708753 0.0251873170 -0.1279641102 0.0938749351 0.2149604425
244 0.1261954321 -0.0183167233 -0.3547674306 0.1887195117 -0.0507827998 -0.4314401685 0.0069327549
245 0.1244312069 -0.0160240354 -0.3523839343 0.0609643686 -0.2266304514 -0.0979949339 0.1090688260
246 0.1227034704 -0.0137629653 -0.3500200725 0.0375850761 -0.0704672384 -0.1806085391 0.0319156422
247 0.1210112883 -0.0115329475 -0.3476755376 0.1514922344 0.3308816797 -0.2049623096 0.1376148424
248 0.1193537551 -0.0093334293 -0.3453500286 0.0910020702 0.2792138432 0.1142002625 0.2944459984
249 0.1177299927 -0.0071638707 -0.3430432504 0.0336489074 0.1432844020 -0.1145359661 0.0748502617
250 0.1161391495 -0.0050237439 -0.3407549141 0.0043146152 -0.0250251778 -0.0607318339 0.0788129828
251 0.1145803998 -0.0029125333 -0.3384847366 0.0217160910 0.1225012970 -0.0819116794 0.0815583625
252 0.1130529426 -0.0008297348 -0.3362324407 0.0212406069 -0.0775170141 0.1234168523 0.2171584114
253 0.1115560009 0.0012251444 -0.3339977544 0.0239344552 0.1356242561 -0.0744346446 0.0854361292
254 0.1100888207 0.0032525860 -0.3317804114 0.0283545425 -0.1638233589 -0.0389416181 0.1136689302
255 0.1086506703 0.0052530611 -0.3295801506 0.1139741301 -0.3001495407 -0.1545457320 0.1239077969
256 0.1072408396 0.0072270304 -0.3273967160 0.0171570111 0.0112918485 -0.1304971465 0.0387859632
257 0.1058586393 0.0091749443 -0.3252298568 0.0595292321 0.2410046693 -0.0380260628 0.1362310407
258 0.1045034002 0.0110972433 -0.3230793268 0.0491543928 0.1878414258 -0.1177709281 0.0733900446
259 0.1031744724 0.0129943585 -0.3209448847 0.0204455460 0.1299172948 0.0597247230 0.1585803233
260 0.1018712249 0.0148667115 -0.3188262940 0.0182914368 -0.1006805628 -0.0903042695 0.0655734883
261 0.1005930448 0.0167147147 -0.3167233226 0.0121068297 0.0030518509 0.1099887082 0.1822698310
262 0.0993393367 0.0185387718 -0.3146357427 0.0037489083 -0.0120548112 -0.0600299081 0.0657600983
263 0.0981095222 0.0203392778 -0.3125633311 0.0230599569 0.1015350810 0.1129184851 0.1876275344
264 0.0969030393 0.0221166192 -0.3105058686 0.0474688270 -0.0810266427 -0.2022461623 0.0223586965
265 0.0957193418 0.0238711744 -0.3084631401 0.0689906090 0.0254829554 0.2614215522 0.3247711604
266 0.0945578989 0.0256033136 -0.3064349347 0.0062075656 -0.0323496200 -0.0718405713 0.0583930579
267 0.0934181946 0.0273133994 -0.3044210452 0.0563948004 -0.1311075167 0.1980040895 0.2775282027
268 0.0922997272 0.0290017869 -0.3024212684 0.0566456339 -0.0185247353 -0.2372814112 0.0065019713
269 0.0912020091 0.0306688234 -0.3004354046 0.0640006580 0.0724814600 0.2423780023 0.2963946912
270 0.0901245658 0.0323148494 -0.2984632580 0.2815243711 -0.0491653188 -0.5283059175 0.0594666660
271 0.0890669363 0.0339401980 -0.2965046361 0.2352960493 -0.1498458815 -0.4613483077 0.0609507591
272 0.0880286717 0.0355451958 -0.2945593502 0.0299387258 -0.0719626453 -0.1573534349 0.0303833991
273 0.0870093357 0.0371301625 -0.2926272147 0.0057820603 0.0509353923 -0.0564592425 0.0559658954
274 0.0860085036 0.0386954113 -0.2907080473 0.1388518295 0.0822168645 0.3634449293 0.4298102338
275 0.0850257623 0.0402412489 -0.2888016693 0.0431346147 0.0293588061 -0.2056031983 0.0070404131
276 0.0840607096 0.0417679760 -0.2869079047 0.1327626674 -0.1235389264 0.3427838984 0.4238381389
277 0.0831129542 0.0432758872 -0.2850265808 0.0520156267 -0.2047486801 0.1004669332 0.2101214354
278 0.0821821152 0.0447652711 -0.2831575281 0.0191841668 -0.0261238441 -0.1360209967 0.0266744255
279 0.0812678218 0.0462364106 -0.2813005797 0.2392230905 0.3724478896 -0.3170262764 0.1076902544
280 0.0803697130 0.0476895829 -0.2794555719 0.0013943542 -0.0202032533 0.0314035463 0.1012428285
281 0.0794874371 0.0491250598 -0.2776223435 0.0022979757 0.0451368755 -0.0161442915 0.0683866773
282 0.0786206519 0.0505431076 -0.2758007363 0.0953334502 -0.1452375866 0.2724692526 0.3389300610
283 0.0777690239 0.0519439874 -0.2739905948 0.0053878679 0.0636310923 0.0365916929 0.0965979459
284 0.0769322283 0.0533279553 -0.2721917661 0.0066963740 0.0597247230 0.0559404279 0.1077116553
285 0.0761099488 0.0546952623 -0.2704040997 0.0318429431 -0.1666920988 -0.0636921293 0.0917422023
286 0.0753018771 0.0560461545 -0.2686274478 0.0049640008 -0.0702841273 -0.0049134800 0.0855043969
287 0.0745077129 0.0573808732 -0.2668616651 0.0016427232 -0.0003967406 -0.0405285806 0.0545649178
288 0.0737271634 0.0586996553 -0.2651066086 0.0061540420 -0.0769066439 -0.0154728843 0.0807060647
289 0.0729599435 0.0600027328 -0.2633621377 0.0738511280 0.1333964049 -0.2367625965 0.0060941667
290 0.0722057751 0.0612903335 -0.2616281141 0.0946846736 0.2675557726 -0.1519821772 0.0545676628
291 0.0714643871 0.0625626808 -0.2599044019 0.0269782506 -0.0704367199 -0.1483809931 0.0301263113
292 0.0707355155 0.0638199937 -0.2581908671 0.0732758633 0.2671590320 -0.0436109500 0.0873913053
293 0.0700189024 0.0650624873 -0.2564873782 0.0535114406 0.0817285684 -0.2164067507 0.0018842150
294 0.0693142969 0.0662903724 -0.2547938056 0.1257581371 -0.3403729362 -0.0995208594 0.1894847344
295 0.0686214538 0.0675038562 -0.2531100220 0.0223488180 -0.1034577471 -0.1079134495 0.0503099145
296 0.0679401343 0.0687031416 -0.2514359017 0.0514243358 0.1003753777 -0.2033448286 0.0033158818
297 0.0672701054 0.0698884280 -0.2497713215 0.0141021322 -0.0229194006 -0.1165196692 0.0263692959
298 0.0666111397 0.0710599109 -0.2481161599 0.5190742123 0.7017731254 0.1630603961 0.5668653191
299 0.0659630155 0.0722177825 -0.2464702972 0.0464301918 -0.2154606769 -0.0026245918 0.1422196240
300 0.0653255163 0.0733622309 -0.2448336157 0.9235025586 -0.8052003540 -0.5245521409 0.8501146690
301 0.0646984311 0.0744934414 -0.2432059997 0.0988652270 -0.2595599231 -0.1774651326 0.1159135119
302 0.0640815538 0.0756115954 -0.2415873350 0.1022815705 0.0273445845 -0.3186437574 0.0082673966
303 0.0634746833 0.0767168713 -0.2399775092 0.0509453227 -0.1723380230 -0.1457564013 0.0709059576
304 0.0628776233 0.0778094440 -0.2383764118 0.8924838127 -0.6438795129 -0.6913052767 0.7259795072
305 0.0622901822 0.0788894855 -0.2367839338 0.1810324285 0.3840754418 0.1830805383 0.2694246428
306 0.0617121730 0.0799571644 -0.2351999679 0.0677320359 0.2467116306 0.0828577532 0.1289677660
307 0.0611434132 0.0810126465 -0.2336244086 0.0215236168 -0.1379741813 -0.0498672445 0.0817219261
308 0.0605837243 0.0820560945 -0.2320571517 0.5747591470 -0.2825403607 -0.7035126804 0.3552008908
309 0.0600329323 0.0830876683 -0.2304980947 0.1375490979 0.2341990417 0.2875759148 0.2912353264
310 0.0594908671 0.0841075249 -0.2289471366 0.4509861547 -0.0717184973 -0.6677144688 0.2167985210
311 0.0589573627 0.0851158184 -0.2274041779 0.0352830079 0.0813318278 0.1693166906 0.1574017661
312 0.0584322568 0.0861127002 -0.2258691206 0.0475491491 -0.0011291849 0.2180547502 0.2046795496
313 0.0579153910 0.0870983193 -0.2243418681 0.1214139451 0.0364085818 -0.3465376751 0.0175012647
314 0.0574066105 0.0880728217 -0.2228223251 0.2872770230 0.2852870266 0.4537491989 0.4966424697
315 0.0569057641 0.0890363511 -0.2213103979 0.1523241089 0.1751762444 -0.3487655263 0.0236648910
316 0.0564127039 0.0899890486 -0.2198059941 0.5217946747 0.0696737571 -0.7189855647 0.2495929548
317 0.0559272856 0.0909310528 -0.2183090224 0.0826210823 -0.1458479568 0.2476882229 0.2732177320
318 0.0554493681 0.0918624999 -0.2168193930 0.0150686647 0.0353404340 0.1175572985 0.1150025158
319 0.0549788134 0.0927835239 -0.2153370174 0.0195066336 -0.0616168706 0.1253395184 0.1398999839
320 0.0545154867 0.0936942562 -0.2138618082 0.0451926344 0.2125309000 -0.0048219245 0.0578198209
321 0.0540592562 0.0945948261 -0.2123936795 0.0161642957 0.1042207099 0.0728171636 0.0814378827
322 0.0536099932 0.0954853608 -0.2109325463 0.1796819898 0.3664052248 -0.2131412702 0.0734024511
323 0.0531675717 0.0963659852 -0.2094783249 0.5343257217 -0.2779320658 0.6760765404 0.9243064505
324 0.0527318686 0.0972368220 -0.2080309329 0.0582682375 -0.1727347636 0.1686147649 0.2147466386
325 0.0523027634 0.0980979918 -0.2065902887 0.2230602049 -0.2561418500 0.3968016602 0.4895677095
326 0.0518801384 0.0989496134 -0.2051563121 0.0207698738 0.0733970153 0.1240272225 0.1090147347
327 0.0514638785 0.0997918033 -0.2037289240 0.3653350773 -0.4003112888 0.4528641621 0.6812175835
328 0.0510538711 0.1006246763 -0.2023080463 0.0033418341 -0.0168462172 0.0552995392 0.0801610789
329 0.0506500060 0.1014483450 -0.2008936018 0.3132427422 0.5392315439 -0.1499069185 0.1942537712
330 0.0502521754 0.1022629202 -0.1994855147 0.0204388466 -0.0986358226 0.1034882656 0.1321534164
331 0.0498602741 0.1030685111 -0.1980837098 0.2188246685 0.4677571947 0.0052797021 0.1743545133
332 0.0494741988 0.1038652247 -0.1966881132 0.0097527841 0.0280159917 -0.0946989349 0.0161548986
333 0.0490938487 0.1046531664 -0.1952986519 1.0178968058 -0.9915158544 0.1865291299 1.3473789770
334 0.0487191250 0.1054324399 -0.1939152538 0.0476414591 -0.0481276894 0.2128971221 0.1890770225
335 0.0483499313 0.1062031470 -0.1925378478 0.3720398831 0.6099124119 -0.0068361461 0.2882081455
336 0.0479861729 0.1069653881 -0.1911663637 0.0756213673 0.2749717704 -0.0034485916 0.0634641065
337 0.0476277573 0.1077192617 -0.1898007323 0.1677321916 -0.4032715842 -0.0714438307 0.2751200008
338 0.0472745941 0.1084648647 -0.1884408852 0.0111923492 -0.0229499191 0.1032746361 0.1023677908
339 0.0469265945 0.1092022926 -0.1870867548 0.1339352386 -0.3658253731 -0.0103457747 0.2568886573
340 0.0465836720 0.1099316392 -0.1857382746 0.0387783175 0.1969054231 -0.0025635548 0.0411174171
341 0.0462457414 0.1106529967 -0.1843953788 1.3035864779 0.9999694815 0.5510422071 1.3317522528
342 0.0459127197 0.1113664560 -0.1830580023 0.1169177324 -0.3153782769 -0.1321146275 0.1847062945
343 0.0455845256 0.1120721063 -0.1817260812 0.2806048481 -0.4271370586 -0.3133030183 0.3080590140
344 0.0452610793 0.1127700356 -0.1803995519 0.0206896420 0.0240180670 0.1418195135 0.1117020381
345 0.0449423027 0.1134603302 -0.1790783520 0.3860793316 0.4812158574 0.3930784021 0.4626074790
346 0.0446281195 0.1141430753 -0.1777624198 0.3272169653 -0.2847682119 -0.4961088900 0.2604746902
347 0.0443184549 0.1148183545 -0.1764516941 0.0048542639 -0.0542619098 0.0437025056 0.0770560074
348 0.0440132355 0.1154862502 -0.1751461148 0.0484861569 0.0912808618 0.2003845332 0.1416091685
349 0.0437123896 0.1161468433 -0.1738456223 0.0333183422 0.1276589251 0.1304666280 0.0927384737
350 0.0434158469 0.1168002137 -0.1725501579 0.0000947930 0.0097354045 -0.0001220740 0.0411943175
351 0.0431235385 0.1174464397 -0.1712596633 0.0237744153 -0.1373638112 -0.0700399792 0.0751736884
352 0.0428353969 0.1180855986 -0.1699740813 0.0039540875 0.0565507981 0.0274971770 0.0427814295
353 0.0425513561 0.1187177664 -0.1686933551 0.1433597385 -0.1002227851 -0.3651234474 0.0865197463
354 0.0422713513 0.1193430179 -0.1674174286 0.0691963069 0.1708120975 0.2000488296 0.1376805171
355 0.0419953191 0.1199614265 -0.1661462466 0.0200437667 -0.0004272591 -0.1415753655 0.0150971638
356 0.0417231973 0.1205730649 -0.1648797542 0.0063538332 0.0702536088 0.0376598407 0.0435543352
357 0.0414549251 0.1211780042 -0.1636178975 0.0037877348 -0.0494399854 -0.0366527299 0.0452306521
358 0.0411904426 0.1217763146 -0.1623606228 0.0162601411 0.0142826624 0.1267128513 0.0951183587
359 0.0409296916 0.1223680652 -0.1611078775 0.0775566349 -0.1191442610 0.2517166662 0.2287523075
360 0.0406726145 0.1229533240 -0.1598596092 0.0071511200 0.0339365825 -0.0774559771 0.0147143388
361 0.0404191554 0.1235321578 -0.1586157664 0.1289942317 -0.1699270608 0.3164159062 0.3117734030
362 0.0401692590 0.1241046326 -0.1573762980 0.1344080497 0.2056947539 -0.3034760582 0.0280020878
363 0.0399228715 0.1246708132 -0.1561411535 0.1662806032 0.2219000824 -0.3421124912 0.0440388692
364 0.0396799399 0.1252307635 -0.1549102830 0.1789224359 -0.2838526566 0.3136082034 0.3868588167
365 0.0394404124 0.1257845462 -0.1536836372 0.0458859877 -0.0140079958 0.2137516404 0.1545506380
366 0.0392042381 0.1263322232 -0.1524611672 0.0131766317 -0.1143223365 -0.0103457747 0.0781114019
367 0.0389713673 0.1268738554 -0.1512428250 0.0269459476 0.1426740318 -0.0811792352 0.0051585522
368 0.0387417510 0.1274095028 -0.1500285626 0.0356804759 -0.0767845698 0.1725821711 0.1457729048
369 0.0385153413 0.1279392244 -0.1488183329 0.1384973213 0.3658253731 0.0683309427 0.1037436276
370 0.0382920914 0.1284630783 -0.1476120892 0.3917868340 -0.4789880062 0.4029358806 0.6720998872
371 0.0380719550 0.1289811217 -0.1464097854 0.0271926132 -0.0948515275 0.1348918119 0.1292316434
372 0.0378548871 0.1294934110 -0.1452113757 0.0196702239 0.0623187963 0.1256447035 0.0778754445
373 0.0376408434 0.1300000016 -0.1440168149 0.1782630044 0.2833643605 0.3129978332 0.2323830151
374 0.0374297804 0.1305009481 -0.1428260583 0.0168978101 0.0661336100 0.1119113742 0.0690343138
375 0.0372216556 0.1309963043 -0.1416390617 0.0934021930 -0.2974333934 0.0702536088 0.2284505097
376 0.0370164271 0.1314861232 -0.1404557813 0.0067568112 -0.0817285684 0.0087893307 0.0677346082
377 0.0368140540 0.1319704568 -0.1392761738 0.0729716031 -0.1488692892 -0.2254097110 0.0862899492
378 0.0366144962 0.1324493565 -0.1381001962 0.0987759328 -0.2586748863 0.1785027619 0.2532156064
379 0.0364177142 0.1329228728 -0.1369278061 0.0770669473 -0.2571794794 -0.1045258950 0.1532297290
380 0.0362236693 0.1333910555 -0.1357589616 0.0105940386 0.0780663472 0.0670796838 0.0442043394
381 0.0360323237 0.1338539536 -0.1345936210 0.0719652001 0.2297128208 0.1385540330 0.0837985633
382 0.0358436401 0.1343116154 -0.1334317432 0.1006719531 0.2004150517 0.2459791864 0.1483223177
383 0.0356575821 0.1347640883 -0.1322732874 0.0523634298 -0.0719321268 0.2172307505 0.1648763978
384 0.0354741137 0.1352114192 -0.1311182133 0.0141699627 -0.1071810053 -0.0517899106 0.0650470670
385 0.0352932001 0.1356536540 -0.1299664810 0.0038720740 -0.0038758507 0.0621051668 0.0563600006
386 0.0351148065 0.1360908383 -0.1288180510 0.0178240883 -0.0709860530 0.1130710776 0.1013911895
387 0.0349388994 0.1365230166 -0.1276728840 0.0072647967 -0.0126346629 0.0842921232 0.0671771776
388 0.0347654454 0.1369502329 -0.1265309413 0.1336631594 0.2843714713 0.2297738578 0.1486861314
389 0.0345944121 0.1373725306 -0.1253921845 0.0228106928 0.0138554033 0.1503952147 0.0913151703
390 0.0344257675 0.1377899523 -0.1242565755 0.0159778000 0.1167943358 0.0483413190 0.0302308491
391 0.0342594803 0.1382025400 -0.1231240767 0.0329086014 -0.1797235023 -0.0246589557 0.1107723485
392 0.0340955198 0.1386103351 -0.1219946508 0.0066049750 0.0261848811 0.0769371624 0.0522133490
393 0.0339338558 0.1390133783 -0.1208682608 0.0231596807 -0.1507614368 -0.0207525864 0.0939925917
394 0.0337744587 0.1394117096 -0.1197448701 0.0076512829 0.0763267922 -0.0427259133 0.0099116265
395 0.0336172994 0.1398053686 -0.1186244423 0.0002297471 -0.0032654805 -0.0148014771 0.0312484760
396 0.0334623495 0.1401943942 -0.1175069417 0.0093369390 0.0923184912 0.0285348064 0.0236202943
397 0.0333095810 0.1405788246 -0.1163923324 0.1513813378 -0.1036713767 -0.3750114444 0.1265420059
398 0.0331589664 0.1409586975 -0.1152805794 0.0824089215 -0.2672200690 0.1048921171 0.2150859217
399 0.0330104788 0.1413340501 -0.1141716475 0.1857792698 -0.3426923429 0.2614215522 0.3753518008
400 0.0328640918 0.1417049190 -0.1130655021 0.1917124399 0.2847376934 -0.3326212348 0.0686630943
401 0.0327197795 0.1420713400 -0.1119621088 0.0026321099 0.0487380596 0.0160222175 0.0250910890
402 0.0325775163 0.1424333486 -0.1108614337 0.0295579267 0.0857875301 -0.1489913633 0.0046626403
403 0.0324372773 0.1427909797 -0.1097634429 0.0232192973 0.0489822077 -0.1442915128 0.0099922733
404 0.0322990380 0.1431442677 -0.1086681030 0.0230225304 0.1264687033 -0.0838343455 0.0008947900
405 0.0321627743 0.1434932463 -0.1075753808 0.0046291532 0.0578020569 0.0358897671 0.0279252286
406 0.0320284626 0.1438379489 -0.1064852434 0.0228770080 -0.1465193640 0.0375377667 0.1050499966
407 0.0318960798 0.1441784082 -0.1053976582 0.0710217230 -0.2525101474 -0.0852076785 0.1577694455
408 0.0317656030 0.1445146566 -0.1043125929 0.0374341283 -0.1614429151 0.1066316721 0.1381075186
409 0.0316370100 0.1448467257 -0.1032300154 0.0016475515 0.0181890316 0.0362865078 0.0355070317
410 0.0315102789 0.1451746468 -0.1021498939 0.0161363729 -0.0355540635 -0.1219519639 0.0330549887
411 0.0313853881 0.1454984507 -0.1010721968 0.0596484459 -0.2084719382 -0.1272316660 0.1259793541
412 0.0312623166 0.1458181677 -0.0999968929 0.0119432320 0.1092257454 0.0036011841 0.0120715669
413 0.0311410437 0.1461338277 -0.0989239512 0.0007333542 -0.0180669576 0.0201727348 0.0411459185
414 0.0310215490 0.1464454599 -0.0978533408 0.1400546455 0.3291726432 0.1780449843 0.1095091093
415 0.0309038127 0.1467530933 -0.0967850312 0.0005770622 -0.0182195502 -0.0156559954 0.0337978936
416 0.0307878150 0.1470567563 -0.0957189922 0.0335231805 -0.1827448347 -0.0112918485 0.1158970321
417 0.0306735370 0.1473564769 -0.0946551936 0.1232500246 -0.3463850826 -0.0571611682 0.2451865295
418 0.0305609596 0.1476522826 -0.0935936056 0.0399045042 -0.1725516526 -0.1006500443 0.1025803534
419 0.0304500644 0.1479442005 -0.0925341987 0.0061739437 0.0182805872 0.0764183477 0.0453576156
420 0.0303408333 0.1482322573 -0.0914769434 0.0350990130 -0.0081484420 0.1871700186 0.1020990526
421 0.0302332484 0.1485164792 -0.0904218106 0.2394932100 -0.3842585528 -0.3030487991 0.3290594710
422 0.0301272924 0.1487968921 -0.0893687713 0.0220586831 0.0503860591 0.1397137364 0.0621634874
423 0.0300229480 0.1490735212 -0.0883177969 0.0100674385 0.0437330241 0.0903042695 0.0430024630
424 0.0299201984 0.1493463917 -0.0872688588 0.8863688718 -0.4551835688 -0.8241218299 0.9084087742
425 0.0298190272 0.1496155280 -0.0862219287 0.0489767433 0.1047395245 0.1949522385 0.0810727680
426 0.0297194182 0.1498809544 -0.0851769784 0.0473832435 -0.0184331797 -0.2168950468 0.0456792973
427 0.0296213554 0.1501426947 -0.0841339802 0.3883704896 0.3931089206 0.4835657826 0.3813156077
428 0.0295248233 0.1504007721 -0.0830929062 0.6819201071 0.1836298715 0.8051087985 0.7900064413
429 0.0294298067 0.1506552098 -0.0820537290 0.0334339450 0.1067232276 0.1484725486 0.0550723837
430 0.0293362905 0.1509060303 -0.0810164212 0.3647655155 0.0441297647 0.6023438215 0.4783823923
431 0.0292442600 0.1511532558 -0.0799809558 0.9162498400 -0.0736106449 -0.9543748283 0.8150834555
432 0.0291537009 0.1513969083 -0.0789473056 0.1941681484 0.0365001373 -0.4391308329 0.1429334413
433 0.0290645990 0.1516370092 -0.0779154440 0.0321644581 -0.0497451704 0.1723075045 0.1031663062
434 0.0289769404 0.1518735796 -0.0768853443 0.1470485049 0.1306802576 -0.3605151524 0.0808950250
435 0.0288907115 0.1521066403 -0.0758569801 0.1334615018 0.1301614429 0.3413495285 0.1745428625
436 0.0288058990 0.1523362118 -0.0748303252 0.3511801442 0.3315225684 -0.4911954100 0.2054676343
437 0.0287224898 0.1525623140 -0.0738053534 0.3462674968 -0.0450453200 0.5867183447 0.4753403327
438 0.0286404712 0.1527849666 -0.0727820389 0.0653669888 0.1390118107 -0.2145756401 0.0202951252
439 0.0285598306 0.1530041891 -0.0717603558 0.1194495150 -0.1801812799 0.2949308756 0.2454750160
440 0.0284805556 0.1532200005 -0.0707402786 0.0618579982 0.0749229408 0.2371593371 0.1009326029
441 0.0284026341 0.1534324193 -0.0697217818 0.1875152912 -0.2627338481 0.3442182684 0.3445407272
442 0.0283260545 0.1536414640 -0.0687048400 0.0055800804 0.0689718314 0.0286873989 0.0166541949
443 0.0282508051 0.1538471526 -0.0676894282 0.2979084071 0.2518387402 -0.4842371899 0.1831143889
444 0.0281768745 0.1540495028 -0.0666755214 0.0103138396 0.0907620472 0.0455641346 0.0166030424
445 0.0281042516 0.1542485318 -0.0656630946 1.3917770601 -0.9598071230 0.6859645375 1.8060640995
446 0.0280329255 0.1544442569 -0.0646521232 0.0214421919 0.0119937742 0.1459395123 0.0646409770
447 0.0279628856 0.1546366946 -0.0636425826 0.0787955717 -0.2472304453 0.1329386273 0.2001413702
448 0.0278941215 0.1548258614 -0.0626344483 0.0184315452 0.1119418928 -0.0768150884 0.0020401253
449 0.0278266228 0.1550117735 -0.0616276961 0.0176119573 -0.1217688528 -0.0527665029 0.0766860358
450 0.0277603797 0.1551944465 -0.0606223017 0.0054586974 0.0505691702 0.0538651692 0.0240538294
451 0.0276953822 0.1553738959 -0.0596182411 0.9269970364 -0.9611194189 0.0569780572 1.2601520189
452 0.0276316208 0.1555501370 -0.0586154904 0.0377928622 -0.1558885464 0.1161534471 0.1275382350
453 0.0275690862 0.1557231847 -0.0576140257 0.0820040984 -0.2598956267 0.1202429273 0.2043720921
454 0.0275077691 0.1558930535 -0.0566138235 0.0570854974 -0.2378002258 -0.0231635487 0.1561133190
455 0.0274476606 0.1560597576 -0.0556148601 0.7308200517 -0.8513138218 -0.0780053102 1.0153028608
456 0.0273887519 0.1562233112 -0.0546171121 0.0412968364 0.1646473586 -0.1191137425 0.0042307799
457 0.0273310344 0.1563837279 -0.0536205561 0.0543200084 0.2054811243 0.1099887082 0.0291785457
458 0.0272744997 0.1565410211 -0.0526251689 0.0401417247 -0.1996826075 -0.0163884396 0.1282083742
459 0.0272191396 0.1566952041 -0.0516309275 0.0603908242 -0.1879940184 0.1582689901 0.1628686355
460 0.0271649462 0.1568462895 -0.0506378088 0.0748660707 -0.2480239265 0.1155430769 0.1915359786
461 0.0271119116 0.1569942901 -0.0496457899 0.8597181352 -0.8198492386 -0.4330881680 1.1012513368
462 0.0270600281 0.1571392181 -0.0486548479 0.1958625725 0.2811975463 0.3417462691 0.1678035010
463 0.0270092883 0.1572810856 -0.0476649603 1.3266258840 0.7878658406 0.8401745659 1.1858961576
464 0.0269596850 0.1574199043 -0.0466761044 0.0743140207 -0.1199682608 0.2447889645 0.1618960805
465 0.0269112110 0.1575556857 -0.0456882577 0.6885856124 0.3743705557 0.7405621509 0.6651983930
466 0.0268638594 0.1576884410 -0.0447013978 0.0865519663 -0.0873744926 0.2809228797 0.1660870115
467 0.0268176234 0.1578181811 -0.0437155022 1.0049072882 0.6458326975 0.7666859951 0.8949087550
468 0.0267724966 0.1579449169 -0.0427305489 0.2764373406 -0.2501602222 -0.4624469741 0.3427116821
469 0.0267284724 0.1580686586 -0.0417465157 0.0025969708 -0.0409253212 -0.0303659169 0.0397281220
470 0.0266855447 0.1581894165 -0.0407633804 0.0453516153 -0.2128055666 0.0080874050 0.1400236767
471 0.0266437073 0.1583072004 -0.0397811211 0.1813201744 0.0150761437 0.4255500961 0.2370482774
472 0.0266029544 0.1584220201 -0.0387997160 0.5937696152 -0.2905056917 -0.7137058626 0.6570343972
473 0.0265632802 0.1585338849 -0.0378191430 0.4679185981 0.0626239814 -0.6811731315 0.4231030641
474 0.0265246792 0.1586428039 -0.0368393806 0.3470514361 -0.1793572802 0.5611438337 0.4718279815
475 0.0264871459 0.1587487861 -0.0358604070 0.0001304350 -0.0067445906 -0.0092165899 0.0280979507
476 0.0264506750 0.1588518401 -0.0348822006 0.0391950772 0.1055635243 0.1674855800 0.0437923632
477 0.0264152615 0.1589519743 -0.0339047399 0.0386613744 -0.1838435011 0.0697347942 0.1282498909
478 0.0263809004 0.1590491968 -0.0329280034 0.0237744805 -0.1184118168 0.0987578967 0.0943257903
479 0.0263475869 0.1591435155 -0.0319519697 0.0000095522 -0.0030518509 0.0004882962 0.0273597077
480 0.0263153163 0.1592349381 -0.0309766174 0.0083450795 0.0874355296 -0.0264595477 0.0051755590
481 0.0262840843 0.1593234721 -0.0300019253 0.0352650695 0.1509140294 -0.1117587817 0.0067549023
482 0.0262538863 0.1594091245 -0.0290278721 0.0070868520 0.0597247230 0.0593279824 0.0177437369
483 0.0262247183 0.1594919023 -0.0280544367 0.0254426407 0.0591448714 -0.1481368450 0.0244893114
484 0.0261965762 0.1595718123 -0.0270815980 0.0049366397 0.0636921293 -0.0296639912 0.0091995824
485 0.0261694561 0.1596488608 -0.0261093348 0.0738807048 0.0318613239 -0.2699362163 0.0757812027
486 0.0261433542 0.1597230540 -0.0251376263 0.0453280775 -0.1937620167 0.0882290109 0.1378036896
487 0.0261182670 0.1597943981 -0.0241664514 0.0002399839 -0.0147709586 0.0046693319 0.0313045662
488 0.0260941910 0.1598628987 -0.0231957892 0.0449972589 -0.0698568682 -0.2002929777 0.0841345855
489 0.0260711229 0.1599285613 -0.0222256189 0.1707985376 -0.4076662496 0.0678731651 0.3302816602
490 0.0260490594 0.1599913912 -0.0212559196 0.0176904065 -0.0985442671 -0.0893276772 0.0714744508
491 0.0260279976 0.1600513935 -0.0202866706 0.0060741259 0.0725730155 -0.0284127323 0.0077184995
492 0.0260079345 0.1601085730 -0.0193178511 0.0124114066 -0.1090426344 0.0228278451 0.0742186321
493 0.0259888675 0.1601629343 -0.0183494404 0.0089903150 -0.0485854671 -0.0814233833 0.0475542174
494 0.0259707939 0.1602144818 -0.0173814179 0.0355954680 -0.1871089816 -0.0242011780 0.1206800973
495 0.0259537111 0.1602632195 -0.0164137629 0.0312721454 0.1657460250 0.0616473891 0.0061236046
496 0.0259376170 0.1603091514 -0.0154464549 0.0052567893 0.0301217689 -0.0659504990 0.0194994130
497 0.0259225092 0.1603522812 -0.0144794732 0.0667564430 0.1605578784 -0.2024292734 0.0353251696
498 0.0259083858 0.1603926123 -0.0135127974 0.3505077395 0.5907467879 -0.0390636921 0.1858575647
499 0.0258952447 0.1604301480 -0.0125464069 0.2060045204 -0.2628254036 -0.3700369274 0.3069447342
500 0.0258830842 0.1604648912 -0.0115802812 0.0546293614 -0.2317880795 0.0300607318 0.1555963669
501 0.0258719027 0.1604968447 -0.0106143999 0.0935845469 -0.0542619098 -0.3010650960 0.1304829295
502 0.0258616985 0.1605260112 -0.0096487425 0.0088446444 -0.0724204230 -0.0599993896 0.0567992289
503 0.0258524704 0.1605523929 -0.0086832886 0.0771012547 0.0161748100 -0.2771996216 0.0929459075
504 0.0258442170 0.1605759919 -0.0077180179 0.0509930689 -0.2192754906 -0.0539567248 0.1464251667
505 0.0258369372 0.1605968101 -0.0067529098 0.0343147915 -0.1526841029 -0.1048921171 0.1077762344
506 0.0258306301 0.1606148492 -0.0057879442 0.0296605395 -0.0745567186 -0.1552476577 0.0776438723
507 0.0258252947 0.1606301106 -0.0048231005 0.0235795558 0.1027558214 0.1141087069 0.0174942082
508 0.0258209304 0.1606425956 -0.0038583584 0.0734135137 -0.0619525742 0.2637714774 0.1211743386
509 0.0258175366 0.1606523050 -0.0028936977 0.0222310674 0.0929898984 -0.1165501877 0.0174959990
510 0.0258151128 0.1606592398 -0.0019290979 0.0131409487 -0.0387585070 0.1078829310 0.0518261195
511 0.0258136586 0.1606634005 -0.0009645388 0.0501987029 0.1293679617 0.1829279458 0.0347958504
512 0.0258131739 0.1606647873 0.0000000000 0.0125514935 -0.1120334483 0.0000000000 0.0743643277
513 0.0258136586 0.1606634005 0.0009645388 0.0333236613 0.0567644276 -0.1734977264 0.0412320785
514 0.0258151128 0.1606592398 0.0019290979 0.0103988261 -0.0414441359 -0.0931730094 0.0498901853
515 0.0258175366 0.1606523050 0.0028936977 0.0329375794 0.0919522691 0.1564683981 0.0283048835
516 0.0258209304 0.1606425956 0.0038583584 0.0749786549 -0.0531022065 -0.2686239204 0.1199334327
517 0.0258252947 0.1606301106 0.0048231005 0.0296135859 0.1260719626 -0.1171300394 0.0160668339
518 0.0258306301 0.1606148492 0.0057879442 0.0262238081 -0.0756859035 0.1431623280 0.0747097670
519 0.0258369372 0.1605968101 0.0067529098 0.0342816856 -0.1328165532 -0.1290017396 0.1045207266
520 0.0258442170 0.1605759919 0.0077180179 0.0510198405 -0.2193365276 0.0539567248 0.1464715405
521 0.0258524704 0.1605523929 0.0086832886 0.0398342158 0.0324106571 0.1969359416 0.0518593658
522 0.0258616985 0.1605260112 0.0096487425 0.0071509123 -0.0657368694 0.0531937620 0.0530910599
523 0.0258719027 0.1604968447 0.0106143999 0.0921350364 -0.0518204291 0.2990813929 0.1282918308
524 0.0258830842 0.1604648912 0.0115802812 0.0511671111 -0.2244636372 -0.0279854732 0.1497354209
525 0.0258952447 0.1604301480 0.0125464069 0.1762331551 -0.2595294046 0.3299661245 0.2771213029
526 0.0259083858 0.1603926123 0.0135127974 0.3462319861 0.5876339000 0.0303048799 0.1828170919
527 0.0259225092 0.1603522812 0.0144794732 0.0961938026 0.2132938627 0.2251655629 0.0471914394
528 0.0259376170 0.1603091514 0.0154464549 0.0052502454 0.0302133244 0.0658589434 0.0194663432
529 0.0259537111 0.1602632195 0.0164137629 0.0606135813 0.2305063021 -0.0864894559 0.0155231631
530 0.0259707939 0.1602144818 0.0173814179 0.0356605435 -0.1881771294 0.0158085879 0.1213791885
531 0.0259888675 0.1601629343 0.0183494404 0.0050950599 -0.0050660726 0.0711996826 0.0300937728
532 0.0260079345 0.1601085730 0.0193178511 0.0117759674 -0.1060823389 -0.0228583636 0.0726364347
533 0.0260279976 0.1600513935 0.0202866706 0.0027012183 0.0519730216 0.0001525925 0.0120863156
534 0.0260490594 0.1599913912 0.0212559196 0.0172055900 -0.0884121220 0.0968962676 0.0674257676
535 0.0260711229 0.1599285613 0.0222256189 0.1367691459 -0.3675038911 -0.0413525803 0.2822271793
536 0.0260941910 0.1598628987 0.0231957892 0.0450094852 -0.0698568682 0.2003234962 0.0841453959
537 0.0261182670 0.1597943981 0.0241664514 0.0079794404 0.0337534715 -0.0827051607 0.0273078566
538 0.0261433542 0.1597230540 0.0251376263 0.0411503713 -0.1854609821 -0.0821863460 0.1306704538
539 0.0261694561 0.1596488608 0.0261093348 0.0729665923 0.0289925840 0.2685628834 0.0758547859
540 0.0261965762 0.1595718123 0.0270815980 0.0053403899 0.0646076846 0.0341502121 0.0090681509
541 0.0262247183 0.1594919023 0.0280544367 0.0575756340 0.0687276833 0.2298959319 0.0489781326
542 0.0262538863 0.1594091245 0.0290278721 0.0085282139 0.0726035340 -0.0570696127 0.0149479874
543 0.0262840843 0.1593234721 0.0300019253 0.0373315919 0.1549729911 0.1153904843 0.0073101327
544 0.0263153163 0.1592349381 0.0309766174 0.0083397436 0.0874050111 0.0264595477 0.0051799423
545 0.0263475869 0.1591435155 0.0319519697 0.0025762448 -0.0507522813 0.0006714072 0.0450347191
546 0.0263809004 0.1590491968 0.0329280034 0.0242463043 -0.1248512223 -0.0930509354 0.0964701409
547 0.0264152615 0.1589519743 0.0339047399 0.0937847664 -0.1643116550 -0.2584307382 0.1899594058
548 0.0264506750 0.1588518401 0.0348822006 0.0407553687 0.1048921171 -0.1724906156 0.0459151366
549 0.0264871459 0.1587487861 0.0358604070 0.0054054290 -0.0006103702 0.0735190893 0.0268135171
550 0.0265246792 0.1586428039 0.0368393806 0.3375580738 -0.1835993530 -0.5512253182 0.4629497839
551 0.0265632802 0.1585338849 0.0378191430 0.3558305505 -0.0148014771 0.5963316752 0.3419813963
552 0.0266029544 0.1584220201 0.0387997160 0.5937615206 -0.2905667287 0.7136753441 0.6570480100
553 0.0266437073 0.1583072004 0.0397811211 0.3123256194 0.1292153691 -0.5437177648 0.3413172846
554 0.0266855447 0.1581894165 0.0407633804 0.0513813060 -0.2266609699 -0.0024719993 0.1499791180
555 0.0267284724 0.1580686586 0.0417465157 0.0040972619 -0.0513321329 0.0382396924 0.0438609893
556 0.0267724966 0.1579449169 0.0427305489 0.2684252413 -0.2461012604 0.4559160131 0.3339755412
557 0.0268176234 0.1578181811 0.0437155022 0.9863767989 0.5342265084 -0.8372447890 0.9177742635
558 0.0268638594 0.1576884410 0.0447013978 0.0825710569 -0.0787682730 -0.2763451033 0.1589826334
559 0.0269112110 0.1575556857 0.0456882577 0.7761315031 0.4148686178 -0.7771843623 0.7433292938
560 0.0269596850 0.1574199043 0.0466761044 0.0743216413 -0.1199377422 -0.2448194830 0.1618969416
561 0.0270092883 0.1572810856 0.0476649603 1.6978707639 0.9175695059 -0.9251686148 1.5244436469
562 0.0270600281 0.1571392181 0.0486548479 0.1979959939 0.2762535478 -0.3488265633 0.1721796958
563 0.0271119116 0.1569942901 0.0496457899 1.2645202431 -0.9110080264 0.6592303232 1.5122222513
564 0.0271649462 0.1568462895 0.0506378088 0.0757563828 -0.2534867397 -0.1072420423 0.1932992422
565 0.0272191396 0.1566952041 0.0516309275 0.0418469193 -0.1460615864 -0.1432233650 0.1296298694
566 0.0272744997 0.1565410211 0.0526251689 0.0431469806 -0.2068239387 0.0192571795 0.1331475168
567 0.0273310344 0.1563837279 0.0536205561 0.0957993792 0.2862331004 -0.1177709281 0.0462359004
568 0.0273887519 0.1562233112 0.0546171121 0.0413068869 0.1646778771 0.1191137425 0.0042312950
569 0.0274476606 0.1560597576 0.0556148601 0.6211915377 -0.7864314707 -0.0521256142 0.8998977252
570 0.0275077691 0.1558930535 0.0566138235 0.0602054210 -0.2445448164 0.0200811792 0.1616851217
571 0.0275690862 0.1557231847 0.0576140258 0.0782841140 -0.2534867397 -0.1184423353 0.1984486045
572 0.0276316208 0.1555501370 0.0586154904 0.0388653763 -0.1601306192 -0.1149937437 0.1297945060
573 0.0276953822 0.1553738959 0.0596182411 0.8544700273 -0.9122592853 -0.1491744743 1.1834350076
574 0.0277603797 0.1551944465 0.0606223017 0.0065537677 0.0581072420 -0.0563676870 0.0231125827
575 0.0278266228 0.1550117734 0.0616276961 0.0476970652 -0.2007507553 0.0860011597 0.1271610426
576 0.0278941215 0.1548258614 0.0626344484 0.0184200259 0.1119113742 0.0767845698 0.0020418791
577 0.0279628856 0.1546366946 0.0636425826 0.1060067379 -0.2928250984 -0.1423383282 0.2426501918
578 0.0280329255 0.1544442569 0.0646521232 0.0238621531 0.0058595538 -0.1543626209 0.0700448721
579 0.0281042516 0.1542485318 0.0656630946 1.4615084799 -0.8941618091 -0.8136234626 1.8723090928
580 0.0281768745 0.1540495028 0.0666755214 0.0092075359 0.0831019013 -0.0479750969 0.0181783264
581 0.0282508051 0.1538471526 0.0676894282 0.2129747470 0.1916562395 0.4198126164 0.1254202667
582 0.0283260545 0.1536414640 0.0687048400 0.0068890373 0.0714133122 -0.0422986541 0.0190832447
583 0.0284026341 0.1534324193 0.0697217818 0.1190085376 -0.1196630757 -0.3235572375 0.2292495363
584 0.0284805556 0.1532200005 0.0707402786 0.0618579982 0.0749229408 -0.2371593371 0.1009326029
585 0.0285598306 0.1530041891 0.0717603558 0.0438505241 -0.0206915494 -0.2083803827 0.1086490430
586 0.0286404712 0.1527849666 0.0727820389 0.0632824723 0.1440778832 0.2062135685 0.0178797864
587 0.0287224898 0.1525623140 0.0738053534 0.3316567942 -0.0593279824 -0.5728324229 0.4630379114
588 0.0288058990 0.1523362118 0.0748303252 0.3431699235 0.3256019776 0.4869838557 0.1998915583
589 0.0288907115 0.1521066403 0.0758569801 0.1178287928 0.1609851375 -0.3031708731 0.1437409412
590 0.0289769404 0.1518735796 0.0768853443 0.1579972527 0.1358684042 0.3735465560 0.0882640402
591 0.0290645990 0.1516370092 0.0779154440 0.0161767212 -0.0472731712 -0.1180761132 0.0779779503
592 0.0291537009 0.1513969083 0.0789473056 0.1941905006 0.0364391003 0.4391613514 0.1429694564
593 0.0292442600 0.1511532558 0.0799809558 1.0053844823 -0.0737937559 0.9999694815 0.8969800456
594 0.0293362905 0.1509060303 0.0810164212 0.3723788763 0.0489211707 -0.6082644124 0.4855089792
595 0.0294298067 0.1506552098 0.0820537290 0.0234876007 0.1524704733 0.0155034028 0.0044322411
596 0.0295248233 0.1504007721 0.0830929062 0.6912871986 0.1935789056 -0.8085879086 0.7969590267
597 0.0296213554 0.1501426947 0.0841339802 0.3970468570 0.4200567644 -0.4696798608 0.3795633756
598 0.0297194182 0.1498809544 0.0851769784 0.0467940109 -0.0073854793 0.2161931211 0.0418979608
599 0.0298190272 0.1496155280 0.0862219287 0.0689852666 0.2014831996 -0.1684926908 0.0675697927
600 0.0299201984 0.1493463917 0.0872688588 0.8863463548 -0.4552140873 0.8240913114 0.9084006995
601 0.0300229480 0.1490735212 0.0883177969 0.0360609482 0.1493270669 -0.1173131504 0.0422841508
602 0.0301272924 0.1487968921 0.0893687713 0.0207225103 0.0623187963 -0.1297647023 0.0554979403
603 0.0302332484 0.1485164792 0.0904218106 0.2102633599 -0.3470564898 0.2996917631 0.2893864806
604 0.0303408333 0.1482322573 0.0914769434 0.0326482063 -0.0042115543 -0.1806390576 0.0972862337
605 0.0304500644 0.1479442005 0.0925341987 0.0052820511 0.0264595477 -0.0676900540 0.0404303320
606 0.0305609596 0.1476522826 0.0935936056 0.0403873360 -0.1748710593 0.0990325632 0.1040508883
607 0.0306735370 0.1473564769 0.0946551936 0.0822641404 -0.2855311747 0.0271309549 0.1919512417
608 0.0307878150 0.1470567563 0.0957189922 0.0335120272 -0.1827143162 0.0112918485 0.1158769029
609 0.0309038127 0.1467530933 0.0967850312 0.0005664165 -0.0225226600 -0.0076906644 0.0395694516
610 0.0310215490 0.1464454599 0.0978533408 0.1438545999 0.3319498276 -0.1834772790 0.1135587880
611 0.0311410437 0.1461338277 0.0989239512 0.0046709768 -0.0225531785 -0.0645161290 0.0551679659
612 0.0312623166 0.1458181677 0.0999968929 0.0123836999 0.1111178930 -0.0060426649 0.0124484969
613 0.0313853881 0.1454984507 0.1010721968 0.0380636980 -0.1009247108 0.1669667653 0.0650664687
614 0.0315102789 0.1451746468 0.1021498939 0.0177390720 -0.0346385083 0.1286049989 0.0330326433
615 0.0316370100 0.1448467257 0.1032300154 0.0069194198 0.0715353862 0.0424512467 0.0090686112
616 0.0317656030 0.1445146566 0.1043125929 0.0374767194 -0.1615344707 -0.1066927091 0.1381893058
617 0.0318960798 0.1441784082 0.1053976582 0.0213016104 -0.1011688589 0.1051973022 0.0601953216
618 0.0320284626 0.1438379489 0.1064852434 0.0229385498 -0.1478316599 -0.0329294717 0.1045076235
619 0.0321627743 0.1434932463 0.1075753808 0.0070240845 0.0570085757 -0.0614337596 0.0360436878
620 0.0322990380 0.1431442677 0.1086681030 0.0224255004 0.1248817408 0.0826441237 0.0010107674
621 0.0324372773 0.1427909797 0.1097634429 0.0198417980 0.0386974700 0.1354411451 0.0114948031
622 0.0325775163 0.1424333486 0.1108614337 0.0311957723 0.0823999756 0.1562242500 0.0056617910
623 0.0327197795 0.1420713400 0.1119621088 0.0060871718 -0.0581072420 -0.0520645772 0.0669762184
624 0.0328640918 0.1417049190 0.1130655021 0.1916921386 0.2847376934 0.3325907163 0.0686496942
625 0.0330104788 0.1413340501 0.1141716475 0.1771985131 -0.3439741203 -0.2426526688 0.3628476130
626 0.0331589664 0.1409586975 0.1152805794 0.0865571513 -0.2723776971 -0.1112094485 0.2221447079
627 0.0333095810 0.1405788246 0.1163923324 0.1987192995 -0.1201818903 0.4292733543 0.1658906843
628 0.0334623495 0.1401943942 0.1175069417 0.0097675623 0.0941190832 -0.0301522874 0.0239261822
629 0.0336172994 0.1398053686 0.1186244423 0.0008064935 -0.0208441420 -0.0192876980 0.0448280237
630 0.0337744587 0.1394117096 0.1197448701 0.0061380977 0.0632038331 0.0462965789 0.0112022919
631 0.0339338558 0.1390133783 0.1208682608 0.0105882491 -0.0233161412 0.1002227851 0.0267771086
632 0.0340955198 0.1386103351 0.1219946508 0.0066064791 0.0261238441 -0.0769676809 0.0522392201
633 0.0342594803 0.1382025400 0.1231240767 0.0307674979 -0.1456648457 0.0977202673 0.0812260462
634 0.0344257675 0.1377899523 0.1242565755 0.0137654348 0.1054414502 -0.0514542070 0.0319207047
635 0.0345944121 0.1373725306 0.1253921845 0.0179170763 -0.0003662221 -0.1338541826 0.0861806428
636 0.0347654454 0.1369502329 0.1265309413 0.1405908900 0.2912686544 -0.2361217078 0.1553311191
637 0.0349388994 0.1365230166 0.1276728840 0.0068292558 0.0139469588 -0.0814539018 0.0587589025
638 0.0351148065 0.1360908383 0.1288180510 0.0175663048 -0.0633869442 -0.1163975951 0.0999220988
639 0.0352932001 0.1356536540 0.1299664810 0.0007364752 -0.0085451827 -0.0257576220 0.0450433008
640 0.0354741137 0.1352114192 0.1311182133 0.0141634217 -0.1071504868 0.0517899106 0.0650322731
641 0.0356575821 0.1347640883 0.1322732874 0.0348373727 -0.0796533097 -0.1687978759 0.1366186660
642 0.0358436401 0.1343116154 0.1334317432 0.1072762677 0.2092654195 -0.2519608142 0.1541454960
643 0.0360323237 0.1338539536 0.1345936210 0.0950349924 0.2533951842 -0.1755729850 0.1104934293
644 0.0362236693 0.1333910555 0.1357589616 0.0079644303 0.0679952391 -0.0578020569 0.0417424807
645 0.0364177142 0.1329228728 0.1369278061 0.0823728398 -0.2577898495 0.1261635182 0.1527723013
646 0.0366144962 0.1324493565 0.1381001962 0.1041650506 -0.2630390332 -0.1870174261 0.2621125346
647 0.0368140540 0.1319704568 0.1392761738 0.1331889131 -0.1468855861 0.3340861232 0.1157116091
648 0.0370164271 0.1314861232 0.1404557813 0.0067662563 -0.0817896054 -0.0087588122 0.0677515313
649 0.0372216556 0.1309963043 0.1416390617 0.0722604548 -0.2685934019 0.0108645894 0.1767738959
650 0.0374297804 0.1305009481 0.1428260583 0.0208485418 0.0699484237 -0.1263161107 0.0761041154
651 0.0376408434 0.1300000016 0.1440168149 0.1827925298 0.2930082095 -0.3113498337 0.2339304605
652 0.0378548871 0.1294934110 0.1452113757 0.0188822359 0.0571306497 -0.1249732963 0.0782361262
653 0.0380719550 0.1289811217 0.1464097854 0.0271556607 -0.0883510849 -0.1391033662 0.1287510478
654 0.0382920914 0.1284630783 0.1476120892 0.3902696318 -0.4850306711 -0.3937192907 0.6694142435
655 0.0385153413 0.1279392244 0.1488183329 0.1695242066 0.4002502518 -0.0965605640 0.1343640987
656 0.0387417510 0.1274095028 0.1500285626 0.0356699430 -0.0767845698 -0.1725516526 0.1457532145
657 0.0389713673 0.1268738554 0.1512428250 0.0197604159 0.1404156621 0.0066225166 0.0210984141
658 0.0392042381 0.1263322232 0.1524611672 0.0168972950 -0.1296426283 0.0094912564 0.0859635200
659 0.0394404124 0.1257845462 0.1536836372 0.0339403975 -0.0375377667 -0.1803643910 0.1382622630
660 0.0396799399 0.1252307635 0.1549102830 0.1848948291 -0.2888576922 -0.3185216834 0.3956070759
661 0.0399228715 0.1246708132 0.1561411535 0.1483899399 0.2197943052 0.3163548692 0.0347169134
662 0.0401692590 0.1241046326 0.1573762980 0.1367300307 0.2147282327 0.3010345775 0.0288503382
663 0.0404191554 0.1235321578 0.1586157664 0.1168196963 -0.0630817591 -0.3359172338 0.2793876423
664 0.0406726145 0.1229533240 0.1598596092 0.0071517096 0.0338755455 0.0774864956 0.0147201805
665 0.0409296916 0.1223680652 0.1611078775 0.0266641941 -0.0875270852 -0.1378521073 0.1334330467
666 0.0411904426 0.1217763146 0.1623606228 0.0155881490 0.0178533280 -0.1235694449 0.0925559907
667 0.0414549251 0.1211780042 0.1636178975 0.0030684118 -0.0256355480 0.0491042817 0.0346675873
668 0.0417231973 0.1205730649 0.1648797542 0.0060776698 0.0676595355 -0.0387279885 0.0442559545
669 0.0419953191 0.1199614265 0.1661462466 0.0110924877 -0.0252998444 0.1022370067 0.0251852278
670 0.0422713513 0.1193430179 0.1674174286 0.0709555811 0.1732840968 -0.2023071993 0.1396059405
671 0.0425513561 0.1187177664 0.1686933551 0.1195634236 -0.1085848567 0.3282876064 0.0771368076
672 0.0428353969 0.1180855986 0.1699740813 0.0039575401 0.0565813166 -0.0274971770 0.0427776746
673 0.0431235385 0.1174464397 0.1712596633 0.0510906803 -0.2113711966 0.0800805689 0.1164346652
674 0.0434158469 0.1168002137 0.1725501579 0.0004622222 0.0197149571 -0.0085757012 0.0422321239
675 0.0437123896 0.1161468433 0.1738456223 0.0195707442 0.0759300516 -0.1174962615 0.0864974836
676 0.0440132355 0.1154862502 0.1751461148 0.0506464253 0.1000701926 -0.2015747551 0.1421562687
677 0.0443184549 0.1148183545 0.1764516941 0.0118011072 -0.1043733024 -0.0301217689 0.0907175781
678 0.0446281195 0.1141430753 0.1777624198 0.3331190450 -0.2768639180 0.5064241462 0.2609049992
679 0.0449423027 0.1134603302 0.1790783520 0.2389462593 0.4470046083 -0.1978209784 0.2533048907
680 0.0452610793 0.1127700356 0.1803995519 0.0206925777 0.0240791040 -0.1418195135 0.1116912075
681 0.0455845256 0.1120721063 0.1817260812 0.4311249505 -0.5035859249 0.4213385418 0.4364489427
682 0.0459127197 0.1113664560 0.1830580023 0.1188142435 -0.3128147221 0.1447798090 0.1813948920
683 0.0462457414 0.1106529967 0.1843953788 1.2303342763 0.9999694815 -0.4799951170 1.2322985410
684 0.0465836720 0.1099316392 0.1857382746 0.0384200438 0.1956541643 0.0118106632 0.0375991653
685 0.0469265945 0.1092022926 0.1870867548 0.1908355545 -0.4363231300 -0.0213934751 0.3410619930
686 0.0472745941 0.1084648647 0.1884408852 0.0092220021 -0.0263374737 -0.0923490097 0.0970146355
687 0.0476277573 0.1077192617 0.1898007323 0.0887930804 -0.2732322153 0.1189001129 0.1501509257
688 0.0479861729 0.1069653881 0.1911663637 0.0756045848 0.2749412519 0.0034485916 0.0634538528
689 0.0483499313 0.1062031470 0.1925378478 0.5258592658 0.7251197851 0.0077822199 0.4171924470
690 0.0487191250 0.1054324399 0.1939152538 0.0469508962 -0.0500503555 -0.2108218635 0.1879870337
691 0.0490938487 0.1046531664 0.1952986519 1.0837211010 -1.0000000000 -0.2893459883 1.4551390453
692 0.0494741988 0.1038652247 0.1966881132 0.0088848688 0.0299996948 0.0893581957 0.0169758277
693 0.0498602741 0.1030685111 0.1980837098 0.2332413406 0.4826807459 -0.0161442915 0.1899990853
694 0.0502521754 0.1022629202 0.1994855147 0.0209712604 -0.1057161168 -0.0989715262 0.1323318851
695 0.0506500060 0.1014483450 0.2008936018 0.3296334553 0.5472273934 0.1737113559 0.1994578345
696 0.0510538711 0.1006246763 0.2023080463 0.0033394889 -0.0168767357 -0.0552690207 0.0801525272
697 0.0514638785 0.0997918033 0.2037289240 0.3214837475 -0.4345530564 -0.3642078921 0.6080766562
698 0.0518801384 0.0989496134 0.2051563121 0.0185628846 0.0595721305 -0.1225318155 0.1089300952
699 0.0523027634 0.0980979918 0.2065902887 0.1881970963 -0.2851039155 -0.3269753105 0.4315359504
700 0.0527318686 0.0972368220 0.2080309329 0.0609787044 -0.1742606891 -0.1749626148 0.2203949561
701 0.0531675717 0.0963659852 0.2094783249 0.3796636474 -0.1458784753 -0.5986510819 0.7117555168
702 0.0536099932 0.0954853608 0.2109325463 0.1739634738 0.3536790063 0.2210760826 0.0667668499
703 0.0540592562 0.0945948261 0.2123936795 0.0045242063 0.0350047304 -0.0574358348 0.0763589463
704 0.0545154867 0.0936942561 0.2138618083 0.0451926344 0.2125309000 0.0048219245 0.0578198209
705 0.0549788134 0.0927835239 0.2153370174 0.0412014733 -0.0485549486 -0.1970885342 0.1900713994
706 0.0554493681 0.0918624999 0.2168193930 0.0168168015 0.0416577654 -0.1228064821 0.1178662504
707 0.0559272856 0.0909310528 0.2183090224 0.0458782936 0.0104983673 -0.2139347514 0.1933040969
708 0.0564127039 0.0899890486 0.2198059941 0.5252041484 0.0720236824 0.7211218604 0.2516403522
709 0.0569057641 0.0890363511 0.2213103979 0.1528389391 0.2117679373 0.3286233100 0.0265791033
710 0.0574066105 0.0880728217 0.2228223251 0.2915912768 0.2790612506 -0.4622943815 0.5058614817
711 0.0579153910 0.0870983193 0.2243418681 0.2585639823 0.0342112491 0.5073397015 0.0828848159
712 0.0584322568 0.0861127002 0.2258691206 0.0475890858 -0.0011291849 -0.2181463057 0.2047608453
713 0.0589573627 0.0851158184 0.2274041779 0.0082041534 -0.0354625080 -0.0833460494 0.1111048365
714 0.0594908671 0.0841075249 0.2289471366 0.4409045015 -0.0668355358 0.6606341746 0.2091375064
715 0.0600329323 0.0830876683 0.2304980947 0.1668414976 0.2439039277 -0.3276467177 0.3373875009
716 0.0605837243 0.0820560945 0.2320571517 0.5636531524 -0.2746665853 0.6987212745 0.3450264738
717 0.0611434132 0.0810126465 0.2336244086 0.0328214923 -0.1746574297 0.0481276894 0.0997762207
718 0.0617121730 0.0799571644 0.2351999679 0.0688433914 0.2493667409 -0.0816064943 0.1290659392
719 0.0622901822 0.0788894855 0.2367839338 0.1638415180 0.3731803339 -0.1567735832 0.2414946226
720 0.0628776233 0.0778094440 0.2383764118 0.8923994260 -0.6438795129 0.6912442396 0.7259242201
721 0.0634746833 0.0767168713 0.2399775092 0.0784048701 -0.2200689718 0.1731315043 0.0925502251
722 0.0640815538 0.0756115954 0.2415873350 0.1013505077 0.0394909513 0.3158970916 0.0068266409
723 0.0646984311 0.0744934414 0.2432059997 0.1350638088 -0.2649006623 0.2547379986 0.1153213446
724 0.0653255163 0.0733622309 0.2448336157 0.9519789675 -0.8179570910 0.5319071017 0.8768613200
725 0.0659630155 0.0722177825 0.2464702972 0.0316261292 -0.1765495773 0.0213629566 0.1125585140
726 0.0666111397 0.0710599109 0.2481161599 0.5300471435 0.7070833460 -0.1734366894 0.5822326147
727 0.0672701054 0.0698884280 0.2497713215 0.0243608109 -0.1178014466 0.1023895993 0.0569488611
728 0.0679401343 0.0687031416 0.2514359017 0.0514119251 0.1003753777 0.2033143101 0.0033188181
729 0.0686214538 0.0675038562 0.2531100220 0.0838804963 -0.1654103214 0.2377391888 0.0544852766
730 0.0693142969 0.0662903724 0.2547938056 0.1181153345 -0.3312173833 0.0917081210 0.1846093565
731 0.0700189024 0.0650624873 0.2564873782 0.0291793768 0.0666219062 0.1572923978 0.0098420759
732 0.0707355155 0.0638199937 0.2581908671 0.0705499020 0.2621234779 0.0429090243 0.0856705437
733 0.0714643871 0.0625626808 0.2599044019 0.0218846418 -0.0613422040 0.1346171453 0.0310493171
734 0.0722057751 0.0612903335 0.2616281141 0.0914542921 0.2544328135 0.1634571368 0.0469415584
735 0.0729599435 0.0600027328 0.2633621377 0.0851640536 0.1371807001 0.2575762200 0.0059899155
736 0.0737271634 0.0586996553 0.2651066086 0.0061568520 -0.0769371624 0.0154118473 0.0807448201
737 0.0745077129 0.0573808732 0.2668616651 0.0035958287 0.0381481368 0.0462660604 0.0490323190
738 0.0753018771 0.0560461545 0.2686274478 0.0046537863 -0.0675679800 0.0093997009 0.0824794790
739 0.0761099488 0.0546952623 0.2704040997 0.0494157732 -0.2117984558 0.0675069430 0.1121861580
740 0.0769322283 0.0533279553 0.2721917661 0.0071093728 0.0589922788 -0.0602435377 0.1105453158
741 0.0777690239 0.0519439874 0.2739905948 0.0093415540 0.0264595477 -0.0929593799 0.1353017406
742 0.0786206519 0.0505431076 0.2758007363 0.0891965651 -0.1382793664 -0.2647175512 0.3278139458
743 0.0794874371 0.0491250598 0.2776223435 0.0127651529 0.1040986358 0.0439161351 0.0576406859
744 0.0803697130 0.0476895829 0.2794555719 0.0013994255 -0.0202337718 -0.0314645833 0.1012849250
745 0.0812678218 0.0462364106 0.2813005797 0.1762751836 0.2560808130 0.3327127903 0.0466778886
746 0.0821821152 0.0447652711 0.2831575281 0.0223453430 -0.0211188086 0.1479842524 0.0226125264
747 0.0831129542 0.0432758872 0.2850265808 0.0347952659 -0.1850642415 -0.0233771783 0.1472520930
748 0.0840607096 0.0417679760 0.2869079047 0.1303106546 -0.1237220374 -0.3391216773 0.4192999821
749 0.0850257623 0.0402412489 0.2888016693 0.0516205960 0.0846278268 0.2108523820 0.0080462597
750 0.0860085036 0.0386954113 0.2907080473 0.1451352876 0.0846583453 -0.3714407788 0.4405536593
751 0.0870093357 0.0371301625 0.2926272147 0.0007537337 -0.0128482925 0.0242622150 0.0745176190
752 0.0880286717 0.0355451958 0.2945593502 0.0299387258 -0.0719626453 0.1573534349 0.0303833991
753 0.0890669363 0.0339401980 0.2965046361 0.2469561922 -0.1436811426 0.4757225257 0.0636683926
754 0.0901245658 0.0323148494 0.2984632580 0.2837091888 -0.0407422102 0.5310831019 0.0594493257
755 0.0912020091 0.0306688234 0.3004354046 0.0673338293 0.0959501938 -0.2410962249 0.2975181630
756 0.0922997272 0.0290017869 0.3024212684 0.0567682016 -0.0126956999 0.2379222999 0.0058987973
757 0.0934181946 0.0273133994 0.3044210452 0.0490066192 -0.1471602527 -0.1653798029 0.2511538921
758 0.0945578989 0.0256033136 0.3064349347 0.0079568210 -0.0387279885 0.0803552355 0.0552505469
759 0.0957193418 0.0238711744 0.3084631401 0.0664698594 -0.0502334666 -0.2528763695 0.3205935429
760 0.0969030393 0.0221166192 0.3105058686 0.0474441417 -0.0810266427 0.2021851253 0.0223719159
761 0.0981095222 0.0203392778 0.3125633311 0.0194773129 0.0656758324 -0.1231421857 0.1918947006
762 0.0993393367 0.0185387718 0.3146357427 0.0039180347 -0.0234992523 0.0580156865 0.0676210487
763 0.1005930448 0.0167147147 0.3167233226 0.0160689820 0.0094912564 -0.1264076662 0.1964172516
764 0.1018712249 0.0148667115 0.3188262940 0.0213286679 -0.1069978942 0.0993987854 0.0629994137
765 0.1031744724 0.0129943585 0.3209448847 0.0100659632 0.0635090182 -0.0776696066 0.1614452435
766 0.1045034002 0.0110972433 0.3230793268 0.0471218919 0.1816766869 0.1188085574 0.0708238938
767 0.1058586393 0.0091749443 0.3252298568 0.0441631109 0.2091738639 0.0202337718 0.1330221797
768 0.1072408396 0.0072270304 0.3273967160 0.0171490469 0.0112918485 0.1304666280 0.0387979823
769 0.1086506703 0.0052530611 0.3295801506 0.1581426793 -0.3217261269 0.2337412641 0.1161004816
770 0.1100888207 0.0032525860 0.3317804114 0.0286251269 -0.1648609882 0.0380260628 0.1145537911
771 0.1115560009 0.0012251444 0.3339977544 0.0233692355 0.1493881039 0.0324411756 0.1128886328
772 0.1130529426 -0.0008297348 0.3362324407 0.0226531164 -0.0746177557 -0.1307107761 0.2234806397
773 0.1145803998 -0.0029125333 0.3384847366 0.0255531358 0.1347087008 0.0860621967 0.0826567428
774 0.1161391495 -0.0050237439 0.3407549141 0.0046924171 -0.0336008789 0.0596942045 0.0798117751
775 0.1177299927 -0.0071638707 0.3430432504 0.0240016784 0.1088595233 0.1102328562 0.0676621076
776 0.1193537551 -0.0093334293 0.3453500286 0.0910880812 0.2793053987 -0.1143528550 0.2946391142
777 0.1210112883 -0.0115329475 0.3476755376 0.0810542897 0.2292855617 0.1687673574 0.0900016913
778 0.1227034704 -0.0137629653 0.3500200725 0.0375879000 -0.0791650136 0.1769768365 0.0342213895
779 0.1244312069 -0.0160240354 0.3523839343 0.0581501824 -0.2219916379 0.0941801202 0.1090918629
780 0.1261954321 -0.0183167233 0.3547674306 0.1806033411 -0.0495925779 0.4220709861 0.0055079477
781 0.1279971101 -0.0206416082 0.3571708753 0.0124741406 -0.1024811548 -0.0444044313 0.1679604382
782 0.1298372355 -0.0229992829 0.3595945891 0.0778948263 0.0237434004 0.2780846583 0.0088287472
783 0.1317168350 -0.0253903544 0.3620388997 0.1247820953 -0.1353801080 -0.3262733848 0.4858715469
784 0.1336369682 -0.0278154443 0.3645041416 0.0010674772 -0.0017700735 0.0326242866 0.1108225995
785 0.1355987294 -0.0302751893 0.3669906570 0.0332904185 0.1158787805 -0.1409344768 0.2793489243
786 0.1376032483 -0.0327702415 0.3694987950 0.1243109328 0.0064088870 0.3525193030 0.0018233073
787 0.1396516917 -0.0353012688 0.3720289130 0.0111672858 -0.0393993957 -0.0980559709 0.2209965927
788 0.1417452649 -0.0378689559 0.3745813757 0.0275216807 -0.0190435499 0.1647999512 0.0443626420
789 0.1438852131 -0.0404740039 0.3771565565 0.0206201601 0.0794701987 -0.1196020386 0.2611557136
790 0.1460728232 -0.0431171317 0.3797548369 0.0151376818 0.0787682730 -0.0945158238 0.2397887115
791 0.1483094248 -0.0457990759 0.3823766068 0.0644691866 -0.2361827448 -0.0932035279 0.2624224059
792 0.1505963926 -0.0485205918 0.3850222653 0.0189792447 -0.0435193945 0.1307107761 0.0646993455
793 0.1529351479 -0.0512824535 0.3876922205 0.0839785566 -0.0224616230 -0.2889187292 0.4586330175
794 0.1553271602 -0.0540854551 0.3903868898 0.0334161594 -0.1786248360 -0.0388500626 0.1997544187
795 0.1577739496 -0.0569304106 0.3931067005 0.1148740549 0.1087984863 -0.3209936827 0.5374054245
796 0.1602770884 -0.0598181551 0.3958520894 0.0000744032 -0.0046998505 0.0072328867 0.1540629122
797 0.1628382035 -0.0627495452 0.3986235041 0.0050462975 0.0079653310 -0.0705893124 0.2251612609
798 0.1654589784 -0.0657254598 0.4014214024 0.0058380371 -0.0597857601 -0.0475783563 0.2016360633
799 0.1681411557 -0.0687468006 0.4042462530 0.0250002326 -0.0992156743 -0.1231116672 0.2790347283
800 0.1708865394 -0.0718144931 0.4070985359 0.0001977821 0.0138859218 -0.0022278512 0.1748926523
801 0.1736969976 -0.0749294873 0.4099787428 0.3054409344 -0.3723258156 0.4084292123 0.0884469771
802 0.1765744649 -0.0780927583 0.4128873769 0.0082825802 0.0845057527 0.0337839900 0.1701576538
803 0.1795209455 -0.0813053073 0.4158249542 0.0326236924 0.1193578906 -0.1355632191 0.3442946366
804 0.1825385158 -0.0845681624 0.4187920029 0.0323321008 -0.1731315043 -0.0485549486 0.2262566385
805 0.1856293276 -0.0878823797 0.4217890646 0.1381497156 -0.3675344096 -0.0553910947 0.3059061622
806 0.1887956117 -0.0912490438 0.4248166942 0.0458607296 -0.1572618793 -0.1453596606 0.3294587701
807 0.1920396803 -0.0946692691 0.4278754607 1.2227256934 -1.0000000000 -0.4719382305 1.6292884112
808 0.1953639318 -0.0981442006 0.4309659472 0.0505668250 -0.1563768426 -0.1615955077 0.3545201184
809 0.1987708534 -0.1016750153 0.4340887520 0.2587220411 -0.4652546770 -0.2055726798 0.5413569177
810 0.2022630255 -0.1052629227 0.4372444884 0.0153276161 0.0858485672 0.0892056032 0.1576546672
811 0.2058431261 -0.1089091665 0.4404337857 0.2637508744 -0.4325083163 -0.2769249550 0.6193199726
812 0.2095139343 -0.1126150252 0.4436572894 0.0297531699 0.0855433821 -0.1497848445 0.3914403207
813 0.2132783357 -0.1163818141 0.4469156621 0.1959318541 -0.4098941008 -0.1670888394 0.4631509902
814 0.2171393263 -0.1202108858 0.4502095836 0.0098244183 -0.0343943602 0.0929593799 0.1349921842
815 0.2211000182 -0.1241036319 0.4535397521 0.2108002787 -0.3028962065 -0.3450422681 0.6697000278
816 0.2251636445 -0.1280614843 0.4569068842 0.0151919626 0.0176702170 0.1219824824 0.1334120837
817 0.2293335651 -0.1320859167 0.4603117158 0.1436085285 -0.0743430891 -0.3715933714 0.6954003081
818 0.2336132719 -0.1361784462 0.4637550029 0.0204174510 0.1422772912 0.0132145146 0.2805243292
819 0.2380063958 -0.1403406344 0.4672375221 0.0182313144 -0.1344950713 0.0119327372 0.2073366178
820 0.2425167124 -0.1445740898 0.4707600716 0.2261285906 0.3878597369 0.2751243629 0.3217591104
821 0.2471481495 -0.1488804687 0.4743234714 0.3584595738 0.2525711844 0.5428327280 0.1658569481
822 0.2519047935 -0.1532614776 0.4779285647 0.0417585323 0.0225531785 -0.2031006806 0.4947116262
823 0.2567908975 -0.1577188747 0.4815762184 0.0983506091 0.1812494278 0.2559282205 0.1658165290
824 0.2618108894 -0.1622544719 0.4852673240 0.1807966880 -0.0875576037 -0.4160893582 0.8180234907
825 0.2669693797 -0.1668701371 0.4890027986 0.0310027094 0.0333567309 -0.1728873562 0.4781893756
826 0.2722711709 -0.1715677960 0.4927835857 0.2961549140 0.0298471023 -0.5433820612 1.1142072090
827 0.2777212668 -0.1763494343 0.4966106562 0.3563647451 -0.0616779077 -0.5937681204 1.2020754353
828 0.2833248822 -0.1812171003 0.5004850095 0.0314628500 -0.0250251778 0.1756035035 0.1299439096
829 0.2890874537 -0.1861729072 0.5044076747 0.5798242761 0.0480971709 -0.7599414045 1.6534610635
830 0.2950146504 -0.1912190355 0.5083797113 0.1272973301 -0.2049317911 0.2920621357 0.0469813332
831 0.3011123860 -0.1963577360 0.5124022107 0.0514571418 0.2268135624 0.0035706656 0.4379834891
832 0.3073868310 -0.2015913321 0.5164762974 0.0394561475 -0.0162053285 0.1979735710 0.1358119571
833 0.3138444256 -0.2069222231 0.5206031302 0.4414702260 0.4481032746 -0.4905850398 1.4515599180
834 0.3204918942 -0.2123528873 0.5247839036 0.3380963869 -0.2245246742 0.5363628040 0.0002822233
835 0.3273362596 -0.2178858848 0.5290198491 0.1694281879 0.4108401746 -0.0252693258 0.7025329472
836 0.3343848586 -0.2235238613 0.5333122369 0.9776272120 -0.5299844356 0.8347117527 0.1847597517
837 0.3416453589 -0.2292695514 0.5376623771 0.6123468793 -0.3962828455 0.6747642445 0.0466903625
838 0.3491257765 -0.2351257823 0.5420716216 0.0803742905 0.1131931516 -0.2599261452 0.7645264977
839 0.3568344940 -0.2410954778 0.5465413659 0.1779501289 -0.4058046205 0.1152073733 0.2131781149
840 0.3647802811 -0.2471816624 0.5510730504 0.0861567410 0.2528458510 -0.1490829188 0.7402458954
841 0.3729723148 -0.2533874654 0.5556681629 0.0909652397 -0.1913510544 0.2331308939 0.1078788062
842 0.3814202024 -0.2597161257 0.5603282399 0.3856352322 -0.5320596942 0.3202307199 0.1318178384
843 0.3901340046 -0.2661709962 0.5650548694 0.0092186566 0.0916470840 -0.0286263619 0.4804911828
844 0.3991242614 -0.2727555491 0.5698496924 0.0149360670 -0.0984221931 0.0724509415 0.2777976364
845 0.4084020187 -0.2794733810 0.5747144056 0.0060164400 -0.0733970153 0.0250862148 0.3445586167
846 0.4179788568 -0.2863282186 0.5796507638 0.0786941435 0.2607501450 0.1034577471 0.5260545251
847 0.4278669211 -0.2933239244 0.5846605823 0.0131523068 -0.1143223365 -0.0090945158 0.3845866850
848 0.4380789545 -0.3004645026 0.5897457394 0.2365939414 -0.4385814997 0.2103335673 0.1630299012
849 0.4486283322 -0.3077541062 0.5949081797 0.0052242860 -0.0709860530 0.0136112552 0.3939652254
850 0.4595290986 -0.3151970432 0.6001499167 0.7067551671 -0.8376720481 -0.0711386456 0.7236084646
851 0.4707960069 -0.3227977844 0.6054730360 0.0503279113 0.1863460189 -0.1249122593 0.7926900920
852 0.4824445614 -0.3305609705 0.6108796986 0.0336651534 -0.1806390576 -0.0321665090 0.4359850051
853 0.4944910623 -0.3384914203 0.6163721447 0.0159627563 -0.0723899045 -0.1035493027 0.5890969070
854 0.5069526544 -0.3465941396 0.6219526966 0.0033988131 -0.0576189459 -0.0088808863 0.4814576719
855 0.5198473786 -0.3548743297 0.6276237636 0.0114930600 0.0778527177 0.0737022004 0.4940817958
856 0.5331942269 -0.3633373970 0.6333878455 0.1265538258 0.2286141545 0.2725608081 0.4806027902
857 0.5470132023 -0.3719889635 0.6392475369 0.0684792807 0.2536698508 0.0642719810 0.7220458417
858 0.5613253821 -0.3808348768 0.6452055321 0.4332692989 0.4754173406 0.4552446059 0.7692530133
859 0.5761529857 -0.3898812220 0.6512646301 0.0444638831 -0.0560319834 -0.2032837916 0.8417083192
860 0.5915194487 -0.3991343335 0.6574277394 0.1333504386 -0.0351573229 0.3634754479 0.2188872139
861 0.6074495006 -0.4086008076 0.6636978835 0.0979829787 -0.0480971709 0.3093050935 0.2555571217
862 0.6239692501 -0.4182875163 0.6700782073 0.1459690706 0.2102420118 0.3190099796 0.5182982681
863 0.6411062758 -0.4282016211 0.6765719825 0.0713580534 -0.0006408887 -0.2671285134 1.0733788060
864 0.6588897242 -0.4383505891 0.6831826149 0.0078104621 -0.0321054720 -0.0823389386 0.7510583439
865 0.6773504151 -0.4487422084 0.6899136507 0.0296797092 -0.0032959990 -0.1722464675 0.9417423949
866 0.6965209555 -0.4593846059 0.6967687847 0.0208869398 -0.0950956755 -0.1088290048 0.7816942232
867 0.7164358624 -0.4702862654 0.7037518675 0.0766829163 0.2766502884 0.0121463668 1.0362323839
868 0.7371316953 -0.4814560473 0.7108669143 0.0642096121 -0.2239143040 -0.1186254463 0.7543853258
869 0.7586471993 -0.4929032096 0.7181181138 0.0518590422 -0.1043733024 0.2023987548 0.4169219459
870 0.7810234604 -0.5046374299 0.7255098378 0.0005144949 0.0134281442 -0.0182805872 0.8216161353
871 0.8043040727 -0.5166688294 0.7330466516 0.0479560446 -0.0377819147 0.2157048250 0.4969752426
872 0.8285353203 -0.5290079983 0.7407333245 0.0071462303 -0.0810876797 0.0238959929 0.7144883717
873 0.8537663741 -0.5416660230 0.7485748417 0.0131555425 0.0987273782 -0.0583819086 1.0612829052
874 0.8800495059 -0.5546545150 0.7565764171 0.0189665966 -0.1181981872 -0.0706808679 0.8748487417
875 0.9074403200 -0.5679856425 0.7647435060 0.0994033482 0.0086367382 0.3151646474 0.5346145200
876 0.9359980057 -0.5816721631 0.7730818200 0.0066778750 0.0042725913 0.0816064943 0.8214693812
877 0.9657856121 -0.5957274604 0.7815973421 0.0694099942 0.2497634816 -0.0838343455 1.4638269388
878 0.9968703471 -0.6101655817 0.7902963432 0.0317021064 -0.1718192083 0.0466933195 0.7450929998
879 1.0293239031 -0.6250012799 0.7991853998 0.0360100343 -0.1789605396 -0.0631122776 0.9425096264
880 1.0632228134 -0.6402500575 0.8082714131 0.0192761750 -0.1319620350 -0.0431531724 0.9832805387
881 1.0986488407 -0.6559282146 0.8175616295 0.0612917969 0.2474135563 -0.0088503677 1.4989831443
882 1.1356894024 -0.6720529005 0.8270636622 0.0152087973 0.1231116672 0.0072328867 1.3044091901
883 1.1744380358 -0.6886421687 0.8367855157 0.2857550298 -0.4510635701 0.2868739891 0.3588462776
884 1.2149949087 -0.7057150375 0.8467356108 0.0499361321 0.2014221625 0.0967741935 1.3853400270
885 1.2574673791 -0.7232915542 0.8569228126 0.0139848557 -0.0451063570 0.1093173009 1.0188491627
886 1.3019706100 -0.7413928654 0.8673564603 0.0075327183 -0.0350962859 0.0793786431 1.1197638984
887 1.3486282462 -0.7600412924 0.8780463997 0.0127864610 -0.0640278329 0.0932035279 1.1004130692
888 1.3975731590 -0.7792604139 0.8890030181 0.0628927375 0.1580553606 0.1947080905 1.3606063077
889 1.4489482677 -0.7990751544 0.9002372828 0.0097331580 -0.0612201300 0.0773644215 1.2215497828
890 1.5029074465 -0.8195118813 0.9117607816 0.0463774366 0.1689199499 0.1335795160 1.5825635672
891 1.5596165269 -0.8405985100 0.9235857686 0.1253444259 -0.3534958953 -0.0196234016 1.1269124960
892 1.6192544079 -0.8623646182 0.9357252125 0.0333671837 -0.0993377483 -0.1532944731 1.7681738796
893 1.6820142863 -0.8848415709 0.9481928499 0.1386349596 0.3456221198 0.1384929960 2.1696547477
894 1.7481050228 -0.9080626564 0.9610032439 0.0073999744 -0.0556657613 -0.0655842769 1.7804624046
895 1.8177526611 -0.9320632350 0.9741718468 0.0155314457 -0.1030610065 0.0700704978 1.5046439441
896 1.8912021195 -0.9568809016 0.9877150701 0.0160808478 0.0633259072 0.1098666341 1.8114398092
897 1.9687190777 -0.9825556643 1.0016503603 0.0949994314 -0.1211890011 -0.2833948790 2.3932937954
898 2.0505920843 -1.0091301396 1.0159962824 0.1249311002 -0.1239661855 -0.3310037538 2.5979243229
899 2.1371349166 -1.0366497675 1.0307726113 0.0127103645 -0.0194097720 -0.1110568560 2.3385517407
900 2.2286892243 -1.0651630478 1.0460004330 0.0325927529 -0.1395001068 0.1145970031 1.7243642296
901 2.3256274999 -1.0947218007 1.0617022553 0.0168848304 -0.0793786431 -0.1028778954 2.3871686551
902 2.4283564203 -1.1253814543 1.0779021303 0.0648605597 0.0171819208 0.2540971099 1.9841057779
903 2.5373206142 -1.1572013624 1.0946257905 0.0217048548 0.1204870754 -0.0847804193 3.0234867517
904 2.6530069171 -1.1902451567 1.1119007978 0.0902652745 -0.0673543504 -0.2927945799 3.2340528669
905 2.7759491880 -1.2245811375 1.1297567108 0.0027587049 -0.0509659108 -0.0126956999 2.6825702112
906 2.9067337731 -1.2602827077 1.1482252695 0.0714051291 0.2540665914 0.0827967162 3.4283918021
907 3.0460057159 -1.2974288563 1.1673406010 0.1298140989 0.1109653005 0.3427838984 2.6634678565
908 3.1944758345 -1.3361046975 1.1871394492 0.1455578731 0.1174657430 -0.3629871517 4.5157595042
909 3.3529288037 -1.3764020741 1.2076614319 0.0069434150 0.0469374676 -0.0688497574 3.6553762673
910 3.5222324088 -1.4184202329 1.2289493284 0.0464115577 0.0038148137 -0.2153996399 4.1088964699
911 3.7033481672 -1.4622665834 1.2510494020 0.0025941609 0.0378429518 -0.0340891751 3.9019097798
912 3.8973435534 -1.5080575513 1.2740117642 0.0286341771 -0.1583605457 0.0596331675 3.2963973831
913 4.1054061075 -1.5559195417 1.2978907840 0.5729658290 -0.5879085665 0.4767906735 1.6112506394
914 4.3288597649 -1.6059900279 1.3227455520 0.0089232724 0.0012512589 0.0944547868 4.0919227576
915 4.5691838134 -1.6584187863 1.3486404052 0.3553819460 -0.4113895077 0.4314401685 2.3963382960
916 4.8280349692 -1.7133693000 1.3756455252 0.1050024539 -0.2917874691 0.1409344768 3.5454062751
917 5.1072731693 -1.7710203586 1.4038376183 0.0719672641 0.2680745872 -0.0101626637 6.1573049957
918 5.4089918097 -1.8315678879 1.4333006949 0.0308243307 0.1059602649 -0.1399884030 6.2292539281
919 5.7355533202 -1.8952270475 1.4641269612 0.1630924877 -0.0963164159 0.3921933653 4.3851210946
920 6.0896311767 -1.9622346453 1.4964178473 0.0159356905 0.1221655934 0.0318002869 6.4898289533
921 6.4742597098 -2.0328519231 1.5302851919 0.4504910884 0.6701864681 -0.0366222114 9.7616153547
922 6.8928933982 -2.1073677852 1.5658526163 0.0219581276 0.0122074038 0.1476790674 6.5038151968
923 7.3494777608 -2.1861025515 1.6032571208 0.0968669468 0.1678518021 0.2620929594 7.3398224065
924 7.8485345004 -2.2694123383 1.6426509487 0.0536117586 0.1118503372 -0.2027344584 9.0758592307
925 8.3952642543 -2.3576941940 1.6842037709 0.0245864813 0.0777916807 0.1361430708 8.3280833769
926 8.9956712209 -2.4513921434 1.7281052572 0.0672355586 0.2570879238 -0.0337839900 10.4401179941
927 9.6567151254 -2.5510043362 1.7745681171 0.0457918616 0.0448622089 0.2092349010 9.1887911975
928 10.3864975719 -2.6570915407 1.8238317128 0.0081213678 -0.0061647389 -0.0899075289 10.6898107933
929 11.1944919278 -2.7702872888 1.8761663747 0.0033152348 -0.0494399854 -0.0295113987 11.0346178243
930 12.0918287172 -2.8913100589 1.9318785832 0.0936823911 0.2563249611 0.1672719504 13.0214427877
931 13.0916523204 -3.0209779905 1.9913172278 0.1592933762 0.2558977020 0.3062837611 13.5772520873
932 14.2095700102 -3.1602267660 2.0548812126 0.0410853089 -0.1312601093 0.1544541765 12.7862619272
933 15.4642215807 -3.3101314867 2.1230287613 0.1497026344 0.2044740135 0.3284707175 15.5728903947
934 16.8780079084 -3.4719336211 2.1962888787 0.1789324426 0.0251777703 0.4222540971 15.3769874907
935 18.4780310329 -3.6470744545 2.2752755781 1.4677269985 0.6839503159 0.9999694815 20.3841812016
936 20.2973187053 -3.8372369463 2.3607056834 0.0717727287 -0.2245857112 -0.1460615864 19.3351310906
937 22.3764358621 -4.0443985677 2.4534213025 0.1127648782 0.2313303018 0.2434156316 23.1659824313
938 24.7656288396 -4.2708986348 2.5544184643 0.2155981792 -0.2245551927 -0.4064149907 25.1394299995
939 27.5277128703 -4.5195249969 2.6648839887 0.0645361742 -0.1081575976 -0.2298654134 27.8397364320
940 30.7420116301 -4.7936269000 2.7862434878 0.0386407732 0.0293282876 0.1943723869 29.9786925460
941 34.5098094560 -5.0972637336 2.9202246294 0.4876149500 0.1754509110 0.6758934294 32.8385422586
942 38.9620163100 -5.4354037142 3.0689416373 0.0788154324 -0.0398266549 -0.2779015473 40.3136111059
943 44.2701315563 -5.8141932260 3.2350098434 0.0030690684 0.0295724357 0.0468459120 44.3139863620
944 50.6622300597 -6.2413279784 3.4217035414 0.0603953814 0.1110873745 -0.2192144536 53.6094646623
945 58.4467754443 -6.7265739055 3.6331775263 0.1444331654 -0.1256141850 -0.3586840419 59.5076280116
946 68.0489555280 -7.2825133682 3.8747844546 0.3411503381 -0.1493881039 0.5646534623 61.8384432228
947 80.0676521119 -7.9256391831 4.1535401348 0.4830507019 -0.2606891079 0.6442762535 71.0663926428
948 95.3675753101 -8.6780015638 4.4788239717 0.0579037189 0.0235297708 -0.2394787439 97.9790280821
949 115.2336836944 -9.5697639715 4.8634659683 0.1154247684 -0.2421338542 0.2383190405 108.3966677086
950 141.6409884446 -10.6433123603 5.3254943850 0.1588528421 0.1940672018 -0.3481246376 149.6387485867
951 177.7496817471 -11.9601434443 5.8910653144 0.1381563824 -0.2180242317 0.3010345775 169.1258072431
952 228.8689075653 -13.6130031690 6.5996251625 0.3062014393 0.3456221198 -0.4321420942 244.2889707063
953 304.4730309867 -15.7486233854 7.5135805346 0.0737343320 0.1715140233 -0.2105166784 313.1124528674
954 422.8194875412 -18.6136908214 8.7378487940 0.1862683334 0.2788781396 -0.3293862728 439.1439137016
955 622.8435798287 -22.6574280897 10.4634856616 0.5225670221 0.4989776299 -0.5230567339 656.9232396588
956 1000.1025853595 -28.7931328727 13.0789175675 0.2739097035 -0.3379314554 0.3996398816 970.4625703312
957 1843.8434759809 -39.2061081672 17.5135535618 0.1161136017 -0.2664265877 0.2124393445 1815.6273546729
958 4402.6650868959 -60.7511125511 26.6827174534 1.2760891882 -0.9812311167 0.5597094638 4254.8502731123
959 20586.6796524662 -131.7267618439 56.8747735520 0.0879430104 0.1055330058 -0.2771385846 20646.0950261892
960 969503.9766183447 906.4001471653 -384.6332666801 0.0039992631 -0.0587481307 -0.0234076968 969592.4724885601
961 12669.5365632499 103.8890562622 -43.3197478317 0.0343904810 -0.1850032044 0.0128177740 12709.1210958343
962 3613.3085496603 55.6245215024 -22.7864248465 0.0138857793 -0.0111087374 -0.1173131504 3609.2119772784
963 1697.6376712877 38.2244066581 -15.3796101032 0.0007856605 -0.0118717002 -0.0253913999 1697.7650146791
964 989.6713958931 29.2582605998 -11.5596532201 0.9706568159 -0.9844660787 0.0385143590 1049.1400081392
965 651.2217086390 23.7920862054 -9.2281277967 0.0561674926 -0.2133854183 -0.1031220435 659.5283978713
966 463.1326728868 20.1125130822 -7.6563366177 0.0959828079 0.2917874691 0.1041291543 453.0859928302
967 347.6882787000 17.4676599198 -6.5245027111 0.2603206906 0.4538712729 0.2330698569 335.1337911309
968 271.6476632459 15.4756673533 -5.6702189744 0.1994489738 0.4454786828 -0.0315866573 257.7007458758
969 218.8449127225 13.9220129092 -5.0022464233 0.0597258044 -0.2429883724 0.0261238441 225.9317688544
970 180.6434115815 12.6769000378 -4.4653798285 0.0021314590 -0.0304879910 0.0346690268 181.7281502138
971 152.0847092393 11.6571893671 -4.0242571115 0.0002732760 0.0162053285 -0.0032654805 151.6808830821
972 130.1551122711 10.8071634410 -3.6551786046 0.1925321460 0.3691518906 0.2371898556 124.1026173553
973 112.9361392922 10.0880827142 -3.3416652203 0.0540061195 0.0520950957 -0.2264778588 110.4254397754
974 99.1587252256 9.4721769983 -3.0719030157 0.2056051459 -0.3293862728 -0.3116245003 103.6897800403
975 87.9557896120 8.9390199970 -2.8372012805 0.0366399635 0.0810571612 0.1734061708 87.5272628262
976 78.7182982715 8.4732526019 -2.6310242523 0.0460327470 0.1712088382 0.1293069246 76.5433588612
977 71.0081183598 8.0631037298 -2.4483620243 0.0866153811 -0.2404858547 -0.1696523942 74.1421175660
978 64.5034119511 7.6994007344 -2.2853096688 0.0635464392 -0.1396832179 -0.2098452712 65.7587896766
979 58.9633788725 7.3748902311 -2.1387783785 0.0544130578 -0.1379741813 -0.1880855739 60.2483340970
980 54.2048857579 7.0837613812 -2.0062927133 0.1261435885 0.0111697745 0.3549913022 55.5972142383
981 50.0866088456 6.8213045585 -1.8858454248 0.8900917453 -0.4101992859 -0.8496047853 53.3684425136
982 46.4980487930 6.5836625697 -1.7757916434 1.2515129483 -0.5015106662 -1.0000000000 50.8015324576
983 43.3517771983 6.3676464192 -1.6747705153 0.1619484697 0.0358287301 0.4008301035 44.4000331757
984 40.5778710636 6.1705968889 -1.5816463252 0.0858209136 0.0319223609 -0.2912076174 39.3485570194
985 38.1198561972 5.9902791747 -1.4954636760 0.1361376157 -0.1131931516 0.3511764885 40.6624543359
986 35.9317089193 5.8248017195 -1.4154129600 0.0581371226 -0.0345774712 0.2386242256 37.0681635127
987 33.9756115000 5.6725530025 -1.3408034658 0.0809665957 -0.0642414624 0.2771996216 35.5287447237
988 32.2202520202 5.5321518142 -1.2710422201 0.1128364995 0.2320932646 -0.2428357799 29.1478291128
989 30.6395225998 5.4024077779 -1.2056171870 0.1153901332 0.1950437941 0.2781151769 29.3181013873
990 29.2115126261 5.2822897364 -1.1440838111 0.1659384470 -0.2067934202 0.3509628590 32.3651984459
991 27.9177228726 5.1709002357 -1.0860541537 0.0073123315 -0.0022583697 -0.0854823450 27.7627139011
992 26.7424467274 5.0674547774 -1.0311880560 0.1084847502 -0.1906796472 0.2685628834 29.3373301312
993 25.6722790619 4.9712648324 -0.9791859009 0.0465680853 0.1268654439 -0.1745658742 24.1156188223
994 24.6957234708 4.8817238453 -0.9297826463 0.0180239521 0.1119724113 -0.0740684225 23.4827755749
995 23.8028759637 4.7982956328 -0.8827428755 0.0862960680 -0.2667622913 0.1230201117 26.6663709609
996 22.9851685436 4.7205047132 -0.8378566680 0.0007714327 0.0003967406 -0.0277718436 22.9356566956
997 22.2351600424 4.6479282033 -0.7949361352 0.0932491907 -0.1882686850 0.2404248177 24.4607726450
998 21.5463645133 4.5801889948 -0.7538125001 0.0652145630 -0.1836909085 0.1774040956 23.5617160814
999 20.9131096622 4.5169499819 -0.7143336220 0.1163125518 0.3355510117 -0.0609759819 17.9109735536
1000 20.3304194612 4.4579091574 -0.6763618898 0.0158268383 0.0613422040 -0.1098361156 19.6507524278
1001 19.7939163419 4.4027954294 -0.6397724197 0.0393427949 0.1811273537 -0.0808435316 18.1348828427
1002 19.2997393321 4.3513650395 -0.6044515073 0.0113229510 0.0097659230 0.1059602649 19.3541677746
1003 18.8444752471 4.3033984856 -0.5702952933 0.0288789287 -0.1466414380 0.0858790857 20.2334201372
1004 18.4251006226 4.2586978685 -0.5372086066 0.0135417073 -0.0769981994 -0.0872524186 19.0007209648
1005 18.0389325319 4.2170845998 -0.5051039594 0.0095087440 0.0043641469 -0.0974150822 17.9132238355
1006 17.6835867875 4.1783974133 -0.4739006692 0.0341801140 -0.1799676504 -0.0423291726 19.1815999847
1007 17.3569423054 4.1424906381 -0.4435240901 0.1083862820 0.3232215339 0.0625629444 14.8429405773
1008 17.0571106413 4.1092326954 -0.4139049359 0.0129060594 0.1120334483 -0.0188299203 16.1336860894
1009 16.7824098819 4.0785047868 -0.3849786822 0.0452682186 -0.1903744621 -0.0950041200 18.3074152887
1010 16.5313422233 4.0501997491 -0.3566850365 0.1404286800 -0.1544236579 -0.3414410840 17.6790903736
1011 16.3025746842 4.0242210539 -0.3289674661 0.0828542624 0.2548600726 0.1337931455 14.4222295906
1012 16.0949224954 4.0004819319 -0.3017727756 0.2213023119 -0.1577501755 -0.4431897946 17.3108930320
1013 15.9073347876 3.9789046087 -0.2750507276 0.0364277021 -0.1000396741 0.1625415815 16.8292734905
1014 15.7388822604 3.9594196364 -0.2487537002 0.1293785906 0.1986754967 0.2998443556 14.4441563112
1015 15.5887465707 3.9419653119 -0.2228363761 0.1009890850 -0.2237311930 -0.2256843776 17.3530354817
1016 15.4562112196 3.9264871709 -0.1972554590 0.0101094772 -0.0826746422 0.0572222053 16.1381373253
1017 15.3406537563 3.9129375509 -0.1719694129 0.0552335426 -0.0083315531 0.2348704489 15.5418700592
1018 15.2415391458 3.9012752152 -0.1469382223 0.0002075449 0.0140385144 0.0032349620 15.1331611536
1019 15.1584141743 3.8914650334 -0.1221231679 0.0087397758 0.0924405652 0.0139469588 14.4511019893
1020 15.0909027880 3.8834777130 -0.0974866172 0.0003199856 -0.0047608875 0.0172429579 15.1315622898
1021 15.0387022815 3.8772895784 -0.0729918265 0.0221710102 -0.0324106571 0.1453291421 15.3334199766
1022 15.0015802650 3.8728823940 -0.0486027526 0.0571846735 -0.2224188971 -0.0878322703 16.7730316192
1023 14.9793723589 3.8702432291 -0.0242838709 0.0007785009 0.0275582141 -0.0043641469 14.7666249204
