#int double real img int16 real16 img16 error
0 1.8848606812 1.3729022839 0.0000000000 0.0003264150 -0.0180669576 0.0000000000 1.9347954309
1 1.8857912516 1.3732141173 0.0086162425 0.0113225486 0.0041505173 0.1063264870 1.8838824327
2 1.8885870613 1.3741505283 0.0172449074 0.0054911038 -0.0052491836 0.0739158300 1.9059551588
3 1.8932604463 1.3757142564 0.0258984774 0.0036435582 0.0146183660 0.0585650197 1.8536491256
4 1.8998321007 1.3779098894 0.0345895570 0.0583856211 -0.2374645222 -0.0446790979 2.6157180093
5 1.9083312807 1.3807438976 0.0433309351 0.2916775645 -0.5358745079 0.0672017579 3.6739959284
6 1.9187960946 1.3842246814 0.0521356487 0.0622140823 -0.0123294778 0.2491225929 1.9891673759
7 1.9312738847 1.3883626343 0.0610170502 0.2205685153 -0.4563127537 0.1111178930 3.4053373815
8 1.9458217074 1.3931702209 0.0699888779 0.1774159148 0.0307016205 0.4200872829 1.9788895802
9 1.9625069196 1.3986620726 0.0790653299 0.0662568204 -0.1640675069 0.1983397931 2.4563501362
10 1.9814078831 1.4048551006 0.0882611435 0.0020476358 -0.0371410260 -0.0258491775 2.0923739945
11 2.0026147998 1.4117686296 0.0975916809 0.0308937995 -0.1383098849 0.1084627827 2.4028615822
12 2.0262306930 1.4194245528 0.1070730213 0.0041395205 -0.0577105014 -0.0284432508 2.2002926285
13 2.0523725548 1.4278475111 0.1167220616 0.0557338135 -0.0202948088 0.2352061525 2.1111546586
14 2.0811726816 1.4370651001 0.1265566267 0.0179918521 0.1337931455 -0.0095522935 1.7170434256
15 2.1127802271 1.4471081064 0.1365955910 0.0277991144 -0.0301828059 0.1639759514 2.1831381237
16 2.1473630038 1.4580107798 0.1468590131 0.0060156502 -0.0425428022 0.0648518326 2.2583862302
17 2.1851095739 1.4698111432 0.1573682856 0.0427226292 0.2021851253 -0.0429395428 1.6469989474
18 2.2262316778 1.4825513478 0.1681463026 0.0049230276 0.0050965911 0.0699789422 2.1925093887
19 2.2709670566 1.4962780796 0.1792176477 0.0047979005 -0.0587176122 0.0367442854 2.4383102604
20 2.3195827389 1.5110430245 0.1906088064 0.0303160173 -0.1730399487 -0.0193182165 2.8802048155
21 2.3723788761 1.5269034019 0.2023484059 0.0051177902 -0.0451979125 0.0554521317 2.4930810582
22 2.4296932286 1.5439225775 0.2144674879 0.0199394596 0.1411786248 0.0028382214 2.0124775431
23 2.4919064282 1.5621707684 0.2269998206 0.0042753594 -0.0645771661 -0.0102542192 2.7025983216
24 2.5594481692 1.5817258570 0.2399822545 0.0250534069 -0.0864284188 0.1326029237 2.7942690087
25 2.6328045193 1.6026743321 0.2534551335 0.0029006881 0.0521256142 0.0135502182 2.4617556949
26 2.7125265818 1.6251123806 0.2674627680 0.0111420892 0.1029694510 0.0232245857 2.3765713878
27 2.7992408013 1.6491471587 0.2820539843 0.0126339998 -0.0923184912 -0.0641193884 3.1525386138
28 2.8936612774 1.6748982762 0.2972827641 0.0118660886 -0.1038544877 -0.0328684347 3.2729612093
29 2.9966045425 1.7024995360 0.3132089915 0.0065964845 -0.0638447218 0.0502029481 3.1891442160
30 3.1090073840 1.7321009828 0.3298993320 0.0072342717 0.0825525681 -0.0204779199 2.8437741911
31 3.2319484490 1.7638713239 0.3474282682 0.1543489278 0.1721243934 0.3531601917 2.5336911457
32 3.3666745759 1.7980008043 0.3658793291 0.0025687118 0.0132450331 0.0489211707 3.2858156371
33 3.5146330764 1.8347046380 0.3853465552 0.0315565998 -0.0762047182 -0.1604663228 3.9494862654
34 3.6775115562 1.8742271243 0.4059362546 0.0050323846 -0.0206305124 -0.0678731651 3.8149808295
35 3.8572873606 1.9168466137 0.4277691202 0.0128891409 0.0619220557 0.0951567125 3.5513761295
36 4.0562894043 1.9628815349 0.4509827980 0.0053623686 -0.0159306619 -0.0714743492 4.1886591812
37 4.2772760699 2.0126977564 0.4757350220 0.0028761090 -0.0009460738 -0.0536210211 4.3349792954
38 4.5235341448 2.0667176397 0.5022074695 0.0126734782 0.0513321329 0.1001922666 4.2233949643
39 4.7990055661 2.1254312564 0.5306105354 0.0006229997 0.0051881466 0.0244148076 4.7516649596
40 5.1084513039 2.1894103958 0.5611892932 0.0132535627 -0.1146275216 -0.0106814783 5.6356269039
41 5.4576653961 2.2593262074 0.5942310027 0.0163251784 -0.0455946532 0.1193578906 5.5381646462
42 5.8537575224 2.3359716299 0.6300746516 0.0200074326 0.1330301828 -0.0480666524 5.3128266477
43 6.3055304666 2.4202901894 0.6691232067 0.0035941429 0.0138859218 0.0583208716 6.1638609916
44 6.8239908124 2.5134133842 0.7118595174 0.0081160887 -0.0666524247 -0.0606097598 7.2534483625
45 7.4230496028 2.6167097981 0.7588672053 0.0004645367 -0.0130924406 0.0171208838 7.4660474200
46 8.1204984453 2.7318504696 0.8108584690 0.0383754866 0.1525009919 -0.1229590747 7.5250589335
47 8.9393924647 2.8608971621 0.8687116279 0.1292931645 0.3079622791 -0.1856135746 7.6290781495
48 9.9100466067 3.0064234735 0.9335226321 0.1844809716 -0.2569353313 0.3441877499 10.9968262922
49 11.0729778657 3.1716839816 1.0066770023 0.2156837833 -0.2688680685 0.3786736656 12.2317865999
50 12.4833438988 3.3608552242 1.0899523204 0.1210189303 0.3123264260 -0.1532029176 10.8389627793
51 14.2178175665 3.5793868187 1.1856675625 0.0070011605 -0.0261848811 0.0794701987 14.2238198902
52 16.3855578313 3.8345262885 1.2969063089 0.0140874230 -0.0047608875 0.1185949278 16.1285437304
53 19.1463305207 4.1361268683 1.4278603049 0.0257208856 0.1587267678 0.0229499191 17.7934847514
54 22.7416581313 4.4979338674 1.5843765511 0.0035255440 0.0365611744 0.0467848750 22.2680344687
55 27.5509421868 4.9397165853 1.7748640072 0.0179758696 -0.1324198126 0.0209967345 28.8026180489
56 34.1984146315 5.4909739843 2.0118696120 0.0451653832 0.0458082827 0.2075258644 32.9054858765
57 43.7713609439 6.1977596181 2.3149809200 0.0092967500 0.0910672323 -0.0316782128 42.7985009810
58 58.3049490929 7.1361889327 2.7165707444 0.2718055228 -0.5023651845 0.1394085513 64.9892739712
59 81.9839557717 8.4417507435 3.2742632998 0.0226647131 -0.0996734519 0.1128269295 82.9506072098
60 124.5922469616 10.3812226065 4.1015197374 0.5425794348 0.7067171239 0.2076784570 108.7580562488
61 213.7199204405 13.5625312778 5.4568915858 0.0095754084 0.0673848689 -0.0709555345 212.6760703828
62 454.8885953822 19.7363249988 8.0849286283 0.5699633933 0.6975005341 0.2888882107 423.2550831907
63 1595.0001535132 36.8612281567 15.3704265489 0.0117420876 0.1037934507 -0.0311288797 1588.3169157807
64 122053.3193000333 321.6029082176 136.4730329627 0.0705300525 0.2099063082 0.1626941740 121873.9701370138
65 2591.7094158951 -46.7384188226 -20.1799311658 0.0115137543 -0.1012298959 0.0355845820 2583.6944679352
66 554.2626957510 -21.5553081440 -9.4673854136 0.1701795289 0.3345439009 0.2413708914 573.4255715359
67 232.1261407282 -13.9108521175 -6.2140432968 0.0087590320 -0.0316476943 0.0880764183 232.3490283230
68 125.9054559110 -10.2161890612 -4.6405750696 0.3691313267 0.3838312937 0.4709616382 138.4882390396
69 78.4113610219 -8.0391588518 -3.7125848108 0.0707062657 0.0120548112 -0.2656331065 76.7035175000
70 53.2298197467 -6.6043867265 -3.1003057452 0.0019600479 -0.0365001373 0.0250556963 52.9050183879
71 38.3308835915 -5.5878224391 -2.6659189748 0.0935201243 -0.2785729545 0.1261635182 35.9838547377
72 28.8128883703 -4.8300757920 -2.3416353716 0.2049569980 0.3091525010 0.3307290872 33.5531992485
73 22.3773591290 -4.2436190312 -2.0902288504 0.0561395726 -0.1326944792 -0.1962950529 20.4866859013
74 17.8315439704 -3.7763897312 -1.8895567121 0.1557371870 -0.1914731285 -0.3450727866 15.2370576449
75 14.5070612697 -3.3954803889 -1.7256228436 0.0537939886 -0.2240974151 -0.0597857601 12.8326831555
76 12.0060664019 -3.0790711466 -1.5891467132 0.0726622231 0.2047486801 -0.1753288369 12.7823536413
77 10.0799201906 -2.8121229004 -1.4737316525 0.2934253911 -0.2416150395 -0.4848170415 7.5854627707
78 8.5668559360 -2.5839332503 -1.3748254049 0.0525176877 -0.0965605640 -0.2078310495 7.5488987062
79 7.3580130844 -2.3866784853 -1.2891000318 0.0867738507 0.1068453017 0.2745139927 8.6625496942
80 6.3779968840 -2.2145067333 -1.2140662305 0.0518911720 -0.0860621967 -0.2109134190 5.5365917087
81 5.5732793600 -2.0629536042 -1.1478248067 0.0331744729 -0.0182805872 -0.1812189093 5.1150147075
82 4.9050272427 -1.9285540137 -1.0889015837 0.1018062177 0.0088198492 -0.3189489425 4.3462445544
83 4.3445276080 -1.8085774211 -1.0361347981 0.0926621786 -0.0252693258 0.3033539842 4.9744179606
84 3.8701899651 -1.7008430071 -0.9885964952 0.0006840982 -0.0260628071 -0.0021973327 3.7778720261
85 3.4655337261 -1.6035879819 -0.9455365199 0.1346067483 -0.1375469222 0.3401287881 3.8022116729
86 3.1178079485 -1.5153720197 -0.9063418728 0.0240337784 -0.1181981872 0.1003143406 2.9654514503
87 2.8170263732 -1.4350067632 -0.8705067275 0.0203301146 -0.1131931516 0.0867030854 2.6634418498
88 2.5552810309 -1.3615030462 -0.8376099845 0.0050355829 -0.0709555345 0.0009460738 2.3686891428
89 2.3262462827 -1.2940308480 -0.8072982393 0.0019899778 -0.0340586566 0.0288094729 2.2866060296
90 2.1248153056 -1.2318885353 -0.7792727008 0.0240674450 -0.1375164037 0.0718100528 1.9219922159
91 1.9468301522 -1.1744789716 -0.7532790302 0.0648497706 0.2212591937 -0.1260719626 2.3414737318
92 1.7888788777 -1.1212907696 -0.7290993675 0.0013994767 0.0348216193 -0.0136722922 1.8484317558
93 1.6481413789 -1.0718834396 -0.7065460146 0.0110948394 0.0634479812 -0.0840784936 1.6764432498
94 1.5222710447 -1.0258755213 -0.6854563877 0.0118778389 0.1060518204 -0.0251167333 1.7173079662
95 1.4093030360 -0.9829350221 -0.6656889502 0.0211599876 -0.1160008545 -0.0877712333 1.0855637384
96 1.3075825733 -0.9427716550 -0.6471199114 0.0116779192 0.0751670888 -0.0776390881 1.3605076944
97 1.2157084066 -0.9051304945 -0.6296405280 0.0330210962 -0.1571092868 0.0913113804 1.0793073814
98 1.1324879096 -0.8697867548 -0.6131548833 0.0056136045 -0.0743125706 -0.0095522935 0.9971152641
99 1.0569011509 -0.8365414678 -0.5975780481 0.0534440721 -0.2297128208 -0.0260017701 0.6949404483
100 0.9880719528 -0.8052178833 -0.5828345504 0.0392783984 0.1801202429 -0.0826746422 1.2210511569
101 0.9252444317 -0.7756584555 -0.5688570928 0.0086997553 0.0232245857 -0.0903347880 0.8671977097
102 0.8677638660 -0.7477223062 -0.5555854738 0.0290769884 -0.1516159551 -0.0780358287 0.5833964454
103 0.8150610071 -0.7212830806 -0.5429656754 0.0147123022 -0.1096530045 -0.0518509476 0.6152850259
104 0.7666391437 -0.6962271250 -0.5309490881 0.0039024621 -0.0592364269 0.0198370312 0.7091224986
105 0.7220633825 -0.6724519321 -0.5194918494 0.0151129816 -0.1179540391 0.0346385083 0.6145283666
106 0.6809517241 -0.6498648099 -0.5085542773 0.0072274456 -0.0334482864 -0.0781579028 0.5652103697
107 0.6429675978 -0.6283817358 -0.4981003833 0.0042583431 -0.0252998444 -0.0601519822 0.5555065699
108 0.6078135912 -0.6079263684 -0.4880974512 0.0002835687 -0.0045777764 0.0162053285 0.6183508170
109 0.5752261614 -0.5884291904 -0.4785156730 0.0082230045 -0.0834070864 -0.0355845820 0.4512352768
110 0.5449711562 -0.5698267649 -0.4693278324 0.0025816170 0.0497451704 0.0103457747 0.6139561524
111 0.5168400074 -0.5520610860 -0.4605090279 0.0325819359 0.0025635548 -0.1804864650 0.3860211279
112 0.4906464838 -0.5350790109 -0.4520364320 0.0073698424 -0.0481887265 0.0710470901 0.5106785201
113 0.4662239116 -0.5188317624 -0.4438890784 0.0105604362 0.1010467849 0.0187078463 0.5982453282
114 0.4434227886 -0.5032744902 -0.4360476764 0.0120126803 -0.0417188025 0.1013519700 0.5018320328
115 0.4221087275 -0.4883658849 -0.4284944457 0.0126624245 0.1103854488 -0.0218512528 0.5238618459
116 0.4021606805 -0.4740678361 -0.4212129715 0.0554639612 -0.0725119785 -0.2240668966 0.2001136816
117 0.3834694000 -0.4603451298 -0.4141880750 0.0079837788 -0.0705893124 -0.0547807245 0.2810832408
118 0.3659361012 -0.4471651789 -0.4074056995 0.0496691541 0.0986663411 0.1998352000 0.6666735584
119 0.3494712975 -0.4344977838 -0.4008528076 0.0507155141 -0.2251655629 -0.0039979247 0.2013137767
120 0.3339937826 -0.4223149181 -0.3945172905 0.0342658680 0.0855433821 -0.1641590625 0.3109849662
121 0.3194297399 -0.4105905374 -0.3883878867 0.0256668656 0.0920743431 -0.1311075167 0.3188651708
122 0.3057119606 -0.3993004080 -0.3824541081 0.0051999658 0.0145878475 -0.0706198309 0.2685441045
123 0.2927791558 -0.3884219524 -0.3767061755 0.0071068953 0.0841090121 0.0057069613 0.3695253196
124 0.2805753499 -0.3779341111 -0.3711349588 0.0510430290 -0.1155735954 -0.1941282388 0.1001644191
125 0.2690493455 -0.3678172174 -0.3657319237 0.0218332483 -0.1359599597 -0.0578630940 0.1485410043
126 0.2581542484 -0.3580528850 -0.3604890844 0.0075924802 -0.0008850368 -0.0871303446 0.2022938724
127 0.2478470476 -0.3486239053 -0.3553989592 0.0355176140 0.0538346507 0.1806085391 0.4492769275
128 0.2380882407 -0.3395141558 -0.3504545316 0.0007762498 -0.0273445845 0.0053407392 0.2240401159
129 0.2288415017 -0.3307085154 -0.3456492147 0.0811112557 0.2336497085 -0.1628467666 0.3519169400
130 0.2200733836 -0.3221927888 -0.3409768180 0.0053879666 0.0706198309 0.0200201422 0.2846205595
131 0.2117530528 -0.3139536367 -0.3364315187 0.0029355896 -0.0534684286 0.0087588122 0.1870089082
132 0.2038520522 -0.3059785129 -0.3320078340 0.0136847662 0.0153508103 0.1159703360 0.3039369748
133 0.1963440878 -0.2982556063 -0.3277005968 0.0164533353 0.0360118412 0.1231116672 0.3149664238
134 0.1892048376 -0.2907737881 -0.3235049331 0.0172499385 0.1063570055 -0.0770592364 0.2184483487
135 0.1824117795 -0.2835225638 -0.3194162414 0.0497705617 -0.2161931211 0.0550553911 0.1447622574
136 0.1759440365 -0.2764920286 -0.3154301739 0.0593748886 -0.1792352062 0.1650746178 0.2403437443
137 0.1697822370 -0.2696728269 -0.3115426190 0.0171401317 -0.1038544877 0.0797143468 0.1805777348
138 0.1639083886 -0.2630561153 -0.3077496853 0.0031123319 -0.0309457686 0.0464186529 0.1793104249
139 0.1583057638 -0.2566335278 -0.3040476874 0.0132802830 0.1152073733 0.0027466659 0.2323884309
140 0.1529587966 -0.2503971443 -0.3004331318 0.0364768789 -0.1896420179 -0.0226447340 0.0808575793
141 0.1478529888 -0.2443394618 -0.2969027049 0.0074930452 -0.0507827998 0.0701010163 0.1721559128
142 0.1429748249 -0.2384533674 -0.2934532611 0.0107218108 -0.0987273782 -0.0312204352 0.0882894070
143 0.1383116944 -0.2327321129 -0.2900818127 0.0084439547 0.0047303690 0.0917691580 0.2021985941
144 0.1338518218 -0.2271692929 -0.2867855195 0.0100334916 0.0954924162 0.0302438429 0.2046181951
145 0.1295842019 -0.2217588224 -0.2835616803 0.0086804981 -0.0927152318 0.0091860714 0.1023534944
146 0.1254985412 -0.2164949180 -0.2804077240 0.0046119115 0.0341196936 -0.0587176122 0.1119541892
147 0.1215852049 -0.2113720793 -0.2773212020 0.0164872943 0.0550553911 0.1160008545 0.2256858371
148 0.1178351675 -0.2063850716 -0.2742997807 0.0224227323 -0.0332651753 -0.1460005493 0.0464311913
149 0.1142399679 -0.2015289108 -0.2713412352 0.0188216320 -0.0780053102 -0.1128574480 0.0403751907
150 0.1107916687 -0.1967988483 -0.2684434428 0.0033603471 -0.0486465041 -0.0315256203 0.0780791717
151 0.1074828184 -0.1921903574 -0.2656043767 0.0034941854 -0.0082399976 -0.0585345012 0.0767156682
152 0.1043064169 -0.1876991208 -0.2628221014 0.0034667451 -0.0585650197 0.0060731834 0.0889802902
153 0.1012558836 -0.1833210185 -0.2600947669 0.0019518602 -0.0375072481 0.0233466597 0.1016006980
154 0.0983250282 -0.1790521168 -0.2574206045 0.0011872638 -0.0212408826 -0.0271309549 0.0779377083
155 0.0955080238 -0.1748886584 -0.2547979218 0.0048875998 0.0682393872 -0.0151982177 0.1165192647
156 0.0927993823 -0.1708270519 -0.2522250991 0.0053051083 -0.0727866451 -0.0026856288 0.0718818686
157 0.0901939313 -0.1668638637 -0.2497005853 0.0143054756 0.0619220557 0.1023285623 0.1762675177
158 0.0876867931 -0.1629958090 -0.2472228940 0.0083505178 -0.0035706656 0.0913113804 0.1400218313
159 0.0852733650 -0.1592197439 -0.2447906007 0.0078583090 -0.0672627949 0.0577410199 0.0999814619
160 0.0829493017 -0.1555326582 -0.2424023390 0.0059789213 0.0383007294 -0.0671712394 0.0682773204
161 0.0807104982 -0.1519316685 -0.2400567982 0.0089719901 0.0335093234 0.0885952330 0.1424005191
162 0.0785530745 -0.1484140113 -0.2377527198 0.0000959786 0.0094302194 0.0026551103 0.0827107260
163 0.0764733613 -0.1449770374 -0.2354888955 0.0032607156 0.0089419233 -0.0563982055 0.0557645217
164 0.0744678865 -0.1416182056 -0.2332641644 0.0002134507 -0.0015564440 -0.0145268105 0.0674633271
165 0.0725333635 -0.1383350778 -0.2310774107 0.0014781560 0.0089724418 -0.0373851741 0.0592161878
166 0.0706666788 -0.1351253134 -0.2289275616 0.0285160931 0.1355937376 -0.1006500443 0.0897439260
167 0.0688648821 -0.1319866649 -0.2268135851 0.0077056391 -0.0870082705 -0.0116275521 0.0483280848
168 0.0671251762 -0.1289169733 -0.2247344882 0.0427308608 0.1530198065 -0.1389812922 0.0868419584
169 0.0654449075 -0.1259141637 -0.2226893147 0.0045325663 0.0596636860 0.0311899167 0.0988938024
170 0.0638215579 -0.1229762414 -0.2206771442 0.0068001846 -0.0472731712 -0.0675679800 0.0291733710
171 0.0622527364 -0.1201012881 -0.2186970897 0.0073824681 0.0160222175 0.0844141972 0.1104060610
172 0.0607361718 -0.1172874583 -0.2167482963 0.1818420897 0.1844538713 -0.3844721824 0.1191791319
173 0.0592697057 -0.1145329759 -0.2148299400 0.0541422369 -0.2317575610 -0.0207525864 0.0514076225
174 0.0578512860 -0.1118361312 -0.2129412260 0.0229874733 -0.1450239570 0.0442213202 0.0672340070
175 0.0564789608 -0.1091952775 -0.2110813875 0.0111208947 0.0611590930 0.0859096042 0.1172242607
176 0.0551508728 -0.1066088285 -0.2092496846 0.0389274611 -0.1969664602 -0.0114749596 0.0472793435
177 0.0538652540 -0.1040752557 -0.2074454027 0.0163678803 0.1229590747 0.0353404340 0.1104895497
178 0.0526204204 -0.1015930857 -0.2056678521 0.0400317791 -0.2000793481 -0.0001831111 0.0519235227
179 0.0514147680 -0.0991608975 -0.2039163661 0.0096258603 -0.0240180670 -0.0951261940 0.0174817465
180 0.0502467675 -0.0967773208 -0.2021903007 0.5175281104 -0.6540116581 -0.2996612445 0.3200106915
181 0.0491149612 -0.0944410333 -0.2004890333 0.0183063603 0.0557878353 0.1232642598 0.1273849077
182 0.0480179585 -0.0921507588 -0.1988119619 0.0961610926 0.2924283578 0.1031830805 0.2391021026
183 0.0469544325 -0.0899052654 -0.1971585042 0.0020269517 -0.0024719993 -0.0449537645 0.0308108588
184 0.0459231166 -0.0877033634 -0.1955280967 0.0642928094 -0.2492751854 0.0464186529 0.0846436833
185 0.0449228012 -0.0855439036 -0.1939201944 0.1461866389 0.3417462691 0.1714529862 0.3160744528
186 0.0439523312 -0.0834257757 -0.1923342693 0.2424464270 0.3834345531 0.3089083529 0.4692027329
187 0.0430106024 -0.0813479066 -0.1907698103 0.0009278784 -0.0268562883 -0.0143742180 0.0340847414
188 0.0420965596 -0.0793092588 -0.1892263223 0.4333510964 0.1517990661 0.6405529954 0.7419447739
189 0.0412091935 -0.0773088293 -0.1877033256 0.1326741351 0.3592638936 -0.0600299081 0.2068962438
190 0.0403475390 -0.0753456477 -0.1862003555 0.1288368230 0.3589281899 0.0027161473 0.2242832111
191 0.0395106723 -0.0734187753 -0.1847169611 0.0008430101 0.0235602893 0.0169682913 0.0500818800
192 0.0386977093 -0.0715273038 -0.1832527055 0.0191074984 0.0778832362 0.1142002625 0.1108017776
193 0.0379078035 -0.0696703538 -0.1818071650 0.0022877529 0.0353709525 -0.0321970275 0.0334168693
194 0.0371401440 -0.0678470741 -0.1803799284 0.0041609199 0.0615253151 0.0193792535 0.0566409458
195 0.0363939542 -0.0660566402 -0.1789705966 0.0972088935 -0.0903347880 -0.2984099857 0.0148551961
196 0.0356684894 -0.0642982535 -0.1775787825 0.0191517809 0.0696737571 -0.1195715201 0.0213133421
197 0.0349630360 -0.0625711405 -0.1762041100 0.0070048087 -0.0642109439 -0.0536820582 0.0150143422
198 0.0342769096 -0.0608745512 -0.1748462142 0.1762357155 0.0121158483 0.4196295053 0.3587289795
199 0.0336094536 -0.0592077589 -0.1735047403 0.0897140469 -0.0497756890 -0.2953581347 0.0149372137
200 0.0329600382 -0.0575700591 -0.1721793439 0.0995081470 0.1656239509 -0.2684713279 0.0590877123
201 0.0323280586 -0.0559607685 -0.1708696902 0.1918799215 0.0336008789 0.4367503891 0.3772234495
202 0.0317129346 -0.0543792243 -0.1695754538 0.0081845162 -0.0888393811 -0.0170903653 0.0244392046
203 0.0311141086 -0.0528247837 -0.1682963185 0.0417116942 -0.0037842952 0.2041993469 0.1411579902
204 0.0305310452 -0.0512968228 -0.1670319765 0.0088526440 -0.0856654561 0.0389110996 0.0435937535
205 0.0299632300 -0.0497947362 -0.1657821288 0.2004591777 -0.0822473830 0.4401074252 0.3681553259
206 0.0294101685 -0.0483179360 -0.1645464843 0.0652518731 0.2029480880 -0.1551255837 0.0632233682
207 0.0288713853 -0.0468658518 -0.1633247600 0.2522210789 -0.3093356120 0.3956419568 0.3813341656
208 0.0283464234 -0.0454379293 -0.1621166801 0.0166713722 0.1097445601 -0.0680257576 0.0329347067
209 0.0278348431 -0.0440336302 -0.1609219766 0.0034313517 0.0585650197 0.0012207404 0.0368167436
210 0.0273362216 -0.0426524318 -0.1597403882 0.0100866761 -0.0334482864 0.0946989349 0.0648240855
211 0.0268501517 -0.0412938259 -0.1585716608 0.0185045904 0.1320841090 0.0325327311 0.0665807969
212 0.0263762416 -0.0399573188 -0.1574155465 0.0083152679 0.0882290109 0.0230414747 0.0489964716
213 0.0259141142 -0.0386424305 -0.1562718042 0.0611981848 -0.0914334544 -0.2298654134 0.0082029115
214 0.0254634063 -0.0373486944 -0.1551401989 0.0025221242 -0.0359813227 0.0350352489 0.0361685706
215 0.0250237678 -0.0360756568 -0.1540205013 0.0262793714 -0.1429181799 0.0765099033 0.0645595922
216 0.0245948618 -0.0348228765 -0.1529124884 0.0129339487 -0.0394604328 0.1066621906 0.0674005209
217 0.0241763634 -0.0335899242 -0.1518159424 0.0036450325 -0.0581072420 0.0163884396 0.0288938130
218 0.0237679593 -0.0323763825 -0.1507306511 0.0110099004 0.1049226356 0.0010681478 0.0418938957
219 0.0233693478 -0.0311818450 -0.1496564075 0.0224892607 0.1459089938 0.0346385083 0.0653257812
220 0.0229802376 -0.0300059163 -0.1485930099 0.0111058735 -0.1018402661 -0.0271004364 0.0199206192
221 0.0226003480 -0.0288482116 -0.1475402613 0.0263198669 -0.1549119541 0.0481887265 0.0542019038
222 0.0222294081 -0.0277083562 -0.1464979696 0.0028069028 0.0117191076 -0.0516678365 0.0105472790
223 0.0218671564 -0.0265859853 -0.1454659472 0.0059356037 0.0133976257 0.0758690146 0.0505878545
224 0.0215133407 -0.0254807437 -0.1444440113 0.0182426027 0.1253395184 0.0503250221 0.0606817278
225 0.0211677174 -0.0243922853 -0.1434319831 0.0049836939 0.0638752403 0.0300607318 0.0378908782
226 0.0208300512 -0.0233202731 -0.1424296883 0.0204811834 0.1129184851 0.0879238258 0.0716237407
227 0.0205001152 -0.0222643788 -0.1414369565 0.0459845947 0.1758781701 0.1226844081 0.1090205649
228 0.0201776900 -0.0212242823 -0.1404536215 0.0293805399 -0.1396221809 -0.0994293039 0.0157010570
229 0.0198625634 -0.0201996719 -0.1394795207 0.0040935141 -0.0639362774 0.0023804437 0.0220371402
230 0.0195545309 -0.0191902436 -0.1385144955 0.0014636525 -0.0102237007 0.0368663594 0.0308388432
231 0.0192533944 -0.0181957011 -0.1375583907 0.0154199820 0.0896633808 0.0859096042 0.0615715263
232 0.0189589626 -0.0172157556 -0.1366110549 0.0572547588 -0.0538956877 -0.2331308939 0.0106614967
233 0.0186710504 -0.0162501253 -0.1356723398 0.0050544322 -0.0296029542 0.0646382031 0.0403026116
234 0.0183894789 -0.0152985356 -0.1347421007 0.0038990458 0.0148930326 -0.0606402783 0.0064026109
235 0.0181140751 -0.0143607185 -0.1338201961 0.0151920138 -0.0211188086 -0.1214331492 0.0001991107
236 0.0178446716 -0.0134364126 -0.1329064875 0.0384254187 -0.1802423170 0.0770592364 0.0719098150
237 0.0175811063 -0.0125253628 -0.1320008395 0.0071543025 -0.0789208655 -0.0304269539 0.0147256170
238 0.0173232226 -0.0116273204 -0.1311031198 0.0009169710 0.0115665151 0.0279854732 0.0258471344
239 0.0170708686 -0.0107420425 -0.1302131988 0.0336336430 0.1793572802 0.0382702109 0.0645244118
240 0.0168238975 -0.0098692921 -0.1293309499 0.0089507947 0.0946073794 0.0004882962 0.0277684115
241 0.0165821671 -0.0090088377 -0.1284562490 0.0030869537 -0.0173039949 -0.0527970214 0.0057931284
242 0.0163455395 -0.0081604535 -0.1275889749 0.0063348339 0.0753501999 0.0256355480 0.0304517836
243 0.0161138815 -0.0073239190 -0.1267290088 0.0274145385 -0.1218298898 0.1121250038 0.0701628567
244 0.0158870636 -0.0064990187 -0.1258762344 0.0078732790 -0.0834070864 -0.0302743614 0.0150545690
245 0.0156649608 -0.0056855423 -0.1250305380 0.0107496180 -0.0936613056 0.0444654683 0.0364686311
246 0.0154474517 -0.0048832844 -0.1241918082 0.0022275690 -0.0049439985 -0.0469374676 0.0059682368
247 0.0152344186 -0.0040920442 -0.1233599359 0.0021155725 0.0394299142 -0.0236823634 0.0118297793
248 0.0150257475 -0.0033116257 -0.1225348141 0.0249893215 -0.1510361034 -0.0466628010 0.0275790837
249 0.0148213279 -0.0025418372 -0.1217163383 0.0289553232 0.1577806940 -0.0637226478 0.0290665822
250 0.0146210527 -0.0017824916 -0.1209044060 0.0028627409 0.0300302133 -0.0442823572 0.0068829865
251 0.0144248177 -0.0010334058 -0.1200989166 0.0806129276 0.2342295602 0.1604663228 0.1340655168
252 0.0142325222 -0.0002944010 -0.1192997718 0.0249140270 -0.1087679678 -0.1143833735 0.0117906857
253 0.0140440684 0.0004346976 -0.1185068752 0.0285302845 0.0509353923 -0.1610461745 0.0043599121
254 0.0138593614 0.0011540611 -0.1177201323 0.0162753655 -0.1004974517 0.0785851619 0.0488687986
255 0.0136783090 0.0018638564 -0.1169394503 0.0354653729 0.1043427839 -0.1567735832 0.0120886887
256 0.0135008218 0.0025642472 -0.1161647384 0.0012779615 -0.0061342204 0.0352183599 0.0229925058
257 0.0133268131 0.0032553931 -0.1153959078 0.0063025179 -0.0791039766 -0.0067140721 0.0185948072
258 0.0131561986 0.0039374505 -0.1146328709 0.0047975624 0.0457167272 -0.0520340587 0.0056641193
259 0.0129888965 0.0046105724 -0.1138755423 0.0019104622 0.0348826563 0.0263374737 0.0205760889
260 0.0128248274 0.0052749083 -0.1131238380 0.0039597503 -0.0339060640 0.0530106510 0.0291358170
261 0.0126639140 0.0059306046 -0.1123776755 0.0151432058 0.0923490097 0.0813318278 0.0449915124
262 0.0125060815 0.0065778045 -0.1116369743 0.0034282409 0.0277718436 0.0515457625 0.0270777929
263 0.0123512571 0.0072166481 -0.1109016549 0.0302674254 -0.1565904721 -0.0758079775 0.0280643388
264 0.0121993699 0.0078472726 -0.1101716396 0.0018638038 0.0207220679 -0.0378734703 0.0053927856
265 0.0120503512 0.0084698123 -0.1094468522 0.0033162845 -0.0382702109 0.0430310984 0.0254341552
266 0.0119041342 0.0090843985 -0.1087272178 0.0002125790 -0.0114444411 0.0090334788 0.0142890149
267 0.0117606539 0.0096911598 -0.1080126628 0.0055099410 0.0672017579 -0.0315256203 0.0091577366
268 0.0116198472 0.0102902223 -0.1073031152 0.0632158060 0.1197546312 -0.2210760826 0.0249267449
269 0.0114816527 0.0108817092 -0.1065985041 0.0646631398 0.0526139103 0.2487868892 0.1280403545
270 0.0113460106 0.0114657412 -0.1058987601 0.0029276943 0.0515762810 -0.0163579211 0.0096264173
271 0.0112128629 0.0120424367 -0.1052038149 0.0326642232 0.1199072237 0.1352275155 0.0694420369
272 0.0110821532 0.0126119114 -0.1045136014 0.0125537847 -0.0030213324 -0.1120029298 0.0003004884
273 0.0109538264 0.0131742788 -0.1038280538 0.0199967283 0.0477004303 -0.1331217383 0.0020501751
274 0.0108278291 0.0137296500 -0.1031471076 0.0085514974 -0.0628070925 -0.0678731651 0.0071021240
275 0.0107041093 0.0142781339 -0.1024706991 0.0071546714 0.0465102084 -0.0706503494 0.0020514413
276 0.0105826163 0.0148198371 -0.1017987661 0.0450740791 -0.1647694327 0.1338847011 0.0877990025
277 0.0104633010 0.0153548642 -0.1011312472 0.0220179008 0.0116885891 0.1479232154 0.0620415669
278 0.0103461153 0.0158833176 -0.1004680822 0.0014426881 0.0255134739 -0.0281380657 0.0053243712
279 0.0102310126 0.0164052976 -0.0998092121 0.0118704391 -0.0222174749 0.1066621906 0.0441221587
280 0.0101179474 0.0169209026 -0.0991545786 0.0117208456 0.1011688589 -0.0385448775 0.0107712540
281 0.0100068754 0.0174302290 -0.0985041246 0.0061054566 0.0098269601 0.0775170141 0.0310412510
282 0.0098977537 0.0179333713 -0.0978577940 0.0031757850 0.0556352428 0.0089724418 0.0128341304
283 0.0097905400 0.0184304222 -0.0972155316 0.0866051322 0.0947904904 -0.2786034730 0.0387324453
284 0.0096851937 0.0189214726 -0.0965772830 0.0340495933 0.1000701926 -0.1550340281 0.0100023058
285 0.0095816749 0.0194066114 -0.0959429951 0.0042074097 0.0575579089 -0.0299081393 0.0058161237
286 0.0094799447 0.0198859260 -0.0953126152 0.0165819001 -0.0850550859 0.0966826380 0.0478747932
287 0.0093799653 0.0203595021 -0.0946860918 0.0029773713 -0.0545365764 0.0017700735 0.0149132144
288 0.0092817000 0.0208274236 -0.0940633743 0.0346415492 -0.1483504746 0.1123996704 0.0712481501
289 0.0091851127 0.0212897730 -0.0934444127 0.0003752351 0.0152592547 0.0119327372 0.0111407109
290 0.0090901685 0.0217466310 -0.0928291579 0.0062263841 -0.0660420545 0.0431836909 0.0262063483
291 0.0089968333 0.0221980768 -0.0922175617 0.0081573376 -0.0663472396 0.0612811670 0.0314021328
292 0.0089050738 0.0226441883 -0.0916095766 0.0197730454 -0.1393169958 -0.0190740684 0.0314928251
293 0.0088148576 0.0230850416 -0.0910051560 0.0172640657 0.0510574664 0.1210669271 0.0457570250
294 0.0087261530 0.0235207117 -0.0904042537 0.0525453515 -0.2251350444 0.0431226539 0.0796591201
295 0.0086389292 0.0239512720 -0.0898068247 0.0001828121 -0.0025635548 0.0132755516 0.0113290124
296 0.0085531562 0.0243767945 -0.0892128245 0.0268560508 -0.0741904965 0.1461226234 0.0650982839
297 0.0084688045 0.0247973500 -0.0886222091 0.0368826996 0.1868953520 -0.0441908017 0.0282499122
298 0.0083858457 0.0252130078 -0.0880349356 0.0341365031 0.0721762749 0.1700796533 0.0688286895
299 0.0083042516 0.0256238362 -0.0874509615 0.0557796299 -0.1683095798 -0.1656849879 0.0437307327
300 0.0082239953 0.0260299018 -0.0868702450 0.0625710800 -0.0650959807 0.2415234840 0.1161463677
301 0.0081450499 0.0264312704 -0.0862927450 0.0415524218 0.0671102023 0.1924802393 0.0793691523
302 0.0080673896 0.0268280064 -0.0857184211 0.2631886975 0.4346446120 0.2725302896 0.2946565225
303 0.0079909892 0.0272201731 -0.0851472334 0.0122682974 -0.0145268105 0.1098055971 0.0397494167
304 0.0079158238 0.0276078325 -0.0845791426 0.0322147051 0.0715964232 0.1645863216 0.0640184246
305 0.0078418693 0.0279910457 -0.0840141101 0.0896488793 -0.2403637806 -0.1785332804 0.0809481864
306 0.0077691023 0.0283698725 -0.0834520978 0.2289780249 -0.3013397626 -0.3717154454 0.1918042010
307 0.0076974997 0.0287443717 -0.0828930682 0.0292363614 0.0760521256 0.1531418806 0.0579505206
308 0.0076270390 0.0291146010 -0.0823369845 0.0223134852 -0.1459395123 -0.0318613239 0.0331917349
309 0.0075576984 0.0294806172 -0.0817838102 0.0188853840 -0.1027558214 -0.0912503433 0.0175760909
310 0.0074894564 0.0298424760 -0.0812335095 0.0275937965 -0.1657460250 -0.0110477004 0.0431809095
311 0.0074222922 0.0302002320 -0.0806860471 0.0117468441 0.1079744865 -0.0093997009 0.0111305778
312 0.0073561853 0.0305539390 -0.0801413882 0.0361923732 0.0885647145 0.1683706168 0.0651234667
313 0.0072911157 0.0309036499 -0.0795994986 0.0352416165 0.0591448714 0.1781670583 0.0672411644
314 0.0072270641 0.0312494164 -0.0790603444 0.2122453093 -0.0473036897 0.4582659383 0.2948901245
315 0.0071640112 0.0315912895 -0.0785238924 0.2544682534 0.0351878414 -0.5032197027 0.1803794665
316 0.0071019386 0.0319293193 -0.0779901097 0.0053182743 0.0557878353 -0.0469679861 0.0015316009
317 0.0070408281 0.0322635550 -0.0774589641 0.1939762432 0.1270485549 0.4217047639 0.2581486236
318 0.0069806619 0.0325940449 -0.0769304237 0.1647270912 -0.0743430891 0.3989989929 0.2379443602
319 0.0069214225 0.0329208366 -0.0764044570 0.4990935960 0.2175359355 -0.6721396527 0.3889831582
320 0.0068630932 0.0332439766 -0.0758810330 0.0105468968 -0.0333262123 -0.0971404157 0.0048835514
321 0.0068056571 0.0335635109 -0.0753601213 0.2258455481 0.1186254463 -0.4601886044 0.1553284943
322 0.0067490983 0.0338794845 -0.0748416917 0.2545450606 0.1593066195 -0.4787133396 0.1788442742
323 0.0066934007 0.0341919418 -0.0743257144 0.0221568645 0.0036011841 -0.1488082522 0.0064834429
324 0.0066385489 0.0345009264 -0.0738121604 0.0417051075 -0.1311990722 -0.1564989166 0.0342935892
325 0.0065845278 0.0348064810 -0.0733010005 0.0182437353 -0.0891445662 0.1014740440 0.0459101783
326 0.0065313225 0.0351086477 -0.0727922064 0.1106189204 -0.3270363475 0.0605487228 0.1489288010
327 0.0064789184 0.0354074680 -0.0722857500 0.0428916923 0.0716574602 -0.1943113498 0.0162043090
328 0.0064273016 0.0357029824 -0.0717816036 0.0179319085 0.0252693258 0.1315042573 0.0414340024
329 0.0063764580 0.0359952311 -0.0712797397 0.3173113652 0.4000366222 -0.3965880306 0.2383516186
330 0.0063263741 0.0362842533 -0.0707801316 0.0247775128 0.1250648518 -0.0955839717 0.0084972252
331 0.0062770366 0.0365700877 -0.0702827524 0.0847249454 0.2893765069 -0.0314035463 0.0654226782
332 0.0062284326 0.0368527724 -0.0697875761 0.0114106245 -0.0675679800 0.0827356792 0.0341670369
333 0.0061805494 0.0371323447 -0.0692945766 0.0183468194 -0.0903042695 -0.1009552293 0.0172424876
334 0.0061333745 0.0374088413 -0.0688037284 0.0045252094 -0.0185247353 -0.0646687216 0.0031456633
335 0.0060868957 0.0376822985 -0.0683150063 0.0034405947 -0.0018921476 0.0586260567 0.0176801703
336 0.0060411012 0.0379527519 -0.0678283854 0.0250070131 -0.0289620655 -0.1554612873 0.0121571183
337 0.0059959794 0.0382202363 -0.0673438411 0.0116784036 -0.0987273782 -0.0439466536 0.0193020775
338 0.0059515188 0.0384847863 -0.0668613491 0.0179702301 -0.0873134556 -0.1017181921 0.0170401972
339 0.0059077082 0.0387464356 -0.0663808856 0.0285565941 -0.1552476577 -0.0667439802 0.0376338401
340 0.0058645368 0.0390052175 -0.0659024267 0.0058371430 -0.0045472579 -0.0762657552 0.0020042167
341 0.0058219939 0.0392611648 -0.0654259493 0.0233790485 -0.0903042695 -0.1233863338 0.0201466079
342 0.0057800690 0.0395143097 -0.0649514302 0.0178417873 -0.0870387890 -0.1013214515 0.0173384652
343 0.0057387518 0.0397646839 -0.0644788468 0.0020772443 -0.0449232459 -0.0076906644 0.0103969431
344 0.0056980323 0.0400123185 -0.0640081764 0.0230698733 -0.1419110691 -0.0541398358 0.0331935031
345 0.0056579007 0.0402572443 -0.0635393970 0.0194168952 -0.1384929960 -0.0153813288 0.0342708480
346 0.0056183474 0.0404994914 -0.0630724866 0.0319900899 0.1434369945 0.1068453017 0.0394681843
347 0.0055793629 0.0407390895 -0.0626074236 0.0104543037 0.0966521195 -0.0333567309 0.0039818700
348 0.0055409381 0.0409760678 -0.0621441866 0.0004785670 0.0015564440 -0.0218207343 0.0031798876
349 0.0055030638 0.0412104551 -0.0616827545 0.0108809872 -0.0588091678 -0.0861537523 0.0106027547
350 0.0054657313 0.0414422797 -0.0612231063 0.0031741345 0.0113834040 -0.0551774651 0.0009400858
351 0.0054289318 0.0416715693 -0.0607652216 0.0135742860 0.1164891507 0.0021362957 0.0095542713
352 0.0053926570 0.0418983515 -0.0603090799 0.0176323555 0.0470290231 -0.1241798151 0.0041057946
353 0.0053568984 0.0421226531 -0.0598546611 0.0168880045 0.0486159856 0.1205175939 0.0325763137
354 0.0053216478 0.0423445006 -0.0594019453 0.0291913404 -0.0059511093 -0.1707510605 0.0147310914
355 0.0052868974 0.0425639203 -0.0589509129 0.0174107235 -0.0892666402 -0.0971709342 0.0188400667
356 0.0052526393 0.0427809378 -0.0585015444 0.0158692226 -0.1209143345 0.0353404340 0.0356024591
357 0.0052188659 0.0429955784 -0.0580538207 0.0009595387 -0.0309762871 0.0000915555 0.0088527217
358 0.0051855695 0.0432078669 -0.0576077229 0.0067084363 0.0539262062 0.0616473891 0.0143366645
359 0.0051527429 0.0434178279 -0.0571632320 0.0033056984 0.0488601337 0.0303048799 0.0076802893
360 0.0051203788 0.0436254856 -0.0567203298 0.0122989658 -0.0863063448 0.0696432386 0.0328500320
361 0.0050884702 0.0438308636 -0.0562789977 0.0020237683 -0.0449842830 -0.0004272591 0.0110075470
362 0.0050570101 0.0440339853 -0.0558392177 0.0454485886 0.0745872372 -0.1997131260 0.0216332027
363 0.0050259917 0.0442348738 -0.0554009719 0.0269174055 0.1323282571 0.0969878231 0.0309827890
364 0.0049954085 0.0444335516 -0.0549642425 0.0023945253 0.0485854671 0.0058290353 0.0037130610
365 0.0049652537 0.0446300411 -0.0545290122 0.0054170014 0.0096133305 -0.0729697562 0.0015662311
366 0.0049355212 0.0448243643 -0.0540952635 0.0014307525 0.0324106571 0.0195013276 0.0055705583
367 0.0049062045 0.0450165426 -0.0536629793 0.0029752217 0.0101626637 -0.0535905026 0.0012147981
368 0.0048772975 0.0452065975 -0.0532321428 0.0026753781 0.0024109622 -0.0516678365 0.0018339135
369 0.0048487942 0.0453945498 -0.0528027371 0.0008746566 -0.0214545122 -0.0203558458 0.0055215978
370 0.0048206887 0.0455804202 -0.0523747457 0.0141332813 0.0683614612 -0.0972624897 0.0025338854
371 0.0047929752 0.0457642289 -0.0519481522 0.0015883791 -0.0175176244 -0.0357982116 0.0042654135
372 0.0047656479 0.0459459960 -0.0515229404 0.0001385716 0.0033265175 -0.0112918485 0.0034349607
373 0.0047387014 0.0461257412 -0.0510990942 0.0363473315 -0.1566209906 -0.1087069308 0.0444249001
374 0.0047121302 0.0463034837 -0.0506765978 0.0014644311 -0.0361644337 -0.0125125889 0.0082574490
375 0.0046859288 0.0464792427 -0.0502554355 0.0240866575 -0.0704062014 -0.1383098849 0.0214157931
376 0.0046600921 0.0466530370 -0.0498355918 0.0001302329 -0.0032959990 -0.0109256264 0.0040088916
377 0.0046346148 0.0468248850 -0.0494170513 0.0023254849 0.0318308054 -0.0362254707 0.0003988402
378 0.0046094920 0.0469948051 -0.0489997987 0.0141122098 -0.1102328562 0.0442823572 0.0334220981
379 0.0045847186 0.0471628150 -0.0485838190 0.0588260173 0.2365184484 -0.0537125767 0.0358818601
380 0.0045602898 0.0473289325 -0.0481690973 0.0160354663 0.0658589434 0.1081575976 0.0247813968
381 0.0045362008 0.0474931749 -0.0477556188 0.0088629358 0.0879543443 -0.0335703604 0.0018383278
382 0.0045124469 0.0476555595 -0.0473433690 0.0289852773 0.1633960997 -0.0478225043 0.0133961022
383 0.0044890236 0.0478161029 -0.0469323334 0.0026607508 0.0192571795 -0.0478530229 0.0008164598
384 0.0044659263 0.0479748219 -0.0465224977 0.0146312442 0.0737327189 -0.0958891568 0.0031005363
385 0.0044431506 0.0481317328 -0.0461138476 0.0054739776 -0.0667744987 -0.0318613239 0.0134065765
386 0.0044206922 0.0482868516 -0.0457063693 0.0292514907 -0.0844141972 -0.1487472152 0.0282269843
387 0.0043985468 0.0484401942 -0.0453000487 0.0075972666 -0.0596331675 -0.0635700552 0.0120136447
388 0.0043767103 0.0485917763 -0.0448948721 0.0364086871 0.0363170263 -0.1873226112 0.0204363303
389 0.0043551784 0.0487416132 -0.0444908260 0.0390608393 -0.0545976135 0.1899472030 0.0656401852
390 0.0043339474 0.0488897200 -0.0440878967 0.0068073739 -0.0413220618 -0.0714133122 0.0088848439
391 0.0043130130 0.0490361116 -0.0436860710 0.0055246316 0.0718710898 0.0189519944 0.0044449635
392 0.0042923716 0.0491808028 -0.0432853355 0.0173567631 0.0477004303 -0.1228064821 0.0063258043
393 0.0042720193 0.0493238079 -0.0428856773 0.0457440231 0.0809350871 0.1979735710 0.0590124504
394 0.0042519524 0.0494651412 -0.0424870832 0.0132447341 0.0435193945 0.1065401166 0.0222444582
395 0.0042321673 0.0496048167 -0.0420895404 0.0518109272 -0.2276070437 0.0024414808 0.0788294274
396 0.0042126602 0.0497428482 -0.0416930362 0.0005998922 -0.0058900723 -0.0237739189 0.0034161166
397 0.0041934278 0.0498792492 -0.0412975580 0.0044176909 -0.0265205847 0.0609454634 0.0162905700
398 0.0041744665 0.0500140332 -0.0409030931 0.0376841897 -0.0736716819 0.1796014283 0.0639204001
399 0.0041557731 0.0501472133 -0.0405096292 0.0059655122 0.0564592425 -0.0527054659 0.0001885801
400 0.0041373440 0.0502788026 -0.0401171540 0.0312780242 -0.0797143468 0.1578722495 0.0560980228
401 0.0041191762 0.0504088136 -0.0397256553 0.0166276309 -0.0359202857 -0.1238441115 0.0145286281
402 0.0041012663 0.0505372591 -0.0393351210 0.0013783018 0.0083925901 0.0361644337 0.0074763559
403 0.0040836113 0.0506641515 -0.0389455392 0.0055116352 0.0147709586 -0.0727561266 0.0024314771
404 0.0040662080 0.0507895028 -0.0385568979 0.0822538282 0.2831812494 -0.0454115421 0.0540529101
405 0.0040490534 0.0509133251 -0.0381691855 0.0081609411 0.0823084201 -0.0372325816 0.0009865292
406 0.0040321445 0.0510356302 -0.0377823901 0.0022697418 0.0475478378 -0.0029908139 0.0012226185
407 0.0040154785 0.0511564297 -0.0373965003 0.0042643775 -0.0508133183 0.0410168767 0.0165464872
408 0.0039990525 0.0512757351 -0.0370115046 0.0226017891 0.0132450331 -0.1497543260 0.0141572781
409 0.0039828636 0.0513935577 -0.0366273916 0.0043243071 -0.0419629505 -0.0506302072 0.0089115165
410 0.0039669091 0.0515099085 -0.0362441501 0.0074980905 0.0601519822 -0.0622882778 0.0007529820
411 0.0039511863 0.0516247984 -0.0358617687 0.0341778638 -0.1800897244 -0.0417798395 0.0537266437
412 0.0039356925 0.0517382383 -0.0354802365 0.0987864164 -0.1233863338 -0.2890713218 0.0949770543
413 0.0039204251 0.0518502387 -0.0350995424 0.0126469599 -0.0876186407 0.0704977569 0.0306023579
414 0.0039053816 0.0519608100 -0.0347196755 0.0464876057 0.2155827509 -0.0034180731 0.0277519299
415 0.0038905595 0.0520699624 -0.0343406250 0.0493906791 0.1685842463 -0.1448103275 0.0257791335
416 0.0038759563 0.0521777061 -0.0339623800 0.0175118946 -0.1254005554 -0.0422681356 0.0316030246
417 0.0038615695 0.0522840510 -0.0335849300 0.0089868288 -0.0754417554 -0.0574053163 0.0168812924
418 0.0038473969 0.0523890068 -0.0332082644 0.0110188165 -0.0638142033 -0.0833460494 0.0160169835
419 0.0038334360 0.0524925832 -0.0328323727 0.0234830416 0.1512497330 0.0246284371 0.0130547193
420 0.0038196846 0.0525947896 -0.0324572443 0.0198940008 -0.0819727165 -0.1147801141 0.0248854686
421 0.0038061405 0.0526956354 -0.0320828691 0.0169341339 0.0261543626 -0.1274758141 0.0098042531
422 0.0037928014 0.0527951296 -0.0317092366 0.0709422922 0.1807916501 0.1955931272 0.0680494739
423 0.0037796652 0.0528932813 -0.0313363368 0.0204187661 0.1131626331 -0.0872524186 0.0067590030
424 0.0037667298 0.0529900994 -0.0309641596 0.0343750909 0.1411786248 0.1201818903 0.0306223444
425 0.0037539931 0.0530855926 -0.0305926947 0.0315211469 -0.1602832118 0.0763573107 0.0569645503
426 0.0037414531 0.0531797694 -0.0302219324 0.0110740240 -0.0508438368 -0.0921353801 0.0146541857
427 0.0037291077 0.0532726384 -0.0298518627 0.0108380423 -0.0879543443 -0.0556962798 0.0206129945
428 0.0037169550 0.0533642077 -0.0294824757 0.0003112344 0.0163884396 -0.0065309610 0.0018939795
429 0.0037049931 0.0534544856 -0.0291137617 0.0087216250 -0.0128482925 -0.0925016022 0.0084140767
430 0.0036932202 0.0535434801 -0.0287457110 0.2533045833 -0.0129093295 -0.5031281472 0.2294546717
431 0.0036816342 0.0536311990 -0.0283783140 0.0798670455 0.0728782006 0.2730491043 0.0912289356
432 0.0036702335 0.0537176502 -0.0280115611 0.0110706459 0.0807824946 0.0674153874 0.0098388083
433 0.0036590162 0.0538028412 -0.0276454427 0.0454803347 0.0134586627 0.2128360851 0.0594590180
434 0.0036479807 0.0538867795 -0.0272799496 0.0538333179 -0.0217902158 0.2309945982 0.0724327497
435 0.0036371251 0.0539694726 -0.0269150722 0.0112175654 0.0325022126 0.1008026368 0.0167726564
436 0.0036264478 0.0540509276 -0.0265508013 0.0044848536 -0.0593585009 -0.0310068056 0.0128815545
437 0.0036159472 0.0541311517 -0.0261871276 0.0508366447 -0.2182073428 0.0567644276 0.0810492161
438 0.0036056217 0.0542101518 -0.0258240419 0.0025502454 0.0464796899 -0.0197454756 0.0000967090
439 0.0035954696 0.0542879349 -0.0254615351 0.0179648235 -0.0950346385 0.0945158238 0.0366917976
440 0.0035854895 0.0543645077 -0.0250995980 0.0552208162 0.0360118412 0.2322153386 0.0665477970
441 0.0035756798 0.0544398767 -0.0247382217 0.0502232009 0.0041505173 0.2240668966 0.0644330065
442 0.0035660390 0.0545140486 -0.0243773971 0.0741096044 -0.1461836604 0.2296517838 0.1048103952
443 0.0035565656 0.0545870296 -0.0240171154 0.0004577367 -0.0155644398 -0.0146794031 0.0050084215
444 0.0035472583 0.0546588262 -0.0236573677 0.0028059528 0.0248420667 0.0467848750 0.0058511487
445 0.0035381156 0.0547294444 -0.0232981452 0.5832464109 -0.5709707938 0.5071871090 0.6729153929
446 0.0035291362 0.0547988902 -0.0229394390 0.5335690383 -0.1546983245 0.7138889737 0.5868051926
447 0.0035203187 0.0548671697 -0.0225812404 0.0357096691 0.0640888699 -0.1777703177 0.0241686895
448 0.0035116618 0.0549342886 -0.0222235409 0.0029937748 0.0157475509 -0.0524002808 0.0024462360
449 0.0035031643 0.0550002527 -0.0218663317 0.1089622507 0.3199255348 -0.0813013092 0.0737179217
450 0.0034948247 0.0550650675 -0.0215096043 0.0684287906 0.2375255593 -0.1095919675 0.0410503337
451 0.0034866420 0.0551287386 -0.0211533502 0.5532576849 -0.7410809656 -0.0636921293 0.6357594408
452 0.0034786150 0.0551912713 -0.0207975608 0.0147602570 -0.0199285867 0.1198461867 0.0254236568
453 0.0034707423 0.0552526709 -0.0204422277 0.7089381714 -0.8316904202 -0.1312601093 0.7989486499
454 0.0034630230 0.0553129427 -0.0200873426 0.1485146227 -0.3806573687 -0.0601214637 0.1916728432
455 0.0034554557 0.0553720915 -0.0197328970 0.8090896771 -0.8490554521 0.2969756157 0.9182934637
456 0.0034480396 0.0554301225 -0.0193788826 0.0070747814 -0.0257271035 0.0800805689 0.0164786778
457 0.0034407734 0.0554870405 -0.0190252912 0.2549483087 -0.4967497787 -0.0904873806 0.3100723348
458 0.0034336561 0.0555428503 -0.0186721145 0.0557770472 0.2166203803 0.0940885647 0.0386609415
459 0.0034266867 0.0555975564 -0.0183193444 0.2310293256 0.4525894955 0.1618396558 0.1900598650
460 0.0034198641 0.0556511636 -0.0179669726 0.0707081369 -0.1947386090 -0.1810663167 0.0892964343
461 0.0034131874 0.0557036762 -0.0176149910 0.0935811911 0.1069673757 0.2865993225 0.0951743154
462 0.0034066557 0.0557550986 -0.0172633915 0.0061853177 0.0786461989 0.0003051851 0.0008326574
463 0.0034002679 0.0558054350 -0.0169121661 0.1968053371 0.0222785119 0.4430677206 0.2127055507
464 0.0033940233 0.0558546898 -0.0165613068 0.0114914645 0.0019226661 0.1071810053 0.0182208230
465 0.0033879207 0.0559028668 -0.0162108056 0.3062859713 0.3454390088 0.4323862423 0.2850704888
466 0.0033819595 0.0559499702 -0.0158606544 0.0615104736 -0.2151249733 -0.1234168523 0.0850499607
467 0.0033761388 0.0559960037 -0.0155108455 0.0337521657 -0.1779229102 -0.0457777642 0.0556341447
468 0.0033704576 0.0560409713 -0.0151613709 0.0058021883 -0.0730613117 -0.0215460677 0.0167081638
469 0.0033649153 0.0560848765 -0.0148122227 0.0156690393 0.0755638295 0.0997955260 0.0135143657
470 0.0033595110 0.0561277230 -0.0144633932 0.0211703148 -0.0023194067 -0.1454817347 0.0205818728
471 0.0033542440 0.0561695143 -0.0141148744 0.0022770662 0.0355235450 0.0318613239 0.0025400669
472 0.0033491135 0.0562102539 -0.0137666587 0.0430038686 0.0534989471 0.2003540147 0.0458550140
473 0.0033441189 0.0562499450 -0.0134187383 0.0092183325 -0.0473952452 -0.0834986419 0.0156535183
474 0.0033392593 0.0562885909 -0.0130711055 0.0422976445 0.0395825068 -0.2018189032 0.0359048244
475 0.0033345341 0.0563261948 -0.0127237526 0.0076829898 -0.0210577715 -0.0850856044 0.0112245159
476 0.0033299427 0.0563627598 -0.0123766718 0.0235238221 -0.1410870693 0.0601519822 0.0442468407
477 0.0033254844 0.0563982887 -0.0120298557 0.0049033820 0.0283516953 0.0640278329 0.0065713834
478 0.0033211586 0.0564327846 -0.0116832965 0.0009536915 -0.0279549547 0.0131229591 0.0077366408
479 0.0033169647 0.0564662501 -0.0113369867 0.0063723583 -0.0057069613 0.0796227912 0.0121391894
480 0.0033129020 0.0564986881 -0.0109909186 0.0003730827 -0.0043031098 -0.0188299203 0.0037583086
481 0.0033089702 0.0565301011 -0.0106450848 0.0116591194 -0.0007934812 -0.1079744865 0.0127590055
482 0.0033051685 0.0565604917 -0.0102994777 0.0370807369 -0.1064485611 0.1604663228 0.0557329099
483 0.0033014964 0.0565898624 -0.0099540898 0.0035645027 -0.0397045808 0.0445875423 0.0122474094
484 0.0032979535 0.0566182155 -0.0096089136 0.0409593194 0.1482894375 -0.1377300333 0.0248186343
485 0.0032945393 0.0566455534 -0.0092639416 0.0159392781 0.1243934446 0.0215765862 0.0055409149
486 0.0032912533 0.0566718781 -0.0089191664 0.0066348760 -0.0634174627 -0.0511185034 0.0162022338
487 0.0032880950 0.0566971920 -0.0085745805 0.0003669672 -0.0189214759 0.0029908139 0.0058519413
488 0.0032850640 0.0567214969 -0.0082301766 0.0179343785 -0.0546586505 -0.1222571490 0.0254076877
489 0.0032821599 0.0567447949 -0.0078859472 0.0010783520 0.0145268105 -0.0294503616 0.0022473822
490 0.0032793823 0.0567670878 -0.0075418849 0.0033209283 -0.0414746544 0.0400097659 0.0119125994
491 0.0032767308 0.0567883774 -0.0071979823 0.0068075807 -0.0135196997 0.0813928648 0.0127915639
492 0.0032742050 0.0568086654 -0.0068542322 0.0106852504 -0.0264900662 0.0999176000 0.0183389029
493 0.0032718046 0.0568279536 -0.0065106271 0.0551830553 -0.2329477828 0.0303048799 0.0853253590
494 0.0032695292 0.0568462433 -0.0061671598 0.0021040904 -0.0449842830 -0.0089724418 0.0103773257
495 0.0032673786 0.0568635361 -0.0058238229 0.0546878222 0.2260505997 -0.0599078341 0.0315493428
496 0.0032653525 0.0568798333 -0.0054806090 0.0006205166 -0.0096133305 -0.0229804376 0.0047275848
497 0.0032634506 0.0568951364 -0.0051375110 0.0142569498 0.0711081271 0.0959196753 0.0104145640
498 0.0032616725 0.0569094464 -0.0047945214 0.0017633406 -0.0416272469 -0.0055238502 0.0097100118
499 0.0032600182 0.0569227645 -0.0044516331 0.0028269237 -0.0251472518 0.0468459120 0.0093669257
500 0.0032584872 0.0569350919 -0.0041088388 0.0498594246 -0.2172612690 0.0515457625 0.0782810790
501 0.0032570796 0.0569464294 -0.0037661312 0.0615973974 0.1872920927 -0.1628467666 0.0422966405
502 0.0032557949 0.0569567781 -0.0034235030 0.0127582458 0.0747398297 0.0846888638 0.0080800261
503 0.0032546332 0.0569661387 -0.0030809471 0.0047555721 0.0288094729 -0.0626545000 0.0043418060
504 0.0032535941 0.0569745119 -0.0027384561 0.0145522418 0.0824304941 -0.0880764183 0.0079305748
505 0.0032526777 0.0569818985 -0.0023960228 0.0386912316 -0.1656239509 -0.1061128574 0.0603105460
506 0.0032518837 0.0569882990 -0.0020536401 0.0200755938 0.1340372936 0.0459303568 0.0082390115
507 0.0032512120 0.0569937140 -0.0017113006 0.0160708569 -0.0974456008 0.0810876797 0.0307071731
508 0.0032506625 0.0569981438 -0.0013689972 0.0090354533 -0.0133060701 -0.0941190832 0.0135452609
509 0.0032502353 0.0570015888 -0.0010267227 0.0112326379 -0.0104068117 0.1054719687 0.0158858637
510 0.0032499301 0.0570040494 -0.0006844698 0.0005940235 -0.0195928831 0.0144962920 0.0060975456
511 0.0032497471 0.0570055257 -0.0003422313 0.0288347403 -0.0690023499 0.1551561022 0.0400577164
512 0.0032496861 0.0570060177 0.0000000000 0.0032014454 -0.0565813166 0.0000000000 0.0129020825
513 0.0032497471 0.0570055257 0.0003422313 0.0072111353 0.0125431074 -0.0839869381 0.0090883154
514 0.0032499301 0.0570040494 0.0006844698 0.0032475757 -0.0462050233 0.0333567309 0.0117195893
515 0.0032502353 0.0570015888 0.0010267227 0.0084056657 0.0048219245 0.0915555284 0.0109181820
516 0.0032506625 0.0569981438 0.0013689972 0.0265819384 -0.1470686972 -0.0703756829 0.0467905747
517 0.0032512120 0.0569937140 0.0017113006 0.0791318146 0.2120426038 0.1848506119 0.0575801656
518 0.0032518837 0.0569882990 0.0020536401 0.0220106658 0.1360209967 -0.0592364269 0.0100026396
519 0.0032526777 0.0569818985 0.0023960228 0.0108431611 0.0794396802 0.0673238319 0.0047199723
520 0.0032535941 0.0569745119 0.0027384561 0.0145414937 0.0824304941 0.0880153813 0.0079201610
521 0.0032546332 0.0569661387 0.0030809471 0.0069900370 0.0835901975 0.0016479995 0.0007108938
522 0.0032557949 0.0569567781 0.0034235030 0.0140030707 0.0757469405 -0.0909146397 0.0092527554
523 0.0032570796 0.0569464294 0.0037661312 0.0749339944 0.0229804376 -0.2727744377 0.0776283748
524 0.0032584872 0.0569350919 0.0041088388 0.0874832628 -0.2883083590 -0.0660420545 0.1241141882
525 0.0032600182 0.0569227645 0.0044516331 0.0023768523 -0.0448927274 -0.0190130314 0.0109169849
526 0.0032616725 0.0569094464 0.0047945214 0.0002823346 -0.0128177740 0.0108645894 0.0048987310
527 0.0032634506 0.0568951364 0.0051375110 0.0064012217 0.0713522752 0.0361949522 0.0011735735
528 0.0032653525 0.0568798333 0.0054806090 0.0006213344 -0.0095828120 0.0230109561 0.0047245963
529 0.0032673786 0.0568635361 0.0058238229 0.0160172197 -0.1038544877 0.0723288675 0.0302532041
530 0.0032695292 0.0568462433 0.0061671598 0.0002156870 -0.0080263680 -0.0122989593 0.0045494532
531 0.0032718046 0.0568279536 0.0065106271 0.0040674578 -0.0628070925 0.0110782189 0.0143334071
532 0.0032742050 0.0568086654 0.0068542322 0.0695208656 -0.1362346263 -0.2257454146 0.0913683082
533 0.0032767308 0.0567883774 0.0071979823 0.0539403846 0.2318185980 0.0141605884 0.0306840560
534 0.0032793823 0.0567670878 0.0075418849 0.0031213775 -0.0299691763 -0.0471510971 0.0105145018
535 0.0032821599 0.0567447949 0.0078859472 0.0003659297 0.0155949583 0.0110782189 0.0017034996
536 0.0032850640 0.0567214969 0.0082301766 0.0179526438 -0.0546891690 0.1223181860 0.0254284104
537 0.0032880950 0.0566971920 0.0085745805 0.0110600608 -0.0928373058 0.0494094668 0.0240280540
538 0.0032912533 0.0566718781 0.0089191664 0.0063649613 -0.0628070925 0.0491958373 0.0158974346
539 0.0032945393 0.0566455534 0.0092639416 0.0547570703 0.0806299020 0.2196722312 0.0448468973
540 0.0032979535 0.0566182155 0.0096089136 0.0314529671 -0.0158391064 0.1766411328 0.0331498258
541 0.0033014964 0.0565898624 0.0099540898 0.0111761106 -0.0076296274 -0.1054414502 0.0174402735
542 0.0033051685 0.0565604917 0.0102994777 0.0308044895 -0.1051362651 -0.1405377361 0.0488977063
543 0.0033089702 0.0565301011 0.0106450848 0.0092963308 0.0800500504 0.0537430952 0.0024106265
544 0.0033129020 0.0564986881 0.0109909186 0.0003721978 -0.0043336283 0.0187994018 0.0037615431
545 0.0033169647 0.0564662501 0.0113369867 0.0028585618 -0.0169988098 0.0506912442 0.0069458726
546 0.0033211586 0.0564327846 0.0116832965 0.0002627906 -0.0160527360 -0.0022583697 0.0054485207
547 0.0033254844 0.0563982887 0.0120298557 0.0076599223 -0.0525223548 -0.0700094607 0.0185941560
548 0.0033299427 0.0563627598 0.0123766718 0.0093668055 -0.0868556780 0.0426953948 0.0214307459
549 0.0033345341 0.0563261948 0.0127237526 0.0160552349 -0.0038148137 0.1266518143 0.0165965442
550 0.0033392593 0.0562885909 0.0130711055 0.0320954066 0.0420850246 0.1741386151 0.0261444839
551 0.0033441189 0.0562499450 0.0134187383 0.0053407615 0.0658284249 -0.0317392499 0.0021309912
552 0.0033491135 0.0562102539 0.0137666587 0.0430160985 0.0534989471 -0.2003845332 0.0458680842
553 0.0033542440 0.0561695143 0.0141148744 0.0217752671 -0.0756248665 0.1267128513 0.0300480632
554 0.0033595110 0.0561277230 0.0144633932 0.0180826867 0.0014038514 0.1344645528 0.0173949804
555 0.0033649153 0.0560848765 0.0148122227 0.0391977214 0.0482192450 0.1920224616 0.0314653369
556 0.0033704576 0.0560409713 0.0151613709 0.0097281314 -0.0720236824 -0.0673848689 0.0232144372
557 0.0033761388 0.0559960037 0.0155108455 0.0102572080 -0.0999481185 0.0163579211 0.0243192868
558 0.0033819595 0.0559499702 0.0158606544 0.0426209515 -0.1633655812 0.1262245552 0.0602795017
559 0.0033879207 0.0559028668 0.0162108056 0.1551858616 0.2376781518 -0.3141575365 0.1421854957
560 0.0033940233 0.0558546898 0.0165613068 0.0115046706 0.0019531846 -0.1072420423 0.0182326415
561 0.0034002679 0.0558054350 0.0169121661 0.1145316948 0.2066408277 -0.2680135502 0.1039339795
562 0.0034066557 0.0557550986 0.0172633915 0.0003952662 -0.0048219245 -0.0192876980 0.0050055579
563 0.0034131874 0.0557036762 0.0176149910 0.3515398085 0.4675740837 -0.3645741142 0.3157057447
564 0.0034198641 0.0556511636 0.0179669726 0.0923100734 -0.2357249672 0.1916867580 0.1150786134
565 0.0034266867 0.0555975564 0.0183193444 0.0602749569 0.2202215644 -0.1085238197 0.0431902523
566 0.0034336561 0.0555428503 0.0186721145 0.0685255945 0.2488784448 -0.0811487167 0.0473428505
567 0.0034407734 0.0554870405 0.0190252912 0.0839358808 -0.2897122105 -0.0016479995 0.1195899078
568 0.0034480396 0.0554301225 0.0193788826 0.0070747814 -0.0257271035 -0.0800805689 0.0164786778
569 0.0034554557 0.0553720915 0.0197328970 0.5630543127 -0.7402569658 0.1227759636 0.6436434705
570 0.0034630230 0.0553129427 0.0200873426 0.1381849506 -0.3708304086 -0.0258796960 0.1837111245
571 0.0034707423 0.0552526709 0.0204422277 0.5432625000 -0.7115695669 -0.1921750542 0.6332224531
572 0.0034786150 0.0551912713 0.0207975608 0.0142400705 -0.0428785058 -0.1113620411 0.0270838416
573 0.0034866420 0.0551287386 0.0211533502 0.4517945166 -0.6696981719 0.0574358348 0.5266904690
574 0.0034948247 0.0550650675 0.0215096043 0.0212356827 0.1424604022 0.0306711020 0.0077218776
575 0.0035031643 0.0550002527 0.0218663317 0.0691552694 0.2196722312 0.1445661794 0.0421721131
576 0.0035116618 0.0549342886 0.0222235409 0.0029896171 0.0157170324 0.0523697623 0.0024467879
577 0.0035203187 0.0548671697 0.0225812404 0.0884283894 0.2238837855 0.1957152013 0.0585419848
578 0.0035291362 0.0547988902 0.0229394390 0.0582922969 -0.0017090365 -0.2414319285 0.0730853657
579 0.0035381156 0.0547294444 0.0232981452 1.1814591958 -0.9334086123 -0.5569627979 1.3131195811
580 0.0035472583 0.0546588262 0.0236573677 0.0068553251 0.0404065065 -0.0722678304 0.0094047723
581 0.0035565656 0.0545870296 0.0240171154 0.0290640609 0.1339152196 0.1055024873 0.0129328275
582 0.0035660390 0.0545140486 0.0243773971 0.0881036435 -0.1676076540 -0.2449720756 0.1218871892
583 0.0035756798 0.0544398767 0.0247382217 0.1368789918 -0.2138737144 -0.3018890957 0.1786775877
584 0.0035854895 0.0543645077 0.0250995980 0.0552469703 0.0359813227 -0.2322763756 0.0665803333
585 0.0035954696 0.0542879349 0.0254615351 0.0924439713 -0.0035401471 -0.3040253914 0.1119057218
586 0.0036056217 0.0542101518 0.0258240419 0.0065434220 0.0555742058 0.0587786493 0.0010878668
587 0.0036159472 0.0541311517 0.0261871276 0.0200797226 -0.0359813227 -0.1370586261 0.0347694341
588 0.0036264478 0.0540509276 0.0265508013 0.0068505713 0.0787377544 0.0255134739 0.0006105155
589 0.0036371251 0.0539694726 0.0269150722 0.0494794209 0.2172917875 0.0475783563 0.0271011498
590 0.0036479807 0.0538867795 0.0272799496 0.0604049895 0.0169988098 -0.2451857051 0.0755982553
591 0.0036590162 0.0538028412 0.0276454427 0.0706900458 -0.2177495651 -0.1525620289 0.1062154422
592 0.0036702335 0.0537176502 0.0280115611 0.0110706459 0.0807824946 -0.0674153874 0.0098388083
593 0.0036816342 0.0536311990 0.0283783140 0.1804533210 0.0245979186 -0.4240852077 0.2055661698
594 0.0036932202 0.0535434801 0.0287457110 0.3009743517 -0.0505081332 0.5462813196 0.2786698444
595 0.0037049931 0.0534544856 0.0291137617 0.0017896688 -0.0028687399 0.0422070986 0.0033437412
596 0.0037169550 0.0533642077 0.0294824757 0.0457577144 0.1420026246 -0.1599780267 0.0437520509
597 0.0037291077 0.0532726384 0.0298518627 0.0027494320 0.0461439863 0.0249031037 0.0000753079
598 0.0037414531 0.0531797694 0.0302219324 0.0179461475 -0.0420239875 0.1272011475 0.0184687235
599 0.0037539931 0.0530855926 0.0305926947 0.0446882477 0.1603442488 0.1377605518 0.0229893689
600 0.0037667298 0.0529900994 0.0309641596 0.0343824273 0.1411786248 -0.1202124088 0.0306315708
601 0.0037796652 0.0528932813 0.0313363368 0.0074713767 -0.0264900662 -0.0822779015 0.0192099110
602 0.0037928014 0.0527951296 0.0317092366 0.0909918297 0.2145756401 -0.2120120853 0.0855730164
603 0.0038061405 0.0526956354 0.0320828691 0.0070169567 -0.0836817530 0.0037842952 0.0193996013
604 0.0038196846 0.0525947896 0.0324572443 0.0158001561 -0.1209448531 -0.0342417676 0.0345647658
605 0.0038334360 0.0524925832 0.0328323727 0.0105506903 -0.0102237007 -0.1022064882 0.0221688262
606 0.0038473969 0.0523890068 0.0332082644 0.0114974291 -0.0683919797 0.0825830866 0.0170259198
607 0.0038615695 0.0522840510 0.0335849300 0.0103045211 0.1015045625 -0.0011597034 0.0036298483
608 0.0038759563 0.0521777061 0.0339623800 0.0175118946 -0.1254005554 0.0422681356 0.0316030246
609 0.0038905595 0.0520699624 0.0343406250 0.0253215334 0.1525009919 0.0454420606 0.0102096335
610 0.0039053816 0.0519608100 0.0347196755 0.0358817061 0.1893368328 -0.0057679983 0.0205114234
611 0.0039204251 0.0518502387 0.0350995424 0.0017692055 -0.0263985107 0.0327463607 0.0061284042
612 0.0039356925 0.0517382383 0.0354802365 0.0764381824 -0.1907406842 0.2001403851 0.0859089924
613 0.0039511863 0.0516247984 0.0358617687 0.0198348350 0.0544450209 -0.1298867763 0.0274805338
614 0.0039669091 0.0515099085 0.0362441501 0.0101992091 0.0475173193 0.0891140477 0.0028111668
615 0.0039828636 0.0513935577 0.0366273916 0.0105355572 -0.0231025117 -0.1000091556 0.0242192104
616 0.0039990525 0.0512757351 0.0370115046 0.0226017891 0.0132450331 0.1497543260 0.0141572781
617 0.0040154785 0.0511564297 0.0373965003 0.0080606884 -0.0296334727 -0.0847499008 0.0214467516
618 0.0040321445 0.0510356302 0.0377823901 0.0005472646 0.0116885891 0.0202642903 0.0018550735
619 0.0040490534 0.0509133251 0.0381691855 0.0513936245 0.0258186590 0.2252265999 0.0356202186
620 0.0040662080 0.0507895028 0.0385568979 0.0691749886 0.2447889645 0.0961943419 0.0409578661
621 0.0040836113 0.0506641515 0.0389455392 0.0039535361 -0.0304269539 0.0550248726 0.0068343123
622 0.0041012663 0.0505372591 0.0393351210 0.0010566332 0.0152287362 -0.0287179174 0.0058779078
623 0.0041191762 0.0504088136 0.0397256553 0.0017482821 -0.0302743614 0.0288399915 0.0066282724
624 0.0041373440 0.0502788026 0.0401171540 0.0312827966 -0.0796838282 -0.1579027680 0.0561021749
625 0.0041557731 0.0501472133 0.0405096292 0.0045899132 0.0067140721 -0.0674153874 0.0135342470
626 0.0041744665 0.0500140332 0.0409030931 0.0256885043 -0.0432447279 -0.1543321024 0.0468139781
627 0.0041934278 0.0498792492 0.0412975580 0.0098462424 0.0498672445 0.0857875301 0.0019793578
628 0.0042126602 0.0497428482 0.0416930362 0.0001616921 -0.0087282937 0.0092471084 0.0044716127
629 0.0042321673 0.0496048167 0.0420895404 0.0062472833 0.0438856166 0.0657368694 0.0005919054
630 0.0042519524 0.0494651412 0.0424870832 0.0092125272 0.0150761437 -0.0947904904 0.0200277354
631 0.0042720193 0.0493238079 0.0428856773 0.0154937891 0.1081881161 -0.0615558336 0.0143730360
632 0.0042923716 0.0491808028 0.0432853355 0.0173388648 0.0476699118 0.1227454451 0.0063161918
633 0.0043130130 0.0490361116 0.0436860710 0.0015385131 0.0148930326 0.0362865078 0.0012205034
634 0.0043339474 0.0488897200 0.0440878967 0.0067529898 -0.0468153935 0.0675374615 0.0097093508
635 0.0043551784 0.0487416132 0.0444908260 0.0059272064 -0.0100711081 -0.0763267922 0.0180558330
636 0.0043767103 0.0485917763 0.0448948721 0.0392819823 -0.0678426466 0.1862239448 0.0335308816
637 0.0043985468 0.0484401942 0.0453000487 0.0082334686 0.0716574602 -0.0556657613 0.0107331362
638 0.0044206922 0.0482868516 0.0457063693 0.0228237554 -0.0606402783 0.1383709220 0.0204518390
639 0.0044431506 0.0481317328 0.0461138476 0.0346290333 -0.0499282815 -0.1792657247 0.0604117180
640 0.0044659263 0.0479748219 0.0465224977 0.0146357456 0.0737632374 0.0958891568 0.0031021094
641 0.0044890236 0.0478161029 0.0469323334 0.0021964237 -0.0103152562 -0.0457167272 0.0119631033
642 0.0045124469 0.0476555595 0.0473433690 0.0242341963 0.1556138798 0.0043031098 0.0135074628
643 0.0045362008 0.0474931749 0.0477556188 0.0128788557 0.0699179052 -0.0893887143 0.0193114366
644 0.0045602898 0.0473289325 0.0481690973 0.0053901274 0.0523697623 -0.0514542070 0.0099502127
645 0.0045847186 0.0471628150 0.0485838190 0.0043005234 0.0226142155 0.0615558336 0.0007709069
646 0.0046094920 0.0469948051 0.0489997987 0.0129449762 -0.0953703421 -0.0620441298 0.0325985892
647 0.0046346148 0.0468248850 0.0494170513 0.0400287288 -0.0847193823 0.1812494278 0.0346836698
648 0.0046600921 0.0466530370 0.0498355918 0.0001304350 -0.0033265175 0.0109256264 0.0040119413
649 0.0046859288 0.0464792427 0.0502554355 0.0335039764 -0.1524399548 -0.1013214515 0.0625443998
650 0.0047121302 0.0463034837 0.0506765978 0.0021237314 -0.0460829493 0.0003051851 0.0110725322
651 0.0047387014 0.0461257412 0.0510990942 0.0433616300 -0.1716055788 0.1179540391 0.0518765113
652 0.0047656479 0.0459459960 0.0515229404 0.0016983154 0.0283516953 -0.0299081393 0.0069405801
653 0.0047929752 0.0457642289 0.0519481522 0.0180273069 -0.0724509415 0.1130405591 0.0177071087
654 0.0048206887 0.0455804202 0.0523747457 0.0101476582 0.0570696127 0.0830103458 0.0010705415
655 0.0048487942 0.0453945498 0.0528027371 0.0077003545 0.0463270974 0.0745262001 0.0004727785
656 0.0048772975 0.0452065975 0.0532321428 0.0026723734 0.0024414808 0.0516373180 0.0018313987
657 0.0049062045 0.0450165426 0.0536629793 0.0003670836 0.0175481429 0.0076906644 0.0028679667
658 0.0049355212 0.0448243643 0.0540952635 0.0031118523 0.0476393933 0.0290231025 0.0006365376
659 0.0049652537 0.0446300411 0.0545290122 0.0000608694 0.0068056276 -0.0038148137 0.0048346883
660 0.0049954085 0.0444335516 0.0549642425 0.0111529528 0.1054414502 -0.0059205908 0.0074289266
661 0.0050259917 0.0442348738 0.0554009719 0.0088587269 -0.0675679800 0.0655232398 0.0126023384
662 0.0050570101 0.0440339853 0.0558392177 0.0413346308 0.0801721244 0.1868343150 0.0184656806
663 0.0050884702 0.0438308636 0.0562789977 0.0277888040 -0.0557267983 -0.1571092868 0.0554462880
664 0.0051203788 0.0436254856 0.0567203298 0.0123084864 -0.0863368633 -0.0696737571 0.0328656773
665 0.0051527429 0.0434178279 0.0571632320 0.0087760092 -0.0889004181 0.0295419172 0.0182710553
666 0.0051855695 0.0432078669 0.0576077229 0.0089026181 0.0696127201 -0.0636921293 0.0154108704
667 0.0052188659 0.0429955784 0.0580538207 0.0035714079 -0.0242316965 -0.0546281320 0.0172167290
668 0.0052526393 0.0427809378 0.0585015444 0.0175013467 -0.0882290109 -0.0985747856 0.0418365801
669 0.0052868974 0.0425639203 0.0589509129 0.0078609289 -0.0255439924 0.0849024934 0.0053121723
670 0.0053216478 0.0423445006 0.0594019453 0.0309009944 0.0086672567 0.1755729850 0.0146298672
671 0.0053568984 0.0421226531 0.0598546611 0.0282384042 0.1664174322 -0.0233161412 0.0223665745
672 0.0053926570 0.0418983515 0.0603090799 0.0176219073 0.0469985046 0.1241492965 0.0041015848
673 0.0054289318 0.0416715693 0.0607652216 0.0095684278 0.0606402783 -0.0767540513 0.0192713623
674 0.0054657313 0.0414422797 0.0612231063 0.0033396919 0.0023804437 0.0577410199 0.0015379520
675 0.0055030638 0.0412104551 0.0616827545 0.0205642848 0.1362346263 0.0447706534 0.0093156123
676 0.0055409381 0.0409760678 0.0621441866 0.0024379061 -0.0347605823 0.0350657674 0.0064692810
677 0.0055793629 0.0407390895 0.0626074236 0.0106923000 0.1011078219 0.0216681417 0.0053204087
678 0.0056183474 0.0404994914 0.0630724866 0.0250947071 0.1328775903 -0.0862453078 0.0308295169
679 0.0056579007 0.0402572443 0.0635393970 0.0193311608 -0.1389507736 0.0048829615 0.0355560911
680 0.0056980323 0.0400123185 0.0640081764 0.0230731788 -0.1419110691 0.0541703543 0.0331929017
681 0.0057387518 0.0397646839 0.0644788468 0.0406578877 -0.1990112003 0.0324411756 0.0580403352
682 0.0057800690 0.0395143097 0.0649514302 0.0152340013 -0.0631427961 0.1060518204 0.0122277234
683 0.0058219939 0.0392611648 0.0654259493 0.0070037721 0.0817285684 -0.0180059206 0.0087643573
684 0.0058645368 0.0390052175 0.0659024267 0.0036833681 -0.0351573229 0.0494705039 0.0057700905
685 0.0059077082 0.0387464356 0.0663808856 0.0552612157 -0.1588183233 0.1733146153 0.0504666565
686 0.0059515188 0.0384847863 0.0668613491 0.0221942686 -0.0951567125 0.1146275216 0.0201416574
687 0.0059959794 0.0382202363 0.0673438411 0.0057915492 0.0745567186 0.0152592547 0.0040331441
688 0.0060411012 0.0379527519 0.0678283854 0.0249957583 -0.0289315470 0.1554307688 0.0121476870
689 0.0060868957 0.0376822985 0.0683150063 0.0231568912 0.1503341777 0.0235908078 0.0146906998
690 0.0061333745 0.0374088413 0.0688037284 0.0029484511 0.0256050295 0.0478835414 0.0005769842
691 0.0061805494 0.0371323447 0.0692945766 0.0141798987 -0.1087984863 0.0484023560 0.0217322923
692 0.0062284326 0.0368527724 0.0697875761 0.0052163926 -0.0681783502 -0.0238349559 0.0197967152
693 0.0062770366 0.0365700877 0.0702827524 0.3798411581 0.6046021912 0.1195715201 0.3250898532
694 0.0063263741 0.0362842533 0.0707801316 0.0261269968 0.1245460372 0.1030304880 0.0088302280
695 0.0063764580 0.0359952311 0.0712797397 0.6120921573 0.7376323740 0.2607501450 0.5281937148
696 0.0064273016 0.0357029824 0.0717816036 0.0179303671 0.0252388073 -0.1315042573 0.0414346402
697 0.0064789184 0.0354074680 0.0722857500 0.0050220370 0.0354319895 0.0613727226 0.0001190948
698 0.0065313225 0.0351086477 0.0727922064 0.0997076131 -0.3018280587 -0.0927762688 0.1409392641
699 0.0065845278 0.0348064810 0.0733010005 0.4307463150 -0.3862422559 -0.5306253243 0.5420090446
700 0.0066385489 0.0345009264 0.0738121604 0.0048092941 0.0279244362 0.0634784997 0.0001500348
701 0.0066934007 0.0341919418 0.0743257144 0.0398580256 0.1119724113 0.1652882473 0.0143239838
702 0.0067490983 0.0338794845 0.0748416917 0.0335404305 0.1745048372 -0.0555742058 0.0367837961
703 0.0068056571 0.0335635109 0.0753601213 0.1385004582 0.0220648824 0.3715018159 0.0878321217
704 0.0068630932 0.0332439766 0.0758810330 0.0105468968 -0.0333262123 0.0971404157 0.0048835514
705 0.0069214225 0.0329208366 0.0764044570 0.5538993886 0.2132633442 0.7130344554 0.4378211750
706 0.0069806619 0.0325940449 0.0769304237 0.1483678150 -0.0615863521 -0.3802301096 0.2178657003
707 0.0070408281 0.0322635550 0.0774589641 0.3186290575 -0.1019318216 -0.5551927244 0.4182565581
708 0.0071019386 0.0319293193 0.0779901097 0.0131602655 -0.0227973266 -0.1124301889 0.0392548959
709 0.0071640112 0.0315912895 0.0785238924 0.0036832563 0.0392773217 0.0462660604 0.0010996428
710 0.0072270641 0.0312494164 0.0790603444 0.2344152959 -0.1133152257 -0.4707174902 0.3231546031
711 0.0072911157 0.0309036499 0.0795994986 0.0109080215 0.0327158422 -0.0991851558 0.0319672367
712 0.0073561853 0.0305539390 0.0801413882 0.0361610156 0.0885036775 -0.1683095798 0.0650860557
713 0.0074222922 0.0302002320 0.0806860471 0.0139100287 0.0287484359 0.1143833735 0.0011376175
714 0.0074894564 0.0298424760 0.0812335095 0.0055404204 -0.0702841273 0.0245063631 0.0132433058
715 0.0075576984 0.0294806172 0.0817838102 0.0297665435 -0.1506393628 0.0841090121 0.0324486138
716 0.0076270390 0.0291146010 0.0823369845 0.0933627668 -0.2461928159 0.1809747612 0.0855235848
717 0.0076974997 0.0287443717 0.0828930682 0.1294778654 -0.0401318400 -0.3575853755 0.1987651919
718 0.0077691023 0.0283698725 0.0834520978 0.2765593830 -0.2967619861 0.4341563158 0.2287041741
719 0.0078418693 0.0279910457 0.0840141101 0.0143365707 -0.0820947905 -0.0871608631 0.0414197628
720 0.0079158238 0.0276078325 0.0845791426 0.0322304314 0.0715659047 -0.1646473586 0.0640461610
721 0.0079909892 0.0272201731 0.0851472334 0.0064894345 0.0214850307 -0.0776390881 0.0265322783
722 0.0080673896 0.0268280064 0.0857184211 0.2611341061 0.4112979522 -0.3032624287 0.2991232407
723 0.0081450499 0.0264312704 0.0862927450 0.0095857766 0.0461134678 -0.0863673818 0.0301989083
724 0.0082239953 0.0260299018 0.0868702450 0.0120853717 0.0703146458 -0.0845057527 0.0313308712
725 0.0083042516 0.0256238362 0.0874509615 0.0196125277 0.1152073733 0.0796227912 0.0080864904
726 0.0083858457 0.0252130078 0.0880349356 0.0331881968 0.0673848689 -0.1692556536 0.0679769131
727 0.0084688045 0.0247973500 0.0886222091 0.0139921177 0.0202032533 -0.1165501877 0.0421168181
728 0.0085531562 0.0243767945 0.0892128245 0.0268649707 -0.0741904965 -0.1461531419 0.0651126490
729 0.0086389292 0.0239512720 0.0898068247 0.0225722010 -0.0803857540 -0.1269264809 0.0578595408
730 0.0087261530 0.0235207117 0.0904042537 0.0907037344 -0.3011566515 -0.0028992584 0.1141209356
731 0.0088148576 0.0230850416 0.0910051560 0.0144866615 -0.1193578906 0.0155034028 0.0259905037
732 0.0089050738 0.0226441883 0.0916095766 0.0055422478 0.0731223487 -0.0139774773 0.0136966706
733 0.0089968333 0.0221980768 0.0922175617 0.0045859306 -0.0264290292 -0.0623493149 0.0262555148
734 0.0090901685 0.0217466310 0.0928291579 0.0037228698 -0.0413220618 -0.0448927274 0.0229449777
735 0.0091851127 0.0212897730 0.0934444127 0.1047098517 -0.3052156133 -0.1074861904 0.1469788745
736 0.0092817000 0.0208274236 0.0940633743 0.0346415492 -0.1483504746 -0.1123996704 0.0712481501
737 0.0093799653 0.0203595021 0.0946860918 0.0094497207 0.0613422040 -0.0754112369 0.0306126831
738 0.0094799447 0.0198859260 0.0953126152 0.0135786858 -0.0809350871 -0.0838343455 0.0422585102
739 0.0095816749 0.0194066114 0.0959429951 0.0161108420 0.1159092990 0.0517288736 0.0112676573
740 0.0096851937 0.0189214726 0.0965772830 0.0575481322 0.2066713462 0.1217993713 0.0358861688
741 0.0097905400 0.0184304222 0.0972155316 0.0035547483 -0.0455641346 -0.0384533219 0.0225013411
742 0.0098977537 0.0179333713 0.0978577940 0.0016087465 0.0400402844 0.0023499252 0.0096104686
743 0.0100068754 0.0174302290 0.0985041246 0.0185882292 -0.0589007233 -0.1229590747 0.0548723629
744 0.0101179474 0.0169209026 0.0991545786 0.0117308477 0.1012298959 0.0385143590 0.0107852426
745 0.0102310126 0.0164052976 0.0998092121 0.0224656056 -0.1372722556 -0.0601825007 0.0492141385
746 0.0103461153 0.0158833176 0.1004680822 0.0027172184 0.0238959929 0.0463270974 0.0029954492
747 0.0104633010 0.0153548642 0.1011312472 0.0006335662 -0.0016479995 -0.0251167333 0.0162276499
748 0.0105826163 0.0148198371 0.1017987661 0.0527137672 0.0415356914 -0.2258064516 0.1080389155
749 0.0107041093 0.0142781339 0.1024706991 0.0044589399 0.0608233894 -0.0275582141 0.0190739791
750 0.0108278291 0.0137296500 0.1031471076 0.0067496964 -0.0585039827 0.0576799829 0.0072849571
751 0.0109538264 0.0131742788 0.1038280538 0.0611592252 -0.0464796899 0.2428968169 0.0228987169
752 0.0110821532 0.0126119114 0.1045136014 0.0125471347 -0.0030518509 0.1119724113 0.0003009873
753 0.0112128629 0.0120424367 0.1052038149 0.0093057210 0.0358897671 -0.0895413068 0.0384943576
754 0.0113460106 0.0114657412 0.1058987601 0.0008819977 0.0291146580 -0.0058595538 0.0128014050
755 0.0114816527 0.0108817092 0.1065985041 0.0348462804 0.0514236885 -0.1794488357 0.0834667327
756 0.0116198472 0.0102902223 0.1073031152 0.0014960161 0.0386364330 0.0018005921 0.0119342901
757 0.0117606539 0.0096911598 0.1080126628 0.0046751149 0.0132450331 0.0670796838 0.0016881388
758 0.0119041342 0.0090843985 0.1087272178 0.0007034122 0.0049134800 -0.0260628071 0.0181857474
759 0.0120503512 0.0084698123 0.1094468522 0.0022477324 0.0118717002 -0.0458998383 0.0241441671
760 0.0121993699 0.0078472726 0.1101716396 0.0018602292 0.0206915494 0.0378429518 0.0053964145
761 0.0123512571 0.0072166481 0.1109016549 0.0097652571 -0.0595110935 0.0788903470 0.0054773153
762 0.0125060815 0.0065778045 0.1116369743 0.0022985820 -0.0048219245 -0.0477004303 0.0255183623
763 0.0126639140 0.0059306046 0.1123776755 0.0056136110 -0.0517288736 -0.0542008728 0.0310730282
764 0.0128248274 0.0052749083 0.1131238380 0.0032349462 -0.0321665090 0.0469069491 0.0057865361
765 0.0129888965 0.0046105724 0.1138755423 0.0608419825 -0.2433851131 -0.0400708029 0.0852013372
766 0.0131561986 0.0039374505 0.1146328709 0.0067471249 0.0147099216 0.0808130131 0.0012598289
767 0.0133268131 0.0032553931 0.1153959078 0.0697024734 -0.2104861599 0.1593676565 0.0476189661
768 0.0135008218 0.0025642472 0.1161647384 0.0012801121 -0.0061342204 -0.0352488784 0.0230017467
769 0.0136783090 0.0018638564 0.1169394503 0.0027556844 -0.0229499191 0.0472121342 0.0054776221
770 0.0138593614 0.0011540611 0.1177201323 0.0251642793 -0.1293069246 -0.0918912320 0.0609569928
771 0.0140440684 0.0004346976 0.1185068752 0.0064833135 -0.0795312357 -0.0125736259 0.0235766483
772 0.0142325222 -0.0002944010 0.1192997718 0.0204593994 0.0382702109 -0.1378215888 0.0675986234
773 0.0144248177 -0.0010334058 0.1200989166 0.1850892192 -0.2718894009 0.3334147160 0.1188666004
774 0.0146210527 -0.0017824916 0.1209044060 0.0018758997 0.0128788110 0.0413525803 0.0065434468
775 0.0148213279 -0.0025418372 0.1217163383 0.0589080737 -0.0409253212 0.2392345958 0.0152838327
776 0.0150257475 -0.0033116257 0.1225348141 0.0249715676 -0.1510055849 0.0465712455 0.0275839693
777 0.0152344186 -0.0040920442 0.1233599359 0.0369980463 0.1853389080 0.0514542070 0.0410545195
778 0.0154474517 -0.0048832844 0.1241918082 0.0043360555 0.0062257759 0.0655537584 0.0035618321
779 0.0156649608 -0.0056855423 0.1250305380 0.0035524767 -0.0104068117 -0.0586870937 0.0337744586
780 0.0158870636 -0.0064990187 0.1258762344 0.0292821452 -0.1480452895 -0.0858180486 0.0648498163
781 0.0161138815 -0.0073239190 0.1267290088 0.0008309441 -0.0185857723 0.0220343638 0.0110877980
782 0.0163455395 -0.0081604535 0.1275889749 0.0075374823 0.0855739006 -0.0146488845 0.0290177378
783 0.0165821671 -0.0090088377 0.1284562490 0.0486874811 0.1728263192 0.1371807001 0.0331401403
784 0.0168238975 -0.0098692921 0.1293309499 0.0089624108 0.0946684164 -0.0005493332 0.0277970204
785 0.0170708686 -0.0107420425 0.1302131988 0.0008695377 0.0274971770 0.0106509598 0.0157573669
786 0.0173232226 -0.0116273204 0.1311031198 0.0005555958 0.0104068117 0.0211493271 0.0125753395
787 0.0175811063 -0.0125253628 0.1320008395 0.0201535642 0.0502945036 0.1327555162 0.0039469052
788 0.0178446716 -0.0134364126 0.1329064875 0.0531303276 -0.2070070498 -0.1013824885 0.0923609158
789 0.0181140751 -0.0143607185 0.1338201961 0.0245248901 -0.0490737632 0.1487166967 0.0014269012
790 0.0183894789 -0.0152985356 0.1347421007 0.0044212255 0.0101931822 0.0657063509 0.0054157624
791 0.0186710504 -0.0162501253 0.1356723398 0.0124587654 -0.0950956755 0.0584429456 0.0121810001
792 0.0189589626 -0.0172157556 0.1366110549 0.0572055028 -0.0538346507 0.2330393384 0.0106393573
793 0.0192533944 -0.0181957011 0.1375583907 0.0004540260 0.0046998505 -0.0207831050 0.0255962355
794 0.0195545309 -0.0191902436 0.1385144955 0.0035659696 -0.0330820643 -0.0497146519 0.0356231946
795 0.0198625634 -0.0201996719 0.1394795207 0.0241453856 0.1293374432 0.0861232337 0.0252082421
796 0.0201776900 -0.0212242823 0.1404536215 0.1276523496 -0.3103732414 0.1769768365 0.0849410657
797 0.0205001152 -0.0222643788 0.1414369565 0.0215157960 0.0729392376 -0.1272621845 0.0812629570
798 0.0208300512 -0.0233202731 0.1424296883 0.0190448883 0.0873439741 -0.1068453017 0.0743845962
799 0.0211677174 -0.0243922853 0.1434319831 0.0100273845 0.0945463424 -0.0329905087 0.0452712928
800 0.0215133407 -0.0254807437 0.1444440113 0.0182594775 0.1253700369 -0.0504165777 0.0607266071
801 0.0218671564 -0.0265859853 0.1454659472 0.0359729132 0.1080355235 -0.1558885464 0.1089374815
802 0.0222294081 -0.0277083562 0.1464979696 0.0015962549 -0.0082399976 0.0390942106 0.0119145844
803 0.0226003480 -0.0288482116 0.1475402613 0.0530473231 -0.1709646901 -0.1543321024 0.1113240174
804 0.0229802376 -0.0300059163 0.1485930099 0.0122768745 -0.0020447401 0.1107821894 0.0022114855
805 0.0233693478 -0.0311818450 0.1496564075 0.0039242191 -0.0624408704 0.0050355541 0.0218923179
806 0.0237679593 -0.0323763825 0.1507306511 0.0014248950 0.0282601398 -0.0250251778 0.0345668992
807 0.0241763634 -0.0335899242 0.1518159424 0.0031946016 -0.0002441481 -0.0565202795 0.0445159221
808 0.0245948618 -0.0348228765 0.1529124884 0.0129421597 -0.0393993957 -0.1067232276 0.0674316496
809 0.0250237678 -0.0360756568 0.1540205013 0.0495217204 -0.2181768242 -0.0438245796 0.0723035112
810 0.0254634063 -0.0373486944 0.1551401989 0.0027960793 -0.0341807306 -0.0403454695 0.0382246825
811 0.0259141142 -0.0386424305 0.1562718042 0.0247997467 0.0650044252 0.1434369945 0.0109074030
812 0.0263762416 -0.0399573188 0.1574155465 0.0019198058 -0.0053407392 -0.0434888760 0.0415608946
813 0.0268501517 -0.0412938259 0.1585716608 0.0223481260 0.1131321146 -0.0977202673 0.0895329235
814 0.0273362216 -0.0426524318 0.1597403882 0.0017984424 0.0159916990 -0.0392773217 0.0430471829
815 0.0278348431 -0.0440336302 0.1609219766 0.0008497468 0.0153508103 0.0247810297 0.0220608692
816 0.0283464234 -0.0454379293 0.1621166801 0.0166681794 0.1098055971 0.0679036836 0.0329766412
817 0.0288713853 -0.0468658518 0.1633247600 0.3022498227 -0.3588366344 -0.4165166173 0.4335417921
818 0.0294101685 -0.0483179360 0.1645464843 0.0819727835 0.2174443800 0.1862544633 0.0711008450
819 0.0299632300 -0.0497947362 0.1657821288 0.0265659308 -0.0791344951 -0.1424909207 0.0958930945
820 0.0305310452 -0.0512968228 0.1670319765 0.0402341175 0.0693685720 0.1882076479 0.0150085466
821 0.0311141086 -0.0528247837 0.1682963185 0.0328391363 -0.1134983367 0.1412701804 0.0044116922
822 0.0317129346 -0.0543792243 0.1695754538 0.0009017485 -0.0192571795 0.0230414747 0.0227057651
823 0.0323280586 -0.0559607685 0.1708696902 0.0999218005 0.2059389019 -0.2398144475 0.2372528983
824 0.0329600382 -0.0575700591 0.1721793439 0.0994325069 0.1655934324 0.2683492538 0.0590505955
825 0.0336094536 -0.0592077589 0.1735047403 0.1255476994 0.0728782006 0.3467513047 0.0474610728
826 0.0342769096 -0.0608745512 0.1748462142 0.1739457068 -0.0753807184 -0.4101992859 0.3424886660
827 0.0349630360 -0.0625711405 0.1762041100 0.0342787723 -0.0306405835 -0.1825922422 0.1297543828
828 0.0356684894 -0.0642982535 0.1775787825 0.0796548540 0.2802209540 0.0336313974 0.1394143340
829 0.0363939542 -0.0660566402 0.1789705966 0.1619360386 0.0624713889 0.3975341044 0.0642894612
830 0.0371401440 -0.0678470741 0.1803799284 0.0048690076 0.0525833918 -0.0458693197 0.0656922194
831 0.0379078035 -0.0696703538 0.1818071650 0.0108558977 0.0836817530 -0.0620746483 0.0829952075
832 0.0386977093 -0.0715273038 0.1832527055 0.0191331728 0.0779137547 -0.1142918180 0.1108653734
833 0.0395106723 -0.0734187753 0.1847169611 0.0333217939 -0.1309854427 0.1271401105 0.0066290149
834 0.0403475390 -0.0753456477 0.1862003555 0.3779433374 0.3259376812 -0.5212561419 0.6615230056
835 0.0412091935 -0.0773088293 0.1877033256 0.0035469499 0.0313119907 -0.0506607257 0.0686159035
836 0.0420965596 -0.0793092588 0.1892263223 0.2641804824 0.2576982940 -0.4447157201 0.5154566037
837 0.0430106024 -0.0813479066 0.1907698103 0.0571578469 -0.0361033967 -0.2363353374 0.1844658728
838 0.0439523312 -0.0834257757 0.1923342693 0.2338508064 0.3758354442 -0.3043000580 0.4575665231
839 0.0449228012 -0.0855439036 0.1939201944 0.0696775050 0.2429883724 -0.1031220435 0.1961675475
840 0.0459231166 -0.0877033634 0.1955280967 0.0642861035 -0.2492446669 -0.0465102084 0.0846781339
841 0.0469544325 -0.0899052654 0.1971585042 0.0530442523 0.0193487350 0.2294991913 0.0129823566
842 0.0480179585 -0.0921507588 0.1988119619 0.1104033173 0.3011566515 -0.1403851436 0.2697453954
843 0.0491149612 -0.0944410333 0.2004890333 0.0220390077 0.0852687155 0.1215247047 0.0385309590
844 0.0502467675 -0.0967773208 0.2021903007 0.0736547820 -0.2456129643 0.1154515213 0.0296756646
845 0.0514147680 -0.0991608975 0.2039163661 0.0361573878 -0.0143131809 0.1896114994 0.0074037642
846 0.0526204204 -0.1015930857 0.2056678521 0.0337941010 -0.1838129826 0.0026245918 0.0479866770
847 0.0538652540 -0.1040752557 0.2074454027 0.0091343174 -0.0878933073 -0.0375377667 0.0602786087
848 0.0551508728 -0.1066088285 0.2092496846 0.0388893100 -0.1968749046 0.0113834040 0.0472990295
849 0.0564789608 -0.1091952775 0.2110813875 0.0128634153 0.1077303385 -0.0354625080 0.1078406153
850 0.0578512860 -0.1118361312 0.2129412260 0.0355376182 -0.1836298715 -0.0426343577 0.0704732202
851 0.0592697057 -0.1145329759 0.2148299400 0.0008320962 -0.0280465102 -0.0067445906 0.0565751814
852 0.0607361718 -0.1172874583 0.2167482963 0.0226392855 0.1340372936 0.0683614612 0.0851827837
853 0.0622527364 -0.1201012881 0.2186970897 0.0146738995 -0.0251167333 -0.1185033723 0.1227262172
854 0.0638215579 -0.1229762414 0.2206771442 0.0023589279 -0.0011597034 0.0485549486 0.0444653192
855 0.0654449075 -0.1259141637 0.2226893147 0.0028230501 0.0185857723 0.0497756890 0.0507793535
856 0.0671251762 -0.1289169733 0.2247344882 0.0427317195 0.1530503250 0.1389507736 0.0868644030
857 0.0688648821 -0.1319866649 0.2268135851 0.0192492702 -0.1196935942 0.0701620533 0.0246908220
858 0.0706666788 -0.1351253134 0.2289275616 0.0296242968 0.1511276589 0.0823694571 0.1034200421
859 0.0725333635 -0.1383350778 0.2310774107 0.0469025213 0.2159184545 0.0167851802 0.1714167252
860 0.0744678865 -0.1416182056 0.2332641644 0.0290516623 0.1660512101 0.0384533219 0.1326117337
861 0.0764733613 -0.1449770374 0.2354888955 0.0058995286 0.0695211646 0.0326548051 0.0871511469
862 0.0785530745 -0.1484140113 0.2377527198 0.0009025309 0.0267036958 0.0137638478 0.0808372261
863 0.0807104982 -0.1519316685 0.2400567982 0.0068895496 0.0566118351 -0.0607013153 0.1339458357
864 0.0829493017 -0.1555326582 0.2424023390 0.0059666299 0.0383007294 0.0670796838 0.0683094156
865 0.0852733650 -0.1592197439 0.2447906007 0.0059419716 0.0464796899 0.0614947966 0.0759096089
866 0.0876867931 -0.1629958090 0.2472228940 0.0050789545 0.0144047365 -0.0697958312 0.1319718256
867 0.0901939313 -0.1668638637 0.2497005853 0.0181754940 -0.0097354045 -0.1344645528 0.1722722060
868 0.0927993823 -0.1708270519 0.2522250991 0.0515629623 0.0425122837 -0.2230597858 0.2714093939
869 0.0955080238 -0.1748886584 0.2547979218 0.0750859322 0.0623798334 0.2668233283 0.0564409476
870 0.0983250282 -0.1790521168 0.2574206045 0.0012032351 0.0023499252 0.0346079897 0.0825521621
871 0.1012558836 -0.1833210185 0.2600947669 0.0024794103 -0.0021973327 -0.0497451704 0.1288065763
872 0.1043064169 -0.1876991208 0.2628221014 0.0034639165 -0.0585345012 -0.0061342204 0.0890210020
873 0.1074828184 -0.1921903574 0.2656043767 0.0209908454 -0.0017700735 0.1448713645 0.0508363448
874 0.1107916687 -0.1967988483 0.2684434428 0.0037061841 -0.0442213202 0.0418408765 0.0746286251
875 0.1142399679 -0.2015289108 0.2713412352 0.0088208831 -0.0934781945 0.0090945158 0.0804482991
876 0.1178351675 -0.2063850716 0.2742997807 0.0079318777 0.0042115543 0.0889614551 0.0787012338
877 0.1215852049 -0.2113720793 0.2773212020 0.0140247011 -0.0963774529 -0.0688192389 0.1330369689
878 0.1254985412 -0.2164949180 0.2804077240 0.0029748454 0.0117801447 0.0532547990 0.1037079556
879 0.1295842019 -0.2217588224 0.2835616803 0.0072013260 -0.0775780511 0.0343943602 0.0828724482
880 0.1338518218 -0.2271692929 0.2867855195 0.0100371873 0.0954924162 -0.0303048799 0.2046568999
881 0.1383116944 -0.2327321129 0.2900818127 0.0202091051 0.1115146336 -0.0881679739 0.2615787235
882 0.1429748249 -0.2384533674 0.2934532611 0.0171838059 -0.1223487045 0.0470595416 0.0741901577
883 0.1478529888 -0.2443394618 0.2969027049 0.0018407969 -0.0231330302 0.0361339152 0.1169326471
884 0.1529587966 -0.2503971443 0.3004331318 0.0178336806 -0.0305185095 -0.1300088504 0.2336269141
885 0.1583057638 -0.2566335278 0.3040476874 0.0445631318 0.2103640858 0.0176091800 0.3001337896
886 0.1639083886 -0.2630561153 0.3077496853 0.0029100624 -0.0451368755 -0.0295419172 0.1612544202
887 0.1697822370 -0.2696728269 0.3115426190 0.0276674472 -0.1037934507 0.1299783319 0.0604815578
888 0.1759440365 -0.2764920286 0.3154301739 0.0593521536 -0.1791436506 -0.1651051363 0.2403908910
889 0.1824117795 -0.2835225638 0.3194162414 0.0170332727 -0.1277504807 -0.0267036958 0.1440639528
890 0.1892048376 -0.2907737881 0.3235049331 0.0268967791 0.1316873684 0.0977507859 0.2294383638
891 0.1963440878 -0.2982556063 0.3277005968 0.0385515154 0.1146885586 -0.1593676565 0.4077583667
892 0.2038520522 -0.3059785129 0.3320078340 0.1102661186 0.0648823511 -0.3256630146 0.5700687257
893 0.2117530528 -0.3139536367 0.3364315187 0.0062978321 -0.0792565691 -0.0040284433 0.1709956993
894 0.2200733836 -0.3221927888 0.3409768180 0.0100726710 0.1003448592 0.0018921476 0.2935164776
895 0.2288415017 -0.3307085154 0.3456492147 0.1689045719 0.3392132328 0.2320322275 0.4617039685
896 0.2380882407 -0.3395141558 0.3504545316 0.0007749086 -0.0273140660 -0.0053712577 0.2240808884
897 0.2478470476 -0.3486239053 0.3553989592 0.0113659928 0.1064790796 -0.0053102206 0.3372298393
898 0.2581542484 -0.3580528850 0.3604890844 0.0135779342 0.0455030976 0.1072725608 0.2269760389
899 0.2690493455 -0.3678172174 0.3657319237 0.0055007501 0.0284737693 0.0684835353 0.2454031507
900 0.2805753499 -0.3779341111 0.3711349588 0.0155275637 -0.1199682608 -0.0336924345 0.2304315983
901 0.2927791558 -0.3884219524 0.3767061756 0.0805101183 -0.1947386090 0.2063661611 0.0665289581
902 0.3057119606 -0.3993004080 0.3824541081 0.0046820267 -0.0021362957 0.0683919797 0.2563743526
903 0.3194297399 -0.4105905374 0.3883878867 0.0136551931 -0.1079134495 0.0448316904 0.2096442795
904 0.3339937826 -0.4223149181 0.3945172905 0.0342153649 0.0854823450 0.1640369884 0.3109792301
905 0.3494712975 -0.4344977838 0.4008528076 0.0083981001 0.0885036775 0.0237739189 0.4157190168
906 0.3659361012 -0.4471651789 0.4074056995 0.0518789067 0.0819116794 -0.2125309000 0.6642437094
907 0.3834694000 -0.4603451298 0.4141880750 0.0653083790 0.0498367260 -0.2506485183 0.7022932218
908 0.4021606805 -0.4740678361 0.4212129715 0.0695666150 -0.1214331492 0.2341380047 0.1593482656
909 0.4221087275 -0.4883658849 0.4284944457 0.0060769722 0.0753807184 0.0198675497 0.4847861729
910 0.4434227886 -0.5032744902 0.4360476764 0.0152406048 -0.0327768792 -0.1190221870 0.5294705552
911 0.4662239116 -0.5188317624 0.4438890784 0.0407942584 0.1659596545 0.1151158177 0.5770311417
912 0.4906464838 -0.5350790109 0.4520364320 0.0073755787 -0.0481582080 -0.0711081271 0.5107720981
913 0.5168400074 -0.5520610860 0.4605090279 0.0005243778 0.0209356975 -0.0092776269 0.5490248149
914 0.5449711562 -0.5698267649 0.4693278324 0.0012902846 -0.0112308115 -0.0341196936 0.5654888506
915 0.5752261614 -0.5884291904 0.4785156730 0.0041416515 -0.0467848750 -0.0441908017 0.5666006231
916 0.6078135912 -0.6079263684 0.4880974512 0.0042875092 0.0649739067 -0.0081179235 0.6990244782
917 0.6429675978 -0.6283817358 0.4981003833 0.0350685075 -0.0770287179 0.1706900235 0.4111876941
918 0.6809517241 -0.6498648099 0.5085542773 0.0035759847 -0.0451979125 0.0391552477 0.5859575058
919 0.7220633825 -0.6724519321 0.5194918494 0.0266135280 -0.1062959685 -0.1237525559 0.7342959401
920 0.7666391437 -0.6962271250 0.5309490881 0.0038988753 -0.0591753899 -0.0199285867 0.7093011258
921 0.8150610071 -0.7212830806 0.5429656754 0.0304026403 -0.1705069124 -0.0364696188 0.6390996477
922 0.8677638660 -0.7477223062 0.5555854738 0.0278768008 -0.1526535844 0.0676290170 0.5922082875
923 0.9252444316 -0.7756584555 0.5688570928 0.0161071453 0.0280159917 0.1237830744 0.8439834989
924 0.9880719528 -0.8052178833 0.5828345504 0.0880227243 0.2732627338 -0.1155430769 1.6508517519
925 1.0569011509 -0.8365414678 0.5975780481 0.0144300048 -0.1120944853 -0.0431836909 0.9353990366
926 1.1324879096 -0.8697867548 0.6131548833 0.0044930880 -0.0619220557 0.0256660665 0.9977884818
927 1.2157084066 -0.9051304945 0.6296405280 0.0048763012 -0.0688192389 0.0118411817 1.0810925486
928 1.3075825733 -0.9427716550 0.6471199114 0.0116635676 0.0751976073 0.0775170141 1.3607088798
929 1.4093030360 -0.9829350221 0.6656889502 0.0167749071 -0.1200598163 0.0485854671 1.1253703296
930 1.5222710447 -1.0258755213 0.6854563877 0.0176733865 0.1246986297 0.0460829493 1.7326192708
931 1.6481413789 -1.0718834396 0.7065460146 0.0328020003 -0.0091250343 0.1808832057 1.4057768167
932 1.7888788777 -1.1212907696 0.7290993675 0.0173915455 0.0013122959 -0.1318704794 2.0015067200
933 1.9468301522 -1.1744789716 0.7532790302 0.1755372927 0.2034058657 0.3662831507 2.0483324355
934 2.1248153056 -1.2318885353 0.7792727008 0.0091654935 -0.0844447157 -0.0451063570 1.9962281501
935 2.3262462827 -1.2940308480 0.8072982393 0.0053282028 0.0700094607 -0.0206610309 2.5461225170
936 2.5552810309 -1.3615030462 0.8376099845 0.0050270440 -0.0708944975 -0.0010071108 2.3689490585
937 2.8170263732 -1.4350067632 0.8705067275 0.0210317814 0.1004974517 0.1045564135 2.9444530777
938 3.1178079485 -1.5153720197 0.9063418728 0.0313980157 -0.1345255898 -0.1153294473 2.9505491494
939 3.4655337261 -1.6035879819 0.9455365199 0.1003289335 -0.1609546190 -0.2728049562 3.5655469722
940 3.8701899651 -1.7008430071 0.9885964952 0.0121096136 0.0585039827 -0.0932035279 4.2655931204
941 4.3445276080 -1.8085774211 1.0361347981 0.0373025002 -0.1192968535 -0.1518906217 4.2650732340
942 4.9050272427 -1.9285540137 1.0889015837 0.0913576671 0.0366222114 0.3000274667 4.4842399681
943 5.5732793600 -2.0629536042 1.1478248067 0.0671901305 -0.0578936125 0.2526627400 4.8215806962
944 6.3779968840 -2.2145067333 1.2140662305 0.0518291906 -0.0860011597 0.2107913450 5.5370964730
945 7.3580130844 -2.3866784853 1.2891000318 0.0334094562 -0.1181066317 -0.1395001068 7.1873166114
946 8.5668559360 -2.5839332503 1.3748254049 0.0808946662 -0.1380046999 0.2486953337 7.2507354112
947 10.0799201906 -2.8121229004 1.4737316525 0.1761729927 -0.1029694510 0.4069032868 8.4776351744
948 12.0060664019 -3.0790711466 1.5891467132 0.0514341097 0.0933866390 -0.2066713462 13.2894509038
949 14.5070612698 -3.3954803889 1.7256228436 0.0888687084 0.0014954070 0.2981048006 13.5772523209
950 17.8315439705 -3.7763897312 1.8895567121 0.1309960269 -0.1663869137 0.3214209418 15.4911701370
951 22.3773591290 -4.2436190312 2.0902288504 0.0176354095 -0.0072023682 0.1326029237 21.7795254112
952 28.8128883704 -4.8300757920 2.3416353716 0.2049771856 0.3091525010 -0.3307596057 33.5533623626
953 38.3308835915 -5.5878224391 2.6659189748 0.0836975967 0.0247199927 -0.2882473220 40.2277310580
954 53.2298197467 -6.6043867265 3.1003057452 0.0048059923 -0.0668965728 -0.0181890316 52.4637871832
955 78.4113610219 -8.0391588518 3.7125848108 0.0169667945 0.1278420362 0.0249641408 80.2984497107
956 125.9054559110 -10.2161890612 4.6405750696 0.0823129475 0.0661030915 -0.2791833247 129.9295545724
957 232.1261407283 -13.9108521175 6.2140432968 0.0495791372 0.1690115055 -0.1449629200 238.6795197059
958 554.2626957512 -21.5553081440 9.4673854136 0.0916413457 0.1929990539 0.2332224494 558.2586316233
959 2591.7094158956 -46.7384188226 20.1799311659 0.0299765528 -0.1564073611 -0.0742515336 2580.1157086239
960 122053.3193000333 321.6029082175 -136.4730329627 0.0705499169 0.2099063082 -0.1627552110 121873.9534970640
961 1595.0001535131 36.8612281567 -15.3704265489 0.0511983412 0.1705069124 -0.1487472152 1577.9085471599
962 454.8885953820 19.7363249988 -8.0849286283 0.7162643432 0.7623828852 -0.3674733726 419.5695949523
963 213.7199204403 13.5625312778 -5.4568915858 0.0045238672 -0.0666829432 0.0087893307 215.6291481632
964 124.5922469616 10.3812226065 -4.1015197374 0.9470210849 0.9729300821 -0.0206915494 105.1691269242
965 81.9839557718 8.4417507435 -3.2742632998 0.0312379088 0.0683309427 -0.1629993591 79.7941224687
966 58.3049490929 7.1361889327 -2.7165707444 0.2405290791 -0.4902188177 -0.0146488845 65.4624769127
967 43.7713609438 6.1977596181 -2.3149809200 0.0259649815 -0.0451979125 -0.1546678060 43.6414714798
968 34.1984146315 5.4909739843 -2.0118696120 0.0452315372 0.0458388012 -0.2076784570 32.9046028852
969 27.5509421868 4.9397165853 -1.7748640072 0.0255694815 -0.1446272164 -0.0682088687 28.7632236555
970 22.7416581313 4.4979338674 -1.5843765512 0.0067558873 0.0497451704 -0.0654316843 22.0935761922
971 19.1463305207 4.1361268683 -1.4278603049 0.0654999591 -0.1790520951 -0.1828669088 20.1707780422
972 16.3855578313 3.8345262885 -1.2969063089 0.1341174565 0.1776787622 -0.3202307199 14.3264290369
973 14.2178175665 3.5793868187 -1.1856675625 0.0018993080 0.0387890255 0.0198675497 13.9891476394
974 12.4833438988 3.3608552242 -1.0899523204 0.1136912739 0.3091830195 0.1345255898 10.8120493974
975 11.0729778657 3.1716839815 -1.0066770023 0.1159596009 -0.1798455763 -0.2891628773 11.7475768970
976 9.9100466067 3.0064234735 -0.9335226321 0.1845283229 -0.2569048128 -0.3442793054 10.9965192021
977 8.9393924647 2.8608971621 -0.8687116279 0.1720801911 0.3288369396 0.2528763695 7.6692886064
978 8.1204984453 2.7318504696 -0.8108584690 0.0711713109 0.1989196448 0.1777703177 7.3931254416
979 7.4230496028 2.6167097981 -0.7588672053 0.0034663343 0.0384838404 -0.0445570238 7.1574881241
980 6.8239908124 2.5134133842 -0.7118595174 0.0451671118 0.1617786187 -0.1378215888 5.8597056136
981 6.3055304666 2.4202901894 -0.6691232067 0.0160975270 0.1000396741 -0.0780358287 5.7329467423
982 5.8537575224 2.3359716299 -0.6300746516 0.0125041646 0.0959807123 0.0573747978 5.4901460566
983 5.4576653961 2.2593262074 -0.5942310027 0.0928407175 0.0075075533 -0.3046052431 5.1545703316
984 5.1084513038 2.1894103958 -0.5611892932 0.0132376259 -0.1145664846 0.0105899228 5.6352409369
985 4.7990055661 2.1254312564 -0.5306105354 0.0211828241 0.0706198309 -0.1272621845 4.3849398865
986 4.5235341448 2.0667176397 -0.5022074695 0.0125193731 0.0464796899 -0.1017792291 4.2417041495
987 4.2772760699 2.0126977564 -0.4757350220 0.0318799338 -0.0382091739 0.1744132817 4.6289120534
988 4.0562894043 1.9628815349 -0.4509827980 0.0204023030 -0.0709555345 -0.1239661855 4.2434330900
989 3.8572873606 1.9168466137 -0.4277691202 0.0252881295 -0.0059816279 -0.1589098788 3.7695537382
990 3.6775115562 1.8742271243 -0.4059362546 0.0062380999 -0.0169072542 0.0771507920 3.8097623322
991 3.5146330764 1.8347046380 -0.3853465552 0.0042347997 0.0289315470 -0.0582903531 3.3677822156
992 3.3666745759 1.7980008043 -0.3658793291 0.0025779362 0.0133671072 -0.0489822077 3.2853412187
993 3.2319484490 1.7638713239 -0.3474282682 0.1311963712 0.1975463118 -0.3035981323 2.4552951244
994 3.1090073840 1.7321009828 -0.3298993320 0.0027789205 0.0523392438 0.0062868130 2.9346206242
995 2.9966045425 1.7024995360 -0.3132089915 0.0046015033 0.0471816156 0.0487380596 2.8710830853
996 2.8936612774 1.6748982762 -0.2972827641 0.0034384414 0.0431226539 0.0397350993 2.7762727218
997 2.7992408013 1.6491471587 -0.2820539843 0.0082408824 0.0907620472 -0.0017700735 2.5071232266
998 2.7125265818 1.6251123806 -0.2674627680 0.0118058023 0.1000701926 -0.0423291726 2.3764388109
999 2.6328045193 1.6026743321 -0.2534551335 0.0116933168 0.0485549486 0.0966216010 2.5378407782
1000 2.5594481692 1.5817258570 -0.2399822545 0.0250780811 -0.0863368633 -0.1327555162 2.7939308123
1001 2.4919064282 1.5621707684 -0.2269998206 0.0114490169 -0.0492263558 -0.0950041200 2.6140235568
1002 2.4296932286 1.5439225775 -0.2144674879 0.0306449731 0.1749931333 0.0047303690 1.9220155235
1003 2.3723788761 1.5269034019 -0.2023484059 0.1349247827 0.3469344157 -0.1206701865 1.3989981398
1004 2.3195827389 1.5110430245 -0.1906088064 0.0833714090 -0.1021759697 -0.2700582904 2.6087877437
1005 2.2709670566 1.4962780796 -0.1792176477 0.0008687348 0.0095217750 -0.0278939177 2.2333431805
1006 2.2262316778 1.4825513478 -0.1681463026 0.0067900065 0.0232856227 -0.0790429395 2.1373958656
1007 2.1851095739 1.4698111432 -0.1573682856 0.0552838231 0.1921750542 -0.1354716636 1.6328334380
1008 2.1473630038 1.4580107798 -0.1468590131 0.0060289028 -0.0425122837 -0.0649739067 2.2582746348
1009 2.1127802271 1.4471081064 -0.1365955910 0.0020711960 -0.0184636982 0.0415967284 2.1796532173
1010 2.0811726816 1.4370651001 -0.1265566267 0.0259580744 0.1609851375 0.0064699240 1.6460761341
1011 2.0523725548 1.4278475111 -0.1167220616 0.0071318675 -0.0844141972 0.0024719993 2.3011426987
1012 2.0262306930 1.4194245528 -0.1070730213 0.0760376678 0.1428266243 0.2358775597 1.7473173720
1013 2.0026147998 1.4117686296 -0.0975916809 0.1123660858 0.3348185675 0.0162053285 1.1727711958
1014 1.9814078831 1.4048551006 -0.0882611435 0.0013163195 -0.0252082888 0.0260933256 2.0581582423
1015 1.9625069196 1.3986620726 -0.0790653299 0.0518133310 0.1317178869 -0.1856440931 1.6165066024
1016 1.9458217074 1.3931702209 -0.0699888779 0.1775535354 0.0308542131 -0.4202398755 1.9785806664
1017 1.9312738847 1.3883626343 -0.0610170502 0.0356556156 0.0283822138 -0.1866817225 1.8653383540
1018 1.9187960946 1.3842246814 -0.0521356487 0.0550952215 -0.0165715506 -0.2341380047 1.9953549414
1019 1.9083312806 1.3807438976 -0.0433309351 0.1859059849 0.1302529984 -0.4110232856 1.6989251535
1020 1.8998321007 1.3779098894 -0.0345895570 0.5349413514 0.3464766381 -0.6441236610 1.4353863757
1021 1.8932604463 1.3757142564 -0.0258984774 0.2358277747 -0.0754722739 -0.4797204505 2.3118967289
1022 1.8885870613 1.3741505283 -0.0172449074 0.0106011245 -0.0145268105 -0.1019318216 1.9355966248
1023 1.8857912515 1.3732141173 -0.0086162425 0.2224434873 -0.1592150639 -0.4439527573 2.5378570766
