#int double real img int16 real16 img16 error
0 0.0000000750 0.0002739300 0.0000000000 0.0000000754 0.0002746666 0.0000000000 0.0000000000
1 0.0000000751 0.0002739922 0.0000017192 0.0000001509 0.0002746666 -0.0002746666 0.0000000764
2 0.0000000752 0.0002741791 0.0000034408 0.0000000382 0.0001220740 -0.0001525925 0.0000000475
3 0.0000000754 0.0002744911 0.0000051674 0.0000001192 0.0002441481 -0.0002441481 0.0000000631
4 0.0000000756 0.0002749292 0.0000069015 0.0000000633 0.0002441481 -0.0000610370 0.0000000056
5 0.0000000760 0.0002754946 0.0000086457 0.0000000838 0.0002746666 -0.0000915555 0.0000000100
6 0.0000000764 0.0002761891 0.0000104024 0.0000000633 0.0002441481 -0.0000610370 0.0000000061
7 0.0000000769 0.0002770148 0.0000121745 0.0000000792 0.0002746666 -0.0000610370 0.0000000054
8 0.0000000775 0.0002779740 0.0000139646 0.0000000605 0.0002441481 -0.0000305185 0.0000000031
9 0.0000000781 0.0002790698 0.0000157756 0.0000000605 0.0002441481 -0.0000305185 0.0000000034
10 0.0000000789 0.0002803054 0.0000176104 0.0000000633 0.0002441481 -0.0000610370 0.0000000075
11 0.0000000797 0.0002816849 0.0000194721 0.0000000792 0.0002746666 -0.0000610370 0.0000000065
12 0.0000000807 0.0002832124 0.0000213639 0.0000000764 0.0002746666 -0.0000305185 0.0000000028
13 0.0000000817 0.0002848930 0.0000232891 0.0000000764 0.0002746666 -0.0000305185 0.0000000030
14 0.0000000829 0.0002867322 0.0000252514 0.0000000764 0.0002746666 -0.0000305185 0.0000000033
15 0.0000000841 0.0002887360 0.0000272544 0.0000000792 0.0002746666 -0.0000610370 0.0000000080
16 0.0000000855 0.0002909114 0.0000293022 0.0000000754 0.0002746666 0.0000000000 0.0000000011
17 0.0000000870 0.0002932659 0.0000313991 0.0000000754 0.0002746666 0.0000000000 0.0000000013
18 0.0000000886 0.0002958079 0.0000335496 0.0000000754 0.0002746666 0.0000000000 0.0000000016
19 0.0000000904 0.0002985467 0.0000357586 0.0000000931 0.0003051851 0.0000000000 0.0000000013
20 0.0000000923 0.0003014927 0.0000380315 0.0000000754 0.0002746666 0.0000000000 0.0000000022
21 0.0000000944 0.0003046573 0.0000403738 0.0000000941 0.0003051851 0.0000305185 0.0000000001
22 0.0000000967 0.0003080531 0.0000427919 0.0000000764 0.0002746666 0.0000305185 0.0000000013
23 0.0000000992 0.0003116940 0.0000452924 0.0000000764 0.0002746666 0.0000305185 0.0000000016
24 0.0000001019 0.0003155958 0.0000478828 0.0000000941 0.0003051851 0.0000305185 0.0000000004
25 0.0000001048 0.0003197756 0.0000505709 0.0000000941 0.0003051851 0.0000305185 0.0000000006
26 0.0000001080 0.0003242525 0.0000533658 0.0000000931 0.0003051851 0.0000000000 0.0000000032
27 0.0000001114 0.0003290481 0.0000562772 0.0000000941 0.0003051851 0.0000305185 0.0000000012
28 0.0000001152 0.0003341861 0.0000593157 0.0000000941 0.0003051851 0.0000305185 0.0000000017
29 0.0000001193 0.0003396933 0.0000624934 0.0000000941 0.0003051851 0.0000305185 0.0000000022
30 0.0000001238 0.0003455996 0.0000658236 0.0000001136 0.0003357036 0.0000305185 0.0000000013
31 0.0000001287 0.0003519386 0.0000693211 0.0000001164 0.0003357036 0.0000610370 0.0000000003
32 0.0000001340 0.0003587483 0.0000730025 0.0000001164 0.0003357036 0.0000610370 0.0000000007
33 0.0000001399 0.0003660717 0.0000768867 0.0000001164 0.0003357036 0.0000610370 0.0000000012
34 0.0000001464 0.0003739575 0.0000809949 0.0000001378 0.0003662221 0.0000610370 0.0000000005
35 0.0000001536 0.0003824612 0.0000853512 0.0000001378 0.0003662221 0.0000610370 0.0000000009
36 0.0000001615 0.0003916464 0.0000899829 0.0000001378 0.0003662221 0.0000610370 0.0000000015
37 0.0000001703 0.0004015860 0.0000949216 0.0000001378 0.0003662221 0.0000610370 0.0000000024
38 0.0000001801 0.0004123644 0.0001002036 0.0000001658 0.0003967406 0.0000915555 0.0000000003
39 0.0000001911 0.0004240793 0.0001058707 0.0000001378 0.0003662221 0.0000610370 0.0000000054
40 0.0000002034 0.0004368448 0.0001119720 0.0000001909 0.0004272591 0.0000915555 0.0000000005
41 0.0000002173 0.0004507948 0.0001185647 0.0000001909 0.0004272591 0.0000915555 0.0000000013
42 0.0000002330 0.0004660876 0.0001257164 0.0000002179 0.0004577776 0.0000915555 0.0000000012
43 0.0000002510 0.0004829114 0.0001335076 0.0000002245 0.0004577776 0.0001220740 0.0000000008
44 0.0000002717 0.0005014919 0.0001420346 0.0000002468 0.0004882962 0.0000915555 0.0000000027
45 0.0000002955 0.0005221022 0.0001514139 0.0000002533 0.0004882962 0.0001220740 0.0000000020
46 0.0000003233 0.0005450758 0.0001617875 0.0000002841 0.0005188147 0.0001220740 0.0000000023
47 0.0000003559 0.0005708240 0.0001733308 0.0000003251 0.0005493332 0.0001525925 0.0000000009
48 0.0000003945 0.0005998603 0.0001862623 0.0000003595 0.0005798517 0.0001525925 0.0000000015
49 0.0000004408 0.0006328342 0.0002008585 0.0000004061 0.0006103702 0.0001831111 0.0000000008
50 0.0000004970 0.0006705788 0.0002174741 0.0000004564 0.0006408887 0.0002136296 0.0000000009
51 0.0000005660 0.0007141816 0.0002365718 0.0000004843 0.0006714072 0.0001831111 0.0000000047
52 0.0000006523 0.0007650886 0.0002587668 0.0000006277 0.0007629627 0.0002136296 0.0000000020
53 0.0000007622 0.0008252658 0.0002848956 0.0000007051 0.0007934812 0.0002746666 0.0000000011
54 0.0000009054 0.0008974558 0.0003161247 0.0000008587 0.0008850368 0.0002746666 0.0000000019
55 0.0000010968 0.0009856030 0.0003541319 0.0000010664 0.0009765923 0.0003357036 0.0000000004
56 0.0000013615 0.0010955933 0.0004014208 0.0000012751 0.0010681478 0.0003662221 0.0000000020
57 0.0000017426 0.0012366156 0.0004618994 0.0000016728 0.0012207404 0.0004272591 0.0000000015
58 0.0000023212 0.0014238569 0.0005420271 0.0000022400 0.0014038514 0.0005188147 0.0000000009
59 0.0000032638 0.0016843507 0.0006533014 0.0000030885 0.0016479995 0.0006103702 0.0000000032
60 0.0000049601 0.0020713262 0.0008183608 0.0000048106 0.0020447401 0.0007934812 0.0000000013
61 0.0000085083 0.0027060808 0.0010887930 0.0000081906 0.0026551103 0.0010681478 0.0000000030
62 0.0000181094 0.0039379146 0.0016131553 0.0000180175 0.0039368877 0.0015869625 0.0000000007
63 0.0000634981 0.0073547819 0.0030668033 0.0000623298 0.0072939238 0.0030213324 0.0000000058
64 0.0048590302 0.0641682163 0.0272299500 0.0017091492 0.0312204352 0.0271004364 0.0010855731
65 0.0001031778 -0.0093255406 -0.0040264256 0.0001023027 -0.0092776269 -0.0040284433 0.0000000023
66 0.0000220656 -0.0043008494 -0.0018889917 0.0000224770 -0.0043336283 -0.0019226661 0.0000000022
67 0.0000092411 -0.0027755799 -0.0012398646 0.0000092784 -0.0027771844 -0.0012512589 0.0000000001
68 0.0000050124 -0.0020383977 -0.0009259165 0.0000050760 -0.0020447401 -0.0009460738 0.0000000004
69 0.0000031216 -0.0016040231 -0.0007407581 0.0000031527 -0.0016174810 -0.0007324442 0.0000000003
70 0.0000021191 -0.0013177484 -0.0006185923 0.0000022139 -0.0013428144 -0.0006408887 0.0000000011
71 0.0000015260 -0.0011149172 -0.0005319208 0.0000015768 -0.0011291849 -0.0005493332 0.0000000005
72 0.0000011471 -0.0009637268 -0.0004672177 0.0000011922 -0.0009765923 -0.0004882962 0.0000000006
73 0.0000008909 -0.0008467133 -0.0004170555 0.0000009128 -0.0008545183 -0.0004272591 0.0000000002
74 0.0000007099 -0.0007534888 -0.0003770161 0.0000007395 -0.0007629627 -0.0003967406 0.0000000005
75 0.0000005775 -0.0006774874 -0.0003443070 0.0000006268 -0.0007019257 -0.0003662221 0.0000000011
76 0.0000004780 -0.0006143555 -0.0003170765 0.0000004852 -0.0006103702 -0.0003357036 0.0000000004
77 0.0000004013 -0.0005610923 -0.0002940481 0.0000003949 -0.0005493332 -0.0003051851 0.0000000003
78 0.0000003411 -0.0005155625 -0.0002743137 0.0000003949 -0.0005493332 -0.0003051851 0.0000000021
79 0.0000002929 -0.0004762050 -0.0002572093 0.0000003139 -0.0004882962 -0.0002746666 0.0000000005
80 0.0000002539 -0.0004418522 -0.0002422381 0.0000002692 -0.0004577776 -0.0002441481 0.0000000003
81 0.0000002219 -0.0004116134 -0.0002290212 0.0000002282 -0.0004272591 -0.0002136296 0.0000000005
82 0.0000001953 -0.0003847971 -0.0002172644 0.0000002030 -0.0003967406 -0.0002136296 0.0000000002
83 0.0000001730 -0.0003608586 -0.0002067361 0.0000001798 -0.0003662221 -0.0002136296 0.0000000001
84 0.0000001541 -0.0003393628 -0.0001972509 0.0000001583 -0.0003357036 -0.0002136296 0.0000000003
85 0.0000001380 -0.0003199579 -0.0001886593 0.0000001462 -0.0003357036 -0.0001831111 0.0000000003
86 0.0000001241 -0.0003023565 -0.0001808390 0.0000001388 -0.0003051851 -0.0002136296 0.0000000011
87 0.0000001121 -0.0002863215 -0.0001736889 0.0000001090 -0.0002746666 -0.0001831111 0.0000000002
88 0.0000001017 -0.0002716556 -0.0001671252 0.0000001267 -0.0003051851 -0.0001831111 0.0000000014
89 0.0000000926 -0.0002581931 -0.0001610772 0.0000000987 -0.0002746666 -0.0001525925 0.0000000003
90 0.0000000846 -0.0002457941 -0.0001554853 0.0000000987 -0.0002746666 -0.0001525925 0.0000000008
91 0.0000000775 -0.0002343394 -0.0001502989 0.0000000829 -0.0002441481 -0.0001525925 0.0000000001
92 0.0000000712 -0.0002237269 -0.0001454744 0.0000000829 -0.0002441481 -0.0001525925 0.0000000005
93 0.0000000656 -0.0002138689 -0.0001409745 0.0000000829 -0.0002441481 -0.0001525925 0.0000000011
94 0.0000000606 -0.0002046891 -0.0001367665 0.0000000829 -0.0002441481 -0.0001525925 0.0000000018
95 0.0000000561 -0.0001961213 -0.0001328224 0.0000000689 -0.0002136296 -0.0001525925 0.0000000007
96 0.0000000521 -0.0001881077 -0.0001291174 0.0000000568 -0.0001831111 -0.0001525925 0.0000000006
97 0.0000000484 -0.0001805973 -0.0001256298 0.0000000568 -0.0001831111 -0.0001525925 0.0000000007
98 0.0000000451 -0.0001735453 -0.0001223405 0.0000000484 -0.0001831111 -0.0001220740 0.0000000001
99 0.0000000421 -0.0001669120 -0.0001192325 0.0000000484 -0.0001831111 -0.0001220740 0.0000000003
100 0.0000000393 -0.0001606621 -0.0001162908 0.0000000568 -0.0001831111 -0.0001525925 0.0000000018
101 0.0000000368 -0.0001547642 -0.0001135019 0.0000000382 -0.0001525925 -0.0001220740 0.0000000001
102 0.0000000345 -0.0001491902 -0.0001108539 0.0000000382 -0.0001525925 -0.0001220740 0.0000000001
103 0.0000000324 -0.0001439149 -0.0001083359 0.0000000382 -0.0001525925 -0.0001220740 0.0000000003
104 0.0000000305 -0.0001389156 -0.0001059383 0.0000000382 -0.0001525925 -0.0001220740 0.0000000004
105 0.0000000287 -0.0001341718 -0.0001036523 0.0000000382 -0.0001525925 -0.0001220740 0.0000000007
106 0.0000000271 -0.0001296651 -0.0001014699 0.0000000382 -0.0001525925 -0.0001220740 0.0000000010
107 0.0000000256 -0.0001253786 -0.0000993841 0.0000000382 -0.0001525925 -0.0001220740 0.0000000013
108 0.0000000242 -0.0001212973 -0.0000973882 0.0000000298 -0.0001220740 -0.0001220740 0.0000000006
109 0.0000000229 -0.0001174071 -0.0000954764 0.0000000233 -0.0001220740 -0.0000915555 0.0000000000
110 0.0000000217 -0.0001136954 -0.0000936432 0.0000000298 -0.0001220740 -0.0001220740 0.0000000009
111 0.0000000206 -0.0001101507 -0.0000918836 0.0000000298 -0.0001220740 -0.0001220740 0.0000000011
112 0.0000000195 -0.0001067623 -0.0000901931 0.0000000298 -0.0001220740 -0.0001220740 0.0000000013
113 0.0000000186 -0.0001035205 -0.0000885675 0.0000000233 -0.0001220740 -0.0000915555 0.0000000004
114 0.0000000177 -0.0001004165 -0.0000870029 0.0000000233 -0.0001220740 -0.0000915555 0.0000000005
115 0.0000000168 -0.0000974418 -0.0000854959 0.0000000233 -0.0000915555 -0.0001220740 0.0000000014
116 0.0000000160 -0.0000945890 -0.0000840430 0.0000000168 -0.0000915555 -0.0000915555 0.0000000001
117 0.0000000153 -0.0000918509 -0.0000826414 0.0000000168 -0.0000915555 -0.0000915555 0.0000000001
118 0.0000000146 -0.0000892212 -0.0000812881 0.0000000168 -0.0000915555 -0.0000915555 0.0000000001
119 0.0000000139 -0.0000866937 -0.0000799807 0.0000000168 -0.0000915555 -0.0000915555 0.0000000002
120 0.0000000133 -0.0000842629 -0.0000787165 0.0000000168 -0.0000915555 -0.0000915555 0.0000000002
121 0.0000000127 -0.0000819236 -0.0000774936 0.0000000233 -0.0000915555 -0.0001220740 0.0000000021
122 0.0000000122 -0.0000796709 -0.0000763096 0.0000000233 -0.0000915555 -0.0001220740 0.0000000022
123 0.0000000117 -0.0000775004 -0.0000751628 0.0000000168 -0.0000915555 -0.0000915555 0.0000000005
124 0.0000000112 -0.0000754078 -0.0000740512 0.0000000168 -0.0000915555 -0.0000915555 0.0000000006
125 0.0000000107 -0.0000733892 -0.0000729731 0.0000000168 -0.0000915555 -0.0000915555 0.0000000007
126 0.0000000103 -0.0000714409 -0.0000719270 0.0000000168 -0.0000915555 -0.0000915555 0.0000000008
127 0.0000000099 -0.0000695596 -0.0000709114 0.0000000168 -0.0000915555 -0.0000915555 0.0000000009
128 0.0000000095 -0.0000677420 -0.0000699249 0.0000000168 -0.0000915555 -0.0000915555 0.0000000010
129 0.0000000091 -0.0000659850 -0.0000689661 0.0000000121 -0.0000610370 -0.0000915555 0.0000000005
130 0.0000000088 -0.0000642859 -0.0000680338 0.0000000168 -0.0000915555 -0.0000915555 0.0000000013
131 0.0000000084 -0.0000626420 -0.0000671269 0.0000000121 -0.0000915555 -0.0000610370 0.0000000009
132 0.0000000081 -0.0000610507 -0.0000662443 0.0000000121 -0.0000610370 -0.0000915555 0.0000000006
133 0.0000000078 -0.0000595098 -0.0000653849 0.0000000075 -0.0000610370 -0.0000610370 0.0000000000
134 0.0000000075 -0.0000580170 -0.0000645477 0.0000000075 -0.0000610370 -0.0000610370 0.0000000000
135 0.0000000073 -0.0000565702 -0.0000637319 0.0000000121 -0.0000915555 -0.0000610370 0.0000000012
136 0.0000000070 -0.0000551674 -0.0000629366 0.0000000121 -0.0000915555 -0.0000610370 0.0000000013
137 0.0000000068 -0.0000538068 -0.0000621609 0.0000000121 -0.0000915555 -0.0000610370 0.0000000014
138 0.0000000065 -0.0000524866 -0.0000614041 0.0000000075 -0.0000610370 -0.0000610370 0.0000000001
139 0.0000000063 -0.0000512051 -0.0000606655 0.0000000121 -0.0000610370 -0.0000915555 0.0000000011
140 0.0000000061 -0.0000499608 -0.0000599443 0.0000000121 -0.0000610370 -0.0000915555 0.0000000011
141 0.0000000059 -0.0000487521 -0.0000592399 0.0000000093 -0.0000305185 -0.0000915555 0.0000000014
142 0.0000000057 -0.0000475777 -0.0000585516 0.0000000075 -0.0000610370 -0.0000610370 0.0000000002
143 0.0000000055 -0.0000464362 -0.0000578789 0.0000000075 -0.0000610370 -0.0000610370 0.0000000002
144 0.0000000053 -0.0000453262 -0.0000572212 0.0000000121 -0.0000915555 -0.0000610370 0.0000000022
145 0.0000000052 -0.0000442467 -0.0000565780 0.0000000121 -0.0000610370 -0.0000915555 0.0000000015
146 0.0000000050 -0.0000431964 -0.0000559487 0.0000000121 -0.0000610370 -0.0000915555 0.0000000016
147 0.0000000048 -0.0000421743 -0.0000553329 0.0000000075 -0.0000610370 -0.0000610370 0.0000000004
148 0.0000000047 -0.0000411792 -0.0000547300 0.0000000075 -0.0000610370 -0.0000610370 0.0000000004
149 0.0000000045 -0.0000402103 -0.0000541397 0.0000000075 -0.0000610370 -0.0000610370 0.0000000005
150 0.0000000044 -0.0000392665 -0.0000535615 0.0000000075 -0.0000610370 -0.0000610370 0.0000000005
151 0.0000000043 -0.0000383470 -0.0000529950 0.0000000075 -0.0000610370 -0.0000610370 0.0000000006
152 0.0000000042 -0.0000374509 -0.0000524399 0.0000000121 -0.0000610370 -0.0000915555 0.0000000021
153 0.0000000040 -0.0000365774 -0.0000518957 0.0000000075 -0.0000610370 -0.0000610370 0.0000000007
154 0.0000000039 -0.0000357256 -0.0000513622 0.0000000075 -0.0000610370 -0.0000610370 0.0000000007
155 0.0000000038 -0.0000348949 -0.0000508389 0.0000000075 -0.0000610370 -0.0000610370 0.0000000008
156 0.0000000037 -0.0000340845 -0.0000503255 0.0000000075 -0.0000610370 -0.0000610370 0.0000000008
157 0.0000000036 -0.0000332937 -0.0000498218 0.0000000075 -0.0000610370 -0.0000610370 0.0000000009
158 0.0000000035 -0.0000325219 -0.0000493275 0.0000000075 -0.0000610370 -0.0000610370 0.0000000010
159 0.0000000034 -0.0000317685 -0.0000488421 0.0000000047 -0.0000305185 -0.0000610370 0.0000000002
160 0.0000000033 -0.0000310328 -0.0000483656 0.0000000047 -0.0000305185 -0.0000610370 0.0000000002
161 0.0000000032 -0.0000303144 -0.0000478976 0.0000000047 -0.0000305185 -0.0000610370 0.0000000002
162 0.0000000031 -0.0000296125 -0.0000474379 0.0000000047 -0.0000305185 -0.0000610370 0.0000000002
163 0.0000000030 -0.0000289267 -0.0000469862 0.0000000075 -0.0000610370 -0.0000610370 0.0000000012
164 0.0000000030 -0.0000282565 -0.0000465423 0.0000000075 -0.0000610370 -0.0000610370 0.0000000013
165 0.0000000029 -0.0000276015 -0.0000461060 0.0000000075 -0.0000610370 -0.0000610370 0.0000000013
166 0.0000000028 -0.0000269610 -0.0000456771 0.0000000047 -0.0000305185 -0.0000610370 0.0000000002
167 0.0000000027 -0.0000263348 -0.0000452553 0.0000000037 0.0000000000 -0.0000610370 0.0000000009
168 0.0000000027 -0.0000257223 -0.0000448404 0.0000000019 -0.0000305185 -0.0000305185 0.0000000002
169 0.0000000026 -0.0000251232 -0.0000444324 0.0000000047 -0.0000305185 -0.0000610370 0.0000000003
170 0.0000000025 -0.0000245370 -0.0000440309 0.0000000047 -0.0000305185 -0.0000610370 0.0000000003
171 0.0000000025 -0.0000239634 -0.0000436358 0.0000000047 -0.0000305185 -0.0000610370 0.0000000003
172 0.0000000024 -0.0000234019 -0.0000432470 0.0000000047 -0.0000305185 -0.0000610370 0.0000000004
173 0.0000000024 -0.0000228523 -0.0000428642 0.0000000047 -0.0000305185 -0.0000610370 0.0000000004
174 0.0000000023 -0.0000223142 -0.0000424874 0.0000000047 -0.0000305185 -0.0000610370 0.0000000004
175 0.0000000022 -0.0000217873 -0.0000421163 0.0000000047 -0.0000305185 -0.0000610370 0.0000000004
176 0.0000000022 -0.0000212713 -0.0000417508 0.0000000047 -0.0000305185 -0.0000610370 0.0000000005
177 0.0000000021 -0.0000207657 -0.0000413908 0.0000000047 -0.0000305185 -0.0000610370 0.0000000005
178 0.0000000021 -0.0000202705 -0.0000410361 0.0000000047 -0.0000305185 -0.0000610370 0.0000000005
179 0.0000000020 -0.0000197852 -0.0000406867 0.0000000075 -0.0000610370 -0.0000610370 0.0000000021
180 0.0000000020 -0.0000193096 -0.0000403423 0.0000000047 -0.0000305185 -0.0000610370 0.0000000006
181 0.0000000020 -0.0000188435 -0.0000400028 0.0000000047 -0.0000305185 -0.0000610370 0.0000000006
182 0.0000000019 -0.0000183865 -0.0000396682 0.0000000075 -0.0000610370 -0.0000610370 0.0000000023
183 0.0000000019 -0.0000179385 -0.0000393383 0.0000000047 -0.0000305185 -0.0000610370 0.0000000006
184 0.0000000018 -0.0000174991 -0.0000390130 0.0000000047 -0.0000305185 -0.0000610370 0.0000000007
185 0.0000000018 -0.0000170683 -0.0000386922 0.0000000047 -0.0000305185 -0.0000610370 0.0000000007
186 0.0000000017 -0.0000166456 -0.0000383757 0.0000000047 -0.0000305185 -0.0000610370 0.0000000007
187 0.0000000017 -0.0000162310 -0.0000380636 0.0000000019 -0.0000305185 -0.0000305185 0.0000000003
188 0.0000000017 -0.0000158243 -0.0000377556 0.0000000019 -0.0000305185 -0.0000305185 0.0000000003
189 0.0000000016 -0.0000154251 -0.0000374517 0.0000000019 -0.0000305185 -0.0000305185 0.0000000003
190 0.0000000016 -0.0000150334 -0.0000371519 0.0000000047 -0.0000305185 -0.0000610370 0.0000000008
191 0.0000000016 -0.0000146490 -0.0000368559 0.0000000000 0.0000000000 0.0000000000 0.0000000016
192 0.0000000015 -0.0000142716 -0.0000365637 0.0000000009 0.0000000000 0.0000305185 0.0000000047
193 0.0000000015 -0.0000139011 -0.0000362753 0.0000000093 -0.0000305185 -0.0000915555 0.0000000033
194 0.0000000015 -0.0000135373 -0.0000359905 0.0000000047 -0.0000305185 -0.0000610370 0.0000000009
195 0.0000000014 -0.0000131800 -0.0000357093 0.0000000075 -0.0000610370 -0.0000610370 0.0000000029
196 0.0000000014 -0.0000128292 -0.0000354316 0.0000000047 -0.0000305185 -0.0000610370 0.0000000010
197 0.0000000014 -0.0000124846 -0.0000351573 0.0000000047 -0.0000305185 -0.0000610370 0.0000000010
198 0.0000000014 -0.0000121461 -0.0000348864 0.0000000019 -0.0000305185 -0.0000305185 0.0000000004
199 0.0000000013 -0.0000118135 -0.0000346187 0.0000000047 -0.0000305185 -0.0000610370 0.0000000010
200 0.0000000013 -0.0000114867 -0.0000343543 0.0000000047 -0.0000305185 -0.0000610370 0.0000000011
201 0.0000000013 -0.0000111656 -0.0000340930 0.0000000019 -0.0000305185 -0.0000305185 0.0000000004
202 0.0000000013 -0.0000108501 -0.0000338348 0.0000000019 -0.0000305185 -0.0000305185 0.0000000004
203 0.0000000012 -0.0000105399 -0.0000335795 0.0000000047 -0.0000305185 -0.0000610370 0.0000000012
204 0.0000000012 -0.0000102351 -0.0000333273 0.0000000047 -0.0000305185 -0.0000610370 0.0000000012
205 0.0000000012 -0.0000099354 -0.0000330779 0.0000000047 -0.0000305185 -0.0000610370 0.0000000012
206 0.0000000012 -0.0000096407 -0.0000328313 0.0000000037 0.0000000000 -0.0000610370 0.0000000009
207 0.0000000011 -0.0000093510 -0.0000325876 0.0000000047 -0.0000305185 -0.0000610370 0.0000000013
208 0.0000000011 -0.0000090661 -0.0000323465 0.0000000047 -0.0000305185 -0.0000610370 0.0000000013
209 0.0000000011 -0.0000087859 -0.0000321082 0.0000000047 -0.0000305185 -0.0000610370 0.0000000013
210 0.0000000011 -0.0000085103 -0.0000318724 0.0000000019 -0.0000305185 -0.0000305185 0.0000000005
211 0.0000000011 -0.0000082392 -0.0000316392 0.0000000037 0.0000000000 -0.0000610370 0.0000000009
212 0.0000000011 -0.0000079725 -0.0000314085 0.0000000019 -0.0000305185 -0.0000305185 0.0000000005
213 0.0000000010 -0.0000077102 -0.0000311803 0.0000000019 -0.0000305185 -0.0000305185 0.0000000005
214 0.0000000010 -0.0000074520 -0.0000309545 0.0000000047 -0.0000305185 -0.0000610370 0.0000000014
215 0.0000000010 -0.0000071980 -0.0000307311 0.0000000037 0.0000000000 -0.0000610370 0.0000000010
216 0.0000000010 -0.0000069481 -0.0000305101 0.0000000037 0.0000000000 -0.0000610370 0.0000000010
217 0.0000000010 -0.0000067021 -0.0000302913 0.0000000047 -0.0000305185 -0.0000610370 0.0000000015
218 0.0000000009 -0.0000064599 -0.0000300747 0.0000000047 -0.0000305185 -0.0000610370 0.0000000015
219 0.0000000009 -0.0000062216 -0.0000298604 0.0000000019 -0.0000305185 -0.0000305185 0.0000000006
220 0.0000000009 -0.0000059870 -0.0000296482 0.0000000019 -0.0000305185 -0.0000305185 0.0000000006
221 0.0000000009 -0.0000057560 -0.0000294382 0.0000000009 0.0000000000 -0.0000305185 0.0000000000
222 0.0000000009 -0.0000055285 -0.0000292302 0.0000000037 0.0000000000 -0.0000610370 0.0000000010
223 0.0000000009 -0.0000053046 -0.0000290243 0.0000000047 -0.0000305185 -0.0000610370 0.0000000017
224 0.0000000009 -0.0000050841 -0.0000288204 0.0000000047 -0.0000305185 -0.0000610370 0.0000000017
225 0.0000000008 -0.0000048669 -0.0000286184 0.0000000047 -0.0000305185 -0.0000610370 0.0000000017
226 0.0000000008 -0.0000046530 -0.0000284185 0.0000000047 -0.0000305185 -0.0000610370 0.0000000017
227 0.0000000008 -0.0000044423 -0.0000282204 0.0000000047 -0.0000305185 -0.0000610370 0.0000000018
228 0.0000000008 -0.0000042348 -0.0000280242 0.0000000019 -0.0000305185 -0.0000305185 0.0000000007
229 0.0000000008 -0.0000040304 -0.0000278298 0.0000000047 -0.0000305185 -0.0000610370 0.0000000018
230 0.0000000008 -0.0000038290 -0.0000276373 0.0000000009 0.0000000000 -0.0000305185 0.0000000000
231 0.0000000008 -0.0000036305 -0.0000274465 0.0000000037 0.0000000000 -0.0000610370 0.0000000011
232 0.0000000008 -0.0000034350 -0.0000272575 0.0000000019 -0.0000305185 -0.0000305185 0.0000000007
233 0.0000000007 -0.0000032423 -0.0000270702 0.0000000019 -0.0000305185 -0.0000305185 0.0000000008
234 0.0000000007 -0.0000030525 -0.0000268846 0.0000000019 -0.0000305185 -0.0000305185 0.0000000008
235 0.0000000007 -0.0000028653 -0.0000267006 0.0000000019 -0.0000305185 -0.0000305185 0.0000000008
236 0.0000000007 -0.0000026809 -0.0000265183 0.0000000047 -0.0000305185 -0.0000610370 0.0000000020
237 0.0000000007 -0.0000024991 -0.0000263376 0.0000000047 -0.0000305185 -0.0000610370 0.0000000020
238 0.0000000007 -0.0000023200 -0.0000261585 0.0000000019 -0.0000305185 -0.0000305185 0.0000000008
239 0.0000000007 -0.0000021433 -0.0000259809 0.0000000019 -0.0000305185 -0.0000305185 0.0000000008
240 0.0000000007 -0.0000019692 -0.0000258049 0.0000000019 -0.0000305185 -0.0000305185 0.0000000008
241 0.0000000007 -0.0000017975 -0.0000256304 0.0000000019 -0.0000305185 -0.0000305185 0.0000000008
242 0.0000000007 -0.0000016282 -0.0000254573 0.0000000009 0.0000000000 -0.0000305185 0.0000000000
243 0.0000000006 -0.0000014613 -0.0000252858 0.0000000009 0.0000000000 -0.0000305185 0.0000000000
244 0.0000000006 -0.0000012967 -0.0000251156 0.0000000019 -0.0000305185 -0.0000305185 0.0000000009
245 0.0000000006 -0.0000011344 -0.0000249469 0.0000000009 0.0000000000 -0.0000305185 0.0000000000
246 0.0000000006 -0.0000009743 -0.0000247795 0.0000000019 -0.0000305185 -0.0000305185 0.0000000009
247 0.0000000006 -0.0000008165 -0.0000246135 0.0000000019 -0.0000305185 -0.0000305185 0.0000000009
248 0.0000000006 -0.0000006608 -0.0000244489 0.0000000037 0.0000000000 -0.0000610370 0.0000000013
249 0.0000000006 -0.0000005072 -0.0000242856 0.0000000019 -0.0000305185 -0.0000305185 0.0000000009
250 0.0000000006 -0.0000003557 -0.0000241236 0.0000000009 0.0000000000 -0.0000305185 0.0000000000
251 0.0000000006 -0.0000002062 -0.0000239629 0.0000000009 0.0000000000 -0.0000305185 0.0000000000
252 0.0000000006 -0.0000000587 -0.0000238034 0.0000000019 -0.0000305185 -0.0000305185 0.0000000010
253 0.0000000006 0.0000000867 -0.0000236452 0.0000000019 -0.0000305185 -0.0000305185 0.0000000010
254 0.0000000006 0.0000002303 -0.0000234883 0.0000000009 0.0000000000 -0.0000305185 0.0000000000
255 0.0000000005 0.0000003719 -0.0000233325 0.0000000037 0.0000000000 -0.0000610370 0.0000000014
256 0.0000000005 0.0000005116 -0.0000231779 0.0000000047 -0.0000305185 -0.0000610370 0.0000000024
257 0.0000000005 0.0000006495 -0.0000230245 0.0000000019 -0.0000305185 -0.0000305185 0.0000000010
258 0.0000000005 0.0000007856 -0.0000228723 0.0000000009 0.0000000000 -0.0000305185 0.0000000001
259 0.0000000005 0.0000009199 -0.0000227212 0.0000000009 0.0000000000 -0.0000305185 0.0000000001
260 0.0000000005 0.0000010525 -0.0000225712 0.0000000009 0.0000000000 -0.0000305185 0.0000000001
261 0.0000000005 0.0000011833 -0.0000224223 0.0000000019 -0.0000305185 -0.0000305185 0.0000000011
262 0.0000000005 0.0000013124 -0.0000222745 0.0000000009 0.0000000000 -0.0000305185 0.0000000001
263 0.0000000005 0.0000014399 -0.0000221278 0.0000000047 -0.0000305185 -0.0000610370 0.0000000025
264 0.0000000005 0.0000015657 -0.0000219821 0.0000000019 -0.0000305185 -0.0000305185 0.0000000011
265 0.0000000005 0.0000016899 -0.0000218375 0.0000000009 0.0000000000 -0.0000305185 0.0000000001
266 0.0000000005 0.0000018126 -0.0000216939 0.0000000009 0.0000000000 -0.0000305185 0.0000000001
267 0.0000000005 0.0000019336 -0.0000215514 0.0000000019 -0.0000305185 -0.0000305185 0.0000000011
268 0.0000000005 0.0000020532 -0.0000214098 0.0000000009 0.0000000000 -0.0000305185 0.0000000001
269 0.0000000005 0.0000021712 -0.0000212692 0.0000000009 0.0000000000 -0.0000305185 0.0000000001
270 0.0000000005 0.0000022877 -0.0000211296 0.0000000009 0.0000000000 -0.0000305185 0.0000000001
271 0.0000000004 0.0000024028 -0.0000209909 0.0000000019 -0.0000305185 -0.0000305185 0.0000000012
272 0.0000000004 0.0000025164 -0.0000208532 0.0000000019 -0.0000305185 -0.0000305185 0.0000000012
273 0.0000000004 0.0000026286 -0.0000207164 0.0000000019 -0.0000305185 -0.0000305185 0.0000000012
274 0.0000000004 0.0000027394 -0.0000205806 0.0000000047 -0.0000305185 -0.0000610370 0.0000000027
275 0.0000000004 0.0000028489 -0.0000204456 0.0000000009 0.0000000000 -0.0000305185 0.0000000001
276 0.0000000004 0.0000029569 -0.0000203115 0.0000000009 0.0000000000 -0.0000305185 0.0000000001
277 0.0000000004 0.0000030637 -0.0000201783 0.0000000019 -0.0000305185 -0.0000305185 0.0000000012
278 0.0000000004 0.0000031691 -0.0000200460 0.0000000009 0.0000000000 -0.0000305185 0.0000000001
279 0.0000000004 0.0000032733 -0.0000199146 0.0000000009 0.0000000000 -0.0000305185 0.0000000001
280 0.0000000004 0.0000033762 -0.0000197839 0.0000000009 0.0000000000 -0.0000305185 0.0000000001
281 0.0000000004 0.0000034778 -0.0000196542 0.0000000009 0.0000000000 -0.0000305185 0.0000000001
282 0.0000000004 0.0000035782 -0.0000195252 0.0000000009 0.0000000000 -0.0000305185 0.0000000001
283 0.0000000004 0.0000036774 -0.0000193970 0.0000000009 0.0000000000 -0.0000305185 0.0000000001
284 0.0000000004 0.0000037753 -0.0000192697 0.0000000009 0.0000000000 -0.0000305185 0.0000000001
285 0.0000000004 0.0000038721 -0.0000191431 0.0000000009 0.0000000000 -0.0000305185 0.0000000001
286 0.0000000004 0.0000039678 -0.0000190174 0.0000000019 -0.0000305185 -0.0000305185 0.0000000013
287 0.0000000004 0.0000040623 -0.0000188924 0.0000000019 -0.0000305185 -0.0000305185 0.0000000013
288 0.0000000004 0.0000041556 -0.0000187681 0.0000000019 -0.0000305185 -0.0000305185 0.0000000013
289 0.0000000004 0.0000042479 -0.0000186446 0.0000000009 0.0000000000 -0.0000305185 0.0000000002
290 0.0000000004 0.0000043390 -0.0000185219 0.0000000009 0.0000000000 -0.0000305185 0.0000000002
291 0.0000000004 0.0000044291 -0.0000183998 0.0000000009 0.0000000000 -0.0000305185 0.0000000002
292 0.0000000004 0.0000045181 -0.0000182785 0.0000000019 -0.0000305185 -0.0000305185 0.0000000014
293 0.0000000004 0.0000046061 -0.0000181579 0.0000000009 0.0000000000 -0.0000305185 0.0000000002
294 0.0000000003 0.0000046930 -0.0000180380 0.0000000009 0.0000000000 -0.0000305185 0.0000000002
295 0.0000000003 0.0000047789 -0.0000179188 0.0000000009 0.0000000000 -0.0000305185 0.0000000002
296 0.0000000003 0.0000048638 -0.0000178003 0.0000000009 0.0000000000 -0.0000305185 0.0000000002
297 0.0000000003 0.0000049477 -0.0000176825 0.0000000000 0.0000000000 0.0000000000 0.0000000003
298 0.0000000003 0.0000050307 -0.0000175653 0.0000000009 0.0000000000 -0.0000305185 0.0000000002
299 0.0000000003 0.0000051126 -0.0000174488 0.0000000009 -0.0000305185 0.0000000000 0.0000000016
300 0.0000000003 0.0000051936 -0.0000173329 0.0000000009 0.0000000000 -0.0000305185 0.0000000002
301 0.0000000003 0.0000052737 -0.0000172177 0.0000000019 -0.0000305185 -0.0000305185 0.0000000015
302 0.0000000003 0.0000053529 -0.0000171031 0.0000000009 0.0000000000 -0.0000305185 0.0000000002
303 0.0000000003 0.0000054311 -0.0000169891 0.0000000019 -0.0000305185 -0.0000305185 0.0000000015
304 0.0000000003 0.0000055085 -0.0000168758 0.0000000019 -0.0000305185 -0.0000305185 0.0000000015
305 0.0000000003 0.0000055849 -0.0000167630 0.0000000009 0.0000000000 -0.0000305185 0.0000000002
306 0.0000000003 0.0000056605 -0.0000166509 0.0000000009 0.0000000000 -0.0000305185 0.0000000002
307 0.0000000003 0.0000057353 -0.0000165393 0.0000000019 -0.0000305185 -0.0000305185 0.0000000015
308 0.0000000003 0.0000058091 -0.0000164284 0.0000000019 -0.0000305185 -0.0000305185 0.0000000015
309 0.0000000003 0.0000058822 -0.0000163180 0.0000000047 -0.0000305185 -0.0000610370 0.0000000033
310 0.0000000003 0.0000059544 -0.0000162082 0.0000000009 0.0000000000 -0.0000305185 0.0000000002
311 0.0000000003 0.0000060257 -0.0000160990 0.0000000009 0.0000000000 -0.0000305185 0.0000000002
312 0.0000000003 0.0000060963 -0.0000159903 0.0000000009 0.0000000000 -0.0000305185 0.0000000002
313 0.0000000003 0.0000061661 -0.0000158822 0.0000000009 0.0000000000 -0.0000305185 0.0000000003
314 0.0000000003 0.0000062351 -0.0000157746 0.0000000019 -0.0000305185 -0.0000305185 0.0000000016
315 0.0000000003 0.0000063033 -0.0000156676 0.0000000019 -0.0000305185 -0.0000305185 0.0000000016
316 0.0000000003 0.0000063707 -0.0000155611 0.0000000009 0.0000000000 -0.0000305185 0.0000000003
317 0.0000000003 0.0000064374 -0.0000154551 0.0000000009 0.0000000000 -0.0000305185 0.0000000003
318 0.0000000003 0.0000065034 -0.0000153496 0.0000000000 0.0000000000 0.0000000000 0.0000000003
319 0.0000000003 0.0000065686 -0.0000152447 0.0000000084 0.0000000000 -0.0000915555 0.0000000059
320 0.0000000003 0.0000066330 -0.0000151403 0.0000000037 0.0000000000 -0.0000610370 0.0000000022
321 0.0000000003 0.0000066968 -0.0000150363 0.0000000009 0.0000000000 0.0000305185 0.0000000021
322 0.0000000003 0.0000067598 -0.0000149329 0.0000000009 0.0000000000 -0.0000305185 0.0000000003
323 0.0000000003 0.0000068222 -0.0000148299 0.0000000019 -0.0000305185 -0.0000305185 0.0000000016
324 0.0000000003 0.0000068838 -0.0000147275 0.0000000009 0.0000000000 -0.0000305185 0.0000000003
325 0.0000000003 0.0000069448 -0.0000146255 0.0000000009 -0.0000305185 0.0000000000 0.0000000016
326 0.0000000003 0.0000070051 -0.0000145240 0.0000000019 -0.0000305185 -0.0000305185 0.0000000017
327 0.0000000003 0.0000070647 -0.0000144229 0.0000000009 -0.0000305185 0.0000000000 0.0000000016
328 0.0000000003 0.0000071237 -0.0000143223 0.0000000009 0.0000000000 -0.0000305185 0.0000000003
329 0.0000000003 0.0000071820 -0.0000142222 0.0000000009 0.0000000000 -0.0000305185 0.0000000003
330 0.0000000003 0.0000072397 -0.0000141225 0.0000000000 0.0000000000 0.0000000000 0.0000000003
331 0.0000000002 0.0000072967 -0.0000140233 0.0000000009 0.0000000000 -0.0000305185 0.0000000003
332 0.0000000002 0.0000073531 -0.0000139245 0.0000000009 0.0000000000 -0.0000305185 0.0000000003
333 0.0000000002 0.0000074089 -0.0000138261 0.0000000009 0.0000000000 -0.0000305185 0.0000000003
334 0.0000000002 0.0000074640 -0.0000137281 0.0000000009 0.0000000000 -0.0000305185 0.0000000003
335 0.0000000002 0.0000075186 -0.0000136306 0.0000000019 -0.0000305185 -0.0000305185 0.0000000017
336 0.0000000002 0.0000075726 -0.0000135335 0.0000000019 -0.0000305185 -0.0000305185 0.0000000017
337 0.0000000002 0.0000076259 -0.0000134369 0.0000000019 -0.0000305185 -0.0000305185 0.0000000017
338 0.0000000002 0.0000076787 -0.0000133406 0.0000000009 0.0000000000 -0.0000305185 0.0000000004
339 0.0000000002 0.0000077309 -0.0000132447 0.0000000009 0.0000000000 -0.0000305185 0.0000000004
340 0.0000000002 0.0000077826 -0.0000131493 0.0000000019 -0.0000305185 -0.0000305185 0.0000000018
341 0.0000000002 0.0000078336 -0.0000130542 0.0000000019 -0.0000305185 -0.0000305185 0.0000000018
342 0.0000000002 0.0000078841 -0.0000129595 0.0000000009 0.0000000000 -0.0000305185 0.0000000004
343 0.0000000002 0.0000079341 -0.0000128652 0.0000000009 0.0000000000 -0.0000305185 0.0000000004
344 0.0000000002 0.0000079835 -0.0000127713 0.0000000009 0.0000000000 -0.0000305185 0.0000000004
345 0.0000000002 0.0000080324 -0.0000126778 0.0000000009 0.0000000000 -0.0000305185 0.0000000004
346 0.0000000002 0.0000080807 -0.0000125846 0.0000000000 0.0000000000 0.0000000000 0.0000000002
347 0.0000000002 0.0000081285 -0.0000124918 0.0000000009 0.0000000000 -0.0000305185 0.0000000004
348 0.0000000002 0.0000081758 -0.0000123994 0.0000000009 0.0000000000 -0.0000305185 0.0000000004
349 0.0000000002 0.0000082226 -0.0000123073 0.0000000019 -0.0000305185 -0.0000305185 0.0000000018
350 0.0000000002 0.0000082688 -0.0000122156 0.0000000000 0.0000000000 0.0000000000 0.0000000002
351 0.0000000002 0.0000083146 -0.0000121243 0.0000000009 0.0000000000 -0.0000305185 0.0000000004
352 0.0000000002 0.0000083598 -0.0000120332 0.0000000009 0.0000000000 -0.0000305185 0.0000000004
353 0.0000000002 0.0000084046 -0.0000119426 0.0000000009 0.0000000000 -0.0000305185 0.0000000004
354 0.0000000002 0.0000084488 -0.0000118522 0.0000000009 0.0000000000 -0.0000305185 0.0000000004
355 0.0000000002 0.0000084926 -0.0000117623 0.0000000009 0.0000000000 -0.0000305185 0.0000000004
356 0.0000000002 0.0000085359 -0.0000116726 0.0000000009 0.0000000000 -0.0000305185 0.0000000004
357 0.0000000002 0.0000085787 -0.0000115833 0.0000000009 0.0000000000 -0.0000305185 0.0000000004
358 0.0000000002 0.0000086211 -0.0000114943 0.0000000009 0.0000000000 -0.0000305185 0.0000000004
359 0.0000000002 0.0000086630 -0.0000114056 0.0000000009 0.0000000000 -0.0000305185 0.0000000004
360 0.0000000002 0.0000087044 -0.0000113172 0.0000000009 0.0000000000 -0.0000305185 0.0000000004
361 0.0000000002 0.0000087454 -0.0000112291 0.0000000019 -0.0000305185 -0.0000305185 0.0000000019
362 0.0000000002 0.0000087859 -0.0000111414 0.0000000009 0.0000000000 -0.0000305185 0.0000000005
363 0.0000000002 0.0000088260 -0.0000110539 0.0000000009 0.0000000000 -0.0000305185 0.0000000005
364 0.0000000002 0.0000088657 -0.0000109668 0.0000000009 0.0000000000 -0.0000305185 0.0000000005
365 0.0000000002 0.0000089049 -0.0000108800 0.0000000009 0.0000000000 -0.0000305185 0.0000000005
366 0.0000000002 0.0000089436 -0.0000107934 0.0000000000 0.0000000000 0.0000000000 0.0000000002
367 0.0000000002 0.0000089820 -0.0000107072 0.0000000009 0.0000000000 -0.0000305185 0.0000000005
368 0.0000000002 0.0000090199 -0.0000106212 0.0000000009 0.0000000000 -0.0000305185 0.0000000005
369 0.0000000002 0.0000090574 -0.0000105355 0.0000000019 -0.0000305185 -0.0000305185 0.0000000020
370 0.0000000002 0.0000090945 -0.0000104501 0.0000000009 0.0000000000 -0.0000305185 0.0000000005
371 0.0000000002 0.0000091312 -0.0000103650 0.0000000009 0.0000000000 -0.0000305185 0.0000000005
372 0.0000000002 0.0000091674 -0.0000102802 0.0000000009 0.0000000000 -0.0000305185 0.0000000005
373 0.0000000002 0.0000092033 -0.0000101956 0.0000000009 0.0000000000 -0.0000305185 0.0000000005
374 0.0000000002 0.0000092388 -0.0000101113 0.0000000000 0.0000000000 0.0000000000 0.0000000002
375 0.0000000002 0.0000092738 -0.0000100273 0.0000000009 0.0000000000 -0.0000305185 0.0000000005
376 0.0000000002 0.0000093085 -0.0000099435 0.0000000009 0.0000000000 -0.0000305185 0.0000000005
377 0.0000000002 0.0000093428 -0.0000098600 0.0000000009 0.0000000000 -0.0000305185 0.0000000005
378 0.0000000002 0.0000093767 -0.0000097767 0.0000000009 0.0000000000 -0.0000305185 0.0000000005
379 0.0000000002 0.0000094102 -0.0000096937 0.0000000009 0.0000000000 -0.0000305185 0.0000000005
380 0.0000000002 0.0000094434 -0.0000096110 0.0000000019 -0.0000305185 -0.0000305185 0.0000000020
381 0.0000000002 0.0000094761 -0.0000095285 0.0000000009 0.0000000000 -0.0000305185 0.0000000005
382 0.0000000002 0.0000095085 -0.0000094462 0.0000000009 0.0000000000 -0.0000305185 0.0000000005
383 0.0000000002 0.0000095406 -0.0000093642 0.0000000019 -0.0000305185 -0.0000305185 0.0000000021
384 0.0000000002 0.0000095722 -0.0000092825 0.0000000019 -0.0000305185 -0.0000305185 0.0000000021
385 0.0000000002 0.0000096035 -0.0000092009 0.0000000009 0.0000000000 -0.0000305185 0.0000000005
386 0.0000000002 0.0000096345 -0.0000091196 0.0000000009 0.0000000000 -0.0000305185 0.0000000006
387 0.0000000002 0.0000096651 -0.0000090385 0.0000000009 0.0000000000 -0.0000305185 0.0000000006
388 0.0000000002 0.0000096953 -0.0000089577 0.0000000009 0.0000000000 -0.0000305185 0.0000000006
389 0.0000000002 0.0000097252 -0.0000088771 0.0000000019 -0.0000305185 -0.0000305185 0.0000000021
390 0.0000000002 0.0000097548 -0.0000087967 0.0000000009 0.0000000000 -0.0000305185 0.0000000006
391 0.0000000002 0.0000097840 -0.0000087165 0.0000000019 -0.0000305185 -0.0000305185 0.0000000021
392 0.0000000002 0.0000098129 -0.0000086366 0.0000000009 0.0000000000 -0.0000305185 0.0000000006
393 0.0000000002 0.0000098414 -0.0000085568 0.0000000009 0.0000000000 -0.0000305185 0.0000000006
394 0.0000000002 0.0000098696 -0.0000084773 0.0000000009 0.0000000000 -0.0000305185 0.0000000006
395 0.0000000002 0.0000098975 -0.0000083980 0.0000000009 0.0000000000 -0.0000305185 0.0000000006
396 0.0000000002 0.0000099250 -0.0000083189 0.0000000009 0.0000000000 -0.0000305185 0.0000000006
397 0.0000000002 0.0000099522 -0.0000082399 0.0000000009 0.0000000000 -0.0000305185 0.0000000006
398 0.0000000002 0.0000099791 -0.0000081612 0.0000000009 -0.0000305185 0.0000000000 0.0000000017
399 0.0000000002 0.0000100057 -0.0000080827 0.0000000009 0.0000000000 -0.0000305185 0.0000000006
400 0.0000000002 0.0000100319 -0.0000080044 0.0000000000 0.0000000000 0.0000000000 0.0000000002
401 0.0000000002 0.0000100579 -0.0000079263 0.0000000009 0.0000000000 -0.0000305185 0.0000000006
402 0.0000000002 0.0000100835 -0.0000078484 0.0000000000 0.0000000000 0.0000000000 0.0000000002
403 0.0000000002 0.0000101088 -0.0000077707 0.0000000009 0.0000000000 -0.0000305185 0.0000000006
404 0.0000000002 0.0000101338 -0.0000076931 0.0000000009 0.0000000000 -0.0000305185 0.0000000006
405 0.0000000002 0.0000101585 -0.0000076158 0.0000000009 0.0000000000 -0.0000305185 0.0000000006
406 0.0000000002 0.0000101829 -0.0000075386 0.0000000019 -0.0000305185 -0.0000305185 0.0000000022
407 0.0000000002 0.0000102070 -0.0000074616 0.0000000019 -0.0000305185 -0.0000305185 0.0000000022
408 0.0000000002 0.0000102309 -0.0000073848 0.0000000009 0.0000000000 -0.0000305185 0.0000000006
409 0.0000000002 0.0000102544 -0.0000073081 0.0000000009 0.0000000000 -0.0000305185 0.0000000006
410 0.0000000002 0.0000102776 -0.0000072317 0.0000000009 0.0000000000 -0.0000305185 0.0000000006
411 0.0000000002 0.0000103005 -0.0000071554 0.0000000000 0.0000000000 0.0000000000 0.0000000002
412 0.0000000002 0.0000103231 -0.0000070792 0.0000000009 0.0000000000 -0.0000305185 0.0000000007
413 0.0000000002 0.0000103455 -0.0000070033 0.0000000009 -0.0000305185 0.0000000000 0.0000000017
414 0.0000000002 0.0000103675 -0.0000069275 0.0000000000 0.0000000000 0.0000000000 0.0000000002
415 0.0000000002 0.0000103893 -0.0000068519 0.0000000009 0.0000000000 -0.0000305185 0.0000000007
416 0.0000000002 0.0000104108 -0.0000067764 0.0000000009 0.0000000000 -0.0000305185 0.0000000007
417 0.0000000002 0.0000104320 -0.0000067011 0.0000000000 0.0000000000 0.0000000000 0.0000000002
418 0.0000000002 0.0000104530 -0.0000066259 0.0000000009 0.0000000000 -0.0000305185 0.0000000007
419 0.0000000002 0.0000104736 -0.0000065509 0.0000000009 0.0000000000 -0.0000305185 0.0000000007
420 0.0000000002 0.0000104940 -0.0000064761 0.0000000009 0.0000000000 -0.0000305185 0.0000000007
421 0.0000000002 0.0000105142 -0.0000064014 0.0000000009 0.0000000000 -0.0000305185 0.0000000007
422 0.0000000002 0.0000105340 -0.0000063268 0.0000000019 -0.0000305185 -0.0000305185 0.0000000023
423 0.0000000002 0.0000105536 -0.0000062524 0.0000000009 0.0000000000 -0.0000305185 0.0000000007
424 0.0000000001 0.0000105729 -0.0000061782 0.0000000009 0.0000000000 -0.0000305185 0.0000000007
425 0.0000000001 0.0000105920 -0.0000061040 0.0000000009 0.0000000000 -0.0000305185 0.0000000007
426 0.0000000001 0.0000106108 -0.0000060301 0.0000000019 -0.0000305185 -0.0000305185 0.0000000023
427 0.0000000001 0.0000106293 -0.0000059562 0.0000000019 -0.0000305185 -0.0000305185 0.0000000023
428 0.0000000001 0.0000106476 -0.0000058825 0.0000000009 0.0000000000 -0.0000305185 0.0000000007
429 0.0000000001 0.0000106656 -0.0000058090 0.0000000009 0.0000000000 -0.0000305185 0.0000000007
430 0.0000000001 0.0000106833 -0.0000057355 0.0000000009 0.0000000000 -0.0000305185 0.0000000007
431 0.0000000001 0.0000107008 -0.0000056622 0.0000000009 0.0000000000 -0.0000305185 0.0000000007
432 0.0000000001 0.0000107181 -0.0000055890 0.0000000009 0.0000000000 -0.0000305185 0.0000000007
433 0.0000000001 0.0000107351 -0.0000055160 0.0000000000 0.0000000000 0.0000000000 0.0000000001
434 0.0000000001 0.0000107518 -0.0000054431 0.0000000000 0.0000000000 0.0000000000 0.0000000001
435 0.0000000001 0.0000107683 -0.0000053703 0.0000000009 0.0000000000 -0.0000305185 0.0000000007
436 0.0000000001 0.0000107846 -0.0000052976 0.0000000009 0.0000000000 -0.0000305185 0.0000000008
437 0.0000000001 0.0000108006 -0.0000052250 0.0000000000 0.0000000000 0.0000000000 0.0000000001
438 0.0000000001 0.0000108163 -0.0000051526 0.0000000019 -0.0000305185 -0.0000305185 0.0000000024
439 0.0000000001 0.0000108319 -0.0000050802 0.0000000019 -0.0000305185 -0.0000305185 0.0000000024
440 0.0000000001 0.0000108471 -0.0000050080 0.0000000009 0.0000000000 -0.0000305185 0.0000000008
441 0.0000000001 0.0000108622 -0.0000049359 0.0000000009 0.0000000000 -0.0000305185 0.0000000008
442 0.0000000001 0.0000108770 -0.0000048639 0.0000000000 0.0000000000 0.0000000000 0.0000000001
443 0.0000000001 0.0000108915 -0.0000047920 0.0000000000 0.0000000000 0.0000000000 0.0000000001
444 0.0000000001 0.0000109059 -0.0000047203 0.0000000009 0.0000000000 -0.0000305185 0.0000000008
445 0.0000000001 0.0000109200 -0.0000046486 0.0000000009 -0.0000305185 0.0000000000 0.0000000017
446 0.0000000001 0.0000109338 -0.0000045770 0.0000000000 0.0000000000 0.0000000000 0.0000000001
447 0.0000000001 0.0000109474 -0.0000045055 0.0000000009 -0.0000305185 0.0000000000 0.0000000017
448 0.0000000001 0.0000109608 -0.0000044342 0.0000000000 0.0000000000 0.0000000000 0.0000000001
449 0.0000000001 0.0000109740 -0.0000043629 0.0000000019 0.0000305185 -0.0000305185 0.0000000011
450 0.0000000001 0.0000109869 -0.0000042917 0.0000000009 0.0000000000 -0.0000305185 0.0000000008
451 0.0000000001 0.0000109996 -0.0000042206 0.0000000009 0.0000305185 0.0000000000 0.0000000004
452 0.0000000001 0.0000110121 -0.0000041497 0.0000000009 0.0000000000 -0.0000305185 0.0000000008
453 0.0000000001 0.0000110244 -0.0000040788 0.0000000000 0.0000000000 0.0000000000 0.0000000001
454 0.0000000001 0.0000110364 -0.0000040080 0.0000000009 0.0000000000 -0.0000305185 0.0000000008
455 0.0000000001 0.0000110482 -0.0000039372 0.0000000000 0.0000000000 0.0000000000 0.0000000001
456 0.0000000001 0.0000110598 -0.0000038666 0.0000000009 0.0000000000 -0.0000305185 0.0000000008
457 0.0000000001 0.0000110711 -0.0000037960 0.0000000009 -0.0000305185 0.0000000000 0.0000000017
458 0.0000000001 0.0000110823 -0.0000037256 0.0000000009 0.0000000000 -0.0000305185 0.0000000008
459 0.0000000001 0.0000110932 -0.0000036552 0.0000000009 -0.0000305185 0.0000000000 0.0000000017
460 0.0000000001 0.0000111039 -0.0000035849 0.0000000000 0.0000000000 0.0000000000 0.0000000001
461 0.0000000001 0.0000111143 -0.0000035147 0.0000000000 0.0000000000 0.0000000000 0.0000000001
462 0.0000000001 0.0000111246 -0.0000034445 0.0000000019 -0.0000305185 -0.0000305185 0.0000000025
463 0.0000000001 0.0000111346 -0.0000033744 0.0000000000 0.0000000000 0.0000000000 0.0000000001
464 0.0000000001 0.0000111445 -0.0000033044 0.0000000000 0.0000000000 0.0000000000 0.0000000001
465 0.0000000001 0.0000111541 -0.0000032345 0.0000000009 0.0000000000 -0.0000305185 0.0000000009
466 0.0000000001 0.0000111635 -0.0000031646 0.0000000000 0.0000000000 0.0000000000 0.0000000001
467 0.0000000001 0.0000111727 -0.0000030948 0.0000000000 0.0000000000 0.0000000000 0.0000000001
468 0.0000000001 0.0000111816 -0.0000030251 0.0000000000 0.0000000000 0.0000000000 0.0000000001
469 0.0000000001 0.0000111904 -0.0000029554 0.0000000009 0.0000000000 -0.0000305185 0.0000000009
470 0.0000000001 0.0000111990 -0.0000028858 0.0000000009 0.0000000000 -0.0000305185 0.0000000009
471 0.0000000001 0.0000112073 -0.0000028163 0.0000000009 0.0000000000 -0.0000305185 0.0000000009
472 0.0000000001 0.0000112154 -0.0000027468 0.0000000009 0.0000000000 -0.0000305185 0.0000000009
473 0.0000000001 0.0000112233 -0.0000026774 0.0000000000 0.0000000000 0.0000000000 0.0000000001
474 0.0000000001 0.0000112311 -0.0000026080 0.0000000000 0.0000000000 0.0000000000 0.0000000001
475 0.0000000001 0.0000112386 -0.0000025387 0.0000000009 -0.0000305185 0.0000000000 0.0000000018
476 0.0000000001 0.0000112458 -0.0000024695 0.0000000009 0.0000000000 -0.0000305185 0.0000000009
477 0.0000000001 0.0000112529 -0.0000024003 0.0000000009 0.0000000000 -0.0000305185 0.0000000009
478 0.0000000001 0.0000112598 -0.0000023311 0.0000000009 0.0000000000 -0.0000305185 0.0000000009
479 0.0000000001 0.0000112665 -0.0000022620 0.0000000009 0.0000000000 -0.0000305185 0.0000000009
480 0.0000000001 0.0000112730 -0.0000021930 0.0000000000 0.0000000000 0.0000000000 0.0000000001
481 0.0000000001 0.0000112792 -0.0000021240 0.0000000000 0.0000000000 0.0000000000 0.0000000001
482 0.0000000001 0.0000112853 -0.0000020550 0.0000000009 0.0000000000 -0.0000305185 0.0000000009
483 0.0000000001 0.0000112912 -0.0000019861 0.0000000000 0.0000000000 0.0000000000 0.0000000001
484 0.0000000001 0.0000112968 -0.0000019172 0.0000000009 0.0000000000 -0.0000305185 0.0000000009
485 0.0000000001 0.0000113023 -0.0000018484 0.0000000009 0.0000000000 -0.0000305185 0.0000000009
486 0.0000000001 0.0000113075 -0.0000017796 0.0000000009 0.0000000000 -0.0000305185 0.0000000010
487 0.0000000001 0.0000113126 -0.0000017109 0.0000000000 0.0000000000 0.0000000000 0.0000000001
488 0.0000000001 0.0000113174 -0.0000016421 0.0000000000 0.0000000000 0.0000000000 0.0000000001
489 0.0000000001 0.0000113221 -0.0000015735 0.0000000000 0.0000000000 0.0000000000 0.0000000001
490 0.0000000001 0.0000113265 -0.0000015048 0.0000000009 -0.0000305185 0.0000000000 0.0000000018
491 0.0000000001 0.0000113308 -0.0000014362 0.0000000000 0.0000000000 0.0000000000 0.0000000001
492 0.0000000001 0.0000113348 -0.0000013676 0.0000000009 -0.0000305185 0.0000000000 0.0000000018
493 0.0000000001 0.0000113387 -0.0000012990 0.0000000000 0.0000000000 0.0000000000 0.0000000001
494 0.0000000001 0.0000113423 -0.0000012305 0.0000000019 -0.0000305185 -0.0000305185 0.0000000026
495 0.0000000001 0.0000113458 -0.0000011620 0.0000000000 0.0000000000 0.0000000000 0.0000000001
496 0.0000000001 0.0000113490 -0.0000010935 0.0000000009 0.0000000000 -0.0000305185 0.0000000010
497 0.0000000001 0.0000113521 -0.0000010251 0.0000000000 0.0000000000 0.0000000000 0.0000000001
498 0.0000000001 0.0000113549 -0.0000009566 0.0000000000 0.0000000000 0.0000000000 0.0000000001
499 0.0000000001 0.0000113576 -0.0000008882 0.0000000019 -0.0000305185 -0.0000305185 0.0000000026
500 0.0000000001 0.0000113600 -0.0000008198 0.0000000000 0.0000000000 0.0000000000 0.0000000001
501 0.0000000001 0.0000113623 -0.0000007514 0.0000000009 0.0000000000 -0.0000305185 0.0000000010
502 0.0000000001 0.0000113644 -0.0000006831 0.0000000000 0.0000000000 0.0000000000 0.0000000001
503 0.0000000001 0.0000113662 -0.0000006147 0.0000000000 0.0000000000 0.0000000000 0.0000000001
504 0.0000000001 0.0000113679 -0.0000005464 0.0000000000 0.0000000000 0.0000000000 0.0000000001
505 0.0000000001 0.0000113694 -0.0000004781 0.0000000000 0.0000000000 0.0000000000 0.0000000001
506 0.0000000001 0.0000113707 -0.0000004098 0.0000000009 0.0000000000 -0.0000305185 0.0000000010
507 0.0000000001 0.0000113717 -0.0000003414 0.0000000009 0.0000000000 -0.0000305185 0.0000000010
508 0.0000000001 0.0000113726 -0.0000002732 0.0000000009 0.0000000000 -0.0000305185 0.0000000010
509 0.0000000001 0.0000113733 -0.0000002049 0.0000000009 -0.0000305185 0.0000000000 0.0000000018
510 0.0000000001 0.0000113738 -0.0000001366 0.0000000000 0.0000000000 0.0000000000 0.0000000001
511 0.0000000001 0.0000113741 -0.0000000683 0.0000000009 0.0000000000 -0.0000305185 0.0000000011
512 0.0000000001 0.0000113742 0.0000000000 0.0000000000 0.0000000000 0.0000000000 0.0000000001
513 0.0000000001 0.0000113741 0.0000000683 0.0000000000 0.0000000000 0.0000000000 0.0000000001
514 0.0000000001 0.0000113738 0.0000001366 0.0000000000 0.0000000000 0.0000000000 0.0000000001
515 0.0000000001 0.0000113733 0.0000002049 0.0000000009 -0.0000305185 0.0000000000 0.0000000018
516 0.0000000001 0.0000113726 0.0000002732 0.0000000009 0.0000000000 -0.0000305185 0.0000000011
517 0.0000000001 0.0000113717 0.0000003414 0.0000000009 0.0000000000 -0.0000305185 0.0000000011
518 0.0000000001 0.0000113707 0.0000004098 0.0000000009 -0.0000305185 0.0000000000 0.0000000018
519 0.0000000001 0.0000113694 0.0000004781 0.0000000019 -0.0000305185 -0.0000305185 0.0000000027
520 0.0000000001 0.0000113679 0.0000005464 0.0000000009 0.0000000000 -0.0000305185 0.0000000011
521 0.0000000001 0.0000113662 0.0000006147 0.0000000009 0.0000000000 -0.0000305185 0.0000000011
522 0.0000000001 0.0000113644 0.0000006831 0.0000000009 0.0000000000 -0.0000305185 0.0000000011
523 0.0000000001 0.0000113623 0.0000007514 0.0000000009 -0.0000305185 0.0000000000 0.0000000018
524 0.0000000001 0.0000113600 0.0000008198 0.0000000009 0.0000000000 -0.0000305185 0.0000000011
525 0.0000000001 0.0000113576 0.0000008882 0.0000000000 0.0000000000 0.0000000000 0.0000000001
526 0.0000000001 0.0000113549 0.0000009566 0.0000000019 -0.0000305185 -0.0000305185 0.0000000027
527 0.0000000001 0.0000113521 0.0000010251 0.0000000009 0.0000000000 -0.0000305185 0.0000000011
528 0.0000000001 0.0000113490 0.0000010935 0.0000000000 0.0000000000 0.0000000000 0.0000000001
529 0.0000000001 0.0000113458 0.0000011620 0.0000000000 0.0000000000 0.0000000000 0.0000000001
530 0.0000000001 0.0000113423 0.0000012305 0.0000000019 -0.0000305185 -0.0000305185 0.0000000028
531 0.0000000001 0.0000113387 0.0000012990 0.0000000009 0.0000000000 -0.0000305185 0.0000000011
532 0.0000000001 0.0000113348 0.0000013676 0.0000000009 0.0000000000 -0.0000305185 0.0000000011
533 0.0000000001 0.0000113308 0.0000014362 0.0000000000 0.0000000000 0.0000000000 0.0000000001
534 0.0000000001 0.0000113265 0.0000015048 0.0000000009 0.0000000000 -0.0000305185 0.0000000012
535 0.0000000001 0.0000113221 0.0000015735 0.0000000000 0.0000000000 0.0000000000 0.0000000001
536 0.0000000001 0.0000113174 0.0000016421 0.0000000000 0.0000000000 0.0000000000 0.0000000001
537 0.0000000001 0.0000113126 0.0000017109 0.0000000000 0.0000000000 0.0000000000 0.0000000001
538 0.0000000001 0.0000113075 0.0000017796 0.0000000000 0.0000000000 0.0000000000 0.0000000001
539 0.0000000001 0.0000113023 0.0000018484 0.0000000009 0.0000000000 -0.0000305185 0.0000000012
540 0.0000000001 0.0000112968 0.0000019172 0.0000000000 0.0000000000 0.0000000000 0.0000000001
541 0.0000000001 0.0000112912 0.0000019861 0.0000000009 0.0000000000 -0.0000305185 0.0000000012
542 0.0000000001 0.0000112853 0.0000020550 0.0000000000 0.0000000000 0.0000000000 0.0000000001
543 0.0000000001 0.0000112792 0.0000021240 0.0000000000 0.0000000000 0.0000000000 0.0000000001
544 0.0000000001 0.0000112730 0.0000021930 0.0000000009 0.0000000000 -0.0000305185 0.0000000012
545 0.0000000001 0.0000112665 0.0000022620 0.0000000000 0.0000000000 0.0000000000 0.0000000001
546 0.0000000001 0.0000112598 0.0000023311 0.0000000000 0.0000000000 0.0000000000 0.0000000001
547 0.0000000001 0.0000112529 0.0000024003 0.0000000000 0.0000000000 0.0000000000 0.0000000001
548 0.0000000001 0.0000112458 0.0000024695 0.0000000000 0.0000000000 0.0000000000 0.0000000001
549 0.0000000001 0.0000112386 0.0000025387 0.0000000019 -0.0000305185 -0.0000305185 0.0000000028
550 0.0000000001 0.0000112311 0.0000026080 0.0000000009 0.0000000000 -0.0000305185 0.0000000012
551 0.0000000001 0.0000112233 0.0000026774 0.0000000019 -0.0000305185 -0.0000305185 0.0000000028
552 0.0000000001 0.0000112154 0.0000027468 0.0000000000 0.0000000000 0.0000000000 0.0000000001
553 0.0000000001 0.0000112073 0.0000028163 0.0000000000 0.0000000000 0.0000000000 0.0000000001
554 0.0000000001 0.0000111990 0.0000028858 0.0000000000 0.0000000000 0.0000000000 0.0000000001
555 0.0000000001 0.0000111904 0.0000029554 0.0000000000 0.0000000000 0.0000000000 0.0000000001
556 0.0000000001 0.0000111816 0.0000030251 0.0000000009 -0.0000305185 0.0000000000 0.0000000017
557 0.0000000001 0.0000111727 0.0000030948 0.0000000000 0.0000000000 0.0000000000 0.0000000001
558 0.0000000001 0.0000111635 0.0000031646 0.0000000009 0.0000000000 -0.0000305185 0.0000000013
559 0.0000000001 0.0000111541 0.0000032345 0.0000000000 0.0000000000 0.0000000000 0.0000000001
560 0.0000000001 0.0000111445 0.0000033044 0.0000000009 0.0000000000 -0.0000305185 0.0000000013
561 0.0000000001 0.0000111346 0.0000033744 0.0000000009 0.0000000000 -0.0000305185 0.0000000013
562 0.0000000001 0.0000111246 0.0000034445 0.0000000000 0.0000000000 0.0000000000 0.0000000001
563 0.0000000001 0.0000111143 0.0000035147 0.0000000000 0.0000000000 0.0000000000 0.0000000001
564 0.0000000001 0.0000111039 0.0000035849 0.0000000009 0.0000000000 -0.0000305185 0.0000000013
565 0.0000000001 0.0000110932 0.0000036552 0.0000000009 0.0000000000 -0.0000305185 0.0000000013
566 0.0000000001 0.0000110823 0.0000037256 0.0000000000 0.0000000000 0.0000000000 0.0000000001
567 0.0000000001 0.0000110711 0.0000037960 0.0000000000 0.0000000000 0.0000000000 0.0000000001
568 0.0000000001 0.0000110598 0.0000038666 0.0000000000 0.0000000000 0.0000000000 0.0000000001
569 0.0000000001 0.0000110482 0.0000039372 0.0000000000 0.0000000000 0.0000000000 0.0000000001
570 0.0000000001 0.0000110364 0.0000040080 0.0000000009 0.0000000000 -0.0000305185 0.0000000013
571 0.0000000001 0.0000110244 0.0000040788 0.0000000009 -0.0000305185 0.0000000000 0.0000000017
572 0.0000000001 0.0000110121 0.0000041497 0.0000000000 0.0000000000 0.0000000000 0.0000000001
573 0.0000000001 0.0000109996 0.0000042206 0.0000000009 0.0000000000 -0.0000305185 0.0000000013
574 0.0000000001 0.0000109869 0.0000042917 0.0000000000 0.0000000000 0.0000000000 0.0000000001
575 0.0000000001 0.0000109740 0.0000043629 0.0000000009 0.0000305185 0.0000000000 0.0000000004
576 0.0000000001 0.0000109608 0.0000044342 0.0000000009 0.0000000000 -0.0000305185 0.0000000013
577 0.0000000001 0.0000109474 0.0000045055 0.0000000019 -0.0000305185 -0.0000305185 0.0000000029
578 0.0000000001 0.0000109338 0.0000045770 0.0000000000 0.0000000000 0.0000000000 0.0000000001
579 0.0000000001 0.0000109200 0.0000046486 0.0000000000 0.0000000000 0.0000000000 0.0000000001
580 0.0000000001 0.0000109059 0.0000047203 0.0000000000 0.0000000000 0.0000000000 0.0000000001
581 0.0000000001 0.0000108915 0.0000047920 0.0000000009 -0.0000305185 0.0000000000 0.0000000017
582 0.0000000001 0.0000108770 0.0000048639 0.0000000009 -0.0000305185 0.0000000000 0.0000000017
583 0.0000000001 0.0000108622 0.0000049359 0.0000000009 -0.0000305185 0.0000000000 0.0000000017
584 0.0000000001 0.0000108471 0.0000050080 0.0000000000 0.0000000000 0.0000000000 0.0000000001
585 0.0000000001 0.0000108319 0.0000050802 0.0000000000 0.0000000000 0.0000000000 0.0000000001
586 0.0000000001 0.0000108163 0.0000051526 0.0000000009 -0.0000305185 0.0000000000 0.0000000017
587 0.0000000001 0.0000108006 0.0000052250 0.0000000009 0.0000000000 -0.0000305185 0.0000000014
588 0.0000000001 0.0000107846 0.0000052976 0.0000000000 0.0000000000 0.0000000000 0.0000000001
589 0.0000000001 0.0000107683 0.0000053703 0.0000000009 -0.0000305185 0.0000000000 0.0000000017
590 0.0000000001 0.0000107518 0.0000054431 0.0000000000 0.0000000000 0.0000000000 0.0000000001
591 0.0000000001 0.0000107351 0.0000055160 0.0000000009 0.0000000000 -0.0000305185 0.0000000014
592 0.0000000001 0.0000107181 0.0000055890 0.0000000000 0.0000000000 0.0000000000 0.0000000001
593 0.0000000001 0.0000107008 0.0000056622 0.0000000000 0.0000000000 0.0000000000 0.0000000001
594 0.0000000001 0.0000106833 0.0000057355 0.0000000000 0.0000000000 0.0000000000 0.0000000001
595 0.0000000001 0.0000106656 0.0000058090 0.0000000000 0.0000000000 0.0000000000 0.0000000001
596 0.0000000001 0.0000106476 0.0000058825 0.0000000000 0.0000000000 0.0000000000 0.0000000001
597 0.0000000001 0.0000106293 0.0000059562 0.0000000000 0.0000000000 0.0000000000 0.0000000001
598 0.0000000001 0.0000106108 0.0000060301 0.0000000009 -0.0000305185 0.0000000000 0.0000000017
599 0.0000000001 0.0000105920 0.0000061040 0.0000000000 0.0000000000 0.0000000000 0.0000000001
600 0.0000000001 0.0000105729 0.0000061782 0.0000000000 0.0000000000 0.0000000000 0.0000000001
601 0.0000000002 0.0000105536 0.0000062524 0.0000000009 0.0000000000 -0.0000305185 0.0000000015
602 0.0000000002 0.0000105340 0.0000063268 0.0000000000 0.0000000000 0.0000000000 0.0000000002
603 0.0000000002 0.0000105142 0.0000064014 0.0000000009 -0.0000305185 0.0000000000 0.0000000017
604 0.0000000002 0.0000104940 0.0000064761 0.0000000000 0.0000000000 0.0000000000 0.0000000002
605 0.0000000002 0.0000104736 0.0000065509 0.0000000000 0.0000000000 0.0000000000 0.0000000002
606 0.0000000002 0.0000104530 0.0000066259 0.0000000000 0.0000000000 0.0000000000 0.0000000002
607 0.0000000002 0.0000104320 0.0000067011 0.0000000009 0.0000000000 -0.0000305185 0.0000000015
608 0.0000000002 0.0000104108 0.0000067764 0.0000000000 0.0000000000 0.0000000000 0.0000000002
609 0.0000000002 0.0000103893 0.0000068519 0.0000000000 0.0000000000 0.0000000000 0.0000000002
610 0.0000000002 0.0000103675 0.0000069275 0.0000000009 -0.0000305185 0.0000000000 0.0000000017
611 0.0000000002 0.0000103455 0.0000070033 0.0000000000 0.0000000000 0.0000000000 0.0000000002
612 0.0000000002 0.0000103231 0.0000070792 0.0000000000 0.0000000000 0.0000000000 0.0000000002
613 0.0000000002 0.0000103005 0.0000071554 0.0000000000 0.0000000000 0.0000000000 0.0000000002
614 0.0000000002 0.0000102776 0.0000072317 0.0000000000 0.0000000000 0.0000000000 0.0000000002
615 0.0000000002 0.0000102544 0.0000073081 0.0000000000 0.0000000000 0.0000000000 0.0000000002
616 0.0000000002 0.0000102309 0.0000073848 0.0000000000 0.0000000000 0.0000000000 0.0000000002
617 0.0000000002 0.0000102070 0.0000074616 0.0000000000 0.0000000000 0.0000000000 0.0000000002
618 0.0000000002 0.0000101829 0.0000075386 0.0000000009 -0.0000305185 0.0000000000 0.0000000017
619 0.0000000002 0.0000101585 0.0000076158 0.0000000000 0.0000000000 0.0000000000 0.0000000002
620 0.0000000002 0.0000101338 0.0000076931 0.0000000009 0.0000000000 -0.0000305185 0.0000000016
621 0.0000000002 0.0000101088 0.0000077707 0.0000000000 0.0000000000 0.0000000000 0.0000000002
622 0.0000000002 0.0000100835 0.0000078484 0.0000000019 -0.0000305185 -0.0000305185 0.0000000031
623 0.0000000002 0.0000100579 0.0000079263 0.0000000000 0.0000000000 0.0000000000 0.0000000002
624 0.0000000002 0.0000100319 0.0000080044 0.0000000000 0.0000000000 0.0000000000 0.0000000002
625 0.0000000002 0.0000100057 0.0000080827 0.0000000000 0.0000000000 0.0000000000 0.0000000002
626 0.0000000002 0.0000099791 0.0000081612 0.0000000009 0.0000000000 -0.0000305185 0.0000000016
627 0.0000000002 0.0000099522 0.0000082399 0.0000000000 0.0000000000 0.0000000000 0.0000000002
628 0.0000000002 0.0000099250 0.0000083189 0.0000000000 0.0000000000 0.0000000000 0.0000000002
629 0.0000000002 0.0000098975 0.0000083980 0.0000000009 -0.0000305185 0.0000000000 0.0000000017
630 0.0000000002 0.0000098696 0.0000084773 0.0000000009 -0.0000305185 0.0000000000 0.0000000017
631 0.0000000002 0.0000098414 0.0000085568 0.0000000000 0.0000000000 0.0000000000 0.0000000002
632 0.0000000002 0.0000098129 0.0000086366 0.0000000000 0.0000000000 0.0000000000 0.0000000002
633 0.0000000002 0.0000097840 0.0000087165 0.0000000009 -0.0000305185 0.0000000000 0.0000000017
634 0.0000000002 0.0000097548 0.0000087967 0.0000000000 0.0000000000 0.0000000000 0.0000000002
635 0.0000000002 0.0000097252 0.0000088771 0.0000000000 0.0000000000 0.0000000000 0.0000000002
636 0.0000000002 0.0000096953 0.0000089577 0.0000000009 -0.0000305185 0.0000000000 0.0000000017
637 0.0000000002 0.0000096651 0.0000090385 0.0000000009 0.0000000000 -0.0000305185 0.0000000017
638 0.0000000002 0.0000096345 0.0000091196 0.0000000000 0.0000000000 0.0000000000 0.0000000002
639 0.0000000002 0.0000096035 0.0000092009 0.0000000000 0.0000000000 0.0000000000 0.0000000002
640 0.0000000002 0.0000095722 0.0000092825 0.0000000009 -0.0000305185 0.0000000000 0.0000000017
641 0.0000000002 0.0000095406 0.0000093642 0.0000000000 0.0000000000 0.0000000000 0.0000000002
642 0.0000000002 0.0000095085 0.0000094462 0.0000000000 0.0000000000 0.0000000000 0.0000000002
643 0.0000000002 0.0000094761 0.0000095285 0.0000000000 0.0000000000 0.0000000000 0.0000000002
644 0.0000000002 0.0000094434 0.0000096110 0.0000000000 0.0000000000 0.0000000000 0.0000000002
645 0.0000000002 0.0000094102 0.0000096937 0.0000000000 0.0000000000 0.0000000000 0.0000000002
646 0.0000000002 0.0000093767 0.0000097767 0.0000000009 -0.0000305185 0.0000000000 0.0000000017
647 0.0000000002 0.0000093428 0.0000098600 0.0000000009 -0.0000305185 0.0000000000 0.0000000017
648 0.0000000002 0.0000093085 0.0000099435 0.0000000000 0.0000000000 0.0000000000 0.0000000002
649 0.0000000002 0.0000092738 0.0000100273 0.0000000000 0.0000000000 0.0000000000 0.0000000002
650 0.0000000002 0.0000092388 0.0000101113 0.0000000000 0.0000000000 0.0000000000 0.0000000002
651 0.0000000002 0.0000092033 0.0000101956 0.0000000009 0.0000000000 -0.0000305185 0.0000000017
652 0.0000000002 0.0000091674 0.0000102802 0.0000000000 0.0000000000 0.0000000000 0.0000000002
653 0.0000000002 0.0000091312 0.0000103650 0.0000000009 -0.0000305185 0.0000000000 0.0000000017
654 0.0000000002 0.0000090945 0.0000104501 0.0000000000 0.0000000000 0.0000000000 0.0000000002
655 0.0000000002 0.0000090574 0.0000105355 0.0000000009 -0.0000305185 0.0000000000 0.0000000017
656 0.0000000002 0.0000090199 0.0000106212 0.0000000000 0.0000000000 0.0000000000 0.0000000002
657 0.0000000002 0.0000089820 0.0000107072 0.0000000019 -0.0000305185 -0.0000305185 0.0000000033
658 0.0000000002 0.0000089436 0.0000107934 0.0000000000 0.0000000000 0.0000000000 0.0000000002
659 0.0000000002 0.0000089049 0.0000108800 0.0000000000 0.0000000000 0.0000000000 0.0000000002
660 0.0000000002 0.0000088657 0.0000109668 0.0000000000 0.0000000000 0.0000000000 0.0000000002
661 0.0000000002 0.0000088260 0.0000110539 0.0000000009 0.0000000000 -0.0000305185 0.0000000018
662 0.0000000002 0.0000087859 0.0000111414 0.0000000000 0.0000000000 0.0000000000 0.0000000002
663 0.0000000002 0.0000087454 0.0000112291 0.0000000000 0.0000000000 0.0000000000 0.0000000002
664 0.0000000002 0.0000087044 0.0000113172 0.0000000000 0.0000000000 0.0000000000 0.0000000002
665 0.0000000002 0.0000086630 0.0000114056 0.0000000000 0.0000000000 0.0000000000 0.0000000002
666 0.0000000002 0.0000086211 0.0000114943 0.0000000000 0.0000000000 0.0000000000 0.0000000002
667 0.0000000002 0.0000085787 0.0000115833 0.0000000000 0.0000000000 0.0000000000 0.0000000002
668 0.0000000002 0.0000085359 0.0000116726 0.0000000000 0.0000000000 0.0000000000 0.0000000002
669 0.0000000002 0.0000084926 0.0000117623 0.0000000000 0.0000000000 0.0000000000 0.0000000002
670 0.0000000002 0.0000084488 0.0000118522 0.0000000000 0.0000000000 0.0000000000 0.0000000002
671 0.0000000002 0.0000084046 0.0000119426 0.0000000000 0.0000000000 0.0000000000 0.0000000002
672 0.0000000002 0.0000083598 0.0000120332 0.0000000000 0.0000000000 0.0000000000 0.0000000002
673 0.0000000002 0.0000083146 0.0000121243 0.0000000009 0.0000000000 0.0000305185 0.0000000004
674 0.0000000002 0.0000082688 0.0000122156 0.0000000009 -0.0000305185 0.0000000000 0.0000000017
675 0.0000000002 0.0000082226 0.0000123073 0.0000000000 0.0000000000 0.0000000000 0.0000000002
676 0.0000000002 0.0000081758 0.0000123994 0.0000000000 0.0000000000 0.0000000000 0.0000000002
677 0.0000000002 0.0000081285 0.0000124918 0.0000000000 0.0000000000 0.0000000000 0.0000000002
678 0.0000000002 0.0000080807 0.0000125846 0.0000000000 0.0000000000 0.0000000000 0.0000000002
679 0.0000000002 0.0000080324 0.0000126778 0.0000000000 0.0000000000 0.0000000000 0.0000000002
680 0.0000000002 0.0000079835 0.0000127713 0.0000000000 0.0000000000 0.0000000000 0.0000000002
681 0.0000000002 0.0000079341 0.0000128652 0.0000000009 0.0000000000 -0.0000305185 0.0000000019
682 0.0000000002 0.0000078841 0.0000129595 0.0000000000 0.0000000000 0.0000000000 0.0000000002
683 0.0000000002 0.0000078336 0.0000130542 0.0000000000 0.0000000000 0.0000000000 0.0000000002
684 0.0000000002 0.0000077826 0.0000131493 0.0000000000 0.0000000000 0.0000000000 0.0000000002
685 0.0000000002 0.0000077309 0.0000132447 0.0000000000 0.0000000000 0.0000000000 0.0000000002
686 0.0000000002 0.0000076787 0.0000133406 0.0000000000 0.0000000000 0.0000000000 0.0000000002
687 0.0000000002 0.0000076259 0.0000134369 0.0000000009 -0.0000305185 0.0000000000 0.0000000016
688 0.0000000002 0.0000075726 0.0000135335 0.0000000009 -0.0000305185 0.0000000000 0.0000000016
689 0.0000000002 0.0000075186 0.0000136306 0.0000000009 -0.0000305185 0.0000000000 0.0000000016
690 0.0000000002 0.0000074640 0.0000137281 0.0000000009 -0.0000305185 0.0000000000 0.0000000016
691 0.0000000002 0.0000074089 0.0000138261 0.0000000000 0.0000000000 0.0000000000 0.0000000002
692 0.0000000002 0.0000073531 0.0000139245 0.0000000000 0.0000000000 0.0000000000 0.0000000002
693 0.0000000002 0.0000072967 0.0000140233 0.0000000009 -0.0000305185 0.0000000000 0.0000000016
694 0.0000000003 0.0000072397 0.0000141225 0.0000000000 0.0000000000 0.0000000000 0.0000000003
695 0.0000000003 0.0000071820 0.0000142222 0.0000000009 -0.0000305185 0.0000000000 0.0000000016
696 0.0000000003 0.0000071237 0.0000143223 0.0000000009 -0.0000305185 0.0000000000 0.0000000016
697 0.0000000003 0.0000070647 0.0000144229 0.0000000000 0.0000000000 0.0000000000 0.0000000003
698 0.0000000003 0.0000070051 0.0000145240 0.0000000000 0.0000000000 0.0000000000 0.0000000003
699 0.0000000003 0.0000069448 0.0000146255 0.0000000009 -0.0000305185 0.0000000000 0.0000000016
700 0.0000000003 0.0000068838 0.0000147275 0.0000000000 0.0000000000 0.0000000000 0.0000000003
701 0.0000000003 0.0000068222 0.0000148299 0.0000000000 0.0000000000 0.0000000000 0.0000000003
702 0.0000000003 0.0000067598 0.0000149329 0.0000000009 -0.0000305185 0.0000000000 0.0000000016
703 0.0000000003 0.0000066968 0.0000150363 0.0000000047 -0.0000305185 -0.0000610370 0.0000000072
704 0.0000000003 0.0000066330 0.0000151403 0.0000000009 0.0000000000 0.0000305185 0.0000000003
705 0.0000000003 0.0000065686 0.0000152447 0.0000000009 0.0000000000 0.0000305185 0.0000000003
706 0.0000000003 0.0000065034 0.0000153496 0.0000000000 0.0000000000 0.0000000000 0.0000000003
707 0.0000000003 0.0000064374 0.0000154551 0.0000000000 0.0000000000 0.0000000000 0.0000000003
708 0.0000000003 0.0000063707 0.0000155611 0.0000000000 0.0000000000 0.0000000000 0.0000000003
709 0.0000000003 0.0000063033 0.0000156676 0.0000000000 0.0000000000 0.0000000000 0.0000000003
710 0.0000000003 0.0000062351 0.0000157746 0.0000000009 -0.0000305185 0.0000000000 0.0000000016
711 0.0000000003 0.0000061661 0.0000158822 0.0000000000 0.0000000000 0.0000000000 0.0000000003
712 0.0000000003 0.0000060963 0.0000159903 0.0000000000 0.0000000000 0.0000000000 0.0000000003
713 0.0000000003 0.0000060257 0.0000160990 0.0000000000 0.0000000000 0.0000000000 0.0000000003
714 0.0000000003 0.0000059544 0.0000162082 0.0000000000 0.0000000000 0.0000000000 0.0000000003
715 0.0000000003 0.0000058822 0.0000163180 0.0000000019 -0.0000305185 0.0000305185 0.0000000015
716 0.0000000003 0.0000058091 0.0000164284 0.0000000000 0.0000000000 0.0000000000 0.0000000003
717 0.0000000003 0.0000057353 0.0000165393 0.0000000000 0.0000000000 0.0000000000 0.0000000003
718 0.0000000003 0.0000056605 0.0000166509 0.0000000000 0.0000000000 0.0000000000 0.0000000003
719 0.0000000003 0.0000055849 0.0000167630 0.0000000000 0.0000000000 0.0000000000 0.0000000003
720 0.0000000003 0.0000055085 0.0000168758 0.0000000009 -0.0000305185 0.0000000000 0.0000000016
721 0.0000000003 0.0000054311 0.0000169891 0.0000000009 -0.0000305185 0.0000000000 0.0000000016
722 0.0000000003 0.0000053529 0.0000171031 0.0000000000 0.0000000000 0.0000000000 0.0000000003
723 0.0000000003 0.0000052737 0.0000172177 0.0000000009 -0.0000305185 0.0000000000 0.0000000016
724 0.0000000003 0.0000051936 0.0000173329 0.0000000000 0.0000000000 0.0000000000 0.0000000003
725 0.0000000003 0.0000051126 0.0000174488 0.0000000009 -0.0000305185 0.0000000000 0.0000000016
726 0.0000000003 0.0000050307 0.0000175653 0.0000000009 -0.0000305185 0.0000000000 0.0000000016
727 0.0000000003 0.0000049477 0.0000176825 0.0000000009 -0.0000305185 0.0000000000 0.0000000016
728 0.0000000003 0.0000048638 0.0000178003 0.0000000000 0.0000000000 0.0000000000 0.0000000003
729 0.0000000003 0.0000047789 0.0000179188 0.0000000000 0.0000000000 0.0000000000 0.0000000003
730 0.0000000003 0.0000046930 0.0000180380 0.0000000009 -0.0000305185 0.0000000000 0.0000000016
731 0.0000000004 0.0000046061 0.0000181579 0.0000000000 0.0000000000 0.0000000000 0.0000000004
732 0.0000000004 0.0000045181 0.0000182785 0.0000000009 -0.0000305185 0.0000000000 0.0000000016
733 0.0000000004 0.0000044291 0.0000183998 0.0000000009 -0.0000305185 0.0000000000 0.0000000016
734 0.0000000004 0.0000043390 0.0000185219 0.0000000000 0.0000000000 0.0000000000 0.0000000004
735 0.0000000004 0.0000042479 0.0000186446 0.0000000000 0.0000000000 0.0000000000 0.0000000004
736 0.0000000004 0.0000041556 0.0000187681 0.0000000009 -0.0000305185 0.0000000000 0.0000000016
737 0.0000000004 0.0000040623 0.0000188924 0.0000000009 -0.0000305185 0.0000000000 0.0000000016
738 0.0000000004 0.0000039678 0.0000190174 0.0000000009 -0.0000305185 0.0000000000 0.0000000016
739 0.0000000004 0.0000038721 0.0000191431 0.0000000000 0.0000000000 0.0000000000 0.0000000004
740 0.0000000004 0.0000037753 0.0000192697 0.0000000000 0.0000000000 0.0000000000 0.0000000004
741 0.0000000004 0.0000036774 0.0000193970 0.0000000009 0.0000000000 0.0000305185 0.0000000001
742 0.0000000004 0.0000035782 0.0000195252 0.0000000000 0.0000000000 0.0000000000 0.0000000004
743 0.0000000004 0.0000034778 0.0000196542 0.0000000000 0.0000000000 0.0000000000 0.0000000004
744 0.0000000004 0.0000033762 0.0000197839 0.0000000000 0.0000000000 0.0000000000 0.0000000004
745 0.0000000004 0.0000032733 0.0000199146 0.0000000009 -0.0000305185 0.0000000000 0.0000000015
746 0.0000000004 0.0000031691 0.0000200460 0.0000000009 -0.0000305185 0.0000000000 0.0000000015
747 0.0000000004 0.0000030637 0.0000201783 0.0000000009 -0.0000305185 0.0000000000 0.0000000015
748 0.0000000004 0.0000029569 0.0000203115 0.0000000009 -0.0000305185 0.0000000000 0.0000000015
749 0.0000000004 0.0000028489 0.0000204456 0.0000000000 0.0000000000 0.0000000000 0.0000000004
750 0.0000000004 0.0000027394 0.0000205806 0.0000000009 -0.0000305185 0.0000000000 0.0000000015
751 0.0000000004 0.0000026286 0.0000207164 0.0000000009 -0.0000305185 0.0000000000 0.0000000015
752 0.0000000004 0.0000025164 0.0000208532 0.0000000009 0.0000000000 0.0000305185 0.0000000001
753 0.0000000004 0.0000024028 0.0000209909 0.0000000009 -0.0000305185 0.0000000000 0.0000000015
754 0.0000000005 0.0000022877 0.0000211296 0.0000000009 0.0000000000 0.0000305185 0.0000000001
755 0.0000000005 0.0000021712 0.0000212692 0.0000000000 0.0000000000 0.0000000000 0.0000000005
756 0.0000000005 0.0000020532 0.0000214098 0.0000000000 0.0000000000 0.0000000000 0.0000000005
757 0.0000000005 0.0000019336 0.0000215514 0.0000000009 -0.0000305185 0.0000000000 0.0000000015
758 0.0000000005 0.0000018126 0.0000216939 0.0000000000 0.0000000000 0.0000000000 0.0000000005
759 0.0000000005 0.0000016899 0.0000218375 0.0000000000 0.0000000000 0.0000000000 0.0000000005
760 0.0000000005 0.0000015657 0.0000219821 0.0000000009 -0.0000305185 0.0000000000 0.0000000015
761 0.0000000005 0.0000014399 0.0000221278 0.0000000009 -0.0000305185 0.0000000000 0.0000000015
762 0.0000000005 0.0000013124 0.0000222745 0.0000000000 0.0000000000 0.0000000000 0.0000000005
763 0.0000000005 0.0000011833 0.0000224223 0.0000000009 -0.0000305185 0.0000000000 0.0000000015
764 0.0000000005 0.0000010525 0.0000225712 0.0000000019 -0.0000305185 0.0000305185 0.0000000011
765 0.0000000005 0.0000009199 0.0000227212 0.0000000009 -0.0000305185 0.0000000000 0.0000000015
766 0.0000000005 0.0000007856 0.0000228723 0.0000000000 0.0000000000 0.0000000000 0.0000000005
767 0.0000000005 0.0000006495 0.0000230245 0.0000000009 -0.0000305185 0.0000000000 0.0000000015
768 0.0000000005 0.0000005116 0.0000231779 0.0000000019 -0.0000305185 0.0000305185 0.0000000010
769 0.0000000005 0.0000003719 0.0000233325 0.0000000000 0.0000000000 0.0000000000 0.0000000005
770 0.0000000006 0.0000002303 0.0000234883 0.0000000000 0.0000000000 0.0000000000 0.0000000006
771 0.0000000006 0.0000000867 0.0000236452 0.0000000009 -0.0000305185 0.0000000000 0.0000000015
772 0.0000000006 -0.0000000587 0.0000238034 0.0000000009 -0.0000305185 0.0000000000 0.0000000015
773 0.0000000006 -0.0000002062 0.0000239629 0.0000000000 0.0000000000 0.0000000000 0.0000000006
774 0.0000000006 -0.0000003557 0.0000241236 0.0000000000 0.0000000000 0.0000000000 0.0000000006
775 0.0000000006 -0.0000005072 0.0000242856 0.0000000000 0.0000000000 0.0000000000 0.0000000006
776 0.0000000006 -0.0000006608 0.0000244489 0.0000000009 0.0000000000 0.0000305185 0.0000000000
777 0.0000000006 -0.0000008165 0.0000246135 0.0000000009 -0.0000305185 0.0000000000 0.0000000015
778 0.0000000006 -0.0000009743 0.0000247795 0.0000000009 -0.0000305185 0.0000000000 0.0000000015
779 0.0000000006 -0.0000011344 0.0000249469 0.0000000000 0.0000000000 0.0000000000 0.0000000006
780 0.0000000006 -0.0000012967 0.0000251156 0.0000000009 -0.0000305185 0.0000000000 0.0000000015
781 0.0000000006 -0.0000014613 0.0000252858 0.0000000000 0.0000000000 0.0000000000 0.0000000006
782 0.0000000007 -0.0000016282 0.0000254573 0.0000000009 -0.0000305185 0.0000000000 0.0000000015
783 0.0000000007 -0.0000017975 0.0000256304 0.0000000009 -0.0000305185 0.0000000000 0.0000000015
784 0.0000000007 -0.0000019692 0.0000258049 0.0000000009 -0.0000305185 0.0000000000 0.0000000015
785 0.0000000007 -0.0000021433 0.0000259809 0.0000000009 0.0000000000 0.0000305185 0.0000000000
786 0.0000000007 -0.0000023200 0.0000261585 0.0000000019 -0.0000305185 0.0000305185 0.0000000008
787 0.0000000007 -0.0000024991 0.0000263376 0.0000000009 -0.0000305185 0.0000000000 0.0000000015
788 0.0000000007 -0.0000026809 0.0000265183 0.0000000019 -0.0000305185 0.0000305185 0.0000000008
789 0.0000000007 -0.0000028653 0.0000267006 0.0000000009 -0.0000305185 0.0000000000 0.0000000015
790 0.0000000007 -0.0000030525 0.0000268846 0.0000000009 -0.0000305185 0.0000000000 0.0000000015
791 0.0000000007 -0.0000032423 0.0000270702 0.0000000009 0.0000000000 0.0000305185 0.0000000000
792 0.0000000008 -0.0000034350 0.0000272575 0.0000000000 0.0000000000 0.0000000000 0.0000000008
793 0.0000000008 -0.0000036305 0.0000274465 0.0000000019 -0.0000305185 0.0000305185 0.0000000007
794 0.0000000008 -0.0000038290 0.0000276373 0.0000000009 -0.0000305185 0.0000000000 0.0000000015
795 0.0000000008 -0.0000040304 0.0000278298 0.0000000019 -0.0000305185 0.0000305185 0.0000000007
796 0.0000000008 -0.0000042348 0.0000280242 0.0000000009 -0.0000305185 0.0000000000 0.0000000015
797 0.0000000008 -0.0000044423 0.0000282204 0.0000000009 -0.0000305185 0.0000000000 0.0000000015
798 0.0000000008 -0.0000046530 0.0000284185 0.0000000019 -0.0000305185 0.0000305185 0.0000000007
799 0.0000000008 -0.0000048669 0.0000286184 0.0000000009 -0.0000305185 0.0000000000 0.0000000015
800 0.0000000009 -0.0000050841 0.0000288204 0.0000000009 0.0000000000 0.0000305185 0.0000000000
801 0.0000000009 -0.0000053046 0.0000290243 0.0000000019 -0.0000305185 0.0000305185 0.0000000006
802 0.0000000009 -0.0000055285 0.0000292302 0.0000000000 0.0000000000 0.0000000000 0.0000000009
803 0.0000000009 -0.0000057560 0.0000294382 0.0000000009 -0.0000305185 0.0000000000 0.0000000015
804 0.0000000009 -0.0000059870 0.0000296482 0.0000000009 -0.0000305185 0.0000000000 0.0000000015
805 0.0000000009 -0.0000062216 0.0000298604 0.0000000019 -0.0000305185 0.0000305185 0.0000000006
806 0.0000000009 -0.0000064599 0.0000300747 0.0000000019 -0.0000305185 0.0000305185 0.0000000006
807 0.0000000010 -0.0000067021 0.0000302913 0.0000000019 -0.0000305185 0.0000305185 0.0000000006
808 0.0000000010 -0.0000069481 0.0000305101 0.0000000000 0.0000000000 0.0000000000 0.0000000010
809 0.0000000010 -0.0000071980 0.0000307311 0.0000000009 0.0000000000 0.0000305185 0.0000000001
810 0.0000000010 -0.0000074520 0.0000309545 0.0000000009 0.0000000000 0.0000305185 0.0000000001
811 0.0000000010 -0.0000077102 0.0000311803 0.0000000009 -0.0000305185 0.0000000000 0.0000000015
812 0.0000000011 -0.0000079725 0.0000314085 0.0000000019 -0.0000305185 0.0000305185 0.0000000005
813 0.0000000011 -0.0000082392 0.0000316392 0.0000000000 0.0000000000 0.0000000000 0.0000000011
814 0.0000000011 -0.0000085103 0.0000318724 0.0000000009 -0.0000305185 0.0000000000 0.0000000015
815 0.0000000011 -0.0000087859 0.0000321082 0.0000000009 -0.0000305185 0.0000000000 0.0000000015
816 0.0000000011 -0.0000090661 0.0000323465 0.0000000019 -0.0000305185 0.0000305185 0.0000000005
817 0.0000000011 -0.0000093510 0.0000325876 0.0000000019 -0.0000305185 0.0000305185 0.0000000005
818 0.0000000012 -0.0000096407 0.0000328313 0.0000000009 0.0000000000 0.0000305185 0.0000000001
819 0.0000000012 -0.0000099354 0.0000330779 0.0000000019 -0.0000305185 0.0000305185 0.0000000004
820 0.0000000012 -0.0000102351 0.0000333273 0.0000000009 -0.0000305185 0.0000000000 0.0000000015
821 0.0000000012 -0.0000105399 0.0000335795 0.0000000019 -0.0000305185 0.0000305185 0.0000000004
822 0.0000000013 -0.0000108501 0.0000338348 0.0000000009 -0.0000305185 0.0000000000 0.0000000015
823 0.0000000013 -0.0000111656 0.0000340930 0.0000000019 -0.0000305185 0.0000305185 0.0000000004
824 0.0000000013 -0.0000114867 0.0000343543 0.0000000019 -0.0000305185 0.0000305185 0.0000000004
825 0.0000000013 -0.0000118135 0.0000346187 0.0000000019 -0.0000305185 0.0000305185 0.0000000004
826 0.0000000014 -0.0000121461 0.0000348864 0.0000000019 -0.0000305185 0.0000305185 0.0000000004
827 0.0000000014 -0.0000124846 0.0000351573 0.0000000019 -0.0000305185 0.0000305185 0.0000000003
828 0.0000000014 -0.0000128292 0.0000354316 0.0000000019 -0.0000305185 0.0000305185 0.0000000003
829 0.0000000014 -0.0000131800 0.0000357093 0.0000000019 -0.0000305185 0.0000305185 0.0000000003
830 0.0000000015 -0.0000135373 0.0000359905 0.0000000019 -0.0000305185 0.0000305185 0.0000000003
831 0.0000000015 -0.0000139011 0.0000362753 0.0000000047 -0.0000305185 0.0000610370 0.0000000009
832 0.0000000015 -0.0000142716 0.0000365637 0.0000000037 0.0000000000 -0.0000610370 0.0000000097
833 0.0000000016 -0.0000146490 0.0000368559 0.0000000009 -0.0000305185 0.0000000000 0.0000000016
834 0.0000000016 -0.0000150334 0.0000371519 0.0000000019 -0.0000305185 0.0000305185 0.0000000003
835 0.0000000016 -0.0000154251 0.0000374517 0.0000000009 -0.0000305185 0.0000000000 0.0000000016
836 0.0000000017 -0.0000158243 0.0000377556 0.0000000009 -0.0000305185 0.0000000000 0.0000000016
837 0.0000000017 -0.0000162310 0.0000380636 0.0000000009 -0.0000305185 0.0000000000 0.0000000017
838 0.0000000017 -0.0000166456 0.0000383757 0.0000000019 -0.0000305185 0.0000305185 0.0000000003
839 0.0000000018 -0.0000170683 0.0000386922 0.0000000037 -0.0000610370 0.0000000000 0.0000000034
840 0.0000000018 -0.0000174991 0.0000390130 0.0000000019 -0.0000305185 0.0000305185 0.0000000002
841 0.0000000019 -0.0000179385 0.0000393383 0.0000000019 -0.0000305185 0.0000305185 0.0000000002
842 0.0000000019 -0.0000183865 0.0000396682 0.0000000019 -0.0000305185 0.0000305185 0.0000000002
843 0.0000000020 -0.0000188435 0.0000400028 0.0000000019 -0.0000305185 0.0000305185 0.0000000002
844 0.0000000020 -0.0000193096 0.0000403423 0.0000000019 -0.0000305185 0.0000305185 0.0000000002
845 0.0000000020 -0.0000197852 0.0000406867 0.0000000037 -0.0000610370 0.0000000000 0.0000000034
846 0.0000000021 -0.0000202705 0.0000410361 0.0000000019 -0.0000305185 0.0000305185 0.0000000002
847 0.0000000021 -0.0000207657 0.0000413908 0.0000000019 -0.0000305185 0.0000305185 0.0000000002
848 0.0000000022 -0.0000212713 0.0000417508 0.0000000019 -0.0000305185 0.0000305185 0.0000000002
849 0.0000000022 -0.0000217873 0.0000421163 0.0000000047 -0.0000305185 0.0000610370 0.0000000004
850 0.0000000023 -0.0000223142 0.0000424874 0.0000000019 -0.0000305185 0.0000305185 0.0000000002
851 0.0000000024 -0.0000228523 0.0000428642 0.0000000019 -0.0000305185 0.0000305185 0.0000000002
852 0.0000000024 -0.0000234019 0.0000432470 0.0000000019 -0.0000305185 0.0000305185 0.0000000002
853 0.0000000025 -0.0000239634 0.0000436358 0.0000000075 -0.0000610370 0.0000610370 0.0000000017
854 0.0000000025 -0.0000245370 0.0000440309 0.0000000019 -0.0000305185 0.0000305185 0.0000000002
855 0.0000000026 -0.0000251232 0.0000444324 0.0000000019 -0.0000305185 0.0000305185 0.0000000002
856 0.0000000027 -0.0000257223 0.0000448404 0.0000000047 -0.0000610370 0.0000305185 0.0000000015
857 0.0000000027 -0.0000263348 0.0000452553 0.0000000019 -0.0000305185 0.0000305185 0.0000000002
858 0.0000000028 -0.0000269610 0.0000456771 0.0000000019 -0.0000305185 0.0000305185 0.0000000002
859 0.0000000029 -0.0000276015 0.0000461060 0.0000000019 -0.0000305185 0.0000305185 0.0000000003
860 0.0000000030 -0.0000282565 0.0000465423 0.0000000047 -0.0000610370 0.0000305185 0.0000000013
861 0.0000000030 -0.0000289267 0.0000469862 0.0000000047 -0.0000610370 0.0000305185 0.0000000013
862 0.0000000031 -0.0000296125 0.0000474379 0.0000000047 -0.0000610370 0.0000305185 0.0000000013
863 0.0000000032 -0.0000303144 0.0000478976 0.0000000047 -0.0000610370 0.0000305185 0.0000000012
864 0.0000000033 -0.0000310328 0.0000483656 0.0000000047 -0.0000610370 0.0000305185 0.0000000012
865 0.0000000034 -0.0000317685 0.0000488421 0.0000000019 -0.0000305185 0.0000305185 0.0000000003
866 0.0000000035 -0.0000325219 0.0000493275 0.0000000019 -0.0000305185 0.0000305185 0.0000000004
867 0.0000000036 -0.0000332937 0.0000498218 0.0000000047 -0.0000610370 0.0000305185 0.0000000011
868 0.0000000037 -0.0000340845 0.0000503255 0.0000000047 -0.0000610370 0.0000305185 0.0000000011
869 0.0000000038 -0.0000348949 0.0000508389 0.0000000047 -0.0000610370 0.0000305185 0.0000000011
870 0.0000000039 -0.0000357256 0.0000513622 0.0000000047 -0.0000610370 0.0000305185 0.0000000011
871 0.0000000040 -0.0000365774 0.0000518957 0.0000000047 -0.0000610370 0.0000305185 0.0000000011
872 0.0000000042 -0.0000374509 0.0000524399 0.0000000047 -0.0000610370 0.0000305185 0.0000000010
873 0.0000000043 -0.0000383470 0.0000529950 0.0000000047 -0.0000610370 0.0000305185 0.0000000010
874 0.0000000044 -0.0000392665 0.0000535615 0.0000000047 -0.0000610370 0.0000305185 0.0000000010
875 0.0000000045 -0.0000402103 0.0000541397 0.0000000075 -0.0000610370 0.0000610370 0.0000000005
876 0.0000000047 -0.0000411792 0.0000547300 0.0000000075 -0.0000610370 0.0000610370 0.0000000004
877 0.0000000048 -0.0000421743 0.0000553329 0.0000000047 -0.0000610370 0.0000305185 0.0000000010
878 0.0000000050 -0.0000431964 0.0000559487 0.0000000047 -0.0000610370 0.0000305185 0.0000000010
879 0.0000000052 -0.0000442467 0.0000565780 0.0000000047 -0.0000610370 0.0000305185 0.0000000010
880 0.0000000053 -0.0000453262 0.0000572212 0.0000000093 -0.0000915555 0.0000305185 0.0000000029
881 0.0000000055 -0.0000464362 0.0000578789 0.0000000047 -0.0000610370 0.0000305185 0.0000000010
882 0.0000000057 -0.0000475777 0.0000585516 0.0000000047 -0.0000610370 0.0000305185 0.0000000010
883 0.0000000059 -0.0000487521 0.0000592399 0.0000000047 -0.0000610370 0.0000305185 0.0000000010
884 0.0000000061 -0.0000499608 0.0000599443 0.0000000075 -0.0000610370 0.0000610370 0.0000000001
885 0.0000000063 -0.0000512051 0.0000606655 0.0000000075 -0.0000610370 0.0000610370 0.0000000001
886 0.0000000065 -0.0000524866 0.0000614041 0.0000000047 -0.0000610370 0.0000305185 0.0000000010
887 0.0000000068 -0.0000538068 0.0000621609 0.0000000075 -0.0000610370 0.0000610370 0.0000000001
888 0.0000000070 -0.0000551674 0.0000629366 0.0000000093 -0.0000915555 0.0000305185 0.0000000024
889 0.0000000073 -0.0000565702 0.0000637319 0.0000000075 -0.0000610370 0.0000610370 0.0000000000
890 0.0000000075 -0.0000580170 0.0000645477 0.0000000047 -0.0000610370 0.0000305185 0.0000000012
891 0.0000000078 -0.0000595098 0.0000653849 0.0000000075 -0.0000610370 0.0000610370 0.0000000000
892 0.0000000081 -0.0000610507 0.0000662443 0.0000000075 -0.0000610370 0.0000610370 0.0000000000
893 0.0000000084 -0.0000626420 0.0000671269 0.0000000093 -0.0000915555 0.0000305185 0.0000000022
894 0.0000000088 -0.0000642859 0.0000680338 0.0000000075 -0.0000610370 0.0000610370 0.0000000001
895 0.0000000091 -0.0000659850 0.0000689661 0.0000000121 -0.0000915555 0.0000610370 0.0000000007
896 0.0000000095 -0.0000677420 0.0000699249 0.0000000121 -0.0000915555 0.0000610370 0.0000000006
897 0.0000000099 -0.0000695596 0.0000709114 0.0000000121 -0.0000915555 0.0000610370 0.0000000006
898 0.0000000103 -0.0000714409 0.0000719270 0.0000000121 -0.0000915555 0.0000610370 0.0000000005
899 0.0000000107 -0.0000733892 0.0000729731 0.0000000121 -0.0000915555 0.0000610370 0.0000000005
900 0.0000000112 -0.0000754078 0.0000740512 0.0000000121 -0.0000915555 0.0000610370 0.0000000004
901 0.0000000117 -0.0000775004 0.0000751628 0.0000000121 -0.0000915555 0.0000610370 0.0000000004
902 0.0000000122 -0.0000796709 0.0000763096 0.0000000121 -0.0000915555 0.0000610370 0.0000000004
903 0.0000000127 -0.0000819236 0.0000774936 0.0000000121 -0.0000915555 0.0000610370 0.0000000004
904 0.0000000133 -0.0000842629 0.0000787165 0.0000000121 -0.0000915555 0.0000610370 0.0000000004
905 0.0000000139 -0.0000866937 0.0000799807 0.0000000121 -0.0000915555 0.0000610370 0.0000000004
906 0.0000000146 -0.0000892212 0.0000812881 0.0000000121 -0.0000915555 0.0000610370 0.0000000004
907 0.0000000153 -0.0000918509 0.0000826414 0.0000000186 -0.0001220740 0.0000610370 0.0000000014
908 0.0000000160 -0.0000945890 0.0000840430 0.0000000233 -0.0001220740 0.0000915555 0.0000000008
909 0.0000000168 -0.0000974418 0.0000854959 0.0000000168 -0.0000915555 0.0000915555 0.0000000001
910 0.0000000177 -0.0001004165 0.0000870029 0.0000000186 -0.0001220740 0.0000610370 0.0000000011
911 0.0000000186 -0.0001035205 0.0000885675 0.0000000186 -0.0001220740 0.0000610370 0.0000000011
912 0.0000000195 -0.0001067623 0.0000901931 0.0000000186 -0.0001220740 0.0000610370 0.0000000011
913 0.0000000206 -0.0001101507 0.0000918836 0.0000000233 -0.0001220740 0.0000915555 0.0000000001
914 0.0000000217 -0.0001136954 0.0000936432 0.0000000186 -0.0001220740 0.0000610370 0.0000000011
915 0.0000000229 -0.0001174071 0.0000954764 0.0000000186 -0.0001220740 0.0000610370 0.0000000012
916 0.0000000242 -0.0001212973 0.0000973882 0.0000000233 -0.0001220740 0.0000915555 0.0000000000
917 0.0000000256 -0.0001253786 0.0000993841 0.0000000317 -0.0001525925 0.0000915555 0.0000000008
918 0.0000000271 -0.0001296651 0.0001014699 0.0000000233 -0.0001220740 0.0000915555 0.0000000002
919 0.0000000287 -0.0001341718 0.0001036523 0.0000000317 -0.0001525925 0.0000915555 0.0000000005
920 0.0000000305 -0.0001389156 0.0001059383 0.0000000317 -0.0001525925 0.0000915555 0.0000000004
921 0.0000000324 -0.0001439149 0.0001083359 0.0000000317 -0.0001525925 0.0000915555 0.0000000004
922 0.0000000345 -0.0001491902 0.0001108539 0.0000000317 -0.0001525925 0.0000915555 0.0000000004
923 0.0000000368 -0.0001547642 0.0001135019 0.0000000317 -0.0001525925 0.0000915555 0.0000000005
924 0.0000000393 -0.0001606621 0.0001162908 0.0000000484 -0.0001831111 0.0001220740 0.0000000005
925 0.0000000421 -0.0001669120 0.0001192325 0.0000000419 -0.0001831111 0.0000915555 0.0000000010
926 0.0000000451 -0.0001735453 0.0001223405 0.0000000484 -0.0001831111 0.0001220740 0.0000000001
927 0.0000000484 -0.0001805973 0.0001256298 0.0000000484 -0.0001831111 0.0001220740 0.0000000000
928 0.0000000521 -0.0001881077 0.0001291174 0.0000000484 -0.0001831111 0.0001220740 0.0000000001
929 0.0000000561 -0.0001961213 0.0001328224 0.0000000540 -0.0002136296 0.0000915555 0.0000000020
930 0.0000000606 -0.0002046891 0.0001367665 0.0000000745 -0.0002441481 0.0001220740 0.0000000018
931 0.0000000656 -0.0002138689 0.0001409745 0.0000000745 -0.0002441481 0.0001220740 0.0000000013
932 0.0000000712 -0.0002237269 0.0001454744 0.0000000745 -0.0002441481 0.0001220740 0.0000000010
933 0.0000000775 -0.0002343394 0.0001502989 0.0000000745 -0.0002441481 0.0001220740 0.0000000009
934 0.0000000846 -0.0002457941 0.0001554853 0.0000000903 -0.0002746666 0.0001220740 0.0000000019
935 0.0000000926 -0.0002581931 0.0001610772 0.0000000903 -0.0002746666 0.0001220740 0.0000000018
936 0.0000001017 -0.0002716556 0.0001671252 0.0000001164 -0.0003051851 0.0001525925 0.0000000013
937 0.0000001121 -0.0002863215 0.0001736889 0.0000001164 -0.0003051851 0.0001525925 0.0000000008
938 0.0000001241 -0.0003023565 0.0001808390 0.0000001164 -0.0003051851 0.0001525925 0.0000000008
939 0.0000001380 -0.0003199579 0.0001886593 0.0000001462 -0.0003357036 0.0001831111 0.0000000003
940 0.0000001541 -0.0003393628 0.0001972509 0.0000001462 -0.0003357036 0.0001831111 0.0000000002
941 0.0000001730 -0.0003608586 0.0002067361 0.0000001909 -0.0003967406 0.0001831111 0.0000000018
942 0.0000001953 -0.0003847971 0.0002172644 0.0000002030 -0.0003967406 0.0002136296 0.0000000002
943 0.0000002219 -0.0004116134 0.0002290212 0.0000002282 -0.0004272591 0.0002136296 0.0000000005
944 0.0000002539 -0.0004418522 0.0002422381 0.0000002552 -0.0004577776 0.0002136296 0.0000000011
945 0.0000002929 -0.0004762050 0.0002572093 0.0000002980 -0.0004882962 0.0002441481 0.0000000003
946 0.0000003411 -0.0005155625 0.0002743137 0.0000003614 -0.0005493332 0.0002441481 0.0000000021
947 0.0000004013 -0.0005610923 0.0002940481 0.0000003772 -0.0005493332 0.0002746666 0.0000000005
948 0.0000004780 -0.0006143555 0.0003170765 0.0000004657 -0.0006103702 0.0003051851 0.0000000002
949 0.0000005775 -0.0006774874 0.0003443070 0.0000006054 -0.0007019257 0.0003357036 0.0000000007
950 0.0000007099 -0.0007534888 0.0003770161 0.0000007162 -0.0007629627 0.0003662221 0.0000000002
951 0.0000008909 -0.0008467133 0.0004170555 0.0000008876 -0.0008545183 0.0003967406 0.0000000005
952 0.0000011471 -0.0009637268 0.0004672177 0.0000011633 -0.0009765923 0.0004577776 0.0000000003
953 0.0000015260 -0.0011149172 0.0005319208 0.0000015442 -0.0011291849 0.0005188147 0.0000000004
954 0.0000021191 -0.0013177484 0.0006185923 0.0000021757 -0.0013428144 0.0006103702 0.0000000007
955 0.0000031216 -0.0016040231 0.0007407581 0.0000030111 -0.0015869625 0.0007019257 0.0000000018
956 0.0000050124 -0.0020383977 0.0009259165 0.0000050192 -0.0020447401 0.0009155553 0.0000000001
957 0.0000092411 -0.0027755799 0.0012398646 0.0000092030 -0.0027771844 0.0012207404 0.0000000004
958 0.0000220656 -0.0043008494 0.0018889917 0.0000219824 -0.0043031098 0.0018616291 0.0000000008
959 0.0001031778 -0.0093255406 0.0040264256 0.0001018147 -0.0092776269 0.0039674062 0.0000000058
960 0.0048590302 0.0641682163 -0.0272299500 0.0017108043 0.0312204352 -0.0271309549 0.0010855661
961 0.0000634981 0.0073547819 -0.0030668033 0.0000627023 0.0072939238 -0.0030823695 0.0000000039
962 0.0000181094 0.0039379146 -0.0016131553 0.0000181153 0.0039368877 -0.0016174810 0.0000000000
963 0.0000085083 0.0027060808 -0.0010887930 0.0000084197 0.0026856288 -0.0010986663 0.0000000005
964 0.0000049601 0.0020713262 -0.0008183608 0.0000048599 0.0020447401 -0.0008239998 0.0000000007
965 0.0000032638 0.0016843507 -0.0006533014 0.0000031667 0.0016479995 -0.0006714072 0.0000000016
966 0.0000023212 0.0014238569 -0.0005420271 0.0000022726 0.0014038514 -0.0005493332 0.0000000005
967 0.0000017426 0.0012366156 -0.0004618994 0.0000017286 0.0012207404 -0.0004882962 0.0000000009
968 0.0000013615 0.0010955933 -0.0004014208 0.0000013235 0.0010681478 -0.0004272591 0.0000000014
969 0.0000010968 0.0009856030 -0.0003541319 0.0000010292 0.0009460738 -0.0003662221 0.0000000017
970 0.0000009054 0.0008974558 -0.0003161247 0.0000008960 0.0008850368 -0.0003357036 0.0000000005
971 0.0000007622 0.0008252658 -0.0002848956 0.0000007423 0.0007934812 -0.0003357036 0.0000000036
972 0.0000006523 0.0007650886 -0.0002587668 0.0000006417 0.0007629627 -0.0002441481 0.0000000002
973 0.0000005660 0.0007141816 -0.0002365718 0.0000005104 0.0006714072 -0.0002441481 0.0000000019
974 0.0000004970 0.0006705788 -0.0002174741 0.0000004703 0.0006408887 -0.0002441481 0.0000000016
975 0.0000004408 0.0006328342 -0.0002008585 0.0000004182 0.0006103702 -0.0002136296 0.0000000007
976 0.0000003945 0.0005998603 -0.0001862623 0.0000003819 0.0005798517 -0.0002136296 0.0000000011
977 0.0000003559 0.0005708240 -0.0001733308 0.0000003353 0.0005493332 -0.0001831111 0.0000000006
978 0.0000003233 0.0005450758 -0.0001617875 0.0000002925 0.0005188147 -0.0001525925 0.0000000008
979 0.0000002955 0.0005221022 -0.0001514139 0.0000002617 0.0004882962 -0.0001525925 0.0000000011
980 0.0000002717 0.0005014919 -0.0001420346 0.0000002328 0.0004577776 -0.0001525925 0.0000000020
981 0.0000002510 0.0004829114 -0.0001335076 0.0000002245 0.0004577776 -0.0001220740 0.0000000008
982 0.0000002330 0.0004660876 -0.0001257164 0.0000002245 0.0004577776 -0.0001220740 0.0000000001
983 0.0000002173 0.0004507948 -0.0001185647 0.0000001975 0.0004272591 -0.0001220740 0.0000000006
984 0.0000002034 0.0004368448 -0.0001119720 0.0000001975 0.0004272591 -0.0001220740 0.0000000002
985 0.0000001911 0.0004240793 -0.0001058707 0.0000001723 0.0003967406 -0.0001220740 0.0000000010
986 0.0000001801 0.0004123644 -0.0001002036 0.0000001723 0.0003967406 -0.0001220740 0.0000000007
987 0.0000001703 0.0004015860 -0.0000949216 0.0000001490 0.0003662221 -0.0001220740 0.0000000020
988 0.0000001615 0.0003916464 -0.0000899829 0.0000001425 0.0003662221 -0.0000915555 0.0000000006
989 0.0000001536 0.0003824612 -0.0000853512 0.0000001211 0.0003357036 -0.0000915555 0.0000000022
990 0.0000001464 0.0003739575 -0.0000809949 0.0000001211 0.0003357036 -0.0000915555 0.0000000016
991 0.0000001399 0.0003660717 -0.0000768867 0.0000001211 0.0003357036 -0.0000915555 0.0000000011
992 0.0000001340 0.0003587483 -0.0000730025 0.0000001211 0.0003357036 -0.0000915555 0.0000000009
993 0.0000001287 0.0003519386 -0.0000693211 0.0000001211 0.0003357036 -0.0000915555 0.0000000008
994 0.0000001238 0.0003455996 -0.0000658236 0.0000001211 0.0003357036 -0.0000915555 0.0000000008
995 0.0000001193 0.0003396933 -0.0000624934 0.0000001015 0.0003051851 -0.0000915555 0.0000000020
996 0.0000001152 0.0003341861 -0.0000593157 0.0000000969 0.0003051851 -0.0000610370 0.0000000008
997 0.0000001114 0.0003290481 -0.0000562772 0.0000000969 0.0003051851 -0.0000610370 0.0000000006
998 0.0000001080 0.0003242525 -0.0000533658 0.0000000792 0.0002746666 -0.0000610370 0.0000000025
999 0.0000001048 0.0003197756 -0.0000505709 0.0000000969 0.0003051851 -0.0000610370 0.0000000003
1000 0.0000001019 0.0003155958 -0.0000478828 0.0000000969 0.0003051851 -0.0000610370 0.0000000003
1001 0.0000000992 0.0003116940 -0.0000452924 0.0000000969 0.0003051851 -0.0000610370 0.0000000003
1002 0.0000000967 0.0003080531 -0.0000427919 0.0000000941 0.0003051851 -0.0000305185 0.0000000002
1003 0.0000000944 0.0003046573 -0.0000403738 0.0000000792 0.0002746666 -0.0000610370 0.0000000013
1004 0.0000000923 0.0003014927 -0.0000380315 0.0000000764 0.0002746666 -0.0000305185 0.0000000008
1005 0.0000000904 0.0002985467 -0.0000357586 0.0000000941 0.0003051851 -0.0000305185 0.0000000001
1006 0.0000000886 0.0002958079 -0.0000335496 0.0000000764 0.0002746666 -0.0000305185 0.0000000005
1007 0.0000000870 0.0002932659 -0.0000313991 0.0000000764 0.0002746666 -0.0000305185 0.0000000003
1008 0.0000000855 0.0002909114 -0.0000293022 0.0000000764 0.0002746666 -0.0000305185 0.0000000003
1009 0.0000000841 0.0002887360 -0.0000272544 0.0000000764 0.0002746666 -0.0000305185 0.0000000002
1010 0.0000000829 0.0002867322 -0.0000252514 0.0000000764 0.0002746666 -0.0000305185 0.0000000002
1011 0.0000000817 0.0002848930 -0.0000232891 0.0000000764 0.0002746666 -0.0000305185 0.0000000002
1012 0.0000000807 0.0002832124 -0.0000213639 0.0000000764 0.0002746666 -0.0000305185 0.0000000002
1013 0.0000000797 0.0002816849 -0.0000194721 0.0000000764 0.0002746666 -0.0000305185 0.0000000002
1014 0.0000000789 0.0002803054 -0.0000176104 0.0000000596 0.0002441481 0.0000000000 0.0000000016
1015 0.0000000781 0.0002790698 -0.0000157756 0.0000000605 0.0002441481 -0.0000305185 0.0000000014
1016 0.0000000775 0.0002779740 -0.0000139646 0.0000000764 0.0002746666 -0.0000305185 0.0000000003
1017 0.0000000769 0.0002770148 -0.0000121745 0.0000000605 0.0002441481 -0.0000305185 0.0000000014
1018 0.0000000764 0.0002761891 -0.0000104024 0.0000000605 0.0002441481 -0.0000305185 0.0000000014
1019 0.0000000760 0.0002754946 -0.0000086457 0.0000000764 0.0002746666 -0.0000305185 0.0000000005
1020 0.0000000756 0.0002749292 -0.0000069015 0.0000000764 0.0002746666 -0.0000305185 0.0000000006
1021 0.0000000754 0.0002744911 -0.0000051674 0.0000000605 0.0002441481 -0.0000305185 0.0000000016
1022 0.0000000752 0.0002741791 -0.0000034408 0.0000000605 0.0002441481 -0.0000305185 0.0000000016
1023 0.0000000751 0.0002739922 -0.0000017192 0.0000000596 0.0002441481 0.0000000000 0.0000000009
