#int double real img int16 real16 img16 error
0 0.0094466811 0.0971940384 0.0000000000 0.0001698175 0.0130314035 0.0000000000 0.0070833491
1 0.0094513450 0.0972161145 0.0006099833 0.0000459058 0.0067751091 -0.0000610370 0.0081800257
2 0.0094653572 0.0972824074 0.0012208459 0.0011948871 0.0314645833 0.0143131809 0.0045033952
3 0.0094887797 0.0973931108 0.0018334718 0.0003862775 0.0196539201 -0.0000305185 0.0060468562
4 0.0095217159 0.0975485497 0.0024487531 0.0018689022 -0.0430310984 -0.0041505173 0.0198061878
5 0.0095643128 0.0977491822 0.0030675953 0.0066811385 -0.0625019074 -0.0526749474 0.0287876428
6 0.0096167611 0.0979956028 0.0036909213 0.0015205514 0.0295419172 -0.0254524369 0.0055352424
7 0.0096792982 0.0982885474 0.0043196763 0.0031891149 -0.0528275399 -0.0199591052 0.0234255311
8 0.0097522100 0.0986288985 0.0049548331 0.0044620842 -0.0236518448 0.0624713889 0.0182607344
9 0.0098358341 0.0990176918 0.0055973967 0.0043232705 0.0205084384 0.0624713889 0.0093983539
10 0.0099305634 0.0994561246 0.0062484104 0.0019375020 0.0193792535 0.0395214698 0.0075194018
11 0.0100368497 0.0999455650 0.0069089619 0.0023164095 -0.0368358409 0.0309762871 0.0192883891
12 0.0101552096 0.1004875628 0.0075801894 0.0040630813 0.0126651814 0.0624713889 0.0107258145
13 0.0102862292 0.1010838626 0.0082632891 0.0013760162 0.0018311106 0.0370494705 0.0106797530
14 0.0104305718 0.1017364179 0.0089595230 0.0001855466 -0.0035401471 0.0131534776 0.0111007444
15 0.0105889848 0.1024474083 0.0096702273 0.0003593383 0.0183721427 0.0046693319 0.0070936592
16 0.0107623092 0.1032192585 0.0103968219 0.0039065220 -0.0625019074 -0.0001831111 0.0275754398
17 0.0109514902 0.1040546603 0.0111408214 0.0078129769 -0.0625019074 -0.0625019074 0.0331643417
18 0.0111575890 0.1049565977 0.0119038466 0.0039224718 -0.0625019074 0.0039979247 0.0281048545
19 0.0113817970 0.1059283759 0.0126876378 0.0020531561 -0.0146488845 -0.0428785058 0.0176264720
20 0.0116254526 0.1069736539 0.0134940701 0.0048138094 -0.0625019074 0.0301217689 0.0289984463
21 0.0118900601 0.1080964827 0.0143251701 0.0054158158 -0.0388500626 -0.0625019074 0.0274956870
22 0.0121773123 0.1093013480 0.0151831354 0.0012923858 -0.0277718436 0.0228278451 0.0188475015
23 0.0124891169 0.1105932210 0.0160703566 0.0060104829 -0.0625019074 -0.0458693197 0.0337984470
24 0.0128276275 0.1119776153 0.0169894425 0.0039196488 0.0041199988 0.0624713889 0.0137018729
25 0.0131952801 0.1134606537 0.0179432493 0.0040227115 0.0109561449 0.0624713889 0.0124899295
26 0.0135948369 0.1150491459 0.0189349139 0.0038543954 0.0078432569 0.0615863521 0.0133122478
27 0.0140294375 0.1167506779 0.0199678929 0.0051280056 -0.0350047304 0.0624713889 0.0248362511
28 0.0145026609 0.1185737174 0.0210460080 0.0005183285 -0.0000305185 -0.0227668081 0.0159865276
29 0.0150185994 0.1205277369 0.0221734985 0.0017492684 0.0025025178 0.0417493210 0.0143131652
30 0.0155819481 0.1226233589 0.0233550841 0.0010295701 0.0124515519 -0.0295724357 0.0149391494
31 0.0161981130 0.1248725268 0.0245960378 0.0032081671 -0.0242011780 -0.0512100589 0.0279695338
32 0.0168733432 0.1272887090 0.0259022729 0.0046076355 0.0265511032 0.0624713889 0.0114853655
33 0.0176148923 0.1298871414 0.0272804469 0.0020142617 -0.0430921354 -0.0125431074 0.0315077457
34 0.0184312184 0.1326851192 0.0287380860 0.0014667372 -0.0152592547 0.0351268044 0.0219283535
35 0.0193322318 0.1357023479 0.0302837345 0.0039268763 -0.0572222053 -0.0255439924 0.0403366183
36 0.0203296047 0.1389613708 0.0319271371 0.0008193764 -0.0148930326 0.0244453261 0.0237271549
37 0.0214371616 0.1424880892 0.0336794603 0.0021191536 -0.0085757012 0.0452284310 0.0229536475
38 0.0226713756 0.1463124041 0.0355535661 0.0039394267 0.0164189581 0.0605792413 0.0174985917
39 0.0240520032 0.1504690098 0.0375643492 0.0000179458 0.0034180731 0.0025025178 0.0228533100
40 0.0256029058 0.1549983860 0.0397291594 0.0006277469 0.0215460677 0.0127872555 0.0185353875
41 0.0273531222 0.1599480464 0.0420683333 0.0033700334 0.0188604389 0.0549027985 0.0200704365
42 0.0293382854 0.1653741268 0.0446058693 0.0049250897 0.0493179113 -0.0499282815 0.0224057508
43 0.0316025137 0.1713434237 0.0473702953 0.0046470664 -0.0272835475 0.0624713889 0.0396807167
44 0.0342009708 0.1779360410 0.0503957944 0.0005665935 0.0218817713 0.0093691824 0.0260361180
45 0.0372033770 0.1852488671 0.0537236839 0.0030449122 0.0215155492 0.0508133183 0.0268170696
46 0.0406989015 0.1934002024 0.0574043835 0.0015900584 -0.0214239937 0.0336313974 0.0467145901
47 0.0448030938 0.2025360085 0.0615000735 0.0064199471 -0.0501724296 0.0624713889 0.0638624982
48 0.0496678884 0.2128384824 0.0660883412 0.0011804573 0.0312204352 -0.0143436995 0.0394544282
49 0.0554963514 0.2245380304 0.0712672740 0.0063560480 -0.0495315409 0.0624713889 0.0751914975
50 0.0625649260 0.2379303288 0.0771627150 0.0012926149 -0.0053407392 -0.0355540635 0.0718858847
51 0.0712578865 0.2534011809 0.0839388353 0.0002426476 -0.0083925901 -0.0131229591 0.0779569705
52 0.0821223240 0.2714636721 0.0918139354 0.0020280312 0.0406506546 0.0193792535 0.0585214322
53 0.0959589643 0.2928153580 0.1010847684 0.0019942119 0.0052797021 0.0443433943 0.0858963369
54 0.1139782873 0.3184293320 0.1121652700 0.0078091629 -0.0625019074 0.0624713889 0.1475780910
55 0.1380818050 0.3497051533 0.1256507492 0.0050522956 0.0339060640 0.0624713889 0.1037206963
56 0.1713980882 0.3887311884 0.1424294611 0.0021247093 0.0326242866 -0.0325632496 0.1574345743
57 0.2193764730 0.4387677794 0.1638880983 0.0072050562 0.0624713889 0.0574663533 0.1529245613
58 0.2922169614 0.5052034871 0.1923184807 0.0046944252 0.0624713889 0.0281380657 0.2229669195
59 0.4108931200 0.5976301852 0.2318000900 0.0070593810 0.0624713889 0.0561845759 0.3172357460
60 0.6244404359 0.7349342781 0.2903653608 0.0001138257 0.0090334788 -0.0056764428 0.6145727199
61 1.0711369570 0.9601536844 0.3863183394 0.0053073026 0.0569170202 0.0454725791 0.9320123039
62 2.2798435673 1.3972248082 0.5723691139 0.0044863168 -0.0443739128 0.0501724296 2.3508962495
63 7.9939371457 2.6095751081 1.0881428679 0.0018656284 0.0177007355 -0.0393993957 7.9891643196
64 611.7156545501 22.7677423118 9.6615508368 0.0043960447 -0.0625019074 -0.0221259194 614.9936466281
65 12.9893167252 -3.3088266574 -1.4286297198 0.0069983738 -0.0625019074 -0.0556047243 12.4238220209
66 2.7778938719 -1.5259989532 -0.6702395593 0.0012759526 -0.0031128880 -0.0355845820 2.7219689077
67 1.1633865832 -0.9848129114 -0.4399205756 0.0051660282 -0.0543534654 -0.0470290231 1.0201185527
68 0.6310220715 -0.7232507978 -0.3285275558 0.0058620136 -0.0625019074 -0.0442213202 0.5174191318
69 0.3929877312 -0.5691288619 -0.2628308766 0.0058228621 -0.0576799829 -0.0499588000 0.3068944768
70 0.2667810611 -0.4675547741 -0.2194848383 0.0048907553 -0.0313730277 -0.0625019074 0.2148981565
71 0.1921094951 -0.3955875340 -0.1887326100 0.0066715015 -0.0625019074 -0.0525833918 0.1294826442
72 0.1444065182 -0.3419431795 -0.1657750890 0.0013297881 -0.0284127323 0.0228583636 0.1338839208
73 0.1121524672 -0.3004252204 -0.1479768703 0.0011010143 -0.0324106571 -0.0071108127 0.0916750523
74 0.0893694219 -0.2673479190 -0.1337703709 0.0022156641 -0.0019837031 -0.0470290231 0.0779422285
75 0.0727075391 -0.2403816027 -0.1221647418 0.0032998819 -0.0154423658 -0.0553300577 0.0550645353
76 0.0601728721 -0.2179815438 -0.1125029716 0.0063289141 -0.0492568743 0.0624713889 0.0590840409
77 0.0505192732 -0.1990830553 -0.1043322111 0.0036480902 -0.0586565752 -0.0144047365 0.0278065470
78 0.0429359883 -0.1829284652 -0.0973301850 0.0028790028 -0.0294808802 -0.0448316904 0.0263022533
79 0.0368774222 -0.1689638972 -0.0912612933 0.0003116256 0.0169988098 0.0047608875 0.0438023876
80 0.0319657061 -0.1567750706 -0.0859493070 0.0078129769 -0.0625019074 -0.0625019074 0.0094372099
81 0.0279325646 -0.1460459307 -0.0812597733 0.0039426343 -0.0625019074 -0.0060121464 0.0126418092
82 0.0245833703 -0.1365311684 -0.0770883286 0.0045373387 -0.0625019074 -0.0251167333 0.0081813782
83 0.0217742177 -0.1280374761 -0.0733527262 0.0032529227 0.0204168828 0.0532547990 0.0380681621
84 0.0193968980 -0.1204104637 -0.0699872721 0.0078129769 -0.0625019074 -0.0625019074 0.0034094316
85 0.0173688126 -0.1135253352 -0.0669388593 0.0009089909 -0.0177312540 -0.0243842891 0.0109873974
86 0.0156260554 -0.1072801233 -0.0641640908 0.0025837629 0.0173955504 -0.0477614673 0.0158130697
87 0.0141185766 -0.1015906989 -0.0616271568 0.0048865827 -0.0357676931 -0.0600604266 0.0043351227
88 0.0128067423 -0.0963870342 -0.0592982457 0.0059621117 -0.0453810236 0.0624713889 0.0174294570
89 0.0116588494 -0.0916103684 -0.0571523385 0.0013959002 -0.0208441420 0.0310068056 0.0127798935
90 0.0106493031 -0.0872110295 -0.0551682823 0.0041131066 -0.0625019074 0.0143742180 0.0054467001
91 0.0097572642 -0.0831467437 -0.0533280714 0.0011634689 -0.0320444349 -0.0116885891 0.0043452924
92 0.0089656326 -0.0793813073 -0.0516162824 0.0022328089 -0.0410473952 -0.0234076968 0.0022652131
93 0.0082602742 -0.0758835362 -0.0500196273 0.0017490896 -0.0219733268 -0.0355845820 0.0031146812
94 0.0076294281 -0.0726264251 -0.0485265960 0.0044848229 -0.0240485855 -0.0625019074 0.0025551158
95 0.0070632469 -0.0695864705 -0.0471271686 0.0039656347 -0.0076906644 -0.0625019074 0.0040674734
96 0.0065534369 -0.0667431219 -0.0458125813 0.0054888369 -0.0398266549 0.0624713889 0.0124499144
97 0.0060929753 -0.0640783318 -0.0445751358 0.0031976277 -0.0558793909 0.0086672567 0.0029019750
98 0.0056758848 -0.0615761866 -0.0434080415 0.0078091629 -0.0625019074 0.0624713889 0.0112113107
99 0.0052970536 -0.0592226006 -0.0423052860 0.0007874189 0.0278328806 0.0035706656 0.0096832597
100 0.0049520905 -0.0570050606 -0.0412615263 0.0040700023 -0.0625019074 -0.0127872555 0.0008409994
101 0.0046372070 -0.0549124134 -0.0402719981 0.0003274590 -0.0135502182 0.0119937742 0.0044425421
102 0.0043491217 -0.0529346855 -0.0393324394 0.0003465970 -0.0176091800 -0.0060426649 0.0023561004
103 0.0040849817 -0.0510629316 -0.0384390261 0.0052650096 -0.0616473891 -0.0382702109 0.0001120592
104 0.0038422975 -0.0492891058 -0.0375883169 0.0026555201 -0.0453810236 0.0244148076 0.0038596605
105 0.0036188895 -0.0476059511 -0.0367772065 0.0020256208 -0.0245979186 0.0376903592 0.0060747879
106 0.0034128431 -0.0460069053 -0.0360028857 0.0003586044 0.0146794031 -0.0119632557 0.0042607318
107 0.0032224715 -0.0444860201 -0.0352628067 0.0026276197 0.0090945158 -0.0504470962 0.0031014365
108 0.0030462841 -0.0430378910 -0.0345546533 0.0010900138 -0.0323191015 -0.0067445906 0.0008882920
109 0.0028829601 -0.0416575965 -0.0338763153 0.0006499734 0.0175481429 0.0184942167 0.0062479922
110 0.0027313259 -0.0403406456 -0.0332258660 0.0078091629 -0.0625019074 0.0624713889 0.0096490861
111 0.0025903361 -0.0390829319 -0.0326015425 0.0042679838 -0.0625019074 0.0190130314 0.0032125127
112 0.0024590575 -0.0378806930 -0.0320017286 0.0012553290 -0.0298776208 -0.0190435499 0.0002319636
113 0.0023366547 -0.0367304759 -0.0314249402 0.0011300929 -0.0315866573 0.0115054781 0.0018694797
114 0.0022223784 -0.0356291054 -0.0308698114 0.0078091629 -0.0625019074 0.0624713889 0.0094347272
115 0.0021155551 -0.0345736569 -0.0303350836 0.0035853721 0.0328684347 0.0500503555 0.0110102546
116 0.0020155780 -0.0335614326 -0.0298195947 0.0031911527 -0.0505386517 -0.0252388073 0.0003092096
117 0.0019218997 -0.0325899394 -0.0293222702 0.0002869701 -0.0156559954 0.0064699240 0.0015678396
118 0.0018340250 -0.0316568703 -0.0288421147 0.0036708960 -0.0575273904 -0.0190130314 0.0007658947
119 0.0017515055 -0.0307600874 -0.0283782055 0.0018618396 -0.0425122837 0.0073854793 0.0014171553
120 0.0016739342 -0.0298976066 -0.0279296853 0.0013892465 0.0370799890 -0.0037842952 0.0050689982
121 0.0016009411 -0.0290675840 -0.0274957567 0.0039566190 -0.0625019074 -0.0070802942 0.0015346451
122 0.0015321893 -0.0282683041 -0.0270756774 0.0003509671 -0.0162053285 0.0093997009 0.0014759686
123 0.0014673718 -0.0274981684 -0.0266687549 0.0030581890 -0.0301522874 -0.0463576159 0.0003946956
124 0.0014062078 -0.0267556861 -0.0262743430 0.0047864408 -0.0296639912 -0.0625019074 0.0013208947
125 0.0013484410 -0.0260394649 -0.0258918374 0.0026735032 -0.0516983551 0.0008850368 0.0013753796
126 0.0012938361 -0.0253482031 -0.0255206728 0.0024915564 -0.0178838466 -0.0466017640 0.0005001290
127 0.0012421778 -0.0246806824 -0.0251603195 0.0074190592 -0.0625019074 -0.0592669454 0.0025937070
128 0.0011932679 -0.0240357615 -0.0248102808 0.0011459702 -0.0312814722 0.0129398480 0.0014775726
129 0.0011469244 -0.0234123699 -0.0244700904 0.0055391742 -0.0625019074 -0.0404065065 0.0017819613
130 0.0011029797 -0.0228095027 -0.0241393101 0.0057924656 -0.0625019074 -0.0434278390 0.0019475343
131 0.0010612793 -0.0222262154 -0.0238175275 0.0071948548 -0.0625019074 -0.0573442793 0.0027461745
132 0.0010216805 -0.0216616198 -0.0235043546 0.0012036403 -0.0316171758 -0.0142826624 0.0001841527
133 0.0009840515 -0.0211148799 -0.0231994256 0.0057845219 -0.0625019074 -0.0433362835 0.0021183791
134 0.0009482705 -0.0205852078 -0.0229023954 0.0043097422 -0.0625019074 -0.0200811792 0.0017649690
135 0.0009142246 -0.0200718604 -0.0226129382 0.0003384055 -0.0041810358 -0.0179143651 0.0002745949
136 0.0008818090 -0.0195741366 -0.0223307462 0.0031446443 -0.0511795404 0.0229194006 0.0030464773
137 0.0008509269 -0.0190913741 -0.0220555284 0.0002731373 -0.0143436995 -0.0082094790 0.0002142535
138 0.0008214879 -0.0186229468 -0.0217870092 0.0028077383 -0.0393993957 -0.0354319895 0.0006178463
139 0.0007934083 -0.0181682624 -0.0215249279 0.0000584767 0.0017395550 -0.0074465163 0.0005945229
140 0.0007666100 -0.0177267603 -0.0212690369 0.0004022488 -0.0145878475 -0.0137638478 0.0000661806
141 0.0007410203 -0.0172979092 -0.0210191018 0.0001803542 -0.0097964415 -0.0091860714 0.0001962926
142 0.0007165716 -0.0168812056 -0.0207748999 0.0007728233 -0.0268257698 0.0072939238 0.0008867532
143 0.0006932006 -0.0164761718 -0.0205362196 0.0002914733 -0.0106204413 -0.0133671072 0.0000856858
144 0.0006708482 -0.0160823543 -0.0203028600 0.0043036370 -0.0625019074 -0.0199285867 0.0021549150
145 0.0006494595 -0.0156993223 -0.0200746296 0.0071665856 0.0571306497 0.0624713889 0.0121180500
146 0.0006289827 -0.0153266665 -0.0198513466 0.0039072186 -0.0625019074 0.0008545183 0.0026542362
147 0.0006093695 -0.0149639972 -0.0196328376 0.0018326799 -0.0223700674 0.0365001373 0.0032057607
148 0.0005905748 -0.0146109441 -0.0194189373 0.0039047300 -0.0611590930 0.0128177740 0.0032059357
149 0.0005725561 -0.0142671543 -0.0192094884 0.0022778281 -0.0129703665 -0.0459303568 0.0007156865
150 0.0005552737 -0.0139322915 -0.0190043404 0.0022347453 0.0101321451 0.0461745048 0.0048273790
151 0.0005386902 -0.0136060353 -0.0188033499 0.0070872460 -0.0625019074 -0.0563982055 0.0038041795
152 0.0005227704 -0.0132880801 -0.0186063799 0.0062114075 -0.0571001312 0.0543229469 0.0072381825
153 0.0005074816 -0.0129781342 -0.0184132994 0.0000666160 -0.0036011841 -0.0073244423 0.0002108899
154 0.0004927925 -0.0126759191 -0.0182239832 0.0039583625 0.0072023682 -0.0625019074 0.0023556809
155 0.0004786740 -0.0123811688 -0.0180383115 0.0015760430 0.0395519883 -0.0034180731 0.0029108042
156 0.0004650987 -0.0120936291 -0.0178561696 0.0015093283 -0.0388500626 -0.0000305185 0.0010336606
157 0.0004520405 -0.0118130569 -0.0176774477 0.0048528295 -0.0307626576 -0.0625019074 0.0023683196
158 0.0004394750 -0.0115392196 -0.0175020406 0.0039066710 -0.0625019074 -0.0004272591 0.0028887437
159 0.0004273792 -0.0112718946 -0.0173298474 0.0041681129 -0.0161748100 -0.0625019074 0.0020645536
160 0.0004157313 -0.0110108690 -0.0171607714 0.0005542266 -0.0202032533 0.0120853298 0.0009398344
161 0.0004045107 -0.0107559384 -0.0169947198 0.0014529407 -0.0142826624 -0.0353404340 0.0003490030
162 0.0003936980 -0.0105069074 -0.0168316036 0.0005294231 -0.0149540696 0.0174871059 0.0011975511
163 0.0003832747 -0.0102635882 -0.0166713371 0.0040288056 0.0624713889 0.0112308115 0.0060689068
164 0.0003732235 -0.0100258012 -0.0165138382 0.0045496627 -0.0625019074 0.0253608814 0.0045072339
165 0.0003635280 -0.0097933735 -0.0163590279 0.0051858163 -0.0357676931 -0.0625019074 0.0028038306
166 0.0003541724 -0.0095661396 -0.0162068302 0.0039350119 -0.0053407392 -0.0625019074 0.0021610882
167 0.0003451420 -0.0093439403 -0.0160571721 0.0074190592 -0.0625019074 -0.0592669454 0.0046928540
168 0.0003364228 -0.0091266228 -0.0159099833 0.0004037157 -0.0079958495 -0.0184331797 0.0000076452
169 0.0003280015 -0.0089140401 -0.0157651962 0.0001278318 -0.0112613300 0.0010071108 0.0002868201
170 0.0003198655 -0.0087060512 -0.0156227454 0.0006346205 -0.0214850307 -0.0131534776 0.0001693996
171 0.0003120028 -0.0085025201 -0.0154825683 0.0034388177 0.0013428144 0.0586260567 0.0055890189
172 0.0003044019 -0.0083033162 -0.0153446043 0.0031896932 -0.0550248726 -0.0127262185 0.0021897598
173 0.0002970522 -0.0081083137 -0.0152087950 0.0039886445 0.0090639973 -0.0625019074 0.0025315267
174 0.0002899433 -0.0079173918 -0.0150750843 0.0011350693 0.0289620655 0.0172124393 0.0024025786
175 0.0002830653 -0.0077304336 -0.0149434178 0.0026251730 0.0314645833 -0.0404370251 0.0021861734
176 0.0002764091 -0.0075473271 -0.0148137432 0.0031960406 -0.0232856227 -0.0515152440 0.0015946941
177 0.0002699658 -0.0073679639 -0.0146860098 0.0041010061 -0.0625019074 0.0139469588 0.0038595986
178 0.0002637268 -0.0071922397 -0.0145601689 0.0022897637 -0.0473952452 0.0065919980 0.0020636958
179 0.0002576843 -0.0070200539 -0.0144361732 0.0009530508 0.0104373302 0.0290536210 0.0021961225
180 0.0002518304 -0.0068513096 -0.0143139771 0.0015352132 -0.0238349559 -0.0310983612 0.0005701598
181 0.0002461579 -0.0066859131 -0.0141935366 0.0023602235 0.0153813288 -0.0460829493 0.0015038978
182 0.0002406599 -0.0065237741 -0.0140748090 0.0006447241 0.0253913999 -0.0000305185 0.0012158204
183 0.0002353296 -0.0063648054 -0.0139577532 0.0023041153 -0.0364085818 -0.0312814722 0.0012027397
184 0.0002301608 -0.0062089226 -0.0138423292 0.0028328250 -0.0181890316 -0.0500198370 0.0014523351
185 0.0002251473 -0.0060560446 -0.0137284984 0.0041882307 -0.0625019074 0.0167851802 0.0041172200
186 0.0002202835 -0.0059060926 -0.0136162235 0.0078129769 -0.0625019074 -0.0625019074 0.0055928963
187 0.0002155636 -0.0057589908 -0.0135054683 0.0032794335 -0.0050965911 -0.0570390942 0.0018956154
188 0.0002109826 -0.0056146655 -0.0133961977 0.0038136653 -0.0030823695 -0.0616779077 0.0023375360
189 0.0002065352 -0.0054730460 -0.0132883778 0.0002480310 0.0146183660 -0.0058595538 0.0004588523
190 0.0002022167 -0.0053340634 -0.0131819757 0.0006840889 -0.0259102145 -0.0035706656 0.0005157553
191 0.0001980224 -0.0051976512 -0.0130769594 0.0053945496 -0.0385753960 -0.0625019074 0.0035568993
192 0.0001939480 -0.0050637453 -0.0129732980 0.0004114834 -0.0143436995 -0.0143436995 0.0000879955
193 0.0001899891 -0.0049322833 -0.0128709616 0.0044251122 -0.0489211707 0.0450758385 0.0052928539
194 0.0001861417 -0.0048032050 -0.0127699210 0.0010441304 0.0138248848 0.0292062136 0.0021090016
195 0.0001824019 -0.0046764520 -0.0126701479 0.0000090549 0.0018005921 -0.0024109622 0.0001472030
196 0.0001787659 -0.0045519678 -0.0125716150 0.0040006732 -0.0625019074 0.0097048860 0.0038544380
197 0.0001752303 -0.0044296975 -0.0124742957 0.0058945374 -0.0625019074 0.0445875423 0.0066284349
198 0.0001717915 -0.0043095882 -0.0123781640 0.0023340834 -0.0440382092 -0.0198675497 0.0016344542
199 0.0001684463 -0.0041915883 -0.0122831949 0.0029373639 -0.0484328745 0.0243232521 0.0032973234
200 0.0001651915 -0.0040756481 -0.0121893641 0.0060914990 -0.0467848750 0.0624713889 0.0073983061
201 0.0001620241 -0.0039617190 -0.0120966477 0.0054961380 0.0399182104 0.0624713889 0.0074858403
202 0.0001589412 -0.0038497543 -0.0120050228 0.0015299034 -0.0187383648 0.0343333232 0.0023689130
203 0.0001559399 -0.0037397083 -0.0119144669 0.0007484947 -0.0169377728 0.0214850307 0.0012897153
204 0.0001530177 -0.0036315369 -0.0118249584 0.0000349081 -0.0020142216 0.0055543687 0.0003046567
205 0.0001501719 -0.0035251974 -0.0117364759 0.0040496079 0.0119632557 -0.0625019074 0.0028170212
206 0.0001474000 -0.0034206479 -0.0116489990 0.0008031033 -0.0010071108 -0.0283211768 0.0002837867
207 0.0001446997 -0.0033178482 -0.0115625075 0.0004741327 -0.0209967345 -0.0057679983 0.0003461194
208 0.0001420687 -0.0032167590 -0.0114769820 0.0045055554 -0.0625019074 0.0244758446 0.0048073346
209 0.0001395047 -0.0031173423 -0.0113924035 0.0011489692 -0.0056764428 0.0334177679 0.0020145005
210 0.0001370057 -0.0030195609 -0.0113087534 0.0001402583 0.0117191076 -0.0017090365 0.0003093829
211 0.0001345695 -0.0029233790 -0.0112260139 0.0029803257 0.0395519883 -0.0376293222 0.0025012915
212 0.0001321944 -0.0028287615 -0.0111441673 0.0053187167 -0.0623798334 0.0377819147 0.0059400917
213 0.0001298782 -0.0027356746 -0.0110631965 0.0043615613 -0.0625019074 0.0213324381 0.0046214797
214 0.0001276193 -0.0026440851 -0.0109830850 0.0008834041 -0.0160832545 -0.0249946593 0.0003769355
215 0.0001254159 -0.0025539609 -0.0109038165 0.0023498423 -0.0357982116 -0.0326853236 0.0015796143
216 0.0001232663 -0.0024652709 -0.0108253752 0.0046538962 -0.0423291726 0.0534989471 0.0057267491
217 0.0001211688 -0.0023779845 -0.0107477456 0.0050092463 0.0624713889 0.0332651753 0.0061425784
218 0.0001191220 -0.0022920723 -0.0106709129 0.0024251267 0.0408948027 -0.0274361400 0.0021461790
219 0.0001171242 -0.0022075056 -0.0105948623 0.0015209091 -0.0302133244 0.0246589557 0.0020271576
220 0.0001151740 -0.0021242562 -0.0105195795 0.0027330705 -0.0522782067 0.0002441481 0.0026312766
221 0.0001132701 -0.0020422970 -0.0104450506 0.0002861505 0.0090639973 -0.0142826624 0.0001380770
222 0.0001114110 -0.0019616014 -0.0103712620 0.0034019062 0.0132755516 0.0567949461 0.0047434703
223 0.0001095954 -0.0018821436 -0.0102982004 0.0012344736 0.0036622211 0.0349436934 0.0020775689
224 0.0001078221 -0.0018038985 -0.0102258529 0.0051945638 -0.0625019074 0.0358897671 0.0058108987
225 0.0001060899 -0.0017268416 -0.0101542068 0.0001989724 0.0129398480 0.0056154057 0.0004637925
226 0.0001043976 -0.0016509489 -0.0100832497 0.0045937906 0.0606707968 -0.0302133244 0.0042892199
227 0.0001027440 -0.0015761973 -0.0100129697 0.0021820953 0.0286873989 0.0368663594 0.0031135568
228 0.0001011280 -0.0015025641 -0.0099433549 0.0040205824 -0.0625019074 -0.0106814783 0.0037214647
229 0.0000995486 -0.0014300273 -0.0098743939 0.0023402398 -0.0429090243 -0.0223395489 0.0018758873
230 0.0000980048 -0.0013585652 -0.0098060753 0.0015412849 -0.0115970336 0.0375072481 0.0023433768
231 0.0000964956 -0.0012881570 -0.0097383883 0.0005022976 0.0223395489 -0.0018005921 0.0006212771
232 0.0000950199 -0.0012187822 -0.0096713220 0.0038747805 -0.0409558397 0.0468764306 0.0047766821
233 0.0000935769 -0.0011504208 -0.0096048661 0.0027129089 0.0513016144 0.0090029603 0.0030974672
234 0.0000921657 -0.0010830534 -0.0095390102 0.0001041133 0.0067751091 -0.0076296274 0.0000653965
235 0.0000907854 -0.0010166610 -0.0094737444 0.0039404661 -0.0625019074 -0.0058290353 0.0037937194
236 0.0000894352 -0.0009512252 -0.0094090588 0.0046726868 -0.0625019074 0.0276802881 0.0051641061
237 0.0000881143 -0.0008867278 -0.0093449438 0.0030584209 -0.0159611805 -0.0529496139 0.0021286064
238 0.0000868218 -0.0008231512 -0.0092813901 0.0020355977 0.0164189581 -0.0420239875 0.0013693680
239 0.0000855570 -0.0007604784 -0.0092183885 0.0017170585 -0.0414136174 -0.0014038514 0.0017137447
240 0.0000843192 -0.0006986924 -0.0091559301 0.0038235035 -0.0469374676 0.0402539140 0.0045793570
241 0.0000831077 -0.0006377769 -0.0090940060 0.0006386320 -0.0250862148 0.0030518509 0.0007452480
242 0.0000819218 -0.0005777159 -0.0090326077 0.0021428852 0.0451063570 -0.0104068117 0.0020889230
243 0.0000807607 -0.0005184938 -0.0089717268 0.0013549801 -0.0177312540 -0.0322580645 0.0008385326
244 0.0000796239 -0.0004600953 -0.0089113550 0.0019342925 -0.0243537706 0.0366222114 0.0026442134
245 0.0000785108 -0.0004025056 -0.0088514842 0.0051820023 -0.0357676931 -0.0624713889 0.0041257907
246 0.0000774207 -0.0003457101 -0.0087921067 0.0005708778 -0.0234076968 0.0047914060 0.0007163670
247 0.0000763530 -0.0002896945 -0.0087332147 0.0000929451 -0.0087588122 0.0040284433 0.0002345859
248 0.0000753071 -0.0002344451 -0.0086748005 0.0026600830 -0.0363780633 0.0365611744 0.0033526546
249 0.0000742826 -0.0001799483 -0.0086168569 0.0032912359 0.0174260689 0.0546586505 0.0043137617
250 0.0000732788 -0.0001261907 -0.0085593765 0.0012598360 0.0300302133 0.0189214759 0.0016646060
251 0.0000722953 -0.0000731595 -0.0085023522 0.0004058253 -0.0198370312 0.0035096286 0.0005348983
252 0.0000713316 -0.0000208420 -0.0084457771 0.0019791813 -0.0228888821 0.0381481368 0.0026939401
253 0.0000703871 0.0000307742 -0.0083896443 0.0027725768 0.0427564318 0.0307321390 0.0033559957
254 0.0000694613 0.0000817013 -0.0083339471 0.0010001990 -0.0186468093 0.0255439924 0.0014984719
255 0.0000685539 0.0001319509 -0.0082786791 0.0017611360 0.0045472579 0.0417188025 0.0025192431
256 0.0000676644 0.0001815348 -0.0082238337 0.0001698175 0.0000000000 0.0130314035 0.0004518181
257 0.0000667923 0.0002304642 -0.0081694046 0.0000459021 0.0000000000 0.0067751091 0.0002233916
258 0.0000659372 0.0002787501 -0.0081153858 0.0000056153 0.0003051851 0.0023499252 0.0001095234
259 0.0000650987 0.0003264035 -0.0080617710 0.0000120493 -0.0018616291 0.0029297769 0.0001256016
260 0.0000642764 0.0003734349 -0.0080085544 0.0018689022 -0.0041505173 -0.0430310984 0.0012470447
261 0.0000634699 0.0004198547 -0.0079557302 0.0041172642 -0.0146488845 0.0624713889 0.0051870460
262 0.0000626789 0.0004656729 -0.0079032925 0.0009651252 -0.0169072542 0.0260628071 0.0014555145
263 0.0000619029 0.0005108996 -0.0078512359 0.0042897492 -0.0414746544 0.0506912442 0.0051900087
264 0.0000611417 0.0005555444 -0.0077995548 0.0030202213 0.0110477004 0.0538346507 0.0039088606
265 0.0000603948 0.0005996168 -0.0077482438 0.0032604846 0.0287789544 0.0493179113 0.0040506211
266 0.0000596620 0.0006431262 -0.0076972975 0.0021375903 0.0427869503 0.0175176244 0.0024118942
267 0.0000589429 0.0006860816 -0.0076467109 0.0018853662 0.0167241432 0.0400708029 0.0025341806
268 0.0000582372 0.0007284919 -0.0075964788 0.0001292615 0.0101321451 -0.0051576281 0.0000943767
269 0.0000575446 0.0007703660 -0.0075465962 0.0006304032 0.0246284371 0.0048829615 0.0007237015
270 0.0000568648 0.0008117123 -0.0074970581 0.0017055280 0.0253608814 0.0325937681 0.0022099360
271 0.0000561974 0.0008525392 -0.0074478597 0.0009538313 0.0062562944 0.0302438429 0.0014498650
272 0.0000555423 0.0008928550 -0.0073989964 0.0019359513 -0.0142521439 -0.0416272469 0.0014009441
273 0.0000548992 0.0009326675 -0.0073504633 0.0008734038 -0.0295419172 0.0008239998 0.0009955222
274 0.0000542677 0.0009719848 -0.0073022560 0.0041439771 -0.0155339213 0.0624713889 0.0051408065
275 0.0000536476 0.0010108145 -0.0072543699 0.0013759911 0.0354014710 0.0110782189 0.0015188011
276 0.0000530387 0.0010491641 -0.0072068007 0.0009573481 -0.0137028108 -0.0277413251 0.0006392875
277 0.0000524407 0.0010870411 -0.0071595440 0.0033690602 -0.0102542192 0.0571306497 0.0042618532
278 0.0000518534 0.0011244528 -0.0071125955 0.0021149261 0.0057679983 0.0456251717 0.0028028346
279 0.0000512765 0.0011614061 -0.0070659511 0.0011706620 -0.0072023682 0.0334482864 0.0017113562
280 0.0000507099 0.0011979082 -0.0070196066 0.0021657049 -0.0250556963 0.0392162847 0.0028270094
281 0.0000501532 0.0012339657 -0.0069735580 0.0058744279 0.0444044313 0.0624713889 0.0066862897
282 0.0000496063 0.0012695855 -0.0069278013 0.0042159905 -0.0177007355 0.0624713889 0.0051761207
283 0.0000490689 0.0013047740 -0.0068823326 0.0035419624 -0.0163579211 0.0572222053 0.0044213626
284 0.0000485410 0.0013395377 -0.0068371480 0.0039073267 -0.0625019074 0.0009155553 0.0041358345
285 0.0000480221 0.0013738829 -0.0067922439 0.0074916230 0.0624713889 0.0599078341 0.0081818056
286 0.0000475123 0.0014078157 -0.0067476164 0.0062899871 0.0624713889 0.0488601337 0.0068209818
287 0.0000470112 0.0014413424 -0.0067032620 0.0020274388 0.0269478439 0.0360728782 0.0024803798
288 0.0000465187 0.0014744687 -0.0066591769 0.0032674224 -0.0505081332 0.0267647328 0.0038193486
289 0.0000460346 0.0015072005 -0.0066153578 0.0078053489 0.0624713889 0.0624713889 0.0084896108
290 0.0000455588 0.0015395436 -0.0065718011 0.0020918819 0.0311288797 0.0335093234 0.0024820254
291 0.0000450910 0.0015715035 -0.0065285034 0.0043308715 0.0480056154 -0.0450148015 0.0036373219
292 0.0000446311 0.0016030858 -0.0064854614 0.0038021758 -0.0613116855 0.0065614795 0.0041284911
293 0.0000441789 0.0016342958 -0.0064426717 0.0078053489 0.0624713889 0.0624713889 0.0084502996
294 0.0000437344 0.0016651389 -0.0064001310 0.0078053489 0.0624713889 0.0624713889 0.0084406863
295 0.0000432972 0.0016956202 -0.0063578363 0.0054262631 0.0390331736 0.0624713889 0.0061315551
296 0.0000428673 0.0017257449 -0.0063157843 0.0040018617 -0.0625019074 -0.0097659230 0.0041370948
297 0.0000424446 0.0017555179 -0.0062739719 0.0030320126 0.0106814783 0.0540177618 0.0037147659
298 0.0000420288 0.0017849443 -0.0062323962 0.0047936981 -0.0625019074 0.0297860652 0.0054301289
299 0.0000416198 0.0018140287 -0.0061910540 0.0006544580 -0.0053102206 0.0250251778 0.0010252081
300 0.0000412176 0.0018427759 -0.0061499424 0.0031013864 -0.0242316965 0.0501419111 0.0038486509
301 0.0000408220 0.0018711906 -0.0061090585 0.0056686900 0.0624713889 0.0420239875 0.0059891742
302 0.0000404327 0.0018992774 -0.0060683995 0.0015031886 -0.0385448775 -0.0041810358 0.0016392918
303 0.0000400498 0.0019270407 -0.0060279625 0.0007924195 -0.0280465102 -0.0024109622 0.0009114964
304 0.0000396731 0.0019544849 -0.0059877447 0.0039394071 -0.0625019074 -0.0057374798 0.0041546891
305 0.0000393024 0.0019816143 -0.0059477435 0.0042333812 0.0488296152 -0.0430005799 0.0035676479
306 0.0000389377 0.0020084332 -0.0059079561 0.0007226359 0.0049134800 0.0264290292 0.0010541199
307 0.0000385789 0.0020349457 -0.0058683798 0.0044279734 -0.0229194006 0.0624713889 0.0052930434
308 0.0000382257 0.0020611559 -0.0058290121 0.0026479862 -0.0294808802 0.0421765801 0.0032994369
309 0.0000378782 0.0020870679 -0.0057898504 0.0041477846 -0.0156559954 0.0624713889 0.0049744131
310 0.0000375362 0.0021126855 -0.0057508921 0.0039107299 0.0028382214 0.0624713889 0.0046548060
311 0.0000371996 0.0021380127 -0.0057121347 0.0019469267 0.0324411756 0.0299081393 0.0021870856
312 0.0000368683 0.0021630532 -0.0056735758 0.0048831105 -0.0625019074 -0.0312509537 0.0048357594
313 0.0000365421 0.0021878109 -0.0056352129 0.0039793912 0.0087588122 0.0624713889 0.0046816873
314 0.0000362211 0.0022122893 -0.0055970438 0.0045867251 -0.0261543626 0.0624713889 0.0054379785
315 0.0000359051 0.0022364920 -0.0055590659 0.0070662434 -0.0562456130 0.0624713889 0.0080482994
316 0.0000355940 0.0022604227 -0.0055212769 0.0078091629 -0.0625019074 0.0624713889 0.0088171620
317 0.0000352877 0.0022840848 -0.0054836747 0.0040988984 0.0140079958 0.0624713889 0.0047553408
318 0.0000349862 0.0023074817 -0.0054462569 0.0040090789 0.0103152562 0.0624713889 0.0046769311
319 0.0000346893 0.0023306167 -0.0054090213 0.0002203811 -0.0071108127 -0.0130314035 0.0001472413
320 0.0000343969 0.0023534933 -0.0053719657 0.0023359089 -0.0430005799 0.0220648824 0.0028097726
321 0.0000341091 0.0023761146 -0.0053350880 0.0036178735 0.0242927335 -0.0550248726 0.0029494129
322 0.0000338256 0.0023984838 -0.0052983860 0.0052973024 0.0372936186 -0.0625019074 0.0044899133
323 0.0000335465 0.0024206041 -0.0052618576 0.0051385330 0.0560319834 -0.0447096164 0.0044303057
324 0.0000332716 0.0024424785 -0.0052255008 0.0043946952 -0.0625019074 0.0220954009 0.0049642049
325 0.0000330008 0.0024641101 -0.0051893134 0.0045335247 0.0624713889 -0.0251167333 0.0039979756
326 0.0000327342 0.0024855019 -0.0051532936 0.0045415299 -0.0263069552 -0.0620441298 0.0040655728
327 0.0000324715 0.0025066568 -0.0051174392 0.0002843557 0.0166325877 0.0027771844 0.0002618670
328 0.0000322128 0.0025275776 -0.0050817484 0.0050253741 0.0587481307 -0.0396740623 0.0043573788
329 0.0000319580 0.0025482672 -0.0050462191 0.0050110308 0.0332346568 -0.0625019074 0.0042428106
330 0.0000317070 0.0025687284 -0.0050108496 0.0041544738 0.0157475509 -0.0625019074 0.0034789031
331 0.0000314597 0.0025889639 -0.0049756378 0.0052746326 0.0369884335 -0.0625019074 0.0044925952
332 0.0000312161 0.0026089765 -0.0049405820 0.0011487578 0.0331125828 -0.0072328867 0.0009357247
333 0.0000309761 0.0026287687 -0.0049056803 0.0029034748 -0.0535905026 0.0056154057 0.0032712997
334 0.0000307397 0.0026483432 -0.0048709309 0.0008192134 0.0154728843 -0.0240791040 0.0005334228
335 0.0000305067 0.0026677024 -0.0048363321 0.0061527977 0.0473952452 -0.0625019074 0.0053258717
336 0.0000302772 0.0026868491 -0.0048018820 0.0012989101 -0.0357676931 -0.0044251839 0.0014788937
337 0.0000300511 0.0027057855 -0.0047675788 0.0020297887 -0.0137333293 -0.0429090243 0.0017250144
338 0.0000298283 0.0027245142 -0.0047334210 0.0017075724 -0.0022583697 -0.0412610248 0.0013590950
339 0.0000296087 0.0027430376 -0.0046994068 0.0051727509 0.0355845820 -0.0625019074 0.0044196961
340 0.0000293923 0.0027613579 -0.0046655345 0.0041191279 -0.0610675375 -0.0197454756 0.0043015325
341 0.0000291791 0.0027794776 -0.0046318025 0.0048063220 0.0624713889 -0.0300607318 0.0042097547
342 0.0000289690 0.0027973989 -0.0045982091 0.0016333238 0.0363170263 -0.0177312540 0.0012960423
343 0.0000287619 0.0028151240 -0.0045647528 0.0031816564 0.0469374676 -0.0312814722 0.0026605643
344 0.0000285578 0.0028326552 -0.0045314319 0.0010237276 0.0318613239 -0.0029297769 0.0008452289
345 0.0000283567 0.0028499946 -0.0044982448 0.0037924652 0.0205694754 -0.0580462050 0.0031813640
346 0.0000281584 0.0028671444 -0.0044651901 0.0004606994 -0.0082705161 -0.0198065126 0.0003594037
347 0.0000279631 0.0028841067 -0.0044322662 0.0012220154 0.0231940672 -0.0261543626 0.0008843440
348 0.0000277705 0.0029008834 -0.0043994715 0.0015090517 -0.0229499191 -0.0313425092 0.0013941913
349 0.0000275807 0.0029174768 -0.0043668046 0.0015384097 -0.0383007294 -0.0084536271 0.0017156426
350 0.0000273935 0.0029338887 -0.0043342640 0.0001257828 0.0112002930 -0.0005798517 0.0000824291
351 0.0000272091 0.0029501212 -0.0043018482 0.0017234096 -0.0235602893 -0.0341807306 0.0015955495
352 0.0000270273 0.0029661761 -0.0042695559 0.0019961259 0.0368663594 0.0252388073 0.0020199659
353 0.0000268481 0.0029820555 -0.0042373855 0.0056469469 -0.0417188025 -0.0625019074 0.0053929212
354 0.0000266714 0.0029977611 -0.0042053357 0.0002910868 -0.0090945158 -0.0144352550 0.0002508744
355 0.0000264973 0.0030132948 -0.0041734050 0.0041122301 -0.0143436995 -0.0625019074 0.0037034794
356 0.0000263256 0.0030286585 -0.0041415922 0.0005398955 -0.0154728843 0.0173345134 0.0008035302
357 0.0000261563 0.0030438538 -0.0041098958 0.0013299353 0.0363780633 0.0025635548 0.0011557045
358 0.0000259894 0.0030588827 -0.0040783145 0.0028717641 0.0528580584 0.0088198492 0.0026463205
359 0.0000258249 0.0030737468 -0.0040468469 0.0028380407 -0.0426953948 -0.0318613239 0.0028684595
360 0.0000256627 0.0030884479 -0.0040154918 0.0011384484 0.0180059206 -0.0285348064 0.0008237278
361 0.0000255028 0.0031029875 -0.0039842479 0.0024934415 0.0188604389 -0.0462355419 0.0020334691
362 0.0000253451 0.0031173674 -0.0039531139 0.0041430737 0.0153813288 -0.0625019074 0.0035783660
363 0.0000251896 0.0031315892 -0.0039220884 0.0049353963 0.0624713889 -0.0321359905 0.0043172361
364 0.0000250363 0.0031456546 -0.0038911704 0.0006648727 0.0052797021 0.0252388073 0.0008531098
365 0.0000248852 0.0031595649 -0.0038603584 0.0006506840 -0.0253913999 0.0024414808 0.0008548708
366 0.0000247362 0.0031733220 -0.0038296514 0.0034067568 -0.0115054781 0.0572222053 0.0039427964
367 0.0000245893 0.0031869272 -0.0037990480 0.0032427539 -0.0563982055 -0.0078737754 0.0035669914
368 0.0000244444 0.0032003820 -0.0037685471 0.0015371207 0.0390942106 0.0029602954 0.0013336443
369 0.0000243015 0.0032136880 -0.0037381475 0.0049608993 -0.0625019074 -0.0324716941 0.0051441562
370 0.0000241607 0.0032268466 -0.0037078480 0.0005087269 -0.0198980682 0.0106204413 0.0007400616
371 0.0000240218 0.0032398593 -0.0036776475 0.0005978860 0.0013428144 -0.0244148076 0.0004336286
372 0.0000238848 0.0032527274 -0.0036475448 0.0029894308 0.0103762932 0.0536820582 0.0033374286
373 0.0000237498 0.0032654524 -0.0036175388 0.0053830238 0.0390636921 -0.0621051668 0.0047023166
374 0.0000236166 0.0032780356 -0.0035876284 0.0001334518 0.0021362957 -0.0113528855 0.0000616028
375 0.0000234853 0.0032904784 -0.0035578124 0.0001024489 -0.0082094790 0.0059205908 0.0002220891
376 0.0000233558 0.0033027821 -0.0035280897 0.0043695414 0.0624713889 -0.0216071047 0.0038277748
377 0.0000232281 0.0033149480 -0.0034984593 0.0001929762 0.0003967406 -0.0138859218 0.0001164153
378 0.0000231022 0.0033269774 -0.0034689201 0.0013961042 0.0308236946 -0.0211188086 0.0010675880
379 0.0000229780 0.0033388716 -0.0034394710 0.0009800142 -0.0227973266 -0.0214545122 0.0010076426
380 0.0000228556 0.0033506318 -0.0034101109 0.0005811603 0.0206610309 -0.0124210334 0.0003808466
381 0.0000227349 0.0033622593 -0.0033808389 0.0005897960 -0.0057679983 -0.0235908078 0.0004918044
382 0.0000226158 0.0033737552 -0.0033516539 0.0046676266 0.0275887326 -0.0625019074 0.0040851176
383 0.0000224984 0.0033851208 -0.0033225548 0.0038107464 -0.0397350993 -0.0472426527 0.0037883284
384 0.0000223827 0.0033963573 -0.0032935406 0.0048792965 -0.0312509537 0.0624713889 0.0055254621
385 0.0000222685 0.0034074657 -0.0032646104 0.0033321347 -0.0221259194 0.0533158361 0.0038533007
386 0.0000221559 0.0034184473 -0.0032357631 0.0002958108 0.0121463668 -0.0121768853 0.0001561202
387 0.0000220450 0.0034293031 -0.0032069978 0.0005175014 -0.0182500687 -0.0135807367 0.0005776096
388 0.0000219355 0.0034400343 -0.0031783135 0.0039066225 -0.0625019074 -0.0003662221 0.0043562475
389 0.0000218276 0.0034506420 -0.0031497093 0.0019547139 0.0234076968 0.0375072481 0.0020512722
390 0.0000217212 0.0034611271 -0.0031211841 0.0011076597 0.0203863643 -0.0263069552 0.0008240436
391 0.0000216163 0.0034714909 -0.0030927370 0.0048872701 0.0537430952 -0.0447096164 0.0042591989
392 0.0000215128 0.0034817342 -0.0030643671 0.0039235560 0.0491348003 -0.0388500626 0.0033648184
393 0.0000214108 0.0034918582 -0.0030360734 0.0018339094 -0.0093997009 -0.0417798395 0.0016672717
394 0.0000213102 0.0035018638 -0.0030078551 0.0004071218 -0.0142216254 -0.0143131809 0.0004419325
395 0.0000212111 0.0035117521 -0.0029797113 0.0031030060 0.0527970214 -0.0177617725 0.0026475471
396 0.0000211133 0.0035215240 -0.0029516409 0.0040198801 -0.0563066500 0.0291451765 0.0046096161
397 0.0000210169 0.0035311804 -0.0029236432 0.0005515443 0.0111087374 -0.0206915494 0.0003731179
398 0.0000209219 0.0035407224 -0.0028957172 0.0007720996 0.0277413251 0.0015869625 0.0006057636
399 0.0000208282 0.0035501508 -0.0028678621 0.0013518162 -0.0334788049 0.0151982177 0.0016975268
400 0.0000207358 0.0035594666 -0.0028400770 0.0030573098 -0.0410168767 0.0370799890 0.0035806621
401 0.0000206448 0.0035686707 -0.0028123610 0.0005165663 0.0097964415 -0.0205084384 0.0003519363
402 0.0000205550 0.0035777640 -0.0027847133 0.0003489786 -0.0162663656 0.0091860714 0.0005370892
403 0.0000204665 0.0035867472 -0.0027571330 0.0008948181 -0.0014648885 -0.0298776208 0.0007610399
404 0.0000203793 0.0035956214 -0.0027296193 0.0012973892 -0.0145268105 -0.0329599902 0.0012422979
405 0.0000202933 0.0036043874 -0.0027021714 0.0044620842 0.0624713889 -0.0236518448 0.0039042127
406 0.0000202086 0.0036130459 -0.0026747884 0.0049217116 0.0624713889 -0.0319223609 0.0043197250
407 0.0000201251 0.0036215979 -0.0026474695 0.0015843472 0.0082399976 0.0389416181 0.0017509818
408 0.0000200427 0.0036300440 -0.0026202139 0.0029908912 -0.0543229469 0.0063173315 0.0034384289
409 0.0000199616 0.0036383852 -0.0025930207 0.0027878868 0.0183721427 -0.0495010224 0.0024174442
410 0.0000198816 0.0036466223 -0.0025658893 0.0000365473 0.0049439985 -0.0034791101 0.0000025172
411 0.0000198028 0.0036547558 -0.0025388188 0.0055673186 0.0409863582 -0.0623493149 0.0049709440
412 0.0000197252 0.0036627868 -0.0025118084 0.0006555840 -0.0252082888 0.0044862209 0.0008825114
413 0.0000196487 0.0036707158 -0.0024848573 0.0006772218 -0.0191045869 0.0176702170 0.0009249414
414 0.0000195733 0.0036785436 -0.0024579648 0.0031031662 0.0294198431 0.0473036897 0.0031388368
415 0.0000194990 0.0036862710 -0.0024311301 0.0005720877 0.0101931822 -0.0216376232 0.0004112293
416 0.0000194258 0.0036938987 -0.0024043524 0.0002749441 -0.0151066622 -0.0068361461 0.0003731019
417 0.0000193537 0.0037014273 -0.0023776310 0.0026046743 -0.0121768853 -0.0495620594 0.0024784911
418 0.0000192827 0.0037088577 -0.0023509651 0.0003075163 -0.0159611805 -0.0072634053 0.0004110425
419 0.0000192127 0.0037161903 -0.0023243540 0.0015949733 -0.0348521378 0.0195013276 0.0019638763
420 0.0000191438 0.0037234260 -0.0022977969 0.0004729629 -0.0174565874 -0.0129703665 0.0005624967
421 0.0000190759 0.0037305653 -0.0022712932 0.0024580090 0.0455030976 -0.0196844386 0.0020481621
422 0.0000190090 0.0037376089 -0.0022448420 0.0001502594 -0.0018616291 -0.0121158483 0.0001287882
423 0.0000189432 0.0037445576 -0.0022184428 0.0014505918 0.0297555467 0.0237739189 0.0013521744
424 0.0000188784 0.0037514117 -0.0021920946 0.0017102967 -0.0371410260 -0.0181890316 0.0019280935
425 0.0000188145 0.0037581721 -0.0021657969 0.0009977011 0.0145878475 0.0280159917 0.0010282222
426 0.0000187517 0.0037648394 -0.0021395490 0.0066676875 0.0525833918 0.0624713889 0.0065578244
427 0.0000186898 0.0037714140 -0.0021133500 0.0005957587 0.0212408826 -0.0120242927 0.0004034091
428 0.0000186289 0.0037778966 -0.0020871994 0.0000008615 -0.0004272591 -0.0008239998 0.0000192790
429 0.0000185690 0.0037842878 -0.0020610965 0.0015957929 -0.0396130253 -0.0051576281 0.0018929153
430 0.0000185099 0.0037905881 -0.0020350405 0.0015523459 -0.0001831111 0.0393993957 0.0017326028
431 0.0000184519 0.0037967981 -0.0020090308 0.0034445289 0.0019837031 0.0586565752 0.0036836031
432 0.0000183947 0.0038029184 -0.0019830667 0.0007277519 -0.0269478439 0.0012512589 0.0009560702
433 0.0000183385 0.0038089495 -0.0019571475 0.0000868539 0.0092471084 0.0011597034 0.0000392883
434 0.0000182832 0.0038148918 -0.0019312725 0.0050357990 -0.0336619160 0.0624713889 0.0055522139
435 0.0000182288 0.0038207461 -0.0019054412 0.0004089734 0.0059816279 -0.0193182165 0.0003078742
436 0.0000181753 0.0038265126 -0.0018796528 0.0001332115 0.0111392560 0.0030213324 0.0000774959
437 0.0000181227 0.0038321921 -0.0018539067 0.0000010525 -0.0009460738 -0.0003967406 0.0000249552
438 0.0000180709 0.0038377848 -0.0018282022 0.0041830718 0.0312204352 0.0566423536 0.0041686154
439 0.0000180200 0.0038432915 -0.0018025386 0.0048792965 -0.0312509537 0.0624713889 0.0053627438
440 0.0000179700 0.0038487124 -0.0017769155 0.0021437560 -0.0446790979 0.0121463668 0.0025488062
441 0.0000179209 0.0038540481 -0.0017513320 0.0017997231 0.0081789605 0.0416272469 0.0019004060
442 0.0000178725 0.0038592991 -0.0017257876 0.0027123194 -0.0135196997 0.0502945036 0.0030081403
443 0.0000178251 0.0038644658 -0.0017002816 0.0077332368 0.0618915372 0.0624713889 0.0074851443
444 0.0000177784 0.0038695486 -0.0016748134 0.0039179342 0.0624713889 -0.0039063692 0.0034391555
445 0.0000177326 0.0038745479 -0.0016493824 0.0048627394 0.0552995392 0.0424817652 0.0045920879
446 0.0000176876 0.0038794643 -0.0016239879 0.0045787665 0.0260017701 0.0624713889 0.0045976137
447 0.0000176434 0.0038842981 -0.0015986294 0.0048438324 -0.0344248787 0.0604876858 0.0053223036
448 0.0000176000 0.0038890498 -0.0015733062 0.0001824926 0.0095522935 0.0095522935 0.0001558513
449 0.0000175574 0.0038937197 -0.0015480177 0.0021221266 -0.0425428022 -0.0176702170 0.0024162759
450 0.0000175156 0.0038983082 -0.0015227634 0.0041826611 -0.0604876858 -0.0228888821 0.0046020673
451 0.0000174746 0.0039028158 -0.0014975425 0.0053664294 -0.0625019074 -0.0382091739 0.0057573311
452 0.0000174344 0.0039072428 -0.0014723545 0.0014846309 -0.0383922849 0.0032654805 0.0018116971
453 0.0000173949 0.0039115895 -0.0014471989 0.0006914654 -0.0204168828 -0.0165715506 0.0008206206
454 0.0000173562 0.0039158565 -0.0014220750 0.0001999979 -0.0096743675 0.0103152562 0.0003224591
455 0.0000173183 0.0039200439 -0.0013969821 0.0005986506 0.0244453261 0.0010376293 0.0004272145
456 0.0000172811 0.0039241522 -0.0013719198 0.0021111018 -0.0258796960 -0.0379650258 0.0022273248
457 0.0000172447 0.0039281816 -0.0013468875 0.0004502521 -0.0212103641 -0.0006103702 0.0006324889
458 0.0000172090 0.0039321327 -0.0013218845 0.0040739281 -0.0625019074 0.0129398480 0.0046168787
459 0.0000171741 0.0039360056 -0.0012969103 0.0039271660 -0.0625019074 0.0045472579 0.0044481506
460 0.0000171399 0.0039398007 -0.0012719642 0.0025997305 0.0156559954 -0.0485244301 0.0023700647
461 0.0000171065 0.0039435183 -0.0012470459 0.0006580773 0.0252998444 0.0042420728 0.0004862231
462 0.0000170737 0.0039471587 -0.0012221545 0.0000775029 -0.0054322947 0.0069277017 0.0001543943
463 0.0000170417 0.0039507222 -0.0011972897 0.0009202569 -0.0224921415 0.0203558458 0.0011637627
464 0.0000170104 0.0039542092 -0.0011724507 0.0028503563 -0.0305795465 -0.0437635426 0.0030065814
465 0.0000169798 0.0039576199 -0.0011476371 0.0000216620 -0.0041810358 -0.0020447401 0.0000670425
466 0.0000169499 0.0039609546 -0.0011228483 0.0004532549 -0.0209051790 -0.0040284433 0.0006267671
467 0.0000169208 0.0039642135 -0.0010980838 0.0039188059 -0.0625019074 -0.0035096286 0.0044235608
468 0.0000168923 0.0039673969 -0.0010733429 0.0009581929 0.0076296274 -0.0299996948 0.0008501458
469 0.0000168645 0.0039705052 -0.0010486251 0.0046806547 -0.0295419172 0.0617084262 0.0050615299
470 0.0000168374 0.0039735385 -0.0010239298 0.0030250542 -0.0402844325 -0.0374462111 0.0032853506
471 0.0000168110 0.0039764971 -0.0009992566 0.0017329478 -0.0377208777 -0.0176091800 0.0020145606
472 0.0000167853 0.0039793812 -0.0009746048 0.0046561893 -0.0342417676 -0.0590227973 0.0048304489
473 0.0000167603 0.0039821911 -0.0009499739 0.0024981124 -0.0226447340 -0.0445570238 0.0026105679
474 0.0000167359 0.0039849271 -0.0009253634 0.0018506854 -0.0429090243 0.0030823695 0.0022151046
475 0.0000167123 0.0039875892 -0.0009007727 0.0018606018 -0.0313730277 0.0296029542 0.0021808506
476 0.0000166892 0.0039901778 -0.0008762013 0.0030262566 -0.0482802820 -0.0263679922 0.0033820324
477 0.0000166669 0.0039926931 -0.0008516486 0.0012462490 0.0345469527 0.0072634053 0.0009994169
478 0.0000166452 0.0039951352 -0.0008271140 0.0029075365 -0.0498062075 -0.0206610309 0.0032879687
479 0.0000166242 0.0039975044 -0.0008025972 0.0005201354 -0.0208746605 -0.0091860714 0.0006889072
480 0.0000166038 0.0039998008 -0.0007780974 0.0016527011 -0.0357371746 -0.0193792535 0.0019250302
481 0.0000165841 0.0040020247 -0.0007536143 0.0001382363 0.0049134800 -0.0106814783 0.0000993932
482 0.0000165651 0.0040041762 -0.0007291472 0.0023690194 -0.0437635426 0.0213019196 0.0027671229
483 0.0000165467 0.0040062555 -0.0007046956 0.0039051929 -0.0015869625 0.0624713889 0.0040225017
484 0.0000165289 0.0040082627 -0.0006802590 0.0019103756 -0.0398266549 -0.0180059206 0.0022216785
485 0.0000165118 0.0040101981 -0.0006558368 0.0008715048 -0.0282296213 0.0086367382 0.0011257579
486 0.0000164953 0.0040120617 -0.0006314286 0.0027444147 0.0266426588 -0.0451063570 0.0024901632
487 0.0000164795 0.0040138538 -0.0006070338 0.0012817886 -0.0123599963 0.0336008789 0.0014382843
488 0.0000164643 0.0040155745 -0.0005826519 0.0016492364 -0.0384838404 -0.0129703665 0.0019596557
489 0.0000164498 0.0040172238 -0.0005582823 0.0016549914 -0.0326548051 -0.0242622150 0.0019067141
490 0.0000164358 0.0040188020 -0.0005339246 0.0052572950 -0.0577410199 0.0438550981 0.0057846609
491 0.0000164226 0.0040203092 -0.0005095781 0.0005254023 -0.0172124393 0.0151371807 0.0006956507
492 0.0000164099 0.0040217455 -0.0004852425 0.0017924080 -0.0422681356 0.0024109622 0.0021511411
493 0.0000163979 0.0040231110 -0.0004609171 0.0002760329 -0.0125431074 0.0108951079 0.0004033989
494 0.0000163865 0.0040244058 -0.0004366015 0.0021195681 0.0451979125 -0.0087588122 0.0017645168
495 0.0000163757 0.0040256301 -0.0004122951 0.0047574609 0.0292367321 0.0624713889 0.0045899574
496 0.0000163655 0.0040267838 -0.0003879974 0.0023351293 -0.0457167272 -0.0156559954 0.0027075286
497 0.0000163560 0.0040278672 -0.0003637079 0.0001887534 0.0133671072 -0.0031739250 0.0000951187
498 0.0000163471 0.0040288803 -0.0003394261 0.0011839136 0.0249031037 0.0237434004 0.0010157157
499 0.0000163388 0.0040298231 -0.0003151515 0.0022767570 -0.0082399976 0.0469985046 0.0023891306
500 0.0000163311 0.0040306958 -0.0002908835 0.0003811810 -0.0159916990 -0.0112002930 0.0005199115
501 0.0000163241 0.0040314985 -0.0002666217 0.0004401857 -0.0021057772 0.0208746605 0.0004846200
502 0.0000163176 0.0040322311 -0.0002423655 0.0015373507 0.0384228034 -0.0078127384 0.0012400220
503 0.0000163118 0.0040328938 -0.0002181143 0.0012314820 -0.0200811792 0.0287789544 0.0014223185
504 0.0000163066 0.0040334866 -0.0001938678 0.0033218578 -0.0560930204 -0.0132450331 0.0037855298
505 0.0000163020 0.0040340095 -0.0001696254 0.0000902665 0.0004272591 0.0094912564 0.0001063413
506 0.0000162980 0.0040344626 -0.0001453866 0.0016758356 -0.0405285806 -0.0057679983 0.0020174786
507 0.0000162947 0.0040348460 -0.0001211508 0.0002672137 -0.0099490341 0.0129703665 0.0003669367
508 0.0000162919 0.0040351596 -0.0000969176 0.0010552613 -0.0323496200 -0.0029602954 0.0013320511
509 0.0000162898 0.0040354035 -0.0000726864 0.0025090812 -0.0169072542 -0.0471510971 0.0026549717
510 0.0000162882 0.0040355776 -0.0000484567 0.0041563999 -0.0625019074 0.0158085879 0.0046786828
511 0.0000162873 0.0040356822 -0.0000242281 0.0041402656 -0.0625019074 -0.0152897732 0.0046602877
512 0.0000162870 0.0040357170 0.0000000000 0.0001706138 -0.0130619221 0.0000000000 0.0002923293
513 0.0000162873 0.0040356822 0.0000242281 0.0000463166 -0.0068056276 0.0000000000 0.0001175346
514 0.0000162882 0.0040355776 0.0000484567 0.0002096768 -0.0019837031 0.0143436995 0.0002405857
515 0.0000162898 0.0040354035 0.0000726864 0.0000220886 0.0046998505 0.0000000000 0.0000004468
516 0.0000162919 0.0040351596 0.0000969176 0.0018660243 0.0430005799 0.0041199988 0.0015344892
517 0.0000162947 0.0040348460 0.0001211508 0.0019242271 -0.0430616169 -0.0083620716 0.0022900419
518 0.0000162980 0.0040344626 0.0001453866 0.0002287961 -0.0092165899 0.0119937742 0.0003159747
519 0.0000163020 0.0040340095 0.0001696254 0.0012501515 -0.0292062136 0.0199285867 0.0014953290
520 0.0000163066 0.0040334866 0.0001938678 0.0038537137 -0.0610370190 0.0113223670 0.0043580142
521 0.0000163118 0.0040328938 0.0002181143 0.0060972139 0.0468459120 0.0624713889 0.0057084247
522 0.0000163176 0.0040322311 0.0002423655 0.0014278838 0.0377513962 0.0016479995 0.0011389579
523 0.0000163241 0.0040314985 0.0002666217 0.0012816451 0.0169072542 -0.0315561388 0.0011784732
524 0.0000163311 0.0040306958 0.0002908835 0.0010421707 0.0126651814 0.0296945097 0.0009391276
525 0.0000163388 0.0040298231 0.0003151515 0.0011649666 -0.0339976196 -0.0030213324 0.0014572185
526 0.0000163471 0.0040288803 0.0003394261 0.0007752076 0.0014954070 -0.0278023621 0.0007983787
527 0.0000163560 0.0040278672 0.0003637079 0.0001991336 -0.0079958495 0.0116275521 0.0002714439
528 0.0000163655 0.0040267838 0.0003879974 0.0004370498 -0.0209051790 0.0001525925 0.0006216582
529 0.0000163757 0.0040256301 0.0004122951 0.0005634780 -0.0080263680 -0.0223395489 0.0006628971
530 0.0000163865 0.0040244058 0.0004366015 0.0018521784 0.0428479873 -0.0040284433 0.0015272071
531 0.0000163979 0.0040231110 0.0004609171 0.0006248904 0.0213324381 0.0130314035 0.0004576299
532 0.0000164099 0.0040217455 0.0004852425 0.0001834817 -0.0116580706 -0.0068971831 0.0003003568
533 0.0000164226 0.0040203092 0.0005095781 0.0013111894 -0.0200506607 -0.0301522874 0.0015195616
534 0.0000164358 0.0040188020 0.0005339246 0.0048625922 -0.0525223548 -0.0458693197 0.0053501635
535 0.0000164498 0.0040172238 0.0005582823 0.0040600189 -0.0506912442 -0.0386059145 0.0045268508
536 0.0000164643 0.0040155745 0.0005826519 0.0001141173 -0.0105899228 0.0014038514 0.0002139949
537 0.0000164795 0.0040138538 0.0006070338 0.0009990283 0.0271004364 0.0162663656 0.0007782050
538 0.0000164953 0.0040120617 0.0006314286 0.0006043619 0.0231940672 0.0081484420 0.0004244548
539 0.0000165118 0.0040101981 0.0006558368 0.0038206693 -0.0204779199 0.0583208716 0.0039249242
540 0.0000165289 0.0040082627 0.0006802590 0.0004344783 0.0000000000 0.0208441420 0.0004226483
541 0.0000165467 0.0040062555 0.0007046956 0.0006112252 -0.0032654805 -0.0245063631 0.0006884756
542 0.0000165651 0.0040041762 0.0007291472 0.0009026231 -0.0125125889 -0.0273140660 0.0010592253
543 0.0000165841 0.0040020247 0.0007536143 0.0003017539 -0.0151066622 0.0085757012 0.0004263270
544 0.0000166038 0.0039998008 0.0007780974 0.0010463647 -0.0265816218 0.0184331797 0.0012469253
545 0.0000166242 0.0039975044 0.0008025972 0.0020326695 0.0009155553 -0.0450758385 0.0021143293
546 0.0000166452 0.0039951352 0.0008271140 0.0024329801 0.0321054720 0.0374462111 0.0021311493
547 0.0000166669 0.0039926931 0.0008516486 0.0022467601 -0.0440076907 0.0176091800 0.0025848517
548 0.0000166892 0.0039901778 0.0008762013 0.0016400660 -0.0148930326 -0.0376598407 0.0018416022
549 0.0000167123 0.0039875892 0.0009007727 0.0010980442 -0.0095217750 -0.0317392499 0.0012478740
550 0.0000167359 0.0039849271 0.0009253634 0.0006541879 -0.0188909574 -0.0172429579 0.0008533940
551 0.0000167603 0.0039821911 0.0009499739 0.0001124967 0.0034180731 0.0100405896 0.0000829575
552 0.0000167853 0.0039793812 0.0009746048 0.0025883826 -0.0409558397 0.0301828059 0.0028722931
553 0.0000168110 0.0039764971 0.0009992566 0.0010302221 0.0188604389 -0.0259712516 0.0009489400
554 0.0000168374 0.0039735385 0.0010239298 0.0000490520 0.0004577776 -0.0069887387 0.0000765634
555 0.0000168645 0.0039705052 0.0010486251 0.0022296152 -0.0455641346 -0.0123905148 0.0026342910
556 0.0000168923 0.0039673969 0.0010733429 0.0016892326 0.0218817713 -0.0347911008 0.0016071831
557 0.0000169208 0.0039642135 0.0010980838 0.0004930834 -0.0215460677 0.0053712577 0.0006690345
558 0.0000169499 0.0039609546 0.0011228483 0.0002070438 0.0133365886 -0.0054017762 0.0001304732
559 0.0000169798 0.0039576199 0.0011476371 0.0010291044 -0.0310983612 -0.0078737754 0.0013103077
560 0.0000170104 0.0039542092 0.0011724507 0.0019304888 -0.0312509537 0.0308847316 0.0021222231
561 0.0000170417 0.0039507222 0.0011972897 0.0000095345 0.0001831111 -0.0030823695 0.0000325104
562 0.0000170737 0.0039471587 0.0012221545 0.0020925981 0.0438856166 0.0129093295 0.0017316705
563 0.0000171065 0.0039435183 0.0012470459 0.0040740864 0.0624713889 0.0130924406 0.0035658250
564 0.0000171399 0.0039398007 0.0012719642 0.0004774810 -0.0218512528 0.0000610370 0.0006666448
565 0.0000171741 0.0039360056 0.0012969103 0.0041902835 -0.0625019074 -0.0168462172 0.0047431694
566 0.0000172090 0.0039321327 0.0013218845 0.0047242107 -0.0625019074 -0.0285958434 0.0053085521
567 0.0000172447 0.0039281816 0.0013468875 0.0017148204 0.0339060640 -0.0237739189 0.0015297283
568 0.0000172811 0.0039241522 0.0013719198 0.0019472433 -0.0298471023 0.0325022126 0.0021095928
569 0.0000173183 0.0039200439 0.0013969821 0.0053432278 0.0451368755 -0.0574968719 0.0051673132
570 0.0000173562 0.0039158565 0.0014220750 0.0007934691 0.0000000000 -0.0281685842 0.0008909410
571 0.0000173949 0.0039115895 0.0014471989 0.0070700574 -0.0625019074 -0.0562456130 0.0077392131
572 0.0000174344 0.0039072428 0.0014723545 0.0008265480 -0.0090639973 0.0272835475 0.0008344707
573 0.0000174746 0.0039028158 0.0014975425 0.0059770203 -0.0625019074 -0.0455030976 0.0066186474
574 0.0000175156 0.0038983082 0.0015227634 0.0012071422 -0.0339365825 -0.0074465163 0.0015119269
575 0.0000175574 0.0038937197 0.0015480177 0.0039209295 0.0624713889 -0.0042725913 0.0034652228
576 0.0000176000 0.0038890498 0.0015733062 0.0005728226 0.0091250343 -0.0221259194 0.0005890688
577 0.0000176434 0.0038842981 0.0015986294 0.0015502149 -0.0387585070 -0.0069277017 0.0018911072
578 0.0000176876 0.0038794643 0.0016239879 0.0050194729 0.0612811670 0.0355540635 0.0044462055
579 0.0000177326 0.0038745479 0.0016493824 0.0042653312 0.0624713889 0.0190435499 0.0037361468
580 0.0000177784 0.0038695486 0.0016748134 0.0028425793 0.0533158361 -0.0000305185 0.0024478435
581 0.0000178251 0.0038644658 0.0017002816 0.0035553752 0.0576494644 -0.0152287362 0.0031794177
582 0.0000178725 0.0038592991 0.0017257876 0.0014271210 -0.0342112491 -0.0160222175 0.0017643583
583 0.0000179209 0.0038540481 0.0017513320 0.0015105372 0.0018921476 -0.0388195441 0.0016498450
584 0.0000179700 0.0038487124 0.0017769155 0.0002186208 0.0072634053 -0.0128788110 0.0002264504
585 0.0000180200 0.0038432915 0.0018025386 0.0002728429 0.0149235511 0.0070802942 0.0001506269
586 0.0000180709 0.0038377848 0.0018282022 0.0061115339 0.0624713889 0.0469985046 0.0054782557
587 0.0000181227 0.0038321921 0.0018539067 0.0028281839 0.0359202857 0.0392162847 0.0024255930
588 0.0000181753 0.0038265126 0.0018796528 0.0000875208 -0.0032044435 -0.0087893307 0.0001632616
589 0.0000182288 0.0038207461 0.0019054412 0.0011813468 0.0140385144 0.0313730277 0.0009727414
590 0.0000182832 0.0038148918 0.0019312725 0.0044681298 0.0279244362 -0.0607318339 0.0045079350
591 0.0000183385 0.0038089495 0.0019571475 0.0001589324 0.0118717002 -0.0042420728 0.0001034383
592 0.0000183947 0.0038029184 0.0019830667 0.0023220863 0.0138859218 -0.0461439863 0.0024178802
593 0.0000184519 0.0037967981 0.0020090308 0.0011464023 0.0064699240 -0.0332346568 0.0012492631
594 0.0000185099 0.0037905881 0.0020350405 0.0015579966 0.0354014710 -0.0174565874 0.0013791715
595 0.0000185690 0.0037842878 0.0020610965 0.0004803869 0.0145878475 -0.0163579211 0.0004559771
596 0.0000186289 0.0037778966 0.0020871994 0.0008764448 0.0023499252 -0.0295113987 0.0010005105
597 0.0000186898 0.0037714140 0.0021133500 0.0066070426 0.0624713889 -0.0520035401 0.0063743249
598 0.0000187517 0.0037648394 0.0021395490 0.0019433958 0.0422070986 0.0127262185 0.0015898849
599 0.0000188145 0.0037581721 0.0021657969 0.0033944877 0.0552079836 -0.0186162908 0.0030789783
600 0.0000188784 0.0037514117 0.0021920946 0.0014661188 -0.0371105075 0.0094302194 0.0017220869
601 0.0000189432 0.0037445576 0.0022184428 0.0039191496 -0.0040589618 0.0624713889 0.0036913124
602 0.0000190090 0.0037376089 0.0022448420 0.0053789863 0.0384228034 0.0624713889 0.0048302997
603 0.0000190759 0.0037305653 0.0022712932 0.0070559526 0.0624713889 0.0561540574 0.0063538366
604 0.0000191438 0.0037234260 0.0022977969 0.0014190022 -0.0238654744 -0.0291451765 0.0017498080
605 0.0000192127 0.0037161903 0.0023243540 0.0010982575 0.0112002930 0.0311899167 0.0008892325
606 0.0000192827 0.0037088577 0.0023509651 0.0039311979 0.0624713889 -0.0053407392 0.0035121974
607 0.0000193537 0.0037014273 0.0023776310 0.0039098870 0.0624713889 -0.0026856288 0.0034795450
608 0.0000194258 0.0036938987 0.0024043524 0.0001835488 -0.0123294778 0.0056154057 0.0002670595
609 0.0000194990 0.0036862710 0.0024311301 0.0038413263 -0.0281075472 0.0552385022 0.0037994654
610 0.0000195733 0.0036785436 0.0024579648 0.0017201553 0.0248115482 0.0332346568 0.0013938087
611 0.0000196487 0.0036707158 0.0024848573 0.0009195332 0.0279549547 -0.0117496261 0.0007923448
612 0.0000197252 0.0036627868 0.0025118084 0.0005580798 -0.0091250343 -0.0217902158 0.0007541167
613 0.0000198028 0.0036547558 0.0025388188 0.0032311899 0.0459608753 0.0334482864 0.0027452029
614 0.0000198816 0.0036466223 0.0025658893 0.0014484291 0.0347300638 0.0155644398 0.0011351427
615 0.0000199616 0.0036383852 0.0025930207 0.0020041981 0.0196539201 0.0402233955 0.0016725425
616 0.0000200427 0.0036300440 0.0026202139 0.0018905782 -0.0357066561 -0.0248115482 0.0022998775
617 0.0000201251 0.0036215979 0.0026474695 0.0026285502 -0.0065919980 0.0508438368 0.0024272074
618 0.0000202086 0.0036130459 0.0026747884 0.0011442043 0.0310068056 0.0135196997 0.0008680302
619 0.0000202933 0.0036043874 0.0027021714 0.0043244058 0.0349131748 -0.0557267983 0.0043941847
620 0.0000203793 0.0035956214 0.0027296193 0.0003638387 -0.0046693319 -0.0184942167 0.0005187607
621 0.0000204665 0.0035867472 0.0027571330 0.0040154682 0.0106204413 0.0624713889 0.0036152652
622 0.0000205550 0.0035777640 0.0027847133 0.0016678258 -0.0316171758 -0.0258491775 0.0020585835
623 0.0000206448 0.0035686707 0.0028123610 0.0005585529 -0.0215765862 -0.0096438490 0.0007874411
624 0.0000207358 0.0035594666 0.0028400770 0.0008946551 -0.0213324381 -0.0209662160 0.0011863465
625 0.0000208282 0.0035501508 0.0028678621 0.0002731037 -0.0068361461 0.0150456252 0.0002561731
626 0.0000209219 0.0035407224 0.0028957172 0.0000866481 -0.0087282937 -0.0032349620 0.0001881140
627 0.0000210169 0.0035311804 0.0029236432 0.0006427505 0.0242622150 -0.0073549608 0.0005354255
628 0.0000211133 0.0035215240 0.0029516409 0.0025737376 -0.0505386517 0.0044251839 0.0029246739
629 0.0000212111 0.0035117521 0.0029797113 0.0001492908 0.0103457747 -0.0065004425 0.0001365772
630 0.0000213102 0.0035018638 0.0030078551 0.0024665209 -0.0104373302 0.0485549486 0.0022688389
631 0.0000214108 0.0034918582 0.0030360734 0.0061851827 0.0485244301 0.0618915372 0.0054918981
632 0.0000215128 0.0034817342 0.0030643671 0.0029826802 0.0517899106 -0.0173345134 0.0027497942
633 0.0000216163 0.0034714909 0.0030927370 0.0023331287 0.0151371807 0.0458693197 0.0019659244
634 0.0000217212 0.0034611271 0.0031211841 0.0024295218 0.0376598407 0.0318002869 0.0019920429
635 0.0000218276 0.0034506420 0.0031497093 0.0028678709 0.0354930265 0.0401013215 0.0023921361
636 0.0000219355 0.0034400343 0.0031783135 0.0039404661 -0.0625019074 -0.0058290353 0.0044294720
637 0.0000220450 0.0034293031 0.0032069978 0.0057177615 -0.0426038392 0.0624713889 0.0056313182
638 0.0000221559 0.0034184473 0.0032357631 0.0009988905 0.0253608814 0.0188604389 0.0007256009
639 0.0000222685 0.0034074657 0.0032646104 0.0002482834 -0.0061037019 -0.0145268105 0.0004069970
640 0.0000223827 0.0033963573 0.0032935406 0.0048831105 -0.0312509537 -0.0625019074 0.0055294771
641 0.0000224984 0.0033851208 0.0033225548 0.0067523220 -0.0533463546 -0.0625019074 0.0075513201
642 0.0000226158 0.0033737552 0.0033516539 0.0007299705 -0.0191045869 -0.0191045869 0.0010095586
643 0.0000227349 0.0033622593 0.0033808389 0.0013593855 -0.0365611744 -0.0047608875 0.0016601683
644 0.0000228556 0.0033506318 0.0034101109 0.0033257566 0.0315866573 -0.0482497635 0.0034660158
645 0.0000229780 0.0033388716 0.0034394710 0.0007991617 -0.0207525864 -0.0191961425 0.0010927693
646 0.0000231022 0.0033269774 0.0034689201 0.0014241685 -0.0106814783 -0.0361949522 0.0017694596
647 0.0000232281 0.0033149480 0.0034984593 0.0039268167 0.0624713889 -0.0049134800 0.0035702452
648 0.0000233558 0.0033027821 0.0035280897 0.0044839483 0.0624713889 -0.0241096225 0.0042647672
649 0.0000234853 0.0032904784 0.0035578124 0.0027033642 0.0269478439 -0.0444654683 0.0028659064
650 0.0000236166 0.0032780356 0.0035876284 0.0020156727 0.0415662099 -0.0169682913 0.0018885301
651 0.0000237498 0.0032654524 0.0036175388 0.0047919369 0.0527970214 -0.0447706534 0.0047947935
652 0.0000238848 0.0032527274 0.0036475448 0.0037340491 0.0610980560 -0.0010376293 0.0033680329
653 0.0000240218 0.0032398593 0.0036776475 0.0039746896 0.0605182043 0.0176702170 0.0034766008
654 0.0000241607 0.0032268466 0.0037078480 0.0003493614 0.0114139225 0.0148014771 0.0001900968
655 0.0000243015 0.0032136880 0.0037381475 0.0021205293 0.0339060640 0.0311593982 0.0016939469
656 0.0000244444 0.0032003820 0.0037685471 0.0039303317 -0.0048829615 -0.0625019074 0.0044571136
657 0.0000245893 0.0031869272 0.0037990480 0.0012199813 -0.0347605823 0.0034180731 0.0014401586
658 0.0000247362 0.0031733220 0.0038296514 0.0032191006 -0.0444349498 -0.0352793970 0.0037960652
659 0.0000248852 0.0031595649 0.0038603584 0.0009192724 -0.0281991028 -0.0111392560 0.0012083545
660 0.0000250363 0.0031456546 0.0038911704 0.0014735847 0.0227973266 -0.0308847316 0.0015955516
661 0.0000251896 0.0031315892 0.0039220884 0.0041027124 -0.0140079958 -0.0625019074 0.0047059126
662 0.0000253451 0.0031173674 0.0039531139 0.0017128626 0.0362559893 0.0199591052 0.0013543600
663 0.0000255028 0.0031029875 0.0039842479 0.0010274279 0.0198370312 -0.0251777703 0.0011304515
664 0.0000256627 0.0030884479 0.0040154918 0.0009689895 0.0167851802 0.0262153996 0.0006804364
665 0.0000258249 0.0030737468 0.0040468469 0.0029139602 0.0484939116 -0.0237128819 0.0028335939
666 0.0000259894 0.0030588827 0.0040783145 0.0043708612 0.0624713889 0.0216376232 0.0038381752
667 0.0000261563 0.0030438538 0.0041098958 0.0039247630 0.0624713889 -0.0046998505 0.0036092436
668 0.0000263256 0.0030286585 0.0041415922 0.0009612208 0.0200811792 -0.0236213263 0.0010615681
669 0.0000264973 0.0030132948 0.0041734050 0.0001483445 -0.0093691824 -0.0077822199 0.0002962627
670 0.0000266714 0.0029977611 0.0042053357 0.0015882627 0.0151371807 -0.0368663594 0.0018342496
671 0.0000268481 0.0029820555 0.0042373855 0.0040800752 0.0348521378 -0.0535294656 0.0043527112
672 0.0000270273 0.0029661761 0.0042695559 0.0017786832 0.0356761376 -0.0224921415 0.0017861300
673 0.0000272091 0.0029501212 0.0043018482 0.0012914079 0.0359202857 0.0010681478 0.0010974886
674 0.0000273935 0.0029338887 0.0043342640 0.0039094036 0.0624713889 0.0025940733 0.0035477422
675 0.0000275807 0.0029174768 0.0043668046 0.0017817754 0.0406811731 -0.0112613300 0.0016703354
676 0.0000277705 0.0029008834 0.0043994715 0.0012524119 0.0353404340 -0.0018616291 0.0010915258
677 0.0000279631 0.0028841067 0.0044322662 0.0023079480 -0.0068666646 -0.0475478378 0.0027970087
678 0.0000281584 0.0028671444 0.0044651901 0.0000545462 -0.0038758507 0.0062868130 0.0000487863
679 0.0000283567 0.0028499946 0.0044982448 0.0015035537 0.0019226661 -0.0387279885 0.0018693672
680 0.0000285578 0.0028326552 0.0045314319 0.0015827350 0.0390331736 0.0076906644 0.0013204583
681 0.0000287619 0.0028151240 0.0045647528 0.0072366998 0.0624713889 0.0577410199 0.0063865853
682 0.0000289690 0.0027973989 0.0045982091 0.0048508941 0.0624713889 0.0307931761 0.0042471614
683 0.0000291791 0.0027794776 0.0046318025 0.0050209929 0.0451673940 0.0545976135 0.0042933177
684 0.0000293923 0.0027613579 0.0046655345 0.0000631708 -0.0060731834 0.0051271096 0.0000782622
685 0.0000296087 0.0027430376 0.0046994068 0.0004483456 -0.0209662160 -0.0029602954 0.0006207997
686 0.0000298283 0.0027245142 0.0047334210 0.0040333432 0.0289620655 0.0565202795 0.0033702878
687 0.0000300511 0.0027057855 0.0047675788 0.0017369127 -0.0219428083 -0.0354319895 0.0022235585
688 0.0000302772 0.0026868491 0.0048018820 0.0005464664 0.0232551042 0.0023804437 0.0004289165
689 0.0000305067 0.0026677024 0.0048363321 0.0065066017 -0.0610370190 -0.0527359844 0.0073728631
690 0.0000307397 0.0026483432 0.0048709309 0.0013206783 -0.0271919919 -0.0241096225 0.0017303181
691 0.0000309761 0.0026287687 0.0049056803 0.0039090069 -0.0625019074 -0.0015869625 0.0042841594
692 0.0000312161 0.0026089765 0.0049405820 0.0005242735 -0.0121463668 -0.0194097720 0.0008106599
693 0.0000314597 0.0025889639 0.0049756378 0.0008926732 -0.0298776208 0.0000305185 0.0010785333
694 0.0000317070 0.0025687284 0.0050108496 0.0013749256 0.0370799890 0.0000000000 0.0012161357
695 0.0000319580 0.0025482672 0.0050462191 0.0022980791 0.0363780633 0.0312204352 0.0018295447
696 0.0000322128 0.0025275776 0.0050817484 0.0018772381 0.0181585131 0.0393383587 0.0014178415
697 0.0000324715 0.0025066568 0.0051174392 0.0039283395 -0.0050660726 0.0624713889 0.0033468218
698 0.0000327342 0.0024855019 0.0051532936 0.0007911481 -0.0059205908 0.0274971770 0.0005699115
699 0.0000330008 0.0024641101 0.0051893134 0.0039762171 0.0624713889 0.0085757012 0.0036123411
700 0.0000332716 0.0024424785 0.0052255008 0.0039033534 0.0624713889 0.0008239998 0.0036228433
701 0.0000335465 0.0024206041 0.0052618576 0.0004517190 -0.0204474013 0.0057985168 0.0005232337
702 0.0000338256 0.0023984838 0.0052983860 0.0016699745 0.0407116916 0.0035401471 0.0014709933
703 0.0000341091 0.0023761146 0.0053350880 0.0030637260 -0.0239570299 0.0498977630 0.0026792665
704 0.0000343969 0.0023534933 0.0053719657 0.0046443067 -0.0481887265 -0.0481887265 0.0054232637
705 0.0000346893 0.0023306167 0.0054090213 0.0022198497 -0.0136112552 -0.0451063570 0.0028059467
706 0.0000349862 0.0023074817 0.0054462569 0.0040984606 -0.0138554033 -0.0625019074 0.0048781919
707 0.0000352877 0.0022840848 0.0054836747 0.0006585234 -0.0201422163 -0.0159001434 0.0009602067
708 0.0000355940 0.0022604227 0.0055212769 0.0039173520 -0.0032959990 -0.0625019074 0.0046580274
709 0.0000359051 0.0022364920 0.0055590659 0.0042686879 -0.0295113987 -0.0582903531 0.0050846769
710 0.0000362211 0.0022122893 0.0055970438 0.0027877797 -0.0050965911 -0.0525528733 0.0034348326
711 0.0000365421 0.0021878109 0.0056352129 0.0039142012 -0.0027771844 -0.0625019074 0.0046673183
712 0.0000368683 0.0021630532 0.0056735758 0.0039201248 -0.0625019074 -0.0036927396 0.0042692850
713 0.0000371996 0.0021380127 0.0057121347 0.0035477304 0.0309762871 -0.0508743553 0.0040336769
714 0.0000375362 0.0021126855 0.0057508921 0.0042564719 0.0187078463 -0.0625019074 0.0049338440
715 0.0000378782 0.0020870679 0.0057898504 0.0005744487 -0.0014038514 0.0239265114 0.0003411250
716 0.0000382257 0.0020611559 0.0058290121 0.0059881447 -0.0456251717 -0.0625019074 0.0069431004
717 0.0000385789 0.0020349457 0.0058683798 0.0028541051 0.0205389569 -0.0493179113 0.0033879252
718 0.0000389377 0.0020084332 0.0059079561 0.0007605905 -0.0150151067 -0.0231330302 0.0011331798
719 0.0000393024 0.0019816143 0.0059477435 0.0045470782 -0.0278023621 -0.0614337596 0.0054273522
720 0.0000396731 0.0019544849 0.0059877447 0.0013832568 0.0164494766 -0.0333567309 0.0017580925
721 0.0000400498 0.0019270407 0.0060279625 0.0041468439 -0.0625019074 -0.0155034028 0.0046146890
722 0.0000404327 0.0018992774 0.0060683995 0.0000044427 0.0021057772 0.0000915555 0.0000357653
723 0.0000408220 0.0018711906 0.0061090585 0.0020383090 -0.0427259133 0.0145878475 0.0020607915
724 0.0000412176 0.0018427759 0.0061499424 0.0045779795 0.0339365825 -0.0585345012 0.0052140897
725 0.0000416198 0.0018140287 0.0061910540 0.0017255871 -0.0314035463 -0.0271919919 0.0022178350
726 0.0000420288 0.0017849443 0.0062323962 0.0054612066 -0.0625019074 -0.0394299142 0.0062178459
727 0.0000424446 0.0017555179 0.0062739719 0.0026205524 -0.0402844325 -0.0315866573 0.0032007847
728 0.0000428673 0.0017257449 0.0063157843 0.0043702651 -0.0614947966 -0.0242622150 0.0049318509
729 0.0000432972 0.0016956202 0.0063578363 0.0050915607 0.0344248787 -0.0625019074 0.0058128687
730 0.0000437344 0.0016651389 0.0064001310 0.0066242098 0.0603045747 -0.0546586505 0.0071667582
731 0.0000441789 0.0016342958 0.0064426717 0.0039515672 0.0067140721 -0.0625019074 0.0047791591
732 0.0000446311 0.0016030858 0.0064854614 0.0032431945 -0.0558183538 -0.0112918485 0.0036132545
733 0.0000450910 0.0015715035 0.0065285034 0.0011075973 0.0114444411 -0.0312509537 0.0015247623
734 0.0000455588 0.0015395436 0.0065718011 0.0008955623 -0.0293588061 0.0057985168 0.0009553060
735 0.0000460346 0.0015072005 0.0066153578 0.0053017553 0.0445570238 -0.0575884274 0.0059754133
736 0.0000465187 0.0014744687 0.0066591769 0.0022687974 -0.0312814722 -0.0359202857 0.0028859623
737 0.0000470112 0.0014413424 0.0067032620 0.0004889751 0.0201422163 -0.0091250343 0.0006002576
738 0.0000475123 0.0014078157 0.0067476164 0.0053883820 0.0624713889 -0.0385448775 0.0057801700
739 0.0000480221 0.0013738829 0.0067922439 0.0014192080 -0.0018005921 -0.0376293222 0.0019833528
740 0.0000485410 0.0013395377 0.0068371480 0.0026041043 -0.0133365886 -0.0492568743 0.0033619280
741 0.0000490689 0.0013047740 0.0068823326 0.0023163043 0.0070497757 -0.0476088748 0.0030022967
742 0.0000496063 0.0012695855 0.0069278013 0.0067425620 -0.0532547990 -0.0625019074 0.0077933930
743 0.0000501532 0.0012339657 0.0069735580 0.0017855810 0.0413830988 -0.0085451827 0.0018527842
744 0.0000507099 0.0011979082 0.0070196066 0.0011867152 -0.0012817774 -0.0344248787 0.0017237942
745 0.0000512765 0.0011614061 0.0070659511 0.0044197102 0.0594195379 -0.0298165838 0.0047543313
746 0.0000518534 0.0011244528 0.0071125955 0.0004123794 0.0189519944 0.0072939238 0.0003178541
747 0.0000524407 0.0010870411 0.0071595440 0.0017729822 -0.0227973266 -0.0354014710 0.0023819030
748 0.0000530387 0.0010491641 0.0072068007 0.0016421803 -0.0350047304 -0.0204168828 0.0020629512
749 0.0000536476 0.0010108145 0.0072543699 0.0023918168 0.0375682852 -0.0313119907 0.0028238128
750 0.0000542677 0.0009719848 0.0073022560 0.0016013886 0.0151982177 0.0370189520 0.0010854677
751 0.0000548992 0.0009326675 0.0073504633 0.0052438608 -0.0366222114 0.0624713889 0.0044486854
752 0.0000555423 0.0008928550 0.0073989964 0.0018660382 -0.0155949583 -0.0402844325 0.0025455574
753 0.0000561974 0.0008525392 0.0074478597 0.0003617720 -0.0187688833 -0.0030823695 0.0004958859
754 0.0000568648 0.0008117123 0.0074970581 0.0032083897 0.0514542070 0.0236823634 0.0028266264
755 0.0000575446 0.0007703660 0.0075465962 0.0004717195 -0.0196234016 -0.0093081454 0.0006999881
756 0.0000582372 0.0007284919 0.0075964788 0.0013473577 -0.0019837031 -0.0366527299 0.0019653485
757 0.0000589429 0.0006860816 0.0076467109 0.0029217931 0.0202642903 -0.0501113926 0.0037193048
758 0.0000596620 0.0006431262 0.0076972975 0.0031700300 0.0329905087 -0.0456251717 0.0038896389
759 0.0000603948 0.0005996168 0.0077482438 0.0013576094 0.0368358409 -0.0008545183 0.0013870715
760 0.0000611417 0.0005555444 0.0077995548 0.0025734693 0.0040284433 -0.0505691702 0.0034189691
761 0.0000619029 0.0005108996 0.0078512359 0.0037753884 0.0609454634 0.0078127384 0.0036523380
762 0.0000626789 0.0004656729 0.0079032925 0.0019323636 -0.0342722861 -0.0275276955 0.0024620807
763 0.0000634699 0.0004198547 0.0079557302 0.0001212172 -0.0075685904 -0.0079958495 0.0003182681
764 0.0000642764 0.0003734349 0.0080085544 0.0002309616 0.0145573290 -0.0043641469 0.0003542666
765 0.0000650987 0.0003264035 0.0080617710 0.0009156764 0.0209967345 -0.0217902158 0.0013184037
766 0.0000659372 0.0002787501 0.0081153858 0.0000092216 0.0003051851 -0.0030213324 0.0001240272
767 0.0000667923 0.0002304642 0.0081694046 0.0005279580 -0.0228888821 -0.0020142216 0.0006382104
768 0.0000676644 0.0001815348 0.0082238337 0.0001706138 0.0000000000 -0.0130619221 0.0004531164
769 0.0000685539 0.0001319509 0.0082786791 0.0000463175 -0.0000305185 -0.0068056276 0.0002275627
770 0.0000694613 0.0000817013 0.0083339471 0.0009671835 0.0002746666 -0.0310983612 0.0015549442
771 0.0000703871 0.0000307742 0.0083896443 0.0000123436 -0.0018921476 -0.0029602954 0.0001325188
772 0.0000713316 -0.0000208420 0.0084457771 0.0039234628 0.0041199988 -0.0625019074 0.0050507205
773 0.0000722953 -0.0000731595 0.0085023522 0.0012271948 0.0296945097 -0.0185857723 0.0016198806
774 0.0000732788 -0.0001261907 0.0085593765 0.0005835101 0.0205694754 -0.0126651814 0.0008787925
775 0.0000742826 -0.0001799483 0.0086168569 0.0025751197 -0.0015564440 -0.0507217627 0.0035229665
776 0.0000753071 -0.0002344451 0.0086748005 0.0028437594 -0.0514542070 -0.0140079958 0.0031379733
777 0.0000763530 -0.0002896945 0.0087332147 0.0032652533 0.0288094729 -0.0493484298 0.0042202390
778 0.0000774207 -0.0003457101 0.0087921067 0.0026409683 0.0049745170 -0.0511490219 0.0036212437
779 0.0000785108 -0.0004025056 0.0088514842 0.0030628300 -0.0457167272 -0.0311899167 0.0036566925
780 0.0000796239 -0.0004600953 0.0089113550 0.0020666946 -0.0451673940 -0.0051576281 0.0021966788
781 0.0000807607 -0.0005184938 0.0089717268 0.0004610254 -0.0123294778 0.0175786615 0.0002135787
782 0.0000819218 -0.0005777159 0.0090326077 0.0008211237 0.0026245918 0.0285348064 0.0003905905
783 0.0000831077 -0.0006377769 0.0090940060 0.0034986225 0.0133671072 0.0576189459 0.0025508066
784 0.0000843192 -0.0006986924 0.0091559301 0.0041087431 0.0142216254 -0.0625019074 0.0053574616
785 0.0000855570 -0.0007604784 0.0092183885 0.0011028371 0.0295113987 -0.0152287362 0.0015140484
786 0.0000868218 -0.0008231512 0.0092813901 0.0040611216 -0.0318308054 0.0552079836 0.0030707266
787 0.0000881143 -0.0008867278 0.0093449438 0.0039380901 -0.0059511093 0.0624713889 0.0028480671
788 0.0000894352 -0.0009512252 0.0094090588 0.0039107951 -0.0020752586 -0.0625019074 0.0051724505
789 0.0000907854 -0.0010166610 0.0094737444 0.0057876821 0.0581072420 -0.0491042817 0.0069270211
790 0.0000921657 -0.0010830534 0.0095390102 0.0028849962 -0.0505386517 -0.0181890316 0.0032147005
791 0.0000935769 -0.0011504208 0.0096048661 0.0040819193 0.0132450331 -0.0625019074 0.0054066159
792 0.0000950199 -0.0012187822 0.0096713220 0.0066811385 -0.0526749474 -0.0625019074 0.0078567120
793 0.0000964956 -0.0012881570 0.0097383883 0.0019789251 -0.0106814783 -0.0431836909 0.0028889810
794 0.0000980048 -0.0013585652 0.0098060753 0.0043675976 -0.0555131687 -0.0358592486 0.0050180429
795 0.0000995486 -0.0014300273 0.0098743939 0.0028530480 -0.0041199988 -0.0532547990 0.0039925309
796 0.0001011280 -0.0015025641 0.0099433549 0.0043826329 -0.0218207343 -0.0625019074 0.0056611441
797 0.0001027440 -0.0015761973 0.0100129697 0.0014567007 0.0159611805 0.0346690268 0.0009154808
798 0.0001043976 -0.0016509489 0.0100832497 0.0006056816 0.0212103641 0.0124820704 0.0005283940
799 0.0001060899 -0.0017268416 0.0101542068 0.0049087589 0.0356151006 -0.0603350932 0.0063631621
800 0.0001078221 -0.0018038985 0.0102258529 0.0059383196 -0.0625019074 -0.0450758385 0.0067425254
801 0.0001095954 -0.0018821436 0.0102982004 0.0005152624 -0.0194402905 -0.0117191076 0.0007930504
802 0.0001114110 -0.0019616014 0.0103712620 0.0028246959 -0.0296639912 -0.0440992462 0.0037344587
803 0.0001132701 -0.0020422970 0.0104450506 0.0009990544 -0.0242316965 -0.0202948088 0.0014373084
804 0.0001151740 -0.0021242562 0.0105195795 0.0050623266 -0.0339976196 -0.0625019074 0.0063480488
805 0.0001171242 -0.0022075056 0.0105948623 0.0008877247 0.0294503616 -0.0045167394 0.0012305811
806 0.0001191220 -0.0022920723 0.0106709129 0.0004447383 0.0205084384 -0.0049134800 0.0007627366
807 0.0001211688 -0.0023779845 0.0107477456 0.0039429696 0.0624713889 -0.0063478500 0.0044977006
808 0.0001232663 -0.0024652709 0.0108253752 0.0052995796 -0.0373241371 -0.0625019074 0.0065920309
809 0.0001254159 -0.0025539609 0.0109038165 0.0050232356 -0.0334177679 -0.0625019074 0.0063409749
810 0.0001276193 -0.0026440851 0.0109830850 0.0021607118 0.0034180731 -0.0463576159 0.0033247057
811 0.0001298782 -0.0027356746 0.0110631965 0.0061067503 -0.0469069491 -0.0625019074 0.0073629260
812 0.0001321944 -0.0028287615 0.0111441673 0.0071599467 -0.0570390942 -0.0625019074 0.0083625045
813 0.0001345695 -0.0029233790 0.0112260139 0.0031984175 0.0498367260 0.0267342143 0.0030241330
814 0.0001370057 -0.0030195609 0.0113087534 0.0027998700 0.0373851741 0.0374462111 0.0023157093
815 0.0001395047 -0.0031173423 0.0113924035 0.0011737849 -0.0157475509 0.0304269539 0.0005218363
816 0.0001420687 -0.0032167590 0.0114769820 0.0066235681 -0.0521256142 -0.0625019074 0.0078649522
817 0.0001446997 -0.0033178482 0.0115625075 0.0000452883 0.0004577776 0.0067140721 0.0000377627
818 0.0001474000 -0.0034206479 0.0116489990 0.0078053489 0.0624713889 0.0624713889 0.0069246758
819 0.0001501719 -0.0035251974 0.0117364759 0.0037426225 0.0195928831 0.0579546495 0.0026705652
820 0.0001530177 -0.0036315369 0.0118249584 0.0043196074 -0.0625019074 -0.0203253273 0.0044993614
821 0.0001559399 -0.0037397083 0.0119144669 0.0011974876 0.0013733329 0.0345774712 0.0005397550
822 0.0001589412 -0.0038497543 0.0120050228 0.0023836281 -0.0028687399 -0.0487380596 0.0036906844
823 0.0001620241 -0.0039617190 0.0120966477 0.0045160586 0.0246894742 -0.0625019074 0.0063858353
824 0.0001651915 -0.0040756481 0.0121893641 0.0048754956 -0.0311288797 -0.0625019074 0.0063106634
825 0.0001684463 -0.0041915883 0.0122831949 0.0001740562 -0.0004882962 0.0131839961 0.0000145258
826 0.0001717915 -0.0043095882 0.0123781640 0.0045851297 0.0261238441 0.0624713889 0.0034355250
827 0.0001752303 -0.0044296975 0.0124742957 0.0078091629 -0.0625019074 0.0624713889 0.0058720909
828 0.0001787659 -0.0045519678 0.0125716150 0.0025856657 -0.0464491714 -0.0206915494 0.0028618138
829 0.0001824019 -0.0046764520 0.0126701479 0.0045047330 0.0245368816 0.0624713889 0.0033335825
830 0.0001861417 -0.0048032050 0.0127699210 0.0035185652 -0.0570696127 -0.0161748100 0.0035695748
831 0.0001899891 -0.0049322833 0.0128709616 0.0016162460 -0.0260628071 -0.0306100650 0.0023370987
832 0.0001939480 -0.0050637453 0.0129732980 0.0010949231 0.0246589557 0.0220648824 0.0009660959
833 0.0001980224 -0.0051976512 0.0130769594 0.0006479839 -0.0243232521 -0.0075075533 0.0007895108
834 0.0002022167 -0.0053340634 0.0131819757 0.0027550995 0.0294808802 -0.0434278390 0.0044167514
835 0.0002065352 -0.0054730460 0.0132883778 0.0063755539 0.0602740562 -0.0523697623 0.0086336728
836 0.0002109826 -0.0056146655 0.0133961977 0.0022210344 -0.0416272469 0.0220954009 0.0013725822
837 0.0002155636 -0.0057589908 0.0135054683 0.0031530416 0.0440992462 -0.0347605823 0.0048154554
838 0.0002202835 -0.0059060926 0.0136162235 0.0033007509 -0.0331736198 0.0469069491 0.0018517904
839 0.0002251473 -0.0060560446 0.0137284984 0.0015618134 -0.0393993957 0.0030823695 0.0012251191
840 0.0002301608 -0.0062089226 0.0138423292 0.0045000649 0.0451063570 0.0496536149 0.0039157061
841 0.0002353296 -0.0063648054 0.0139577532 0.0012495573 -0.0158085879 -0.0316171758 0.0021662592
842 0.0002406599 -0.0065237741 0.0140748090 0.0038755303 0.0467238380 -0.0411389508 0.0058838675
843 0.0002461579 -0.0066859131 0.0141935366 0.0045661295 0.0624713889 -0.0257576220 0.0063788275
844 0.0002518304 -0.0068513096 0.0143139771 0.0040128901 -0.0104983673 0.0624713889 0.0023324373
845 0.0002576843 -0.0070200539 0.0144361732 0.0028172635 -0.0252388073 -0.0466933195 0.0040687378
846 0.0002637268 -0.0071922397 0.0145601689 0.0036218663 -0.0502334666 0.0331431013 0.0021978726
847 0.0002699658 -0.0073679639 0.0146860098 0.0017202811 -0.0112613300 0.0399182104 0.0006518222
848 0.0002764091 -0.0075473271 0.0148137432 0.0000830287 0.0079653310 -0.0044251839 0.0006107789
849 0.0002830653 -0.0077304336 0.0149434178 0.0025526428 0.0266731773 -0.0429090243 0.0045305135
850 0.0002899433 -0.0079173918 0.0150750843 0.0056051466 0.0624713889 -0.0412610248 0.0081283376
851 0.0002970522 -0.0081083137 0.0152087950 0.0032441072 0.0543229469 0.0171208838 0.0039013184
852 0.0003044019 -0.0083033162 0.0153446043 0.0008354520 0.0091860714 0.0274056215 0.0004513468
853 0.0003120028 -0.0085025201 0.0154825683 0.0005840913 -0.0154118473 -0.0186162908 0.0012104710
854 0.0003198655 -0.0087060512 0.0156227454 0.0047432444 0.0289925840 0.0624713889 0.0036159825
855 0.0003280015 -0.0089140401 0.0157651962 0.0006478862 0.0205084384 -0.0150761437 0.0018168705
856 0.0003364228 -0.0091266228 0.0159099833 0.0009363735 -0.0122379223 0.0280465102 0.0001569755
857 0.0003451420 -0.0093439403 0.0160571721 0.0011453378 -0.0100405896 0.0323191015 0.0002649357
858 0.0003541724 -0.0095661396 0.0162068302 0.0005462140 -0.0164494766 -0.0166020692 0.0011238042
859 0.0003635280 -0.0097933735 0.0163590279 0.0017598498 0.0229804376 -0.0350962859 0.0037217720
860 0.0003732235 -0.0100258012 0.0165138382 0.0027178629 -0.0319833979 -0.0411694693 0.0038095000
861 0.0003832747 -0.0102635882 0.0166713371 0.0005396804 0.0116275521 -0.0201116977 0.0018322137
862 0.0003936980 -0.0105069074 0.0168316036 0.0012230325 0.0349436934 0.0014038514 0.0023037726
863 0.0004045107 -0.0107559384 0.0169947198 0.0000615204 -0.0000610370 -0.0078432569 0.0007313060
864 0.0004157313 -0.0110108690 0.0171607714 0.0006803932 -0.0213934751 -0.0149235511 0.0011372023
865 0.0004273792 -0.0112718946 0.0173298474 0.0003279294 0.0006408887 0.0180974761 0.0001425037
866 0.0004394750 -0.0115392196 0.0175020406 0.0028582265 -0.0534379101 -0.0016174810 0.0021210564
867 0.0004520405 -0.0118130569 0.0176774477 0.0000202901 0.0020752586 0.0039979247 0.0003800147
868 0.0004650987 -0.0120936291 0.0178561696 0.0018818279 0.0257881405 -0.0348826563 0.0042164122
869 0.0004786740 -0.0123811688 0.0180383115 0.0005624349 -0.0003662221 0.0237128819 0.0001765597
870 0.0004927925 -0.0126759191 0.0182239832 0.0015295579 0.0168156987 0.0353099155 0.0011616846
871 0.0005074816 -0.0129781342 0.0184132994 0.0017493252 -0.0212714011 -0.0360118412 0.0030308742
872 0.0005227704 -0.0132880801 0.0186063799 0.0072405138 -0.0577410199 -0.0625019074 0.0085546181
873 0.0005386902 -0.0136060353 0.0188033499 0.0006766471 -0.0241096225 0.0097659230 0.0001920004
874 0.0005552737 -0.0139322915 0.0190043404 0.0007204080 -0.0148319956 -0.0223700674 0.0017126511
875 0.0005725561 -0.0142671543 0.0192094884 0.0002795200 0.0101626637 0.0132755516 0.0006320276
876 0.0005905748 -0.0146109441 0.0194189373 0.0052202000 -0.0444654683 -0.0569475387 0.0067231313
877 0.0006093695 -0.0149639972 0.0196328376 0.0010209940 0.0178228095 0.0265205847 0.0011224158
878 0.0006289827 -0.0153266665 0.0198513466 0.0004042718 0.0114749596 0.0165105136 0.0007294883
879 0.0006494595 -0.0156993223 0.0200746296 0.0054999520 0.0399182104 -0.0625019074 0.0099121944
880 0.0006708482 -0.0160823543 0.0203028600 0.0059576243 -0.0452894681 -0.0625019074 0.0077096850
881 0.0006932006 -0.0164761718 0.0205362196 0.0005402532 0.0174260689 -0.0153813288 0.0024394322
882 0.0007165716 -0.0168812056 0.0207748999 0.0003816467 -0.0011597034 -0.0195013276 0.0018693401
883 0.0007410203 -0.0172979092 0.0210191018 0.0041253868 0.0624713889 0.0149235511 0.0064002967
884 0.0007666100 -0.0177267603 0.0212690369 0.0039125992 -0.0024719993 -0.0625019074 0.0072502788
885 0.0007934083 -0.0181682624 0.0215249279 0.0039104235 -0.0019837031 -0.0625019074 0.0073224490
886 0.0008214879 -0.0186229468 0.0217870092 0.0025891761 0.0474868007 -0.0182805872 0.0059759110
887 0.0008509269 -0.0190913741 0.0220555284 0.0011356123 0.0217291787 -0.0257576220 0.0039524149
888 0.0008818090 -0.0195741366 0.0223307462 0.0053270516 -0.0376903592 -0.0625019074 0.0075247766
889 0.0009142246 -0.0200718604 0.0226129382 0.0011429013 0.0151066622 -0.0302438429 0.0040313678
890 0.0009482705 -0.0205852078 0.0229023954 0.0011417901 0.0084536271 0.0327158422 0.0009395577
891 0.0009840515 -0.0211148799 0.0231994256 0.0010098481 0.0157170324 0.0276192511 0.0013761246
892 0.0010216805 -0.0216616198 0.0235043546 0.0002280110 -0.0131534776 0.0074159978 0.0003312237
893 0.0010612793 -0.0222262154 0.0238175275 0.0052327075 0.0364696188 0.0624713889 0.0049393219
894 0.0011029797 -0.0228095027 0.0241393101 0.0039627633 0.0624713889 -0.0077517014 0.0082898671
895 0.0011469244 -0.0234123699 0.0244700904 0.0000918796 0.0086977752 -0.0040284433 0.0018432278
896 0.0011932679 -0.0240357615 0.0248102808 0.0011448525 -0.0312509537 -0.0129703665 0.0014794363
897 0.0012421778 -0.0246806824 0.0251603195 0.0033340403 0.0220954009 -0.0533463546 0.0083512998
898 0.0012938361 -0.0253482031 0.0255206728 0.0026839570 -0.0121768853 -0.0503555406 0.0059306834
899 0.0013484410 -0.0260394649 0.0258918374 0.0027702325 0.0182195502 -0.0493789483 0.0076245516
900 0.0014062078 -0.0267556861 0.0262743430 0.0059379471 -0.0455336161 -0.0621662038 0.0081743410
901 0.0014673718 -0.0274981684 0.0266687549 0.0006931326 -0.0083620716 0.0249641408 0.0003690959
902 0.0015321893 -0.0282683041 0.0270756774 0.0044906291 -0.0518509476 -0.0424512467 0.0053901342
903 0.0016009411 -0.0290675840 0.0274957567 0.0034141920 0.0104068117 -0.0574968719 0.0087819748
904 0.0016739342 -0.0298976066 0.0279296853 0.0043389037 0.0531937620 -0.0388500626 0.0113637103
905 0.0017515055 -0.0307600874 0.0283782055 0.0048434645 -0.0625019074 -0.0306100650 0.0044871592
906 0.0018340250 -0.0316568703 0.0288421147 0.0044732151 -0.0326853236 -0.0583513901 0.0076037650
907 0.0019218997 -0.0325899394 0.0293222702 0.0030374835 0.0017395550 -0.0550859096 0.0083032550
908 0.0020155780 -0.0335614326 0.0298195947 0.0006439557 0.0193487350 0.0164189581 0.0029790629
909 0.0021155551 -0.0345736569 0.0303350836 0.0042373293 0.0181890316 -0.0625019074 0.0114026082
910 0.0022223784 -0.0356291054 0.0308698114 0.0028452943 0.0218817713 -0.0486465041 0.0096303454
911 0.0023366547 -0.0367304759 0.0314249402 0.0009288843 0.0103762932 -0.0286568804 0.0058288729
912 0.0024590575 -0.0378806930 0.0320017286 0.0001178987 0.0103457747 -0.0032959990 0.0035717218
913 0.0025903361 -0.0390829319 0.0326015425 0.0005226845 0.0190740684 0.0126041444 0.0037821326
914 0.0027313259 -0.0403406456 0.0332258660 0.0042999962 0.0198370312 -0.0625019074 0.0127851594
915 0.0028829601 -0.0416575965 0.0338763153 0.0048284740 0.0624713889 -0.0304269539 0.0149777560
916 0.0030462841 -0.0430378910 0.0345546533 0.0053432008 0.0379039888 -0.0625019074 0.0159715639
917 0.0032224715 -0.0444860201 0.0352628067 0.0010742102 0.0013733329 0.0327463607 0.0021094128
918 0.0034128431 -0.0460069053 0.0360028857 0.0001075650 -0.0101016266 -0.0023499252 0.0027601271
919 0.0036188895 -0.0476059511 0.0367772065 0.0012136181 -0.0345469527 0.0044862209 0.0012132452
920 0.0038422975 -0.0492891058 0.0375883169 0.0026927930 -0.0261848811 -0.0448011719 0.0073218331
921 0.0040849817 -0.0510629316 0.0384390261 0.0058890981 -0.0625019074 -0.0445265053 0.0070141296
922 0.0043491217 -0.0529346855 0.0393324394 0.0004466151 0.0186773278 -0.0098879971 0.0075509318
923 0.0046372070 -0.0549124134 0.0402719981 0.0041782659 -0.0410168767 -0.0499588000 0.0083346829
924 0.0049520905 -0.0570050606 0.0412615263 0.0051392632 -0.0367442854 -0.0615558336 0.0109819085
925 0.0052970536 -0.0592226006 0.0423052860 0.0010802930 0.0292062136 0.0150761437 0.0085610814
926 0.0056758848 -0.0615761866 0.0434080415 0.0016785879 -0.0067751091 0.0404065065 0.0030121673
927 0.0060929753 -0.0640783318 0.0445751358 0.0007551112 -0.0045472579 0.0271004364 0.0038493139
928 0.0065534369 -0.0667431219 0.0458125813 0.0052791517 -0.0370494705 -0.0625019074 0.0126137414
929 0.0070632469 -0.0695864705 0.0471271686 0.0023575914 0.0387890255 -0.0292062136 0.0175720334
930 0.0076294281 -0.0726264251 0.0485265960 0.0013627469 -0.0093691824 -0.0357066561 0.0110967195
931 0.0082602742 -0.0758835362 0.0500196273 0.0063863737 0.0498367260 0.0624713889 0.0159606307
932 0.0089656326 -0.0793813073 0.0516162824 0.0012019451 0.0097659230 -0.0332651753 0.0151520905
933 0.0097572642 -0.0831467437 0.0533280714 0.0014268593 -0.0322580645 0.0196539201 0.0037236061
934 0.0106493031 -0.0872110295 0.0551682823 0.0031427471 -0.0153202918 0.0539262062 0.0051698209
935 0.0116588494 -0.0916103684 0.0571523385 0.0036397488 -0.0602435377 0.0032349620 0.0038909616
936 0.0128067423 -0.0963870342 0.0592982457 0.0071321543 -0.0567949461 -0.0625019074 0.0164028107
937 0.0141185766 -0.1015906989 0.0616271568 0.0017843460 -0.0421460616 -0.0028382214 0.0076894499
938 0.0156260554 -0.1072801233 0.0641640908 0.0017763464 -0.0186162908 0.0378124332 0.0085556851
939 0.0173688126 -0.1135253352 0.0669388593 0.0039224718 -0.0625019074 0.0039979247 0.0065649514
940 0.0193968980 -0.1204104637 0.0699872721 0.0078129769 -0.0625019074 -0.0625019074 0.0209067836
941 0.0217742177 -0.1280374761 0.0733527262 0.0039713283 -0.0288399915 0.0560319834 0.0101401491
942 0.0245833703 -0.1365311684 0.0770883286 0.0040006732 0.0097048860 -0.0625019074 0.0408704176
943 0.0279325646 -0.1460459307 0.0812597733 0.0024128176 -0.0481887265 -0.0095217750 0.0178173219
944 0.0319657061 -0.1567750706 0.0859493070 0.0078129769 -0.0625019074 -0.0625019074 0.0309251924
945 0.0368774222 -0.1689638972 0.0912612933 0.0039925628 -0.0092776269 -0.0625019074 0.0491428268
946 0.0429359883 -0.1829284652 0.0973301850 0.0002844898 -0.0168156987 0.0013122959 0.0368128862
947 0.0505192732 -0.1990830553 0.1043322111 0.0013468529 0.0366222114 0.0023804437 0.0659511356
948 0.0601728721 -0.2179815438 0.1125029716 0.0078129769 -0.0625019074 -0.0625019074 0.0548006250
949 0.0727075391 -0.2403816027 0.1221647418 0.0078091629 -0.0625019074 0.0624713889 0.0352044824
950 0.0893694219 -0.2673479190 0.1337703709 0.0078091629 -0.0625019074 0.0624713889 0.0470454333
951 0.1121524672 -0.3004252204 0.1479768703 0.0052298519 -0.0625019074 0.0363780633 0.0690617966
952 0.1444065182 -0.3419431795 0.1657750890 0.0044907092 -0.0625019074 -0.0241706595 0.1141668119
953 0.1921094951 -0.3955875340 0.1887326100 0.0030392811 -0.0534073916 -0.0136722922 0.1580549943
954 0.2667810611 -0.4675547741 0.2194848383 0.0016692415 -0.0407422102 0.0030518509 0.2290122028
955 0.3929877312 -0.5691288619 0.2628308766 0.0001303456 0.0025025178 0.0111392560 0.3901111061
956 0.6310220715 -0.7232507978 0.3285275558 0.0036329619 0.0000000000 -0.0602740562 0.6742584100
957 1.1633865832 -0.9848129114 0.4399205756 0.0072720363 -0.0580462050 0.0624713889 1.0013644165
958 2.7778938719 -1.5259989532 0.6702395593 0.0073793797 -0.0625019074 0.0589312418 2.5155214619
959 12.9893167252 -3.3088266574 1.4286297198 0.0028689066 -0.0281075472 0.0455946532 12.6759038756
960 611.7156545501 22.7677423118 -9.6615508368 0.0078129769 -0.0625019074 -0.0625019074 613.3617914590
961 7.9939371457 2.6095751081 -1.0881428679 0.0043060735 -0.0199896237 -0.0625019074 7.9665500586
962 2.2798435673 1.3972248082 -0.5723691139 0.0054780990 -0.0625019074 -0.0396435438 2.4145986174
963 1.0711369570 0.9601536844 -0.3863183394 0.0039171518 -0.0032654805 -0.0625019074 1.0330335689
964 0.6244404359 0.7349342781 -0.2903653608 0.0027360360 -0.0097354045 -0.0513931700 0.6116406442
965 0.4108931200 0.5976301852 -0.2318000900 0.0039132176 -0.0025940733 -0.0625019074 0.3889310351
966 0.2922169614 0.5052034871 -0.1923184807 0.0078091629 0.0624713889 -0.0625019074 0.2128640535
967 0.2193764730 0.4387677794 -0.1638880983 0.0063417560 0.0493484298 -0.0625019074 0.1619265896
968 0.1713980882 0.3887311884 -0.1424294611 0.0042261015 0.0286568804 0.0583513901 0.1699664575
969 0.1380818050 0.3497051533 -0.1256507492 0.0014874949 -0.0240485855 -0.0301522874 0.1488118134
970 0.1139782873 0.3184293320 -0.1121652700 0.0069040735 -0.0547502060 -0.0625019074 0.1417294172
971 0.0959589643 0.2928153580 -0.1010847684 0.0023237581 0.0079348125 -0.0475478378 0.0840231282
972 0.0821223240 0.2714636721 -0.0918139354 0.0046788525 0.0617084262 0.0295113987 0.0587170999
973 0.0712578865 0.2534011809 -0.0839388353 0.0039720892 0.0624713889 -0.0083315531 0.0421706466
974 0.0625649260 0.2379303288 -0.0771627150 0.0047361808 0.0624713889 -0.0288705100 0.0331179767
975 0.0554963514 0.2245380304 -0.0712672740 0.0018403852 0.0365306558 -0.0224921415 0.0377257864
976 0.0496678884 0.2128384824 -0.0660883412 0.0052454404 0.0365916929 -0.0625019074 0.0310757933
977 0.0448030938 0.2025360085 -0.0615000735 0.0024515555 0.0145268105 -0.0473342082 0.0355481303
978 0.0406989015 0.1934002024 -0.0574043835 0.0062670360 0.0485854671 -0.0625019074 0.0209972923
979 0.0372033770 0.1852488671 -0.0537236839 0.0022215495 -0.0091555528 -0.0462355419 0.0378491507
980 0.0342009708 0.1779360410 -0.0503957944 0.0047573045 0.0362865078 -0.0586565752 0.0201328308
981 0.0316025137 0.1713434237 -0.0473702953 0.0022245485 0.0446180609 -0.0152897732 0.0170884775
982 0.0293382854 0.1653741268 -0.0446058693 0.0039095629 0.0624713889 -0.0026245918 0.0123514011
983 0.0273531222 0.1599480464 -0.0420683333 0.0057701423 0.0624713889 -0.0432142094 0.0095030118
984 0.0256029058 0.1549983860 -0.0397291594 0.0001891492 0.0130008850 -0.0044862209 0.0214053550
985 0.0240520032 0.1504690098 -0.0375643492 0.0021185529 -0.0007324442 -0.0460219123 0.0229334101
986 0.0226713756 0.1463124041 -0.0355535661 0.0049148007 0.0528580584 -0.0460524308 0.0088439409
987 0.0214371616 0.1424880892 -0.0336794603 0.0015031011 -0.0137333293 -0.0362559893 0.0244117701
988 0.0203296047 0.1389613708 -0.0319271371 0.0049452270 0.0624713889 -0.0322885830 0.0058508480
989 0.0193322318 0.1357023479 -0.0302837345 0.0017613000 0.0419629505 0.0006408887 0.0097434070
990 0.0184312184 0.1326851192 -0.0287380860 0.0013716835 0.0106814783 -0.0354625080 0.0149301062
991 0.0176148923 0.1298871414 -0.0272804469 0.0039224718 0.0039979247 -0.0625019074 0.0170886462
992 0.0168733432 0.1272887090 -0.0259022729 0.0042101563 0.0174260689 -0.0625019074 0.0134093329
993 0.0161981130 0.1248725268 -0.0245960378 0.0078091629 0.0624713889 -0.0625019074 0.0053307570
994 0.0155819481 0.1226233589 -0.0233550841 0.0058190658 0.0437330241 -0.0625019074 0.0077561587
995 0.0150185994 0.1205277369 -0.0221734985 0.0001052505 -0.0089724418 0.0049745170 0.0175073110
996 0.0145026609 0.1185737174 -0.0210460080 0.0039274948 0.0466017640 -0.0419019135 0.0056149309
997 0.0140294375 0.1167506779 -0.0199678929 0.0051537787 0.0424512467 -0.0578936125 0.0069587657
998 0.0135948369 0.1150491459 -0.0189349139 0.0004936581 0.0112918485 -0.0191351054 0.0107656168
999 0.0131952801 0.1134606537 -0.0179432493 0.0039027340 0.0624713889 -0.0002441481 0.0029131633
1000 0.0128276275 0.1119776153 -0.0169894425 0.0039181717 -0.0034180731 -0.0625019074 0.0153875493
1001 0.0124891169 0.1105932210 -0.0160703566 0.0024164080 0.0183721427 -0.0455946532 0.0093764114
1002 0.0121773123 0.1093013480 -0.0151831354 0.0024692377 0.0458082827 0.0192571795 0.0052175046
1003 0.0118900601 0.1080964827 -0.0143251701 0.0044078686 0.0406506546 -0.0524918363 0.0060056341
1004 0.0116254526 0.1069736539 -0.0134940701 0.0043733554 0.0216071047 -0.0625019074 0.0096892158
1005 0.0113817970 0.1059283759 -0.0126876378 0.0028693639 0.0302743614 -0.0441908017 0.0067159792
1006 0.0111575890 0.1049565977 -0.0119038466 0.0062227629 0.0481276894 -0.0625019074 0.0057896886
1007 0.0109514902 0.1040546603 -0.0111408214 0.0010460965 0.0177007355 -0.0270699179 0.0077107364
1008 0.0107623092 0.1032192585 -0.0103968219 0.0041892562 -0.0168156987 -0.0625019074 0.0171233309
1009 0.0105889848 0.1024474083 -0.0096702273 0.0062227629 -0.0481276894 -0.0625019074 0.0254640465
1010 0.0104305718 0.1017364179 -0.0089595230 0.0039185926 0.0034791101 -0.0625019074 0.0125212855
1011 0.0102862292 0.1010838626 -0.0082632891 0.0061415774 -0.0517288736 -0.0588702048 0.0259127923
1012 0.0101552096 0.1004875628 -0.0075801894 0.0040135235 -0.0103457747 -0.0625019074 0.0153004238
1013 0.0100368497 0.0999455650 -0.0069089619 0.0032278798 0.0459913938 -0.0333567309 0.0036105371
1014 0.0099305634 0.0994561246 -0.0062484104 0.0048360060 0.0304879910 -0.0625019074 0.0079210594
1015 0.0098358341 0.0990176918 -0.0055973967 0.0027567573 0.0326242866 -0.0411389508 0.0056712863
1016 0.0097522100 0.0986288985 -0.0049548331 0.0052476748 -0.0366222114 -0.0625019074 0.0216045285
1017 0.0096792982 0.0982885474 -0.0043196763 0.0058620136 0.0442213202 -0.0625019074 0.0063084371
1018 0.0096167611 0.0979956028 -0.0036909213 0.0005710194 0.0191351054 0.0143131809 0.0065431257
1019 0.0095643128 0.0977491822 -0.0030675953 0.0060375786 0.0624713889 -0.0462050233 0.0031053604
1020 0.0095217159 0.0975485497 -0.0024487531 0.0055564839 0.0406201361 -0.0625019074 0.0068472256
1021 0.0094887797 0.0973931108 -0.0018334718 0.0051749238 0.0356151006 -0.0625019074 0.0074971816
1022 0.0094653572 0.0972824074 -0.0012208459 0.0041710831 -0.0162663656 -0.0625019074 0.0166486923
1023 0.0094513450 0.0972161145 -0.0006099833 0.0015261527 -0.0202337718 -0.0334177679 0.0148708265
