#int double real img int16 real16 img16 error
0 0.0037607915 0.0613252924 0.0000000000 0.0000000009 -0.0000305185 0.0000000000 0.0037645355
1 0.0037626482 0.0613392215 0.0003848734 0.0009747165 0.0312204352 -0.0000305185 0.0009073138
2 0.0037682266 0.0613810494 0.0007703017 0.0009892684 0.0312204352 0.0038148137 0.0009189317
3 0.0037775512 0.0614508986 0.0011568425 0.0010461794 0.0312204352 -0.0084536271 0.0010062420
4 0.0037906634 0.0615489739 0.0015450588 0.0019532442 -0.0312509537 -0.0312509537 0.0096874050
5 0.0038076215 0.0616755644 0.0019355218 0.0009747165 0.0312204352 -0.0000305185 0.0009313802
6 0.0038285015 0.0618310453 0.0023288139 0.0010270302 0.0312204352 0.0072328867 0.0009610594
7 0.0038533980 0.0620158809 0.0027255315 0.0000021468 0.0014648885 -0.0000305185 0.0036740185
8 0.0038824247 0.0622306279 0.0031262883 0.0011658430 0.0138248848 0.0312204352 0.0031323971
9 0.0039157161 0.0624759399 0.0035317186 0.0019494311 0.0312204352 0.0312204352 0.0017435716
10 0.0039534285 0.0627525723 0.0039424805 0.0012585106 0.0312204352 0.0168462172 0.0011607821
11 0.0039957418 0.0630613883 0.0043592603 0.0006907678 0.0245674001 -0.0093386639 0.0016694202
12 0.0040428617 0.0634033658 0.0047827762 0.0015269304 0.0234992523 0.0312204352 0.0022912881
13 0.0040950216 0.0637796055 0.0052137830 0.0009072353 -0.0262153996 0.0148319956 0.0081916110
14 0.0041524854 0.0641913401 0.0056530769 0.0004576873 0.0034180731 0.0211188086 0.0039325788
15 0.0042155508 0.0646399447 0.0061015009 0.0004614845 0.0213019196 0.0027771844 0.0018892355
16 0.0042845525 0.0651269493 0.0065599512 0.0017856406 -0.0312509537 -0.0284432508 0.0105139243
17 0.0043598668 0.0656540521 0.0070293831 0.0019532442 -0.0312509537 -0.0312509537 0.0108559643
18 0.0044419162 0.0662231362 0.0075108194 0.0005579680 -0.0000305185 0.0236213263 0.0046490952
19 0.0045311750 0.0668362867 0.0080053583 0.0011717955 0.0312204352 0.0140385144 0.0013048879
20 0.0046281760 0.0674958126 0.0085141826 0.0019532442 -0.0312509537 -0.0312509537 0.0113321899
21 0.0047335182 0.0682042696 0.0090385713 0.0002531871 0.0006103702 -0.0159001434 0.0051908747
22 0.0048478753 0.0689644883 0.0095799108 0.0001341456 0.0071718497 0.0090945158 0.0038185658
23 0.0049720070 0.0697796050 0.0101397095 0.0001605298 0.0126346629 0.0009460738 0.0033500673
24 0.0051067705 0.0706530988 0.0107196135 0.0013694351 -0.0198675497 0.0312204352 0.0086142715
25 0.0052531356 0.0715888328 0.0113214249 0.0009753945 0.0312204352 -0.0008239998 0.0017771189
26 0.0054122021 0.0725911036 0.0119471230 0.0004375220 -0.0069887387 0.0197149571 0.0063932905
27 0.0055852197 0.0736646977 0.0125988887 0.0004989306 0.0180974761 0.0130924406 0.0030879597
28 0.0057736133 0.0748149578 0.0132791333 0.0013190130 -0.0185552538 0.0312204352 0.0090398867
29 0.0059790121 0.0760478608 0.0139905317 0.0011509558 0.0132755516 0.0312204352 0.0042372324
30 0.0062032853 0.0773701089 0.0147360619 0.0009709314 0.0303659169 0.0069887387 0.0022694151
31 0.0064485849 0.0787892379 0.0155190507 0.0019532442 -0.0312509537 -0.0312509537 0.0142962771
32 0.0067173989 0.0803137458 0.0163432293 0.0013903194 -0.0203863643 0.0312204352 0.0103618434
33 0.0070126149 0.0819532458 0.0172127983 0.0001310078 -0.0065309610 -0.0093997009 0.0085376800
34 0.0073376002 0.0837186504 0.0181325064 0.0011683829 0.0312204352 -0.0139164403 0.0037831976
35 0.0076963001 0.0856223931 0.0191077447 0.0011769702 0.0312204352 0.0142216254 0.0029834472
36 0.0080933614 0.0876786975 0.0201446616 0.0019513377 -0.0312509537 0.0312204352 0.0142669347
37 0.0085342878 0.0899039064 0.0212503029 0.0000190467 -0.0000305185 0.0043641469 0.0083733430
38 0.0090256372 0.0923168859 0.0224327836 0.0019513377 0.0312204352 -0.0312509537 0.0066147199
39 0.0095752750 0.0949395268 0.0237015020 0.0011965180 0.0312204352 -0.0148930326 0.0055496607
40 0.0101927004 0.0977973700 0.0250674049 0.0012826529 -0.0175481429 0.0312204352 0.0133424471
41 0.0108894741 0.1009203946 0.0265433239 0.0013718641 0.0312204352 -0.0199285867 0.0070177228
42 0.0116797818 0.1043440199 0.0281444009 0.0011312805 0.0312204352 0.0125125889 0.0055914122
43 0.0125811873 0.1081103916 0.0298886358 0.0018223789 0.0312204352 0.0291146580 0.0059126644
44 0.0136156517 0.1122700519 0.0317975966 0.0009772340 -0.0015869625 0.0312204352 0.0129637528
45 0.0148109311 0.1168841332 0.0338973529 0.0019494311 0.0312204352 0.0312204352 0.0073454350
46 0.0162025245 0.1220272781 0.0362197174 0.0019494311 0.0312204352 0.0312204352 0.0082708755
47 0.0178364329 0.1277915821 0.0388039231 0.0019513377 -0.0312509537 0.0312204352 0.0253520375
48 0.0197731425 0.1342920037 0.0416989243 0.0011566736 -0.0134891812 0.0312204352 0.0219490773
49 0.0220934954 0.1416739194 0.0449666100 0.0015682427 -0.0312509537 0.0243232521 0.0303291600
50 0.0249075456 0.1501238884 0.0486863818 0.0012227009 0.0312204352 -0.0157475509 0.0182897629
51 0.0283682756 0.1598853362 0.0529618246 0.0011683829 0.0312204352 0.0139164403 0.0180791988
52 0.0326934861 0.1712819977 0.0579306769 0.0009747165 -0.0000305185 0.0312204352 0.0300614152
53 0.0382019518 0.1847540007 0.0637801770 0.0012513585 0.0312204352 0.0166325877 0.0257954509
54 0.0453755734 0.2009153257 0.0707715009 0.0009857813 0.0312204352 0.0033265175 0.0333451817
55 0.0549713567 0.2206490349 0.0792802630 0.0013965643 0.0312204352 0.0205389569 0.0393337354
56 0.0682348079 0.2452727984 0.0898669145 0.0009747165 -0.0000305185 0.0312204352 0.0636131268
57 0.0873353470 0.2768437530 0.1034063993 0.0016829216 0.0312204352 0.0266121403 0.0662281724
58 0.1163336677 0.3187618507 0.1213447578 0.0019323226 0.0310373241 0.0311288797 0.0909243078
59 0.1635794974 0.3770791546 0.1462559692 0.0019494311 0.0312204352 0.0312204352 0.1328514279
60 0.2485942151 0.4637121805 0.1832081570 0.0009747165 -0.0000305185 0.0312204352 0.2381575584
61 0.4264273032 0.6058160190 0.2437503936 0.0019494311 0.0312204352 0.0312204352 0.3753290681
62 0.9076220719 0.8815892546 0.3611404962 0.0019494311 0.0312204352 0.0312204352 0.8319743757
63 3.1824436987 1.6465305804 0.6865717344 0.0010694937 0.0312204352 0.0097354045 3.0673342827
64 243.5283884162 14.3654742289 6.0960264596 0.0009748646 -0.0119632557 0.0288399915 243.5214602621
65 5.1711401289 -2.0877284811 -0.9014044143 0.0011823638 -0.0312509537 -0.0143436995 5.0159765325
66 1.1058994694 -0.9628402472 -0.4228925725 0.0019532442 -0.0312509537 -0.0312509537 1.0212417693
67 0.4631525409 -0.6213749394 -0.2775711182 0.0019532442 -0.0312509537 -0.0312509537 0.4089199419
68 0.2512144114 -0.4563404028 -0.2072868742 0.0019532442 -0.0312509537 -0.0312509537 0.2116896850
69 0.1564512337 -0.3590960354 -0.1658350719 0.0019532442 -0.0312509537 -0.0312509537 0.1255952825
70 0.1062074534 -0.2950071187 -0.1384855707 0.0019532442 -0.0312509537 -0.0312509537 0.0810665777
71 0.0764801675 -0.2495988599 -0.1190822264 0.0019532442 -0.0312509537 -0.0312509537 0.0553901406
72 0.0574892704 -0.2157515605 -0.1045970099 0.0011512455 0.0132145146 -0.0312509537 0.0578051075
73 0.0446487014 -0.1895554993 -0.0933670931 0.0019532442 -0.0312509537 -0.0312509537 0.0289187439
74 0.0355786077 -0.1686851331 -0.0844033980 0.0012522508 -0.0312509537 -0.0166020692 0.0234851738
75 0.0289453927 -0.1516705377 -0.0770807410 0.0013052463 -0.0312509537 -0.0181279946 0.0179763025
76 0.0239552518 -0.1375370560 -0.0709845762 0.0010560352 0.0089114048 -0.0312509537 0.0230259124
77 0.0201120849 -0.1256129159 -0.0658291748 0.0018692943 -0.0312509537 -0.0298776208 0.0101966941
78 0.0170931248 -0.1154200586 -0.0614111950 0.0010817711 -0.0312509537 -0.0102542192 0.0097014744
79 0.0146811662 -0.1066090119 -0.0575819833 0.0019532442 -0.0312509537 -0.0312509537 0.0063721601
80 0.0127257768 -0.0989183822 -0.0542303465 0.0019532442 -0.0312509537 -0.0312509537 0.0051069334
81 0.0111201543 -0.0921487526 -0.0512714508 0.0014715953 -0.0312509537 -0.0222479934 0.0045509030
82 0.0097868160 -0.0861453434 -0.0486394471 0.0014009819 -0.0312509537 -0.0205999939 0.0037996050
83 0.0086684722 -0.0807861859 -0.0462824414 0.0019532442 -0.0312509537 -0.0312509537 0.0026796849
84 0.0077220442 -0.0759738664 -0.0441589834 0.0010276207 -0.0312509537 0.0071413312 0.0046318612
85 0.0069146488 -0.0716296440 -0.0422355649 0.0016322396 -0.0312509537 -0.0256050295 0.0019070133
86 0.0062208447 -0.0676891817 -0.0404848043 0.0010445197 -0.0312509537 0.0082399976 0.0037018508
87 0.0056207066 -0.0640993976 -0.0388841072 0.0019513377 -0.0312509537 0.0312204352 0.0059936671
88 0.0050984559 -0.0608161071 -0.0374146637 0.0016197964 0.0253608814 -0.0312509537 0.0074644647
89 0.0046414715 -0.0578022348 -0.0360606877 0.0011993345 -0.0312509537 0.0149235511 0.0033043631
90 0.0042395639 -0.0550264396 -0.0348088329 0.0010271858 -0.0312509537 -0.0071108127 0.0013324541
91 0.0038844368 -0.0524620486 -0.0336477383 0.0010576754 -0.0312509537 0.0090029603 0.0022689926
92 0.0035692826 -0.0500862189 -0.0325676725 0.0010204798 -0.0312509537 -0.0066225166 0.0010279183
93 0.0032884744 -0.0478792745 -0.0315602512 0.0012284671 -0.0312509537 0.0158696249 0.0025260942
94 0.0030373300 -0.0458241763 -0.0306182122 0.0010074731 -0.0312509537 -0.0055543687 0.0008405751
95 0.0028119292 -0.0439060947 -0.0297352332 0.0010626965 -0.0312509537 -0.0092776269 0.0005786662
96 0.0026089702 -0.0421120629 -0.0289057847 0.0019080015 0.0305185095 -0.0312509537 0.0052806999
97 0.0024256572 -0.0404306941 -0.0281250093 0.0011652264 -0.0312509537 0.0137333293 0.0018363881
98 0.0022596104 -0.0388519472 -0.0273886226 0.0008353821 -0.0249336222 0.0146183660 0.0019583069
99 0.0021087950 -0.0373669348 -0.0266928309 0.0010702155 -0.0312509537 -0.0096743675 0.0003270333
100 0.0019714627 -0.0359677617 -0.0260342631 0.0015476406 -0.0238959929 -0.0312509537 0.0001729415
101 0.0018461053 -0.0346473905 -0.0254099130 0.0019532442 -0.0312509537 -0.0312509537 0.0000456535
102 0.0017314165 -0.0333995286 -0.0248170915 0.0018638318 -0.0312509537 -0.0297860652 0.0000293071
103 0.0016262605 -0.0322185317 -0.0242533858 0.0010200765 -0.0312509537 0.0065919980 0.0009523739
104 0.0015296462 -0.0310993233 -0.0237166246 0.0019024216 0.0304269539 -0.0312509537 0.0038422489
105 0.0014407059 -0.0300373245 -0.0232048485 0.0001369025 -0.0057985168 0.0101626637 0.0017009107
106 0.0013586773 -0.0290283948 -0.0227162851 0.0012039122 -0.0312509537 -0.0150761437 0.0000633115
107 0.0012828890 -0.0280687811 -0.0222493268 0.0010409851 -0.0300607318 -0.0117191076 0.0001148534
108 0.0012127476 -0.0271550734 -0.0218025123 0.0003921638 0.0068361461 -0.0185857723 0.0011657504
109 0.0011477271 -0.0262841664 -0.0213745100 0.0005201363 0.0102847377 0.0203558458 0.0030787073
110 0.0010873604 -0.0254532266 -0.0209641042 0.0010779953 0.0101626637 0.0312204352 0.0039917178
111 0.0010312314 -0.0246596629 -0.0205701827 0.0011305177 0.0124820704 0.0312204352 0.0040617765
112 0.0009789684 -0.0239011015 -0.0201917257 0.0016511280 0.0259712516 -0.0312509537 0.0026095581
113 0.0009302390 -0.0231753635 -0.0198277968 0.0009766230 -0.0312509537 -0.0000305185 0.0004571474
114 0.0008847448 -0.0224804457 -0.0194775342 0.0007594561 -0.0000305185 0.0275582141 0.0027163608
115 0.0008422176 -0.0218145028 -0.0191401438 0.0003996829 -0.0187078463 -0.0070497757 0.0001558283
116 0.0008024161 -0.0211758324 -0.0188148923 0.0011034397 0.0112613300 -0.0312509537 0.0012068251
117 0.0007651220 -0.0205628616 -0.0185011017 0.0010786650 -0.0312509537 -0.0101016266 0.0001847865
118 0.0007301385 -0.0199741348 -0.0181981441 0.0012542812 -0.0312509537 -0.0166631062 0.0001295230
119 0.0006972869 -0.0194083031 -0.0179054372 0.0019532442 -0.0312509537 -0.0312509537 0.0003183512
120 0.0006664052 -0.0188641145 -0.0176224401 0.0009845053 0.0028077029 -0.0312509537 0.0006554041
121 0.0006373461 -0.0183404056 -0.0173486496 0.0011496361 -0.0131534776 -0.0312509537 0.0002201783
122 0.0006099756 -0.0178360941 -0.0170835975 0.0019532442 -0.0312509537 -0.0312509537 0.0003806724
123 0.0005841712 -0.0173501713 -0.0168268468 0.0015922350 -0.0312509537 -0.0248115482 0.0002569872
124 0.0005598214 -0.0168816966 -0.0165779897 0.0011797457 -0.0142521439 -0.0312509537 0.0002222104
125 0.0005368240 -0.0164297916 -0.0163366449 0.0012132074 -0.0312509537 -0.0153813288 0.0002205795
126 0.0005150854 -0.0159936349 -0.0161024559 0.0009800878 -0.0312509537 -0.0018616291 0.0004355869
127 0.0004945199 -0.0155724578 -0.0158750884 0.0012635103 -0.0312509537 -0.0169377728 0.0002469445
128 0.0004750485 -0.0151655403 -0.0156542289 0.0002512638 -0.0091555528 0.0129398480 0.0008537412
129 0.0004565988 -0.0147722068 -0.0154395833 0.0014743149 -0.0223090304 -0.0312509537 0.0003068031
130 0.0004391041 -0.0143918232 -0.0152308750 0.0019532442 -0.0312509537 -0.0312509537 0.0005408732
131 0.0004225029 -0.0140237938 -0.0150278439 0.0019532442 -0.0312509537 -0.0312509537 0.0005599643
132 0.0004067383 -0.0136675581 -0.0148302452 0.0010966592 -0.0312509537 0.0109561449 0.0009741137
133 0.0003917580 -0.0133225886 -0.0146378480 0.0010980004 -0.0312509537 -0.0110171819 0.0003345355
134 0.0003775133 -0.0129883880 -0.0144504346 0.0006077903 -0.0196234016 -0.0149235511 0.0000442472
135 0.0003639593 -0.0126644877 -0.0142677994 0.0018821055 -0.0300912503 -0.0312509537 0.0005921196
136 0.0003510545 -0.0123504453 -0.0140897483 0.0001090729 -0.0090639973 -0.0051881466 0.0000900393
137 0.0003387601 -0.0120458427 -0.0139160976 0.0018529570 -0.0312509537 -0.0296029542 0.0006149138
138 0.0003270402 -0.0117502851 -0.0137466735 0.0010254646 -0.0312509537 -0.0069887387 0.0004259458
139 0.0003158615 -0.0114633986 -0.0135813113 0.0010506891 -0.0312509537 -0.0086062197 0.0004162989
140 0.0003051929 -0.0111848296 -0.0134198551 0.0001699181 -0.0108035524 0.0072939238 0.0004292060
141 0.0002950055 -0.0109142429 -0.0132621567 0.0012284671 -0.0312509537 -0.0158696249 0.0004203807
142 0.0002852723 -0.0106513207 -0.0131080757 0.0004346049 -0.0177922910 0.0108645894 0.0006256821
143 0.0002759681 -0.0103957616 -0.0129574786 0.0018510505 0.0296029542 0.0312204352 0.0035515853
144 0.0002670695 -0.0101472796 -0.0128102386 0.0000772533 -0.0000305185 0.0087893307 0.0005688902
145 0.0002585545 -0.0099056027 -0.0126662350 0.0005077070 -0.0186773278 -0.0126041444 0.0000769470
146 0.0002504025 -0.0096704728 -0.0125253529 0.0014554340 -0.0312509537 0.0218817713 0.0016495674
147 0.0002425944 -0.0094416440 -0.0123874831 0.0003022531 -0.0171208838 -0.0030213324 0.0001466955
148 0.0002351121 -0.0092188825 -0.0122525211 0.0004392544 0.0206305124 0.0036927396 0.0011452377
149 0.0002279387 -0.0090019658 -0.0121203678 0.0009777342 0.0099795526 -0.0296334727 0.0006670069
150 0.0002210584 -0.0087906817 -0.0119909281 0.0019532442 -0.0312509537 -0.0312509537 0.0008754124
151 0.0002144564 -0.0085848279 -0.0118641117 0.0019532442 -0.0312509537 -0.0312509537 0.0008896029
152 0.0002081187 -0.0083842118 -0.0117398320 0.0009182330 0.0035706656 -0.0300912503 0.0004796936
153 0.0002020320 -0.0081886491 -0.0116180065 0.0015520246 -0.0312509537 -0.0239875484 0.0006848755
154 0.0001961842 -0.0079979643 -0.0114985560 0.0018439459 -0.0312509537 -0.0294503616 0.0008629688
155 0.0001905636 -0.0078119894 -0.0113814051 0.0014060262 -0.0312509537 -0.0207220679 0.0006366330
156 0.0001851591 -0.0076305641 -0.0112664813 0.0007470147 0.0233771783 0.0141605884 0.0016080160
157 0.0001799606 -0.0074535350 -0.0111537154 0.0019513377 -0.0312509537 0.0312204352 0.0023618858
158 0.0001749582 -0.0072807553 -0.0110430410 0.0001524333 0.0089114048 0.0085451827 0.0006458846
159 0.0001701427 -0.0071120847 -0.0109343945 0.0019532442 -0.0312509537 -0.0312509537 0.0009954476
160 0.0001655056 -0.0069473886 -0.0108277148 0.0009766230 0.0000305185 -0.0312509537 0.0004657999
161 0.0001610386 -0.0067865383 -0.0107229433 0.0019513377 -0.0312509537 0.0312204352 0.0023577546
162 0.0001567340 -0.0066294104 -0.0106200239 0.0000667557 -0.0078432569 0.0022888882 0.0001681134
163 0.0001525844 -0.0064758864 -0.0105189026 0.0011217999 -0.0295113987 -0.0158391064 0.0005589394
164 0.0001485830 -0.0063258529 -0.0104195275 0.0016028816 -0.0312509537 0.0250251778 0.0018775878
165 0.0001447231 -0.0061792009 -0.0103218488 0.0012697468 -0.0171208838 -0.0312509537 0.0005577479
166 0.0001409986 -0.0060358260 -0.0102258186 0.0010966592 0.0109561449 -0.0312509537 0.0007307834
167 0.0001374035 -0.0058956278 -0.0101313907 0.0013605032 -0.0195928831 -0.0312509537 0.0006336507
168 0.0001339323 -0.0057585097 -0.0100385208 0.0009768317 0.0004577776 -0.0312509537 0.0004886095
169 0.0001305798 -0.0056243791 -0.0099471663 0.0012207776 -0.0156254769 -0.0312509537 0.0005538733
170 0.0001273407 -0.0054931469 -0.0098572859 0.0019532442 -0.0312509537 -0.0312509537 0.0011211536
171 0.0001242105 -0.0053647275 -0.0097688402 0.0010572321 -0.0309457686 -0.0099795526 0.0006544341
172 0.0001211846 -0.0052390383 -0.0096817908 0.0014770420 0.0223700674 -0.0312509537 0.0012274915
173 0.0001182586 -0.0051160001 -0.0095961009 0.0016880805 -0.0312509537 0.0266731773 0.0019984963
174 0.0001154285 -0.0049955365 -0.0095117352 0.0010706858 -0.0097964415 0.0312204352 0.0016821584
175 0.0001126903 -0.0048775739 -0.0094286592 0.0019494311 0.0312204352 0.0312204352 0.0029554151
176 0.0001100405 -0.0047620414 -0.0093468401 0.0009793380 -0.0312509537 -0.0016479995 0.0007609346
177 0.0001074753 -0.0046488709 -0.0092662458 0.0019532442 -0.0312509537 -0.0312509537 0.0011909982
178 0.0001049915 -0.0045379964 -0.0091868455 0.0011735129 0.0140995514 0.0312204352 0.0019801065
179 0.0001025859 -0.0044293546 -0.0091086095 0.0000715393 -0.0084536271 0.0002746666 0.0001042406
180 0.0001002555 -0.0043228841 -0.0090315090 0.0009766230 -0.0312509537 -0.0000305185 0.0008061388
181 0.0000979972 -0.0042185260 -0.0089555162 0.0010046427 -0.0268868068 0.0167851802 0.0011764344
182 0.0000958084 -0.0041162232 -0.0088806041 0.0011401360 0.0127872555 -0.0312509537 0.0007861601
183 0.0000936864 -0.0040159207 -0.0088067469 0.0019532442 -0.0312509537 -0.0312509537 0.0012454894
184 0.0000916287 -0.0039175653 -0.0087339193 0.0009766230 -0.0312509537 -0.0000305185 0.0008228633
185 0.0000896328 -0.0038211058 -0.0086620969 0.0010176959 0.0064088870 -0.0312509537 0.0006149092
186 0.0000876964 -0.0037264925 -0.0085912562 0.0011780096 -0.0141911069 -0.0312509537 0.0006229700
187 0.0000858174 -0.0036336775 -0.0085213744 0.0009914087 -0.0038453322 -0.0312509537 0.0005166786
188 0.0000839937 -0.0035426145 -0.0084524293 0.0009866959 -0.0312509537 -0.0031739250 0.0007956147
189 0.0000822232 -0.0034532586 -0.0083843996 0.0000137714 0.0007629627 0.0036317026 0.0001621632
190 0.0000805039 -0.0033655665 -0.0083172644 0.0003015453 -0.0173650319 -0.0000305185 0.0002646552
191 0.0000788342 -0.0032794962 -0.0082510036 0.0012884898 -0.0267036958 0.0239875484 0.0015880174
192 0.0000772121 -0.0031950073 -0.0081855977 0.0003898847 -0.0197454756 -0.0000305185 0.0003404233
193 0.0000756360 -0.0031120604 -0.0081210278 0.0012011600 -0.0312509537 0.0149845882 0.0013256668
194 0.0000741043 -0.0030306175 -0.0080572754 0.0002626136 -0.0000305185 0.0162053285 0.0005976745
195 0.0000726155 -0.0029506417 -0.0079943229 0.0012472074 -0.0312509537 0.0164494766 0.0013984070
196 0.0000711680 -0.0028720975 -0.0079321528 0.0006810339 -0.0215765862 0.0146794031 0.0008611404
197 0.0000697604 -0.0027949502 -0.0078707485 0.0002386315 -0.0042115543 0.0148625141 0.0005188080
198 0.0000683914 -0.0027191663 -0.0078100935 0.0000000019 -0.0000305185 -0.0000305185 0.0000677506
199 0.0000670597 -0.0026447134 -0.0077501721 0.0009766230 -0.0312509537 -0.0000305185 0.0008779100
200 0.0000657639 -0.0025715601 -0.0076909688 0.0003488435 -0.0000305185 0.0186773278 0.0007017440
201 0.0000645030 -0.0024996757 -0.0076324687 0.0006783572 0.0196539201 -0.0170903653 0.0005802336
202 0.0000632756 -0.0024290307 -0.0075746573 0.0001295828 0.0113834040 -0.0000305185 0.0002476974
203 0.0000620808 -0.0023595964 -0.0075175204 0.0000486972 0.0056764428 0.0040589618 0.0001985929
204 0.0000609174 -0.0022913449 -0.0074610443 0.0003588055 -0.0067445906 0.0177007355 0.0006529466
205 0.0000597845 -0.0022242492 -0.0074052157 0.0011694409 0.0138859218 -0.0312509537 0.0008281568
206 0.0000586810 -0.0021582829 -0.0073500215 0.0002218034 -0.0148930326 -0.0000305185 0.0002157490
207 0.0000576060 -0.0020934207 -0.0072954490 0.0000455826 -0.0003051851 -0.0067445906 0.0000035012
208 0.0000565586 -0.0020296377 -0.0072414861 0.0010019789 -0.0312509537 0.0050355541 0.0010046110
209 0.0000555378 -0.0019669100 -0.0071881207 0.0002163827 -0.0000305185 0.0147099216 0.0004832739
210 0.0000545429 -0.0019052141 -0.0071353410 0.0002005232 -0.0141605884 -0.0000305185 0.0002006727
211 0.0000535731 -0.0018445274 -0.0070831359 0.0010091915 -0.0312509537 -0.0057069613 0.0008666318
212 0.0000526275 -0.0017848279 -0.0070314942 0.0010091915 -0.0312509537 0.0057069613 0.0010305208
213 0.0000517055 -0.0017260940 -0.0069804051 0.0003175520 -0.0052491836 0.0170293283 0.0005888795
214 0.0000508062 -0.0016683049 -0.0069298581 0.0018296250 -0.0312509537 0.0292062136 0.0021809488
215 0.0000499290 -0.0016114404 -0.0068798431 0.0016062067 -0.0293282876 0.0273140660 0.0019374470
216 0.0000490732 -0.0015554808 -0.0068303500 0.0002858562 -0.0000305185 0.0169072542 0.0005657994
217 0.0000482382 -0.0015004068 -0.0067813690 0.0010722794 -0.0105288858 0.0310068056 0.0015094596
218 0.0000474233 -0.0014461999 -0.0067328909 0.0015499439 0.0296945097 0.0258491775 0.0020313350
219 0.0000466280 -0.0013928419 -0.0066849062 0.0008959870 0.0169682913 0.0246589557 0.0013195689
220 0.0000458516 -0.0013403150 -0.0066374059 0.0000586788 0.0076601459 -0.0000305185 0.0001246593
221 0.0000450936 -0.0012886023 -0.0065903814 0.0007988479 -0.0064088870 0.0275276955 0.0011902605
222 0.0000443535 -0.0012376868 -0.0065438239 0.0003959564 0.0045167394 0.0193792535 0.0007051194
223 0.0000436307 -0.0011875523 -0.0064977252 0.0001434669 -0.0065309610 -0.0100405896 0.0000411039
224 0.0000429248 -0.0011381830 -0.0064520770 0.0002858562 -0.0000305185 0.0169072542 0.0005468853
225 0.0000422351 -0.0010895634 -0.0064068713 0.0003231849 -0.0172124393 -0.0051881466 0.0002614324
226 0.0000415614 -0.0010416783 -0.0063621005 0.0001386125 0.0011291849 -0.0117191076 0.0000334102
227 0.0000409031 -0.0009945133 -0.0063177568 0.0004930322 -0.0204168828 -0.0087282937 0.0003830391
228 0.0000402598 -0.0009480539 -0.0062738328 0.0002083775 -0.0144352550 -0.0000305185 0.0002208836
229 0.0000396310 -0.0009022862 -0.0062303213 0.0000190607 -0.0001220740 -0.0043641469 0.0000040913
230 0.0000390164 -0.0008571967 -0.0061872152 0.0000469462 -0.0036011841 0.0058290353 0.0001519197
231 0.0000384156 -0.0008127721 -0.0061445076 0.0010084986 -0.0312509537 -0.0056459243 0.0009267315
232 0.0000378281 -0.0007689996 -0.0061021917 0.0002766439 -0.0000305185 0.0166325877 0.0005174155
233 0.0000372536 -0.0007258664 -0.0060602608 0.0016070998 -0.0251472518 0.0312204352 0.0019862544
234 0.0000366918 -0.0006833605 -0.0060187086 0.0005117762 -0.0073549608 0.0213934751 0.0007959381
235 0.0000361423 -0.0006414697 -0.0059775286 0.0009274490 -0.0026856288 0.0303353984 0.0013228073
236 0.0000356048 -0.0006001825 -0.0059367147 0.0006785900 -0.0253608814 -0.0059511093 0.0006130924
237 0.0000350789 -0.0005594874 -0.0058962609 0.0002533352 0.0119632557 0.0104983673 0.0004256029
238 0.0000345644 -0.0005193733 -0.0058561612 0.0007405603 0.0265816218 -0.0058290353 0.0007344647
239 0.0000340609 -0.0004798294 -0.0058164099 0.0003975966 0.0141300699 0.0140690329 0.0006088800
240 0.0000335681 -0.0004408451 -0.0057770013 0.0002858562 -0.0000305185 0.0169072542 0.0005147438
241 0.0000330858 -0.0004024100 -0.0057379299 0.0004663799 -0.0161442915 -0.0143436995 0.0003218661
242 0.0000326136 -0.0003645141 -0.0056991902 0.0007011843 -0.0228583636 0.0133671072 0.0008694970
243 0.0000321514 -0.0003271474 -0.0056607769 0.0003028138 -0.0173345134 0.0015259255 0.0003408992
244 0.0000316989 -0.0002903005 -0.0056226849 0.0002858562 -0.0000305185 0.0169072542 0.0005076656
245 0.0000312557 -0.0002539638 -0.0055849090 0.0000311723 -0.0025940733 0.0049439985 0.0001163340
246 0.0000308217 -0.0002181283 -0.0055474443 0.0000865587 0.0028687399 -0.0088503677 0.0000204381
247 0.0000303967 -0.0001827849 -0.0055102859 0.0012029929 -0.0150456252 -0.0312509537 0.0008834860
248 0.0000299803 -0.0001479249 -0.0054734291 0.0002858562 -0.0000305185 0.0169072542 0.0005009088
249 0.0000295724 -0.0001135397 -0.0054368691 0.0000072135 -0.0026856288 -0.0000305185 0.0000358443
250 0.0000291728 -0.0000796210 -0.0054006014 0.0001550421 -0.0124515519 -0.0000305185 0.0001819025
251 0.0000287813 -0.0000461605 -0.0053646215 0.0003140313 0.0118411817 0.0131839961 0.0004853601
252 0.0000283976 -0.0000131504 -0.0053289251 0.0002858562 -0.0000305185 0.0169072542 0.0004944480
253 0.0000280216 0.0000194172 -0.0052935077 0.0018066078 -0.0312509537 -0.0288094729 0.0015308367
254 0.0000276531 0.0000515500 -0.0052583652 0.0008904853 -0.0260322886 0.0145878475 0.0010742388
255 0.0000272918 0.0000832554 -0.0052234934 0.0002129003 -0.0105288858 0.0101016266 0.0003474768
256 0.0000269377 0.0001145407 -0.0051888883 0.0000000000 0.0000000000 0.0000000000 0.0000269377
257 0.0000265905 0.0001454131 -0.0051545459 0.0000872190 -0.0000915555 -0.0093386639 0.0000175630
258 0.0000262501 0.0001758795 -0.0051204623 0.0001207384 -0.0031434065 -0.0105288858 0.0000402687
259 0.0000259163 0.0002059467 -0.0050866336 0.0003346446 0.0028687399 -0.0180669576 0.0001755793
260 0.0000255889 0.0002356215 -0.0050530562 0.0019532442 -0.0312509537 -0.0312509537 0.0016777342
261 0.0000252678 0.0002649104 -0.0050197264 0.0000936083 -0.0001220740 -0.0096743675 0.0000218154
262 0.0000249529 0.0002938197 -0.0049866405 0.0004965789 -0.0182500687 -0.0127872555 0.0004047254
263 0.0000246440 0.0003223558 -0.0049537950 0.0002024456 0.0103762932 -0.0097354045 0.0001239454
264 0.0000243409 0.0003505248 -0.0049211864 0.0001707964 -0.0004272591 0.0130619221 0.0003239971
265 0.0000240436 0.0003783326 -0.0048888113 0.0009843349 -0.0027771844 -0.0312509537 0.0007049198
266 0.0000237519 0.0004057852 -0.0048566664 0.0004052218 0.0073549608 -0.0187383648 0.0002409926
267 0.0000234656 0.0004328882 -0.0048247484 0.0007532261 0.0225836970 -0.0155949583 0.0006066558
268 0.0000231846 0.0004596473 -0.0047930541 0.0005696512 0.0112918485 0.0210272530 0.0007840248
269 0.0000229089 0.0004860681 -0.0047615803 0.0010571268 -0.0312509537 -0.0089724418 0.0010249699
270 0.0000226383 0.0005121558 -0.0047303239 0.0006148417 -0.0176702170 -0.0173955504 0.0004910066
271 0.0000223726 0.0005379159 -0.0046992818 0.0000730881 -0.0070802942 -0.0047914060 0.0000580456
272 0.0000221118 0.0005633534 -0.0046684511 0.0019532442 -0.0312509537 -0.0312509537 0.0017187796
273 0.0000218558 0.0005884734 -0.0046378288 0.0011594044 -0.0312509537 0.0135196997 0.0013434450
274 0.0000216044 0.0006132809 -0.0046074121 0.0010946614 0.0108645894 -0.0312509537 0.0008149676
275 0.0000213575 0.0006377808 -0.0045771980 0.0009850278 -0.0028992584 -0.0312509537 0.0007239999
276 0.0000211151 0.0006619778 -0.0045471838 0.0019532442 -0.0312509537 -0.0312509537 0.0017315265
277 0.0000208770 0.0006858766 -0.0045173669 0.0019513377 0.0312204352 -0.0312509537 0.0016470439
278 0.0000206432 0.0007094817 -0.0044877444 0.0015922350 -0.0248115482 -0.0312509537 0.0013675923
279 0.0000204136 0.0007327977 -0.0044583137 0.0010078131 0.0055848872 -0.0312509537 0.0007413883
280 0.0000201880 0.0007558290 -0.0044290723 0.0004527715 -0.0189519944 0.0096743675 0.0005873053
281 0.0000199663 0.0007785797 -0.0044000176 0.0019532442 -0.0312509537 -0.0312509537 0.0017468638
282 0.0000197486 0.0008010543 -0.0043711471 0.0013041407 -0.0312509537 -0.0180974761 0.0012157433
283 0.0000195347 0.0008232567 -0.0043424583 0.0007339801 -0.0262153996 -0.0068361461 0.0007373074
284 0.0000193245 0.0008451911 -0.0043139488 0.0016735035 -0.0312509537 0.0263985107 0.0019734177
285 0.0000191180 0.0008668615 -0.0042856162 0.0019532442 -0.0312509537 -0.0312509537 0.0017586835
286 0.0000189150 0.0008882717 -0.0042574581 0.0009434538 -0.0051881466 -0.0302743614 0.0007138021
287 0.0000187155 0.0009094256 -0.0042294724 0.0019532442 -0.0312509537 -0.0312509537 0.0017644504
288 0.0000185194 0.0009303268 -0.0042016566 0.0008237362 -0.0221259194 -0.0182805872 0.0007298068
289 0.0000183267 0.0009509792 -0.0041740086 0.0011585801 -0.0312509537 -0.0134891812 0.0011237369
290 0.0000181373 0.0009713863 -0.0041465262 0.0019513377 0.0312204352 -0.0312509537 0.0016496549
291 0.0000179510 0.0009915517 -0.0041192072 0.0009766221 0.0000000000 -0.0312509537 0.0007371148
292 0.0000177680 0.0010114787 -0.0040920495 0.0009876878 0.0033265175 -0.0312509537 0.0007429655
293 0.0000175880 0.0010311709 -0.0040650510 0.0012964541 0.0178838466 -0.0312509537 0.0010230860
294 0.0000174110 0.0010506316 -0.0040382097 0.0002425210 -0.0134891812 -0.0077822199 0.0002254238
295 0.0000172369 0.0010698640 -0.0040115235 0.0005184291 -0.0126651814 -0.0189214759 0.0004109582
296 0.0000170658 0.0010888714 -0.0039849905 0.0010725737 -0.0274361400 -0.0178838466 0.0010068545
297 0.0000168975 0.0011076569 -0.0039586087 0.0011594044 -0.0217291787 -0.0262153996 0.0010168858
298 0.0000167320 0.0011262237 -0.0039323761 0.0019532442 -0.0312509537 -0.0312509537 0.0017945863
299 0.0000165692 0.0011445747 -0.0039062910 0.0019532442 -0.0312509537 -0.0312509537 0.0017972008
300 0.0000164090 0.0011627130 -0.0038803513 0.0015269304 -0.0234992523 0.0312204352 0.0018402777
301 0.0000162515 0.0011806415 -0.0038545553 0.0019532442 -0.0312509537 -0.0312509537 0.0018023710
302 0.0000160966 0.0011983630 -0.0038289012 0.0014825185 -0.0224921415 -0.0312509537 0.0013132090
303 0.0000159441 0.0012158805 -0.0038033872 0.0008589274 -0.0209662160 0.0204779199 0.0010816273
304 0.0000157941 0.0012331966 -0.0037780115 0.0012921027 -0.0312509537 0.0177617725 0.0015191823
305 0.0000156466 0.0012503141 -0.0037527724 0.0009766677 -0.0312509537 0.0002136296 0.0010720648
306 0.0000155014 0.0012672357 -0.0037276683 0.0003117159 0.0045472579 -0.0170598468 0.0001885055
307 0.0000153585 0.0012839639 -0.0037026973 0.0009766221 0.0000000000 -0.0312509537 0.0007605550
308 0.0000152179 0.0013005015 -0.0036778580 0.0017649416 -0.0312509537 0.0280770287 0.0020679701
309 0.0000150796 0.0013168508 -0.0036531486 0.0009766221 0.0000000000 -0.0312509537 0.0007633729
310 0.0000149434 0.0013330144 -0.0036285676 0.0012039122 0.0150761437 -0.0312509537 0.0009518698
311 0.0000148094 0.0013489948 -0.0036041133 0.0009766221 0.0000000000 -0.0312509537 0.0007661676
312 0.0000146775 0.0013647943 -0.0035797843 0.0019513377 -0.0312509537 0.0312204352 0.0022748423
313 0.0000145477 0.0013804153 -0.0035555790 0.0009766221 0.0000000000 -0.0312509537 0.0007689393
314 0.0000144199 0.0013958602 -0.0035314959 0.0009768913 0.0005188147 -0.0312509537 0.0007691376
315 0.0000142941 0.0014111311 -0.0035075334 0.0009978585 0.0046082949 -0.0312509537 0.0007799192
316 0.0000141702 0.0014262303 -0.0034836902 0.0019513377 -0.0312509537 0.0312204352 0.0022721747
317 0.0000140483 0.0014411601 -0.0034599648 0.0004526290 -0.0059816279 -0.0204168828 0.0003426348
318 0.0000139283 0.0014559225 -0.0034363558 0.0000228495 0.0036011841 0.0031434065 0.0000478954
319 0.0000138101 0.0014705198 -0.0034128617 0.0011197416 -0.0312509537 -0.0119632557 0.0011438041
320 0.0000136937 0.0014849539 -0.0033894812 0.0009783889 -0.0289010285 -0.0119632557 0.0009968175
321 0.0000135791 0.0014992270 -0.0033662130 0.0012635103 -0.0169377728 -0.0312509537 0.0011174817
322 0.0000134662 0.0015133410 -0.0033430556 0.0019532442 -0.0312509537 -0.0312509537 0.0018523498
323 0.0000133551 0.0015272979 -0.0033200077 0.0019532442 -0.0312509537 -0.0312509537 0.0018545515
324 0.0000132456 0.0015410998 -0.0032970681 0.0019532442 -0.0312509537 -0.0312509537 0.0018567385
325 0.0000131379 0.0015547484 -0.0032742354 0.0019532442 -0.0312509537 -0.0312509537 0.0018589109
326 0.0000130317 0.0015682457 -0.0032515084 0.0019532442 -0.0312509537 -0.0312509537 0.0018610688
327 0.0000129271 0.0015815935 -0.0032288858 0.0019532442 -0.0312509537 -0.0312509537 0.0018632124
328 0.0000128242 0.0015947936 -0.0032063665 0.0018747736 0.0299691763 -0.0312509537 0.0015916045
329 0.0000127227 0.0016078479 -0.0031839490 0.0019532442 -0.0312509537 -0.0312509537 0.0018674576
330 0.0000126228 0.0016207581 -0.0031616323 0.0010805231 -0.0312509537 -0.0101931822 0.0011299921
331 0.0000125243 0.0016335258 -0.0031394152 0.0010074731 -0.0312509537 0.0055543687 0.0011569709
332 0.0000124274 0.0016461529 -0.0031172965 0.0018030947 0.0287484359 -0.0312509537 0.0015260364
333 0.0000123318 0.0016586409 -0.0030952750 0.0013019352 -0.0312509537 0.0180364391 0.0015295908
334 0.0000122377 0.0016709916 -0.0030733497 0.0011574979 -0.0135196997 0.0312204352 0.0014068208
335 0.0000121450 0.0016832064 -0.0030515192 0.0019532442 -0.0312509537 -0.0312509537 0.0018798670
336 0.0000120536 0.0016952872 -0.0030297827 0.0019532442 -0.0312509537 -0.0312509537 0.0018818893
337 0.0000119636 0.0017072352 -0.0030081389 0.0012635103 -0.0169377728 -0.0312509537 0.0011452929
338 0.0000118748 0.0017190523 -0.0029865868 0.0004433524 -0.0180364391 -0.0108645894 0.0004523424
339 0.0000117874 0.0017307397 -0.0029651252 0.0010953255 -0.0312509537 0.0108951079 0.0012798982
340 0.0000117013 0.0017422991 -0.0029437533 0.0019248418 -0.0312509537 -0.0307931761 0.0018641451
341 0.0000116164 0.0017537318 -0.0029224698 0.0005752842 -0.0239570299 -0.0011597034 0.0006641506
342 0.0000115328 0.0017650394 -0.0029012738 0.0009684418 -0.0298165838 0.0089114048 0.0011369383
343 0.0000114503 0.0017762232 -0.0028801643 0.0009766230 -0.0312509537 -0.0000305185 0.0010989149
344 0.0000113691 0.0017872846 -0.0028591402 0.0009997660 0.0312204352 -0.0050050356 0.0008709152
345 0.0000112890 0.0017982251 -0.0028382006 0.0012343124 -0.0312509537 0.0160527360 0.0014491157
346 0.0000112101 0.0018090458 -0.0028173445 0.0002140105 -0.0133365886 0.0060121464 0.0003073502
347 0.0000111323 0.0018197483 -0.0027965709 0.0009766230 -0.0312509537 -0.0000305185 0.0011013224
348 0.0000110556 0.0018303337 -0.0027758789 0.0005408045 0.0189214759 0.0135196997 0.0005576530
349 0.0000109801 0.0018408034 -0.0027552674 0.0002158155 -0.0031739250 0.0143436995 0.0003175222
350 0.0000109056 0.0018511586 -0.0027347357 0.0007275051 -0.0216071047 0.0161442915 0.0009067078
351 0.0000108321 0.0018614006 -0.0027142827 0.0009791406 -0.0312509537 -0.0015869625 0.0010976989
352 0.0000107598 0.0018715306 -0.0026939076 0.0008393833 0.0289620655 0.0007629627 0.0007458470
353 0.0000106884 0.0018815498 -0.0026736095 0.0009766230 -0.0312509537 -0.0000305185 0.0011047487
354 0.0000106181 0.0018914594 -0.0026533874 0.0017891165 -0.0312509537 -0.0285042879 0.0017666886
355 0.0000105487 0.0019012605 -0.0026332406 0.0014235725 -0.0247199927 -0.0285042879 0.0013780022
356 0.0000104804 0.0019109543 -0.0026131680 0.0010768236 -0.0100100711 -0.0312509537 0.0009622336
357 0.0000104130 0.0019205419 -0.0025931689 0.0009776364 -0.0312509537 -0.0010071108 0.0011028637
358 0.0000103466 0.0019300245 -0.0025732425 0.0013212819 -0.0186162908 0.0312204352 0.0015641637
359 0.0000102811 0.0019394031 -0.0025533878 0.0011089981 -0.0312509537 -0.0115054781 0.0011817397
360 0.0000102165 0.0019486789 -0.0025336041 0.0006838160 0.0256050295 0.0053102206 0.0006211485
361 0.0000101528 0.0019578528 -0.0025138905 0.0014408551 -0.0312509537 0.0215460677 0.0016817064
362 0.0000100901 0.0019669259 -0.0024942462 0.0013021476 -0.0270393994 0.0238959929 0.0015378116
363 0.0000100282 0.0019758992 -0.0024746705 0.0014263089 -0.0240180670 0.0291451765 0.0016755010
364 0.0000099672 0.0019847738 -0.0024551625 0.0010375660 -0.0168767357 -0.0274361400 0.0009798058
365 0.0000099070 0.0019935507 -0.0024357215 0.0007282390 -0.0019226661 0.0269173254 0.0008769381
366 0.0000098477 0.0020022308 -0.0024163467 0.0013254647 -0.0312509537 0.0186773278 0.0015507174
367 0.0000097892 0.0020108151 -0.0023970372 0.0009220889 0.0000000000 0.0303659169 0.0010774545
368 0.0000097315 0.0020193045 -0.0023777925 0.0002244224 0.0021057772 -0.0148319956 0.0001551147
369 0.0000096746 0.0020277001 -0.0023586116 0.0016735035 -0.0263985107 -0.0312509537 0.0016428169
370 0.0000096185 0.0020360026 -0.0023394940 0.0009768047 -0.0312509537 -0.0004272591 0.0011116781
371 0.0000095632 0.0020442130 -0.0023204387 0.0012226888 -0.0312509537 -0.0156865139 0.0012872201
372 0.0000095087 0.0020523323 -0.0023014452 0.0001373384 0.0117191076 -0.0000305185 0.0000986037
373 0.0000094550 0.0020603612 -0.0022825127 0.0012542812 -0.0312509537 -0.0166631062 0.0013164452
374 0.0000094019 0.0020683006 -0.0022636405 0.0011702894 -0.0312509537 0.0139164403 0.0013719677
375 0.0000093497 0.0020761515 -0.0022448278 0.0009785929 -0.0014038514 -0.0312509537 0.0008534658
376 0.0000092981 0.0020839146 -0.0022260741 0.0006489153 -0.0217596973 -0.0132450331 0.0006899353
377 0.0000092473 0.0020915908 -0.0022073786 0.0019532442 -0.0312509537 -0.0312509537 0.0019552545
378 0.0000091971 0.0020991808 -0.0021887406 0.0013074630 -0.0181890316 -0.0312509537 0.0012562238
379 0.0000091477 0.0021066856 -0.0021701595 0.0001680842 -0.0076906644 -0.0104373302 0.0001643342
380 0.0000090990 0.0021141058 -0.0021516345 0.0019532442 -0.0312509537 -0.0312509537 0.0019599976
381 0.0000090509 0.0021214422 -0.0021331651 0.0010208850 -0.0312509537 -0.0066530351 0.0011341460
382 0.0000090035 0.0021286956 -0.0021147506 0.0012412996 0.0163274026 0.0312204352 0.0013128379
383 0.0000089568 0.0021358669 -0.0020963903 0.0000061853 -0.0021668142 -0.0012207404 0.0000192798
384 0.0000089107 0.0021429566 -0.0020780836 0.0011440618 -0.0312509537 0.0129398480 0.0013406915
385 0.0000088653 0.0021499655 -0.0020598299 0.0001037650 -0.0039979247 -0.0093691824 0.0000912232
386 0.0000088204 0.0021568944 -0.0020416285 0.0005820339 -0.0155644398 -0.0184331797 0.0005827286
387 0.0000087763 0.0021637440 -0.0020234788 0.0007329081 -0.0185857723 -0.0196844386 0.0007424519
388 0.0000087327 0.0021705149 -0.0020053803 0.0001239591 0.0089724418 0.0065919980 0.0001201811
389 0.0000086897 0.0021772079 -0.0019873322 0.0007524223 -0.0273751030 0.0017395550 0.0008872288
390 0.0000086474 0.0021838236 -0.0019693340 0.0000088751 -0.0014648885 -0.0025940733 0.0000137034
391 0.0000086056 0.0021903626 -0.0019513851 0.0001416637 -0.0119022187 -0.0000305185 0.0002022906
392 0.0000085644 0.0021968258 -0.0019334849 0.0001235689 0.0076906644 -0.0080263680 0.0000673055
393 0.0000085238 0.0022032136 -0.0019156328 0.0009799751 -0.0312509537 0.0018311106 0.0011332194
394 0.0000084838 0.0022095267 -0.0018978283 0.0006588811 -0.0256660665 0.0003662221 0.0007821746
395 0.0000084443 0.0022157658 -0.0018800707 0.0008525791 -0.0267036958 -0.0118106632 0.0009349519
396 0.0000084054 0.0022219314 -0.0018623595 0.0001592445 -0.0036317026 -0.0120853298 0.0001387742
397 0.0000083670 0.0022280242 -0.0018446942 0.0009759906 0.0011291849 0.0312204352 0.0010945102
398 0.0000083292 0.0022340448 -0.0018270741 0.0004798616 -0.0181890316 -0.0122074038 0.0005248533
399 0.0000082919 0.0022399937 -0.0018094987 0.0010783297 0.0147709586 -0.0293282876 0.0009143088
400 0.0000082551 0.0022458716 -0.0017919674 0.0008320394 -0.0260628071 0.0123599963 0.0010016594
401 0.0000082188 0.0022516790 -0.0017744798 0.0010095408 -0.0312509537 -0.0057374798 0.0011381318
402 0.0000081831 0.0022574164 -0.0017570353 0.0009956679 -0.0043641469 -0.0312509537 0.0009137363
403 0.0000081479 0.0022630845 -0.0017396333 0.0001031223 0.0017090365 0.0100100711 0.0001383625
404 0.0000081132 0.0022686838 -0.0017222734 0.0004116371 0.0136112552 0.0150456252 0.0004098163
405 0.0000080789 0.0022742147 -0.0017049549 0.0010208850 -0.0312509537 0.0066530351 0.0011937929
406 0.0000080452 0.0022796779 -0.0016876774 0.0006698872 -0.0094912564 -0.0240791040 0.0006399309
407 0.0000080119 0.0022850738 -0.0016704403 0.0003338250 -0.0047608875 -0.0176396985 0.0003046628
408 0.0000079792 0.0022904030 -0.0016532432 0.0003519143 0.0051576281 -0.0180364391 0.0002766301
409 0.0000079469 0.0022956659 -0.0016360855 0.0015331483 -0.0312509537 -0.0235908078 0.0016073855
410 0.0000079150 0.0023008631 -0.0016189667 0.0010367110 -0.0312509537 -0.0077517014 0.0011633348
411 0.0000078837 0.0023059950 -0.0016018864 0.0010842896 -0.0312509537 -0.0103762932 0.0012030590
412 0.0000078527 0.0023110622 -0.0015848439 0.0003771006 0.0145878475 0.0128177740 0.0003581549
413 0.0000078223 0.0023160651 -0.0015678390 0.0012132074 -0.0312509537 -0.0153813288 0.0013175573
414 0.0000077923 0.0023210041 -0.0015508709 0.0014798893 -0.0237739189 0.0302438429 0.0016918488
415 0.0000077627 0.0023258798 -0.0015339394 0.0015288370 -0.0312509537 -0.0234992523 0.0016098787
416 0.0000077335 0.0023306925 -0.0015170438 0.0010811462 0.0102237007 -0.0312509537 0.0009464050
417 0.0000077048 0.0023354428 -0.0015001837 0.0012011674 -0.0224921415 -0.0263679922 0.0012348168
418 0.0000076766 0.0023401310 -0.0014833587 0.0001245003 0.0093997009 -0.0060121464 0.0000703474
419 0.0000076487 0.0023447576 -0.0014665682 0.0013545470 0.0194402905 -0.0312509537 0.0011793669
420 0.0000076213 0.0023493230 -0.0014498118 0.0016511280 -0.0259712516 -0.0312509537 0.0016901630
421 0.0000075942 0.0023538276 -0.0014330891 0.0015389229 -0.0312509537 -0.0237128819 0.0016256705
422 0.0000075676 0.0023582718 -0.0014163996 0.0000832672 -0.0091250343 -0.0000305185 0.0001337870
423 0.0000075414 0.0023626561 -0.0013997428 0.0004550887 -0.0016174810 -0.0212714011 0.0004107243
424 0.0000075156 0.0023669808 -0.0013831182 0.0012113334 0.0153202918 -0.0312509537 0.0010598759
425 0.0000074902 0.0023712463 -0.0013665255 0.0019532442 -0.0312509537 -0.0312509537 0.0020235314
426 0.0000074652 0.0023754530 -0.0013499641 0.0010506891 -0.0086062197 -0.0312509537 0.0010146663
427 0.0000074405 0.0023796013 -0.0013334337 0.0000070226 -0.0012817774 0.0023194067 0.0000267489
428 0.0000074163 0.0023836916 -0.0013169338 0.0006790510 -0.0140079958 -0.0219733268 0.0006953740
429 0.0000073924 0.0023877242 -0.0013004640 0.0005126918 -0.0036927396 -0.0223395489 0.0004796151
430 0.0000073689 0.0023916994 -0.0012840237 0.0010708069 -0.0312509537 0.0097048860 0.0012525842
431 0.0000073458 0.0023956177 -0.0012676127 0.0007883195 0.0000000000 -0.0280770287 0.0007244838
432 0.0000073231 0.0023994793 -0.0012512305 0.0006967137 -0.0082094790 0.0250862148 0.0008062110
433 0.0000073007 0.0024032846 -0.0012348766 0.0019532442 -0.0312509537 -0.0312509537 0.0020335726
434 0.0000072787 0.0024070340 -0.0012185506 0.0009779670 -0.0312509537 -0.0011597034 0.0011328636
435 0.0000072570 0.0024107278 -0.0012022521 0.0012771075 -0.0173345134 -0.0312509537 0.0012927990
436 0.0000072357 0.0024143663 -0.0011859807 0.0003648036 -0.0035401471 0.0187688833 0.0004336528
437 0.0000072148 0.0024179497 -0.0011697360 0.0010517434 -0.0086672567 -0.0312509537 0.0010277615
438 0.0000071942 0.0024214785 -0.0011535176 0.0005856979 0.0242011780 -0.0000305185 0.0004756164
439 0.0000071739 0.0024249530 -0.0011373250 0.0010762136 -0.0312509537 -0.0099795526 0.0012122517
440 0.0000071540 0.0024283734 -0.0011211579 0.0008633487 0.0054628132 0.0288705100 0.0009087080
441 0.0000071344 0.0024317400 -0.0011050158 0.0000391422 0.0062562944 -0.0000305185 0.0000157818
442 0.0000071152 0.0024350531 -0.0010888983 0.0002092595 0.0144657735 -0.0000305185 0.0001458584
443 0.0000070963 0.0024383130 -0.0010728051 0.0000075451 0.0027466659 -0.0000305185 0.0000011814
444 0.0000070777 0.0024415201 -0.0010567358 0.0004068386 0.0047914060 0.0195928831 0.0004319287
445 0.0000070595 0.0024446745 -0.0010406899 0.0009087329 -0.0244453261 -0.0176396985 0.0009985992
446 0.0000070416 0.0024477765 -0.0010246671 0.0006552934 -0.0050965911 0.0250862148 0.0007386956
447 0.0000070240 0.0024508264 -0.0010086670 0.0016178899 -0.0253608814 0.0312204352 0.0018122061
448 0.0000070067 0.0024538245 -0.0009926891 0.0000918042 -0.0067751091 0.0067751091 0.0001455119
449 0.0000069897 0.0024567710 -0.0009767332 0.0019532442 -0.0312509537 -0.0312509537 0.0020527391
450 0.0000069731 0.0024596662 -0.0009607987 0.0015174220 -0.0312509537 0.0232551042 0.0017228159
451 0.0000069568 0.0024625103 -0.0009448854 0.0009959352 -0.0312509537 -0.0043946654 0.0011484986
452 0.0000069407 0.0024653035 -0.0009289929 0.0019532442 -0.0312509537 -0.0312509537 0.0020562073
453 0.0000069250 0.0024680462 -0.0009131208 0.0010743946 -0.0312509537 0.0098879971 0.0012536351
454 0.0000069096 0.0024707384 -0.0008972686 0.0012624774 -0.0312509537 0.0169072542 0.0014541536
455 0.0000068945 0.0024733805 -0.0008814361 0.0011823638 -0.0312509537 -0.0143436995 0.0013185632
456 0.0000068797 0.0024759726 -0.0008656229 0.0019532442 -0.0312509537 -0.0312509537 0.0020607739
457 0.0000068652 0.0024785151 -0.0008498285 0.0017926539 0.0299996948 0.0298776208 0.0017015915
458 0.0000068510 0.0024810080 -0.0008340527 0.0001249026 -0.0089114048 0.0067445906 0.0001872229
459 0.0000068371 0.0024834516 -0.0008182951 0.0019513377 -0.0312509537 0.0312204352 0.0021644903
460 0.0000068235 0.0024858462 -0.0008025552 0.0019532442 -0.0312509537 -0.0312509537 0.0020652766
461 0.0000068102 0.0024881918 -0.0007868327 0.0019513377 -0.0312509537 0.0312204352 0.0021627951
462 0.0000067972 0.0024904888 -0.0007711274 0.0001317343 -0.0046388134 -0.0104983673 0.0001454461
463 0.0000067844 0.0024927372 -0.0007554387 0.0005757201 0.0196539201 0.0137638478 0.0005053159
464 0.0000067720 0.0024949373 -0.0007397664 0.0019532442 -0.0312509537 -0.0312509537 0.0020697177
465 0.0000067598 0.0024970893 -0.0007241101 0.0019286046 -0.0312509537 -0.0308542131 0.0020467535
466 0.0000067479 0.0024991934 -0.0007084694 0.0004784245 -0.0186773278 0.0113834040 0.0005946585
467 0.0000067363 0.0025012496 -0.0006928440 0.0015637972 -0.0312509537 0.0242316965 0.0017604439
468 0.0000067249 0.0025032582 -0.0006772336 0.0019532442 -0.0312509537 -0.0312509537 0.0020740992
469 0.0000067139 0.0025052194 -0.0006616377 0.0011111133 -0.0312509537 0.0115970336 0.0012897542
470 0.0000067031 0.0025071333 -0.0006460560 0.0007460591 -0.0273140660 -0.0000305185 0.0008896828
471 0.0000066926 0.0025090000 -0.0006304883 0.0015226358 -0.0234076968 0.0312204352 0.0016861565
472 0.0000066824 0.0025108198 -0.0006149341 0.0016543022 -0.0260322886 -0.0312509537 0.0017532747
473 0.0000066724 0.0025125927 -0.0005993930 0.0012353537 -0.0161442915 0.0312204352 0.0013605808
474 0.0000066627 0.0025143190 -0.0005838648 0.0019513377 -0.0312509537 0.0312204352 0.0021516071
475 0.0000066533 0.0025159987 -0.0005683491 0.0010900651 -0.0312509537 0.0106509598 0.0012660800
476 0.0000066441 0.0025176320 -0.0005528456 0.0005829290 -0.0004272591 -0.0241401410 0.0005650329
477 0.0000066352 0.0025192190 -0.0005373539 0.0002406656 -0.0026245918 0.0152897732 0.0002769567
478 0.0000066266 0.0025207599 -0.0005218737 0.0005458815 -0.0213629566 -0.0094607379 0.0006503352
479 0.0000066182 0.0025222547 -0.0005064046 0.0011769702 -0.0142216254 0.0312204352 0.0012869499
480 0.0000066101 0.0025237037 -0.0004909463 0.0012352932 -0.0160832545 -0.0312509537 0.0012923969
481 0.0000066023 0.0025251069 -0.0004754985 0.0003933197 -0.0165715506 0.0108951079 0.0004939730
482 0.0000065947 0.0025264644 -0.0004600608 0.0005795359 -0.0044862209 0.0236518448 0.0006305617
483 0.0000065874 0.0025277763 -0.0004446329 0.0001195155 -0.0097659230 0.0049134800 0.0001798444
484 0.0000065803 0.0025290428 -0.0004292144 0.0010258921 -0.0312509537 -0.0070192572 0.0011845168
485 0.0000065735 0.0025302639 -0.0004138051 0.0016995225 -0.0312509537 0.0268868068 0.0018864941
486 0.0000065669 0.0025314398 -0.0003984045 0.0016832047 -0.0312509537 0.0265816218 0.0018691719
487 0.0000065606 0.0025325705 -0.0003830124 0.0005646190 -0.0212714011 -0.0105899228 0.0006708101
488 0.0000065546 0.0025336562 -0.0003676285 0.0011132452 -0.0116885891 -0.0312509537 0.0011560520
489 0.0000065488 0.0025346969 -0.0003522523 0.0010334446 -0.0312509537 0.0075380718 0.0012037274
490 0.0000065432 0.0025356927 -0.0003368836 0.0001601088 -0.0124820704 -0.0020752586 0.0002285552
491 0.0000065379 0.0025366436 -0.0003215221 0.0004953048 -0.0207220679 0.0081179235 0.0006121919
492 0.0000065329 0.0025375499 -0.0003061673 0.0010284292 0.0114139225 -0.0299691763 0.0009586841
493 0.0000065281 0.0025384114 -0.0002908190 0.0010153992 0.0063783685 0.0312204352 0.0010077044
494 0.0000065236 0.0025392284 -0.0002754769 0.0014194316 -0.0210882900 0.0312204352 0.0015502521
495 0.0000065193 0.0025400009 -0.0002601406 0.0007320652 -0.0115970336 -0.0244453261 0.0007847789
496 0.0000065152 0.0025407288 -0.0002448098 0.0011480341 -0.0130924406 -0.0312509537 0.0012057769
497 0.0000065114 0.0025414124 -0.0002294842 0.0019532442 -0.0312509537 -0.0312509537 0.0021042556
498 0.0000065079 0.0025420516 -0.0002141634 0.0009368457 -0.0253303629 0.0171819208 0.0010794952
499 0.0000065046 0.0025426465 -0.0001988471 0.0003091956 -0.0068971831 -0.0161748100 0.0003443418
500 0.0000065015 0.0025431971 -0.0001835351 0.0010980004 -0.0110171819 -0.0312509537 0.0011490684
501 0.0000064987 0.0025437036 -0.0001682269 0.0009850278 -0.0312509537 0.0028992584 0.0011514883
502 0.0000064962 0.0025441658 -0.0001529223 0.0013762072 -0.0312509537 -0.0199896237 0.0015356048
503 0.0000064938 0.0025445839 -0.0001376209 0.0010010652 0.0049439985 -0.0312509537 0.0009737967
504 0.0000064918 0.0025449580 -0.0001223223 0.0009933460 -0.0040894803 -0.0312509537 0.0010130075
505 0.0000064899 0.0025452879 -0.0001070264 0.0015231146 -0.0233771783 -0.0312509537 0.0016419185
506 0.0000064884 0.0025455738 -0.0000917327 0.0019532442 -0.0312509537 -0.0312509537 0.0021131023
507 0.0000064870 0.0025458157 -0.0000764410 0.0007516083 0.0057985168 -0.0267952513 0.0007244749
508 0.0000064859 0.0025460136 -0.0000611509 0.0012122695 -0.0153508103 -0.0312509537 0.0012931001
509 0.0000064851 0.0025461674 -0.0000458620 0.0012002463 -0.0312509537 -0.0149540696 0.0013645001
510 0.0000064845 0.0025462774 -0.0000305741 0.0011007051 -0.0312509537 -0.0111392560 0.0012656556
511 0.0000064841 0.0025463433 -0.0000152869 0.0007759974 -0.0265816218 -0.0083315531 0.0009175986
512 0.0000064840 0.0025463653 0.0000000000 0.0000000009 -0.0000305185 0.0000000000 0.0000066403
513 0.0000064841 0.0025463433 0.0000152869 0.0000068885 -0.0026245918 0.0000000000 0.0000267388
514 0.0000064845 0.0025462774 0.0000305741 0.0001207813 -0.0072023682 -0.0083010346 0.0001644518
515 0.0000064851 0.0025461674 0.0000458620 0.0002625913 -0.0138248848 -0.0084536271 0.0003402527
516 0.0000064859 0.0025460136 0.0000611509 0.0019456293 -0.0312509537 -0.0311288797 0.0021150530
517 0.0000064870 0.0025458157 0.0000764410 0.0001604078 -0.0126651814 -0.0000305185 0.0002313859
518 0.0000064884 0.0025455738 0.0000917327 0.0000529955 -0.0004882962 -0.0072634053 0.0000633024
519 0.0000064899 0.0025452879 0.0001070264 0.0009766230 -0.0312509537 -0.0000305185 0.0011422049
520 0.0000064918 0.0025449580 0.0001223223 0.0001527695 -0.0123599963 0.0000000000 0.0002221726
521 0.0000064938 0.0025445839 0.0001376209 0.0004932148 -0.0057374798 0.0214545122 0.0005230024
522 0.0000064962 0.0025441658 0.0001529223 0.0012604171 -0.0312509537 0.0168462172 0.0014207762
523 0.0000064987 0.0025437036 0.0001682269 0.0019513377 -0.0312509537 0.0312204352 0.0021063185
524 0.0000065015 0.0025431971 0.0001835351 0.0005216712 -0.0185857723 0.0132755516 0.0006178342
525 0.0000065046 0.0025426465 0.0001988471 0.0019513377 -0.0312509537 0.0312204352 0.0021043463
526 0.0000065079 0.0025420516 0.0002141634 0.0006596225 -0.0253303629 -0.0042420728 0.0007967295
527 0.0000065114 0.0025414124 0.0002294842 0.0003676937 0.0079348125 0.0174565874 0.0003258619
528 0.0000065152 0.0025407288 0.0002448098 0.0010058013 -0.0312509537 -0.0054017762 0.0011737617
529 0.0000065193 0.0025400009 0.0002601406 0.0001840592 -0.0104373302 -0.0086672567 0.0002481095
530 0.0000065236 0.0025392284 0.0002754769 0.0009437668 -0.0299081393 -0.0070192572 0.0011060448
531 0.0000065281 0.0025384114 0.0002908190 0.0002348008 0.0109866634 0.0106814783 0.0001793388
532 0.0000065329 0.0025375499 0.0003061673 0.0009948771 -0.0312509537 -0.0042725913 0.0011626280
533 0.0000065379 0.0025366436 0.0003215221 0.0013557345 -0.0312509537 -0.0194708090 0.0015333381
534 0.0000065432 0.0025356927 0.0003368836 0.0014621353 -0.0220343638 -0.0312509537 0.0016014791
535 0.0000065488 0.0025346969 0.0003522523 0.0009989985 -0.0312509537 0.0047303690 0.0011606381
536 0.0000065546 0.0025336562 0.0003676285 0.0004094055 -0.0202337718 0.0000000000 0.0005184909
537 0.0000065606 0.0025325705 0.0003830124 0.0000384632 -0.0046082949 0.0041505173 0.0000651861
538 0.0000065669 0.0025314398 0.0003984045 0.0019532442 -0.0312509537 -0.0312509537 0.0021429320
539 0.0000065735 0.0025302639 0.0004138051 0.0016306777 -0.0312509537 -0.0255745109 0.0018165632
540 0.0000065803 0.0025290428 0.0004292144 0.0010371851 -0.0312509537 0.0077822199 0.0011951549
541 0.0000065874 0.0025277763 0.0004446329 0.0008288578 -0.0287789544 0.0007934812 0.0009802331
542 0.0000065947 0.0025264644 0.0004600608 0.0005277755 0.0150761437 0.0173345134 0.0004422416
543 0.0000066023 0.0025251069 0.0004754985 0.0008980668 -0.0293893246 0.0058595538 0.0010475190
544 0.0000066101 0.0025237037 0.0004909463 0.0014487793 -0.0217291787 -0.0312509537 0.0015957505
545 0.0000066182 0.0025222547 0.0005064046 0.0009346625 0.0137333293 -0.0273140660 0.0008996668
546 0.0000066266 0.0025207599 0.0005218737 0.0013328496 0.0276802881 -0.0238044374 0.0012247713
547 0.0000066352 0.0025192190 0.0005373539 0.0016217365 0.0281380657 -0.0288094729 0.0015175616
548 0.0000066441 0.0025176320 0.0005528456 0.0017563962 -0.0312509537 -0.0279244362 0.0019512730
549 0.0000066533 0.0025159987 0.0005683491 0.0009951389 -0.0043031098 -0.0312509537 0.0010589683
550 0.0000066627 0.0025143190 0.0005838648 0.0010966592 -0.0312509537 -0.0109561449 0.0012732655
551 0.0000066724 0.0025125927 0.0005993930 0.0007461513 -0.0253303629 -0.0102237007 0.0008923695
552 0.0000066824 0.0025108198 0.0006149341 0.0017327169 -0.0274971770 -0.0312509537 0.0019159147
553 0.0000066926 0.0025090000 0.0006304883 0.0007951903 -0.0281991028 -0.0000305185 0.0009434245
554 0.0000067031 0.0025071333 0.0006460560 0.0017411319 -0.0276497696 -0.0312509537 0.0019268580
555 0.0000067139 0.0025052194 0.0006616377 0.0009948771 -0.0312509537 0.0042725913 0.0011525182
556 0.0000067249 0.0025032582 0.0006772336 0.0013381175 -0.0312509537 -0.0190130314 0.0015270534
557 0.0000067363 0.0025012496 0.0006928440 0.0004050318 -0.0199285867 -0.0028077029 0.0005153514
558 0.0000067479 0.0024991934 0.0007084694 0.0001010034 -0.0098269601 -0.0021057772 0.0001598540
559 0.0000067598 0.0024970893 0.0007241101 0.0012308337 -0.0178838466 -0.0301828059 0.0013706200
560 0.0000067720 0.0024949373 0.0007397664 0.0009388454 -0.0306405835 0.0000000000 0.0010985100
561 0.0000067844 0.0024927372 0.0007554387 0.0017821722 -0.0283822138 -0.0312509537 0.0019776718
562 0.0000067972 0.0024904888 0.0007711274 0.0009766230 -0.0000305185 -0.0312509537 0.0010317692
563 0.0000068102 0.0024881918 0.0007868327 0.0019475302 0.0311593982 -0.0312509537 0.0018484578
564 0.0000068235 0.0024858462 0.0008025552 0.0003026052 -0.0173955504 0.0000000000 0.0003959140
565 0.0000068371 0.0024834516 0.0008182951 0.0017856406 0.0284432508 -0.0312509537 0.0017023479
566 0.0000068510 0.0024810080 0.0008340527 0.0000000009 0.0000000000 -0.0000305185 0.0000069029
567 0.0000068652 0.0024785151 0.0008498285 0.0004357934 0.0064088870 -0.0198675497 0.0004446576
568 0.0000068797 0.0024759726 0.0008656229 0.0009766221 -0.0312509537 0.0000000000 0.0011382549
569 0.0000068945 0.0024733805 0.0008814361 0.0001316747 0.0000000000 -0.0114749596 0.0001587981
570 0.0000069096 0.0024707384 0.0008972686 0.0010590324 -0.0101626637 -0.0309152501 0.0011716392
571 0.0000069250 0.0024680462 0.0009131208 0.0017143677 -0.0312509537 -0.0271614734 0.0019251538
572 0.0000069407 0.0024653035 0.0009289929 0.0002199881 -0.0148319956 0.0000000000 0.0003000596
573 0.0000069568 0.0024625103 0.0009448854 0.0019532442 -0.0312509537 -0.0312509537 0.0021731697
574 0.0000069731 0.0024596662 0.0009607987 0.0019532442 -0.0312509537 -0.0312509537 0.0021740029
575 0.0000069897 0.0024567710 0.0009767332 0.0011660656 -0.0312509537 -0.0137638478 0.0013534954
576 0.0000070067 0.0024538245 0.0009926891 0.0009776597 0.0119327372 -0.0289010285 0.0009834841
577 0.0000070240 0.0024508264 0.0010086670 0.0019532442 -0.0312509537 -0.0312509537 0.0021764931
578 0.0000070416 0.0024477765 0.0010246671 0.0011823638 -0.0143436995 -0.0312509537 0.0013236694
579 0.0000070595 0.0024446745 0.0010406899 0.0016306777 -0.0312509537 -0.0255745109 0.0018437643
580 0.0000070777 0.0024415201 0.0010567358 0.0009833513 -0.0312509537 0.0025940733 0.0011375462
581 0.0000070963 0.0024383130 0.0010728051 0.0012122695 -0.0312509537 -0.0153508103 0.0014047018
582 0.0000071152 0.0024350531 0.0010888983 0.0004321126 -0.0143436995 -0.0150456252 0.0005418494
583 0.0000071344 0.0024317400 0.0011050158 0.0011975164 -0.0312509537 -0.0148625141 0.0013894859
584 0.0000071540 0.0024283734 0.0011211579 0.0019513377 0.0312204352 -0.0312509537 0.0018769364
585 0.0000071739 0.0024249530 0.0011373250 0.0006761964 -0.0214850307 -0.0146488845 0.0008208917
586 0.0000071942 0.0024214785 0.0011535176 0.0010666194 -0.0296029542 -0.0137943663 0.0012490035
587 0.0000072148 0.0024179497 0.0011697360 0.0009766230 -0.0312509537 -0.0000305185 0.0011350357
588 0.0000072357 0.0024143663 0.0011859807 0.0019513377 0.0312204352 -0.0312509537 0.0018819443
589 0.0000072570 0.0024107278 0.0012022521 0.0000247468 0.0049745170 -0.0000305185 0.0000080927
590 0.0000072787 0.0024070340 0.0012185506 0.0003474725 -0.0020752586 -0.0185247353 0.0004098883
591 0.0000073007 0.0024032846 0.0012348766 0.0014226262 -0.0312509537 0.0211188086 0.0015279785
592 0.0000073231 0.0023994793 0.0012512305 0.0009889396 -0.0312509537 -0.0035096286 0.0011550174
593 0.0000073458 0.0023956177 0.0012676127 0.0019532442 -0.0312509537 -0.0312509537 0.0021895489
594 0.0000073689 0.0023916994 0.0012840237 0.0019532442 -0.0312509537 -0.0312509537 0.0021903529
595 0.0000073924 0.0023877242 0.0013004640 0.0001573249 -0.0120853298 0.0033570360 0.0002136988
596 0.0000074163 0.0023836916 0.0013169338 0.0019513377 -0.0312509537 0.0312204352 0.0020255088
597 0.0000074405 0.0023796013 0.0013334337 0.0000877853 0.0093691824 -0.0000610370 0.0000507988
598 0.0000074652 0.0023754530 0.0013499641 0.0014514356 -0.0312509537 0.0217902158 0.0015485391
599 0.0000074902 0.0023712463 0.0013665255 0.0003972631 -0.0114749596 0.0162968841 0.0004146330
600 0.0000075156 0.0023669808 0.0013831182 0.0004178028 0.0157475509 0.0130314035 0.0003147222
601 0.0000075414 0.0023626561 0.0013997428 0.0017091492 -0.0271004364 0.0312204352 0.0017573475
602 0.0000075676 0.0023582718 0.0014163996 0.0010019789 -0.0312509537 0.0050355541 0.0011426783
603 0.0000075942 0.0023538276 0.0014330891 0.0009766230 -0.0312509537 -0.0000305185 0.0011314235
604 0.0000076213 0.0023493230 0.0014498118 0.0015476406 0.0238959929 -0.0312509537 0.0015335991
605 0.0000076487 0.0023447576 0.0014665682 0.0002889400 0.0142826624 0.0092165899 0.0002025764
606 0.0000076766 0.0023401310 0.0014833587 0.0009057181 -0.0264900662 -0.0142826624 0.0010797477
607 0.0000077048 0.0023354428 0.0015001837 0.0019513377 -0.0312509537 0.0312204352 0.0020113394
608 0.0000077335 0.0023306925 0.0015170438 0.0002736924 0.0094912564 0.0135502182 0.0001960710
609 0.0000077627 0.0023258798 0.0015339394 0.0009756693 -0.0009765923 0.0312204352 0.0008921944
610 0.0000077923 0.0023210041 0.0015508709 0.0010003583 -0.0271614734 0.0162053285 0.0010839696
611 0.0000078223 0.0023160651 0.0015678390 0.0007440650 -0.0136417737 0.0236213263 0.0007410089
612 0.0000078527 0.0023110622 0.0015848439 0.0009797553 -0.0017700735 -0.0312509537 0.0010948453
613 0.0000078837 0.0023059950 0.0016018864 0.0001901253 -0.0107730338 0.0086062197 0.0002201217
614 0.0000079150 0.0023008631 0.0016189667 0.0015302722 -0.0312509537 -0.0235297708 0.0017581834
615 0.0000079469 0.0022956659 0.0016360855 0.0012452031 -0.0312509537 -0.0163884396 0.0014502592
616 0.0000079792 0.0022904030 0.0016532432 0.0002066396 0.0033570360 0.0139774773 0.0001530245
617 0.0000080119 0.0022850738 0.0016704403 0.0002504340 -0.0038453322 0.0153508103 0.0002247344
618 0.0000080452 0.0022796779 0.0016876774 0.0003942687 0.0105594043 0.0168156987 0.0002974109
619 0.0000080789 0.0022742147 0.0017049549 0.0003555113 0.0029908139 0.0186162908 0.0002865068
620 0.0000081132 0.0022686838 0.0017222734 0.0009771381 0.0015564440 0.0312204352 0.0008706488
621 0.0000081479 0.0022630845 0.0017396333 0.0019513377 -0.0312509537 0.0312204352 0.0019923084
622 0.0000081831 0.0022574164 0.0017570353 0.0007353874 -0.0253913999 0.0095217750 0.0008247482
623 0.0000082188 0.0022516790 0.0017744798 0.0009908778 0.0186468093 -0.0253608814 0.0010051281
624 0.0000082551 0.0022458716 0.0017919674 0.0006516536 0.0078432569 -0.0242927335 0.0007117423
625 0.0000082919 0.0022399937 0.0018094987 0.0005428126 0.0159001434 0.0170293283 0.0004182429
626 0.0000083292 0.0022340448 0.0018270741 0.0009800878 -0.0312509537 -0.0018616291 0.0011348517
627 0.0000083670 0.0022280242 0.0018446942 0.0001305468 0.0049134800 0.0103152562 0.0000789621
628 0.0000084054 0.0022219314 0.0018623595 0.0010480859 -0.0084536271 -0.0312509537 0.0012104591
629 0.0000084443 0.0022157658 0.0018800707 0.0000839741 0.0017090365 0.0090029603 0.0000509923
630 0.0000084838 0.0022095267 0.0018978283 0.0011749584 -0.0261543626 -0.0221564379 0.0013831179
631 0.0000085238 0.0022032136 0.0019156328 0.0010031636 -0.0075380718 -0.0307626576 0.0011627633
632 0.0000085644 0.0021968258 0.0019334849 0.0000844798 0.0079348125 -0.0046388134 0.0000761196
633 0.0000086056 0.0021903626 0.0019513851 0.0009776364 0.0010071108 -0.0312509537 0.0011037954
634 0.0000086474 0.0021838236 0.0019693340 0.0004079908 0.0028992584 -0.0199896237 0.0004827077
635 0.0000086897 0.0021772079 0.0019873322 0.0005045590 -0.0043641469 0.0220343638 0.0004446728
636 0.0000087327 0.0021705149 0.0020053803 0.0014838923 0.0225226600 -0.0312509537 0.0015201936
637 0.0000087763 0.0021637440 0.0020234788 0.0003896333 -0.0084841456 0.0178228095 0.0003629964
638 0.0000088204 0.0021568944 0.0020416285 0.0004084006 -0.0191961425 -0.0063173315 0.0005258244
639 0.0000088653 0.0021499655 0.0020598299 0.0007027835 -0.0210272530 0.0161442915 0.0007355555
640 0.0000089107 0.0021429566 0.0020780836 0.0019532442 -0.0312509537 -0.0312509537 0.0022259780
641 0.0000089568 0.0021358669 0.0020963903 0.0010604463 -0.0091555528 -0.0312509537 0.0012395415
642 0.0000090035 0.0021286956 0.0021147506 0.0011153939 -0.0117801447 -0.0312509537 0.0013067261
643 0.0000090509 0.0021214422 0.0021331651 0.0011594044 -0.0135196997 -0.0312509537 0.0013591447
644 0.0000090990 0.0021141058 0.0021516345 0.0019532442 -0.0312509537 -0.0312509537 0.0022289601
645 0.0000091477 0.0021066856 0.0021701595 0.0011849987 -0.0144352550 -0.0312509537 0.0013906066
646 0.0000091971 0.0020991808 0.0021887406 0.0019532442 -0.0312509537 -0.0312509537 0.0022304446
647 0.0000092473 0.0020915908 0.0022073786 0.0019532442 -0.0312509537 -0.0312509537 0.0022311853
648 0.0000092981 0.0020839146 0.0022260741 0.0001889471 0.0081789605 0.0110477004 0.0001149707
649 0.0000093497 0.0020761515 0.0022448278 0.0009454619 -0.0303964354 -0.0046388134 0.0011018534
650 0.0000094019 0.0020683006 0.0022636405 0.0010116755 -0.0059205908 -0.0312509537 0.0011870504
651 0.0000094550 0.0020603612 0.0022825127 0.0019532442 -0.0312509537 -0.0312509537 0.0022341371
652 0.0000095087 0.0020523323 0.0023014452 0.0001218365 0.0108951079 -0.0017700735 0.0000947719
653 0.0000095632 0.0020442130 0.0023204387 0.0012482123 -0.0312509537 -0.0164799951 0.0014620244
654 0.0000096185 0.0020360026 0.0023394940 0.0002865230 -0.0099795526 -0.0136722922 0.0004007509
655 0.0000096746 0.0020277001 0.0023586116 0.0006814605 -0.0243537706 -0.0093997009 0.0008342399
656 0.0000097315 0.0020193045 0.0023777925 0.0014098290 -0.0208136235 -0.0312509537 0.0016522352
657 0.0000097892 0.0020108151 0.0023970372 0.0019532442 -0.0312509537 -0.0312509537 0.0022385326
658 0.0000098477 0.0020022308 0.0024163467 0.0015331483 -0.0312509537 -0.0235908078 0.0017821464
659 0.0000099070 0.0019935507 0.0024357215 0.0019532442 -0.0312509537 -0.0312509537 0.0022399892
660 0.0000099672 0.0019847738 0.0024551625 0.0009815854 0.0022278512 -0.0312509537 0.0011361614
661 0.0000100282 0.0019758992 0.0024746705 0.0019532442 -0.0312509537 -0.0312509537 0.0022414415
662 0.0000100901 0.0019669259 0.0024942462 0.0019532442 -0.0312509537 -0.0312509537 0.0022421660
663 0.0000101528 0.0019578528 0.0025138905 0.0019532442 -0.0312509537 -0.0312509537 0.0022428895
664 0.0000102165 0.0019486789 0.0025336041 0.0009749987 0.0310373241 -0.0034180731 0.0008815717
665 0.0000102811 0.0019394031 0.0025533878 0.0009957983 -0.0252998444 0.0188604389 0.0010078965
666 0.0000103466 0.0019300245 0.0025732425 0.0019532442 -0.0312509537 -0.0312509537 0.0022450536
667 0.0000104130 0.0019205419 0.0025931689 0.0017873776 -0.0312509537 -0.0284737693 0.0020655028
668 0.0000104804 0.0019109543 0.0026131680 0.0003850788 0.0196234016 -0.0000305185 0.0003207199
669 0.0000105487 0.0019012605 0.0026332406 0.0005209438 -0.0187383648 -0.0130314035 0.0006713752
670 0.0000106181 0.0018914594 0.0026533874 0.0010001683 -0.0312509537 0.0048524430 0.0011032554
671 0.0000106884 0.0018815498 0.0026736095 0.0019532442 -0.0312509537 -0.0312509537 0.0022486388
672 0.0000107598 0.0018715306 0.0026939076 0.0019513377 0.0312204352 -0.0312509537 0.0020136118
673 0.0000108321 0.0018614006 0.0027142827 0.0014949497 -0.0312509537 0.0227668081 0.0014985318
674 0.0000109056 0.0018511586 0.0027347357 0.0018766038 -0.0299996948 -0.0312509537 0.0021695040
675 0.0000109801 0.0018408034 0.0027552674 0.0019532442 -0.0312509537 -0.0312509537 0.0022514875
676 0.0000110556 0.0018303337 0.0027758789 0.0012824210 -0.0174871059 -0.0312509537 0.0015309888
677 0.0000111323 0.0018197483 0.0027965709 0.0010208850 0.0066530351 -0.0312509537 0.0011825946
678 0.0000112101 0.0018090458 0.0028173445 0.0010907161 -0.0106814783 -0.0312509537 0.0013166621
679 0.0000112890 0.0017982251 0.0028382006 0.0012721395 -0.0300607318 -0.0191961425 0.0015005054
680 0.0000113691 0.0017872846 0.0028591402 0.0019005654 -0.0303964354 -0.0312509537 0.0021992903
681 0.0000114503 0.0017762232 0.0028801643 0.0019532442 -0.0312509537 -0.0312509537 0.0022557276
682 0.0000115328 0.0017650394 0.0029012738 0.0019532442 -0.0312509537 -0.0312509537 0.0022564304
683 0.0000116164 0.0017537318 0.0029224698 0.0019532442 -0.0312509537 -0.0312509537 0.0022571321
684 0.0000117013 0.0017422991 0.0029437533 0.0009962342 0.0312204352 0.0046388134 0.0008718337
685 0.0000117874 0.0017307397 0.0029651252 0.0012199617 -0.0253303629 -0.0240485855 0.0014620438
686 0.0000118748 0.0017190523 0.0029865868 0.0019024216 -0.0312509537 -0.0304269539 0.0022034860
687 0.0000119636 0.0017072352 0.0030081389 0.0002931088 0.0164799951 -0.0046388134 0.0002767103
688 0.0000120536 0.0016952872 0.0030297827 0.0015741961 -0.0312509537 -0.0244453261 0.0018403364
689 0.0000121450 0.0016832064 0.0030515192 0.0012362758 -0.0161137730 -0.0312509537 0.0014933921
690 0.0000122377 0.0016709916 0.0030733497 0.0010913690 -0.0312509537 -0.0107119968 0.0012738903
691 0.0000123318 0.0016586409 0.0030952750 0.0017978389 -0.0312509537 -0.0286568804 0.0020912408
692 0.0000124274 0.0016461529 0.0031172965 0.0012532651 -0.0312509537 -0.0166325877 0.0014722775
693 0.0000125243 0.0016335258 0.0031394152 0.0018950079 -0.0312509537 -0.0303048799 0.0021999099
694 0.0000126228 0.0016207581 0.0031616323 0.0019042797 -0.0312509537 -0.0304574725 0.0022107936
695 0.0000127227 0.0016078479 0.0031839490 0.0019532442 -0.0312509537 -0.0312509537 0.0022654634
696 0.0000128242 0.0015947936 0.0032063665 0.0001854004 0.0003662221 -0.0136112552 0.0002843418
697 0.0000129271 0.0015815935 0.0032288858 0.0019532442 -0.0312509537 -0.0312509537 0.0022668355
698 0.0000130317 0.0015682457 0.0032515084 0.0019532442 -0.0312509537 -0.0312509537 0.0022675197
699 0.0000131379 0.0015547484 0.0032742354 0.0019532442 -0.0312509537 -0.0312509537 0.0022682028
700 0.0000132456 0.0015410998 0.0032970681 0.0000123408 0.0028992584 -0.0019837031 0.0000297311
701 0.0000133551 0.0015272979 0.0033200077 0.0005776424 -0.0068361461 -0.0230414747 0.0007648749
702 0.0000134662 0.0015133410 0.0033430556 0.0005666522 -0.0000305185 -0.0238044374 0.0007393699
703 0.0000135791 0.0014992270 0.0033662130 0.0013427744 -0.0191351054 -0.0312509537 0.0016241239
704 0.0000136937 0.0014849539 0.0033894812 0.0002053254 -0.0023804437 -0.0141300699 0.0003218760
705 0.0000138101 0.0014705198 0.0034128617 0.0009766556 0.0001831111 -0.0312509537 0.0012032375
706 0.0000139283 0.0014559225 0.0034363558 0.0011885379 -0.0312509537 0.0145573290 0.0011934158
707 0.0000140483 0.0014411601 0.0034599648 0.0003382509 0.0139164403 0.0120242927 0.0002289803
708 0.0000141702 0.0014262303 0.0034836902 0.0018656508 -0.0312509537 -0.0298165838 0.0021767066
709 0.0000142941 0.0014111311 0.0035075334 0.0001785659 0.0046082949 0.0125431074 0.0000918635
710 0.0000144199 0.0013958602 0.0035314959 0.0012635103 -0.0312509537 -0.0169377728 0.0014848054
711 0.0000145477 0.0013804153 0.0035555790 0.0016962440 0.0268257698 -0.0312509537 0.0018589608
712 0.0000146775 0.0013647943 0.0035797843 0.0013096871 -0.0312509537 -0.0182500687 0.0015403295
713 0.0000148094 0.0013489948 0.0036041133 0.0000794141 -0.0000305185 -0.0089114048 0.0001585413
714 0.0000149434 0.0013330144 0.0036285676 0.0009766230 -0.0000305185 -0.0312509537 0.0012184402
715 0.0000150796 0.0013168508 0.0036531486 0.0006354588 -0.0000305185 0.0252082888 0.0004664395
716 0.0000152179 0.0013005015 0.0036778580 0.0015727049 -0.0312509537 -0.0244148076 0.0018487951
717 0.0000153585 0.0012839639 0.0037026973 0.0001580970 -0.0000305185 -0.0125736259 0.0002666466
718 0.0000155014 0.0012672357 0.0037276683 0.0011309042 0.0124210334 -0.0312509537 0.0013479112
719 0.0000156466 0.0012503141 0.0037527724 0.0005323178 -0.0000305185 -0.0230719932 0.0007212086
720 0.0000157941 0.0012331966 0.0037780115 0.0019532442 -0.0312509537 -0.0312509537 0.0022822484
721 0.0000159441 0.0012158805 0.0038033872 0.0012781664 -0.0312509537 -0.0173650319 0.0015021973
722 0.0000160966 0.0011983630 0.0038289012 0.0011921070 -0.0146794031 -0.0312509537 0.0014826997
723 0.0000162515 0.0011806415 0.0038545553 0.0014784084 -0.0224005860 -0.0312509537 0.0017884711
724 0.0000164090 0.0011627130 0.0038803513 0.0017343961 -0.0312509537 -0.0275276955 0.0020371112
725 0.0000165692 0.0011445747 0.0039062910 0.0002306710 0.0041199988 0.0146183660 0.0001236017
726 0.0000167320 0.0011262237 0.0039323761 0.0011537202 -0.0222479934 0.0256660665 0.0010187073
727 0.0000168975 0.0011076569 0.0039586087 0.0010381388 -0.0312509537 0.0078432569 0.0010621702
728 0.0000170658 0.0010888714 0.0039849905 0.0011762810 -0.0312509537 -0.0141300699 0.0013740197
729 0.0000172369 0.0010698640 0.0040115235 0.0006423258 -0.0231635487 0.0102847377 0.0006266115
730 0.0000174110 0.0010506316 0.0040382097 0.0001714129 0.0130924406 -0.0000305185 0.0001615597
731 0.0000175880 0.0010311709 0.0040650510 0.0010003807 0.0312204352 0.0050660726 0.0009123937
732 0.0000177680 0.0010114787 0.0040920495 0.0007769288 0.0091250343 0.0263374737 0.0005606887
733 0.0000179510 0.0009915517 0.0041192072 0.0005608553 0.0236823634 -0.0000305185 0.0005320932
734 0.0000181373 0.0009713863 0.0041465262 0.0010487826 0.0312204352 0.0086062197 0.0009348938
735 0.0000183267 0.0009509792 0.0041740086 0.0003994090 -0.0143436995 -0.0139164403 0.0005611915
736 0.0000185194 0.0009303268 0.0042016566 0.0010953255 -0.0312509537 -0.0108951079 0.0012635471
737 0.0000187155 0.0009094256 0.0042294724 0.0011635537 -0.0136722922 -0.0312509537 0.0014714871
738 0.0000189150 0.0008882717 0.0042574581 0.0005807384 -0.0220038453 -0.0098269601 0.0007224199
739 0.0000191180 0.0008668615 0.0042856162 0.0009781878 -0.0312509537 0.0012512589 0.0010407614
740 0.0000193245 0.0008451911 0.0043139488 0.0009989985 -0.0312509537 0.0047303690 0.0010303359
741 0.0000195347 0.0008232567 0.0043424583 0.0010124020 -0.0312509537 -0.0059816279 0.0011353417
742 0.0000197486 0.0008010543 0.0043711471 0.0002378166 -0.0142521439 -0.0058900723 0.0003318914
743 0.0000199663 0.0007785797 0.0044000176 0.0003867274 -0.0006714072 0.0196539201 0.0002347840
744 0.0000201880 0.0007558290 0.0044290723 0.0010805231 -0.0312509537 -0.0101931822 0.0012382445
745 0.0000204136 0.0007327977 0.0044583137 0.0014043805 -0.0283516953 0.0245063631 0.0012478320
746 0.0000206432 0.0007094817 0.0044877444 0.0009951165 0.0045167394 0.0312204352 0.0007291320
747 0.0000208770 0.0006858766 0.0045173669 0.0009904559 -0.0039674062 0.0312204352 0.0007347069
748 0.0000211151 0.0006619778 0.0045471838 0.0010678684 -0.0312509537 -0.0095522935 0.0012172305
749 0.0000213575 0.0006377808 0.0045771980 0.0002248797 -0.0139774773 0.0054322947 0.0002143370
750 0.0000216044 0.0006132809 0.0046074121 0.0009749251 -0.0004577776 0.0312204352 0.0007094002
751 0.0000218558 0.0005884734 0.0046378288 0.0006222248 -0.0241706595 -0.0061647389 0.0007297101
752 0.0000221118 0.0005633534 0.0046684511 0.0011480341 -0.0312509537 -0.0130924406 0.0013275994
753 0.0000223726 0.0005379159 0.0046992818 0.0019532442 -0.0312509537 -0.0312509537 0.0023029517
754 0.0000226383 0.0005121558 0.0047303239 0.0012655816 -0.0312509537 0.0169988098 0.0011594109
755 0.0000229089 0.0004860681 0.0047615803 0.0014041197 -0.0207220679 0.0312204352 0.0011498560
756 0.0000231846 0.0004596473 0.0047930541 0.0012039122 -0.0312509537 -0.0150761437 0.0014003472
757 0.0000234656 0.0004328882 0.0048247484 0.0011362568 -0.0312509537 -0.0126346629 0.0013086969
758 0.0000237519 0.0004057852 0.0048566664 0.0002442543 -0.0068056276 0.0140690329 0.0001368722
759 0.0000240436 0.0003783326 0.0048888113 0.0000509325 0.0025025178 -0.0066835536 0.0001384318
760 0.0000243409 0.0003505248 0.0049211864 0.0011745598 -0.0312509537 -0.0140690329 0.0013592819
761 0.0000246440 0.0003223558 0.0049537950 0.0004327803 -0.0148014771 0.0146183660 0.0003221343
762 0.0000249529 0.0002938197 0.0049866405 0.0013689201 -0.0312509537 -0.0198065126 0.0016097732
763 0.0000252678 0.0002649104 0.0050197264 0.0013755217 -0.0200201422 0.0312204352 0.0010979605
764 0.0000255889 0.0002356215 0.0050530562 0.0010113151 -0.0312509537 -0.0058900723 0.0011111565
765 0.0000259163 0.0002059467 0.0050866336 0.0009798642 -0.0312509537 -0.0018005921 0.0010369705
766 0.0000262501 0.0001758795 0.0051204623 0.0009876878 -0.0312509537 0.0033265175 0.0009908641
767 0.0000265905 0.0001454131 0.0051545459 0.0016416503 -0.0312509537 0.0257881405 0.0014114771
768 0.0000269377 0.0001145407 0.0051888883 0.0000000009 0.0000000000 -0.0000305185 0.0000272553
769 0.0000272918 0.0000832554 0.0052234934 0.0000866500 -0.0000915555 0.0093081454 0.0000167149
770 0.0000276531 0.0000515500 0.0052583652 0.0003050426 0.0089724418 0.0149845882 0.0001741817
771 0.0000280216 0.0000194172 0.0052935077 0.0000096463 0.0028687399 0.0011902219 0.0000249556
772 0.0000283976 -0.0000131504 0.0053289251 0.0019532442 -0.0312509537 -0.0312509537 0.0023138879
773 0.0000287813 -0.0000461605 0.0053646215 0.0000930187 -0.0001220740 0.0096438490 0.0000183176
774 0.0000291728 -0.0000796210 0.0054006014 0.0001768252 -0.0037537767 0.0127567370 0.0000676121
775 0.0000295724 -0.0001135397 0.0054368691 0.0002018523 0.0103762932 0.0097048860 0.0001282526
776 0.0000299803 -0.0001479249 0.0054734291 0.0000014176 -0.0011902219 -0.0000305185 0.0000313798
777 0.0000303967 -0.0001827849 0.0055102859 0.0004684857 0.0167546617 -0.0137028108 0.0006560202
778 0.0000308217 -0.0002181283 0.0055474443 0.0002401934 0.0073549608 -0.0136417737 0.0004255778
779 0.0000312557 -0.0002539638 0.0055849090 0.0009772042 -0.0312509537 -0.0007629627 0.0010011089
780 0.0000316989 -0.0002903005 0.0056226849 0.0002190847 -0.0148014771 -0.0000305185 0.0002425330
781 0.0000321514 -0.0003271474 0.0056607769 0.0012113334 -0.0312509537 0.0153202918 0.0010495880
782 0.0000326136 -0.0003645141 0.0056991902 0.0000021915 0.0014343699 0.0003662221 0.0000316765
783 0.0000330858 -0.0004024100 0.0057379299 0.0008315179 -0.0224005860 -0.0181585131 0.0010549597
784 0.0000335681 -0.0004408451 0.0057770013 0.0011512455 -0.0312509537 -0.0132145146 0.0013099405
785 0.0000340609 -0.0004798294 0.0058164099 0.0009766230 -0.0312509537 -0.0000305185 0.0009810487
786 0.0000345644 -0.0005193733 0.0058561612 0.0014778700 0.0312204352 -0.0224311045 0.0018075848
787 0.0000350789 -0.0005594874 0.0058962609 0.0009955673 -0.0094912564 -0.0300912503 0.0013748775
788 0.0000356048 -0.0006001825 0.0059367147 0.0010604463 -0.0312509537 -0.0091555528 0.0011672463
789 0.0000361423 -0.0006414697 0.0059775286 0.0006816542 0.0251472518 -0.0070192572 0.0008339746
790 0.0000366918 -0.0006833605 0.0060187086 0.0010433545 0.0259102145 -0.0192876980 0.0013476324
791 0.0000372536 -0.0007258664 0.0060602608 0.0010861980 -0.0104678488 -0.0312509537 0.0014870329
792 0.0000378281 -0.0007689996 0.0061021917 0.0000906651 -0.0000305185 -0.0095217750 0.0002446537
793 0.0000384156 -0.0008127721 0.0061445076 0.0010737920 -0.0312509537 -0.0098574786 0.0011825465
794 0.0000390164 -0.0008571967 0.0061872152 0.0008120930 0.0109561449 0.0263069552 0.0005443590
795 0.0000396310 -0.0009022862 0.0062303213 0.0004139367 -0.0014343699 0.0202948088 0.0001980929
796 0.0000402598 -0.0009480539 0.0062738328 0.0009766230 -0.0000305185 -0.0312509537 0.0014089515
797 0.0000409031 -0.0009945133 0.0063177568 0.0001057768 -0.0102847377 -0.0000305185 0.0001266089
798 0.0000415614 -0.0010416783 0.0063621005 0.0018820365 -0.0301217689 0.0312204352 0.0014635885
799 0.0000422351 -0.0010895634 0.0064068713 0.0002848689 -0.0157475509 0.0060731834 0.0002149679
800 0.0000429248 -0.0011381830 0.0064520770 0.0009766230 -0.0000305185 -0.0312509537 0.0014227454
801 0.0000436307 -0.0011875523 0.0064977252 0.0009729236 0.0027771844 -0.0310678426 0.0014268910
802 0.0000443535 -0.0012376868 0.0065438239 0.0002881632 -0.0065614795 -0.0156559954 0.0005211747
803 0.0000450936 -0.0012886023 0.0065903814 0.0016971167 0.0281685842 -0.0300607318 0.0022110299
804 0.0000458516 -0.0013403150 0.0066374059 0.0019532442 -0.0312509537 -0.0312509537 0.0023301741
805 0.0000466280 -0.0013928419 0.0066849062 0.0014015938 0.0312204352 0.0206610309 0.0012589579
806 0.0000474233 -0.0014461999 0.0067328909 0.0003509084 -0.0130924406 -0.0133976257 0.0005408726
807 0.0000482382 -0.0015004068 0.0067813690 0.0019532442 -0.0312509537 -0.0312509537 0.0023315526
808 0.0000490732 -0.0015554808 0.0068303500 0.0009766230 -0.0000305185 -0.0312509537 0.0014525112
809 0.0000499290 -0.0016114404 0.0068798431 0.0019532442 -0.0312509537 -0.0312509537 0.0023324584
810 0.0000508062 -0.0016683049 0.0069298581 0.0011894581 -0.0180974761 -0.0293588061 0.0015867848
811 0.0000517055 -0.0017260940 0.0069804051 0.0011278865 -0.0312509537 -0.0122989593 0.0012434112
812 0.0000526275 -0.0017848279 0.0070314942 0.0002451111 -0.0000305185 -0.0156559954 0.0005177998
813 0.0000535731 -0.0018445274 0.0070831359 0.0004668679 -0.0216071047 -0.0000305185 0.0004411635
814 0.0000545429 -0.0019052141 0.0071353410 0.0001108584 -0.0105288858 -0.0000305185 0.0001257173
815 0.0000555378 -0.0019669100 0.0071881207 0.0009766230 -0.0000305185 -0.0312509537 0.0014813120
816 0.0000565586 -0.0020296377 0.0072414861 0.0003397830 -0.0000305185 -0.0184331797 0.0006631849
817 0.0000576060 -0.0020934207 0.0072954490 0.0010208850 -0.0066530351 -0.0312509537 0.0015066152
818 0.0000586810 -0.0021582829 0.0073500215 0.0019513377 -0.0312509537 0.0312204352 0.0014161801
819 0.0000597845 -0.0022242492 0.0074052157 0.0005474136 0.0173039949 -0.0157475509 0.0009174029
820 0.0000609174 -0.0022913449 0.0074610443 0.0008837543 -0.0220038453 -0.0199896237 0.0011421218
821 0.0000620808 -0.0023595964 0.0075175204 0.0011894274 0.0145878475 -0.0312509537 0.0017902104
822 0.0000632756 -0.0024290307 0.0075746573 0.0013164042 -0.0184331797 -0.0312509537 0.0017635609
823 0.0000645030 -0.0024996757 0.0076324687 0.0009771586 -0.0007324442 -0.0312509537 0.0015150436
824 0.0000657639 -0.0025715601 0.0076909688 0.0002922147 -0.0003662221 -0.0170903653 0.0006189780
825 0.0000670597 -0.0026447134 0.0077501721 0.0012076079 -0.0151982177 -0.0312509537 0.0016786783
826 0.0000683914 -0.0027191663 0.0078100935 0.0014277972 0.0212408826 -0.0312509537 0.0020998494
827 0.0000697604 -0.0027949502 0.0078707485 0.0011062040 0.0113834040 -0.0312509537 0.0017315333
828 0.0000711680 -0.0028720975 0.0079321528 0.0011963541 -0.0292672506 -0.0184331797 0.0013918349
829 0.0000726155 -0.0029506417 0.0079943229 0.0008458238 -0.0252998444 -0.0143436995 0.0009984741
830 0.0000741043 -0.0030306175 0.0080572754 0.0000027168 0.0016479995 -0.0000305185 0.0000873019
831 0.0000756360 -0.0031120604 0.0081210278 0.0001020438 -0.0101016266 -0.0000305185 0.0001153017
832 0.0000772121 -0.0031950073 0.0081855977 0.0009758966 0.0288705100 0.0119327372 0.0010422385
833 0.0000788342 -0.0032794962 0.0082510036 0.0017995890 -0.0286873989 -0.0312509537 0.0022059661
834 0.0000805039 -0.0033655665 0.0083172644 0.0019532442 -0.0312509537 -0.0312509537 0.0023432387
835 0.0000822232 -0.0034532586 0.0083843996 0.0009831939 0.0025635548 -0.0312509537 0.0016071633
836 0.0000839937 -0.0035426145 0.0084524293 0.0009911749 -0.0312509537 -0.0038148137 0.0009182373
837 0.0000858174 -0.0036336775 0.0085213744 0.0009831939 0.0025635548 -0.0312509537 0.0016202438
838 0.0000876964 -0.0037264925 0.0085912562 0.0019532442 -0.0312509537 -0.0312509537 0.0023449977
839 0.0000896328 -0.0038211058 0.0086620969 0.0009831939 0.0025635548 -0.0312509537 0.0016338155
840 0.0000916287 -0.0039175653 0.0087339193 0.0015998304 -0.0312509537 -0.0249641408 0.0018826734
841 0.0000936864 -0.0040159207 0.0088067469 0.0010289368 -0.0312509537 -0.0072328867 0.0009990169
842 0.0000958084 -0.0041162232 0.0088806041 0.0003143983 0.0177312540 -0.0000305185 0.0005567204
843 0.0000979972 -0.0042185260 0.0089555162 0.0012432965 -0.0163884396 0.0312204352 0.0006438334
844 0.0001002555 -0.0043228841 0.0090315090 0.0013117967 -0.0281685842 -0.0227668081 0.0015797504
845 0.0001025859 -0.0044293546 0.0091086095 0.0007271484 -0.0256660665 0.0082705161 0.0004517003
846 0.0001049915 -0.0045379964 0.0091868455 0.0009750518 0.0312204352 0.0005798517 0.0013527458
847 0.0001074753 -0.0046488709 0.0092662458 0.0000505646 -0.0071108127 -0.0000305185 0.0000924910
848 0.0001100405 -0.0047620414 0.0093468401 0.0009803188 -0.0312509537 -0.0019226661 0.0008286642
849 0.0001126903 -0.0048775739 0.0094286592 0.0019532442 -0.0312509537 -0.0312509537 0.0023503861
850 0.0001154285 -0.0049955365 0.0095117352 0.0010933389 0.0108035524 -0.0312509537 0.0019112080
851 0.0001182586 -0.0051160001 0.0095961009 0.0002818550 -0.0033570360 0.0164494766 0.0000500627
852 0.0001211846 -0.0052390383 0.0096817908 0.0019229632 -0.0312509537 0.0307626576 0.0011210227
853 0.0001242105 -0.0053647275 0.0097688402 0.0009095796 -0.0294503616 -0.0065004425 0.0008448073
854 0.0001273407 -0.0054931469 0.0098572859 0.0005351352 -0.0201727348 -0.0113223670 0.0006640680
855 0.0001305798 -0.0056243791 0.0099471663 0.0009186167 0.0082094790 0.0291756951 0.0005611119
856 0.0001339323 -0.0057585097 0.0100385208 0.0009766864 0.0014038514 0.0312204352 0.0004999729
857 0.0001374035 -0.0058956278 0.0101313907 0.0010109565 -0.0312509537 0.0058595538 0.0006611411
858 0.0001409986 -0.0060358260 0.0102258186 0.0002495352 -0.0112308115 -0.0111087374 0.0004821512
859 0.0001447231 -0.0061792009 0.0103218488 0.0001639349 0.0074159978 -0.0104373302 0.0006157729
860 0.0001485830 -0.0063258529 0.0104195275 0.0014047623 -0.0312509537 0.0206915494 0.0007267751
861 0.0001525844 -0.0064758864 0.0105189026 0.0017699050 0.0281991028 0.0312204352 0.0016309083
862 0.0001567340 -0.0066294104 0.0106200239 0.0005784332 0.0240180670 -0.0012512589 0.0010801952
863 0.0001610386 -0.0067865383 0.0107229433 0.0010755290 -0.0100405896 0.0312204352 0.0004307360
864 0.0001655056 -0.0069473886 0.0108277148 0.0008465987 0.0044862209 0.0287484359 0.0004518797
865 0.0001701427 -0.0071120847 0.0109343945 0.0004577590 -0.0211493271 -0.0032349620 0.0003978148
866 0.0001749582 -0.0072807553 0.0110430410 0.0010920237 -0.0107425153 -0.0312509537 0.0018007658
867 0.0001799606 -0.0074535350 0.0111537154 0.0018747736 -0.0312509537 -0.0299691763 0.0022574094
868 0.0001851591 -0.0076305641 0.0112664813 0.0016574837 -0.0312509537 -0.0260933256 0.0019536780
869 0.0001905636 -0.0078119894 0.0113814051 0.0016028816 -0.0312509537 0.0250251778 0.0007355376
870 0.0001961842 -0.0079979643 0.0114985560 0.0004282529 -0.0121463668 0.0167546617 0.0000448359
871 0.0002020320 -0.0081886491 0.0116180065 0.0004714792 0.0014038514 -0.0216681417 0.0011999837
872 0.0002081187 -0.0083842118 0.0117398320 0.0005400753 0.0074770348 0.0220038453 0.0003569291
873 0.0002144564 -0.0085848279 0.0118641117 0.0010690382 -0.0312509537 0.0096133305 0.0005188193
874 0.0002210584 -0.0087906817 0.0119909281 0.0019513377 -0.0312509537 0.0312204352 0.0008742378
875 0.0002279387 -0.0090019658 0.0121203678 0.0019513377 -0.0312509537 0.0312204352 0.0008598300
876 0.0002351121 -0.0092188825 0.0122525211 0.0009902147 0.0039368877 0.0312204352 0.0005328561
877 0.0002425944 -0.0094416440 0.0123874831 0.0006408123 -0.0038148137 -0.0250251778 0.0014313684
878 0.0002504025 -0.0096704728 0.0125253529 0.0006669124 0.0118411817 -0.0229499191 0.0017212462
879 0.0002585545 -0.0099056027 0.0126662350 0.0016718931 0.0263679922 -0.0312509537 0.0032444932
880 0.0002670695 -0.0101472796 0.0128102386 0.0016596781 -0.0307931761 -0.0266731773 0.0019851932
881 0.0002759681 -0.0103957616 0.0129574786 0.0012076079 0.0151982177 -0.0312509537 0.0026094373
882 0.0002852723 -0.0106513207 0.0131080757 0.0014702383 -0.0222174749 -0.0312509537 0.0021014994
883 0.0002950055 -0.0109142429 0.0132621567 0.0011286381 -0.0312509537 0.0123294778 0.0004144517
884 0.0003051929 -0.0111848296 0.0134198551 0.0002334633 -0.0109256264 -0.0106814783 0.0005809415
885 0.0003158615 -0.0114633986 0.0135813113 0.0012899381 -0.0312509537 0.0177007355 0.0004085170
886 0.0003270402 -0.0117502851 0.0137466735 0.0010972767 -0.0219122898 0.0248420667 0.0002263741
887 0.0003387601 -0.0120458427 0.0139160976 0.0004563768 -0.0213629566 -0.0000305185 0.0002813167
888 0.0003510545 -0.0123504453 0.0140897483 0.0017097593 0.0295419172 -0.0289315470 0.0036058019
889 0.0003639593 -0.0126644877 0.0142677994 0.0010792825 -0.0312509537 -0.0101321451 0.0009408140
890 0.0003775133 -0.0129883880 0.0144504346 0.0009795429 -0.0312509537 -0.0017090365 0.0005946498
891 0.0003917580 -0.0133225886 0.0146378480 0.0011496361 -0.0312509537 0.0131534776 0.0003236296
892 0.0004067383 -0.0136675581 0.0148302452 0.0001045082 -0.0100100711 0.0020752586 0.0001760669
893 0.0004225029 -0.0140237938 0.0150278439 0.0009938489 -0.0312509537 0.0041505173 0.0004150913
894 0.0004391041 -0.0143918232 0.0152308750 0.0001696340 0.0050050356 0.0120242927 0.0003865203
895 0.0004565988 -0.0147722068 0.0154395833 0.0010112294 0.0060426649 0.0312204352 0.0006822942
896 0.0004750485 -0.0151655403 0.0156542289 0.0010604463 -0.0091555528 -0.0312509537 0.0022362161
897 0.0004945199 -0.0155724578 0.0158750884 0.0009923624 0.0039674062 -0.0312509537 0.0026026701
898 0.0005150854 -0.0159936349 0.0161024559 0.0010874795 0.0105288858 -0.0312509537 0.0029457895
899 0.0005368240 -0.0164297916 0.0163366449 0.0010774355 0.0100405896 -0.0312509537 0.0029652606
900 0.0005598214 -0.0168816966 0.0165779897 0.0009766230 -0.0000305185 -0.0312509537 0.0025715700
901 0.0005841712 -0.0173501713 0.0168268468 0.0006996010 0.0169988098 -0.0202642903 0.0025556049
902 0.0006099756 -0.0178360941 0.0170835975 0.0014369182 -0.0214545122 -0.0312509537 0.0023493218
903 0.0006373461 -0.0183404056 0.0173486496 0.0017856406 -0.0312509537 -0.0284432508 0.0022635804
904 0.0006664052 -0.0188641145 0.0176224401 0.0001579657 -0.0085451827 0.0092165899 0.0001771387
905 0.0006972869 -0.0194083031 0.0179054372 0.0019513377 -0.0312509537 0.0312204352 0.0003175375
906 0.0007301385 -0.0199741348 0.0181981441 0.0010244149 0.0070497757 0.0312204352 0.0008998718
907 0.0007651220 -0.0205628616 0.0185011017 0.0001418994 -0.0084536271 -0.0083925901 0.0008699042
908 0.0008024161 -0.0211758324 0.0188148923 0.0001225136 0.0054322947 0.0096438490 0.0007921005
909 0.0008422176 -0.0218145028 0.0191401438 0.0010421111 -0.0082094790 0.0312204352 0.0003310301
910 0.0008847448 -0.0224804457 0.0194775342 0.0002874498 0.0078737754 0.0150151067 0.0009412920
911 0.0009302390 -0.0231753635 0.0198277968 0.0004121317 -0.0202642903 0.0012207404 0.0003546969
912 0.0009789684 -0.0239011015 0.0201917257 0.0015682427 -0.0312509537 -0.0243232521 0.0020356036
913 0.0010312314 -0.0246596629 0.0205701827 0.0011660656 0.0137638478 -0.0312509537 0.0041617963
914 0.0010873604 -0.0254532266 0.0209641042 0.0014448088 0.0216376232 -0.0312509537 0.0049439604
915 0.0011477271 -0.0262841664 0.0213745100 0.0018475448 -0.0295113987 -0.0312509537 0.0027798545
916 0.0012127476 -0.0271550734 0.0218025123 0.0016182494 -0.0312509537 -0.0253303629 0.0022382842
917 0.0012828890 -0.0280687811 0.0222493268 0.0002306580 -0.0092776269 -0.0120242927 0.0015277885
918 0.0013586773 -0.0290283948 0.0227162851 0.0006171516 -0.0178838466 -0.0172429579 0.0017209421
919 0.0014407059 -0.0300373245 0.0232048485 0.0010861980 -0.0312509537 -0.0104678488 0.0011353234
920 0.0015296462 -0.0310993233 0.0237166246 0.0019494311 0.0312204352 0.0312204352 0.0039400595
921 0.0016262605 -0.0322185317 0.0242533858 0.0010491216 -0.0312509537 0.0085146641 0.0002486436
922 0.0017314165 -0.0333995286 0.0248170915 0.0009768913 -0.0312509537 0.0005188147 0.0005950226
923 0.0018461053 -0.0346473905 0.0254099130 0.0009797553 -0.0312509537 -0.0017700735 0.0007502874
924 0.0019714627 -0.0359677617 0.0260342631 0.0019494311 0.0312204352 0.0312204352 0.0045411502
925 0.0021087950 -0.0373669348 0.0266928309 0.0009934959 -0.0043336283 0.0312204352 0.0011116985
926 0.0022596104 -0.0388519472 0.0273886226 0.0009838347 -0.0312509537 0.0026856288 0.0006680130
927 0.0024256572 -0.0404306941 0.0281250093 0.0004791202 -0.0202032533 0.0084231086 0.0007973143
928 0.0026089702 -0.0421120629 0.0289057847 0.0012837482 0.0298165838 0.0198675497 0.0052554199
929 0.0028119292 -0.0439060947 0.0297352332 0.0011274851 -0.0123599963 0.0312204352 0.0009973621
930 0.0030373300 -0.0458241763 0.0306182122 0.0001826342 0.0127262185 -0.0045472579 0.0046647590
931 0.0032884744 -0.0478792745 0.0315602512 0.0009825829 0.0024414808 -0.0312509537 0.0064774259
932 0.0035692826 -0.0500862189 0.0325676725 0.0009609610 -0.0114444411 -0.0288094729 0.0052603410
933 0.0038844368 -0.0524620486 0.0336477383 0.0006902127 -0.0253913999 0.0067445906 0.0014565994
934 0.0042395639 -0.0550264396 0.0348088329 0.0009822886 -0.0312509537 0.0023804437 0.0016168742
935 0.0046414715 -0.0578022348 0.0360606877 0.0012614463 -0.0312509537 -0.0168767357 0.0035073413
936 0.0050984559 -0.0608161071 0.0374146637 0.0006906253 0.0253913999 -0.0067751091 0.0093844703
937 0.0056207066 -0.0640993976 0.0388841072 0.0019532442 -0.0312509537 -0.0312509537 0.0059979470
938 0.0062208447 -0.0676891817 0.0404848043 0.0019304888 -0.0312509537 -0.0308847316 0.0064213551
939 0.0069146488 -0.0716296440 0.0422355649 0.0003355434 -0.0162663656 0.0084231086 0.0042083748
940 0.0077220442 -0.0759738664 0.0441589834 0.0013044472 0.0181585131 0.0312204352 0.0090283109
941 0.0086684722 -0.0807861859 0.0462824414 0.0010101313 -0.0059511093 0.0312204352 0.0058271527
942 0.0097868160 -0.0861453434 0.0486394471 0.0000014176 -0.0000305185 0.0011902219 0.0096671920
943 0.0111201543 -0.0921487526 0.0512714508 0.0019532442 -0.0312509537 -0.0312509537 0.0105184892
944 0.0127257768 -0.0989183822 0.0542303465 0.0009893718 -0.0312509537 0.0035706656 0.0071452842
945 0.0146811662 -0.1066090119 0.0575819833 0.0009790446 0.0015564440 -0.0312509537 0.0195910565
946 0.0170931248 -0.1154200586 0.0614111950 0.0013175303 -0.0312509537 -0.0184636982 0.0134644368
947 0.0201120849 -0.1256129159 0.0658291748 0.0019532442 -0.0312509537 -0.0312509537 0.0183287313
948 0.0239552518 -0.1375370560 0.0709845762 0.0009793380 -0.0312509537 -0.0016479995 0.0165722266
949 0.0289453927 -0.1516705377 0.0770807410 0.0019532442 -0.0312509537 -0.0312509537 0.0262366323
950 0.0355786077 -0.1686851331 0.0844033980 0.0019267223 -0.0312509537 -0.0308236946 0.0321654365
951 0.0446487014 -0.1895554993 0.0933670931 0.0010907161 -0.0312509537 0.0106814783 0.0318972400
952 0.0574892704 -0.2157515605 0.1045970099 0.0019513377 -0.0312509537 0.0312204352 0.0394245956
953 0.0764801675 -0.2495988599 0.1190822264 0.0011832402 -0.0312509537 -0.0143742180 0.0654864307
954 0.1062074534 -0.2950071187 0.1384855707 0.0012635103 -0.0312509537 -0.0169377728 0.0937237303
955 0.1564512337 -0.3590960354 0.1658350719 0.0014316950 -0.0312509537 -0.0213324381 0.1425140744
956 0.2512144114 -0.4563404028 0.2072868742 0.0019513377 -0.0312509537 0.0312204352 0.2117004307
957 0.4631525409 -0.6213749394 0.2775711182 0.0018583860 -0.0312509537 -0.0296945097 0.4426584845
958 1.1058994694 -0.9628402472 0.4228925725 0.0019513377 -0.0312509537 0.0312204352 1.0212656748
959 5.1711401289 -2.0877284811 0.9014044143 0.0014861183 -0.0226142155 0.0312204352 5.0219170874
960 243.5283884162 14.3654742289 -6.0960264596 0.0019513377 0.0312204352 -0.0312509537 242.2523337582
961 3.1824436987 1.6465305804 -0.6865717344 0.0009766230 -0.0000305185 -0.0312509537 3.1406087781
962 0.9076220719 0.8815892546 -0.3611404962 0.0010217009 -0.0067140721 -0.0312509537 0.8979099105
963 0.4264273032 0.6058160190 -0.2437503936 0.0011561185 0.0133976257 -0.0312509537 0.3961155647
964 0.2485942151 0.4637121805 -0.1832081570 0.0009787680 -0.0014648885 -0.0312509537 0.2394806971
965 0.1635794974 0.3770791546 -0.1462559692 0.0009843349 -0.0027771844 -0.0312509537 0.1575169919
966 0.1163336677 0.3187618507 -0.1213447578 0.0011823638 -0.0143436995 -0.0312509537 0.1190762011
967 0.0873353470 0.2768437530 -0.1034063993 0.0009766230 -0.0000305185 -0.0312509537 0.0818657705
968 0.0682348079 0.2452727984 -0.0898669145 0.0011464396 -0.0130314035 -0.0312509537 0.0701568916
969 0.0549713567 0.2206490349 -0.0792802630 0.0014527666 0.0218207343 -0.0312509537 0.0418395077
970 0.0453755734 0.2009153257 -0.0707715009 0.0019513377 0.0312204352 -0.0312509537 0.0303582295
971 0.0382019518 0.1847540007 -0.0637801770 0.0006460662 0.0189519944 -0.0169377728 0.0296845161
972 0.0326934861 0.1712819977 -0.0579306769 0.0010517434 -0.0086672567 -0.0312509537 0.0330935418
973 0.0283682756 0.1598853362 -0.0529618246 0.0012964541 -0.0312509537 -0.0178838466 0.0377635459
974 0.0249075456 0.1501238884 -0.0486863818 0.0015812755 0.0312204352 -0.0246284371 0.0147168159
975 0.0220934954 0.1416739194 -0.0449666100 0.0019513377 0.0312204352 -0.0312509537 0.0123880914
976 0.0197731425 0.1342920037 -0.0416989243 0.0011168357 0.0118411817 -0.0312509537 0.0151033639
977 0.0178364329 0.1277915821 -0.0388039231 0.0017445109 -0.0277108066 -0.0312509537 0.0242380402
978 0.0162025245 0.1220272781 -0.0362197174 0.0018747736 -0.0299691763 -0.0312509537 0.0231276108
979 0.0148109311 0.1168841332 -0.0338973529 0.0000008392 -0.0000305185 -0.0009155553 0.0147568348
980 0.0136156517 0.1122700519 -0.0317975966 0.0013498156 0.0193182165 -0.0312509537 0.0086403425
981 0.0125811873 0.1081103916 -0.0298886358 0.0010905121 0.0310983612 -0.0111087374 0.0062835374
982 0.0116797818 0.1043440199 -0.0281444009 0.0012945475 0.0312204352 0.0178838466 0.0074656582
983 0.0108894741 0.1009203946 -0.0265433239 0.0000121387 0.0032959990 -0.0011291849 0.0101764011
984 0.0101927004 0.0977973700 -0.0250674049 0.0012707927 -0.0171514023 -0.0312509537 0.0132514565
985 0.0095752750 0.0949395268 -0.0237015020 0.0003880574 0.0194708090 -0.0029908139 0.0061244600
986 0.0090256372 0.0923168859 -0.0224327836 0.0013315838 0.0312204352 0.0188909574 0.0054404279
987 0.0085342878 0.0899039064 -0.0212503029 0.0016272111 0.0255439924 0.0312204352 0.0068953769
988 0.0080933614 0.0876786975 -0.0201446616 0.0019513377 0.0312204352 -0.0312509537 0.0033108851
989 0.0076963001 0.0856223931 -0.0191077447 0.0019494311 0.0312204352 0.0312204352 0.0054924987
990 0.0073376002 0.0837186504 -0.0181325064 0.0011830922 0.0312204352 0.0144352550 0.0038167217
991 0.0070126149 0.0819532458 -0.0172127983 0.0010836572 -0.0103457747 -0.0312509537 0.0087161790
992 0.0067173989 0.0803137458 -0.0163432293 0.0013922260 -0.0203863643 -0.0312509537 0.0103627524
993 0.0064485849 0.0787892379 -0.0155190507 0.0019532442 -0.0312509537 -0.0312509537 0.0123563365
994 0.0062032853 0.0773701089 -0.0147360619 0.0011975164 0.0148625141 -0.0312509537 0.0041799411
995 0.0059790121 0.0760478608 -0.0139905317 0.0009776364 0.0010071108 -0.0312509537 0.0059290363
996 0.0057736133 0.0748149578 -0.0132791333 0.0016880805 0.0266731773 -0.0312509537 0.0026406174
997 0.0055852197 0.0736646977 -0.0125988887 0.0013088954 0.0312204352 -0.0182805872 0.0018337971
998 0.0054122021 0.0725911036 -0.0119471230 0.0006460830 0.0252693258 0.0027466659 0.0024552581
999 0.0052531356 0.0715888328 -0.0113214249 0.0016040337 0.0250862148 0.0312204352 0.0039723033
1000 0.0051067705 0.0706530988 -0.0107196135 0.0014213381 -0.0210882900 -0.0312509537 0.0088380183
1001 0.0049720070 0.0697796050 -0.0101397095 0.0010227086 0.0312204352 -0.0069277017 0.0014971266
1002 0.0048478753 0.0689644883 -0.0095799108 0.0000239812 0.0048219245 -0.0008545183 0.0041904010
1003 0.0047335182 0.0682042696 -0.0090385713 0.0009849840 0.0312204352 -0.0032044435 0.0014018411
1004 0.0046281760 0.0674958126 -0.0085141826 0.0015756891 -0.0244758446 -0.0312509537 0.0089757465
1005 0.0045311750 0.0668362867 -0.0080053583 0.0008997591 0.0212103641 -0.0212103641 0.0022560970
1006 0.0044419162 0.0662231362 -0.0075108194 0.0004734854 -0.0000305185 -0.0217596973 0.0045925773
1007 0.0043598668 0.0656540521 -0.0070293831 0.0019532442 -0.0312509537 -0.0312509537 0.0099772646
1008 0.0042845525 0.0651269493 -0.0065599512 0.0013074630 -0.0181890316 -0.0312509537 0.0075511983
1009 0.0042155508 0.0646399447 -0.0061015009 0.0019532442 -0.0312509537 -0.0312509537 0.0098275594
1010 0.0041524854 0.0641913401 -0.0056530769 0.0013008353 0.0180059206 -0.0312509537 0.0027883443
1011 0.0040950216 0.0637796055 -0.0052137830 0.0013239931 0.0260628071 -0.0253913999 0.0018296931
1012 0.0040428617 0.0634033658 -0.0047827762 0.0011921070 -0.0146794031 -0.0312509537 0.0067974832
1013 0.0039957418 0.0630613883 -0.0043592603 0.0019513377 0.0312204352 -0.0312509537 0.0017370095
1014 0.0039534285 0.0627525723 -0.0039424805 0.0003299700 0.0035096286 -0.0178228095 0.0037023899
1015 0.0039157161 0.0624759399 -0.0035317186 0.0000598355 0.0051881466 -0.0057374798 0.0032867566
1016 0.0038824247 0.0622306279 -0.0031262883 0.0010725924 -0.0097964415 -0.0312509537 0.0059788955
1017 0.0038533980 0.0620158809 -0.0027255315 0.0010113151 0.0058900723 -0.0312509537 0.0039638061
1018 0.0038285015 0.0618310453 -0.0023288139 0.0019513377 0.0312204352 -0.0312509537 0.0017734996
1019 0.0038076215 0.0616755644 -0.0019355218 0.0011736731 0.0156254769 -0.0304879910 0.0029358541
1020 0.0037906634 0.0615489739 -0.0015450588 0.0019532442 -0.0312509537 -0.0312509537 0.0094942668
1021 0.0037775512 0.0614508986 -0.0011568425 0.0019532442 -0.0312509537 -0.0312509537 0.0094992889
1022 0.0037682266 0.0613810494 -0.0007703017 0.0007840957 0.0191961425 -0.0203863643 0.0021643563
1023 0.0037626482 0.0613392215 -0.0003848734 0.0015515831 0.0312204352 -0.0240180670 0.0014656691
