#int double real img int16 real16 img16 error
0 1.1892666901 1.0905350476 0.0000000000 0.0487937049 0.2208929716 0.0000000000 0.7562773404
1 1.1898538403 1.0907827457 0.0068441247 0.0366227525 -0.0719931639 0.1773125401 1.3811072964
2 1.1916178770 1.0915265634 0.0136981168 0.0005869600 -0.0215460677 -0.0110782189 1.2395445489
3 1.1945665836 1.0927686767 0.0205718918 0.0214365840 -0.0996124149 0.1073030793 1.4292949666
4 1.1987130172 1.0945127300 0.0274754618 0.0030387278 0.0536210211 -0.0127872555 1.0850766360
5 1.2040756372 1.0967638628 0.0344189852 0.0016964070 0.0349131748 -0.0218512528 1.1306932231
6 1.2106784884 1.0995287477 0.0414128178 0.0005957289 -0.0104983673 -0.0220343638 1.2361857407
7 1.2185514418 1.1028156405 0.0484675658 0.0699135119 -0.2218085269 0.1439252907 1.7637413619
8 1.2277304974 1.1066344422 0.0555941419 0.0188275230 -0.0686971648 -0.1187780389 1.4118100440
9 1.2382581545 1.1109967751 0.0628038239 0.0076026611 -0.0056764428 -0.0870082705 1.2694027391
10 1.2501838562 1.1159160721 0.0701083183 0.0008385432 -0.0280159917 0.0073244423 1.3125223817
11 1.2635645161 1.1214076834 0.0775198276 0.0327975688 0.1493575854 -0.1024201178 0.9772597771
12 1.2784651374 1.1274889994 0.0850511240 0.0158323930 0.0666524247 -0.1067232276 1.1621516401
13 1.2949595370 1.1341795930 0.0927156291 0.0294513536 -0.1564378796 -0.0705587939 1.6923519977
14 1.3131311886 1.1415013841 0.1005275019 0.0074255025 -0.0349436934 -0.0787682730 1.4161699952
15 1.3330742016 1.1494788276 0.1085017347 0.0854186042 -0.2917874691 0.0166936247 2.0856772671
16 1.3548944585 1.1581391289 0.1166542607 0.0053242351 0.0509353923 -0.0522476882 1.2544279827
17 1.3787109342 1.1675124907 0.1250020725 0.0007938184 -0.0225836970 0.0168462172 1.4280266251
18 1.4046572277 1.1776323950 0.1335633557 0.0033223245 0.0071718497 -0.0571916868 1.4063653742
19 1.4328833434 1.1885359256 0.1423576378 0.0212374113 0.1085238197 -0.0972624897 1.2238439544
20 1.4635577652 1.2002641382 0.1514059567 0.0270580810 -0.0725119785 -0.1476485488 1.7093926406
21 1.4968698757 1.2128624838 0.1607310520 0.0084343504 -0.0869472335 0.0295724357 1.7067078839
22 1.5330327874 1.2263812955 0.1703575811 0.0034081604 -0.0188909574 -0.0552385022 1.6015965766
23 1.5722866626 1.2408763488 0.1803123667 0.0459395010 -0.2034669027 0.0673848689 2.0988800479
24 1.6149026202 1.2564095078 0.1906246806 0.0039019405 0.0026245918 -0.0624103519 1.6360033433
25 1.6611873481 1.2730494730 0.2013265688 0.0827392790 -0.1956541643 -0.2108523820 2.3269818616
26 1.7114885689 1.2908726485 0.2124532284 0.0027441642 0.0497451704 -0.0164189581 1.5927798945
27 1.7662015425 1.3099641514 0.2240434435 0.0052459545 0.0127872555 -0.0712912381 1.7698904735
28 1.8257768354 1.3304189911 0.2361400932 0.0184150523 -0.1350749229 -0.0130314035 2.2097588468
29 1.8907296446 1.3523434511 0.2487907453 0.0946079317 -0.1008026368 -0.2905972472 2.4025729591
30 1.9616510430 1.3758567161 0.2620483540 0.0033806316 0.0033570360 -0.0580462050 1.9862158984
31 2.0392216109 1.4010927950 0.2759720829 0.0170432310 -0.0364085818 -0.1253700369 2.2274857056
32 2.1242280501 1.4282028049 0.2906282816 0.0328150341 0.0943021943 0.1546678060 1.7977760901
33 2.2175835527 1.4573576964 0.3060916489 0.0311648272 0.0608539079 0.1657155065 1.9699282926
34 2.3203529258 1.4887515231 0.3224466285 0.0060510845 0.0043031098 0.0776696066 2.2635028821
35 2.4337837900 1.5226053869 0.3397890901 0.0409427557 -0.0038148137 0.2023071993 2.3488598990
36 2.5593455910 1.5591722246 0.3582283698 0.0173719772 0.1155430769 -0.0634174627 2.2618503243
37 2.6987787506 1.5987426559 0.3778897602 0.0226901658 -0.0229804376 -0.1488692892 2.9074608882
38 2.8541570917 1.6416521744 0.3989175727 0.0279909544 -0.1093173009 -0.1266518143 3.3421172843
39 3.0279678081 1.6882900580 0.4214789299 0.0062909781 0.0242011780 -0.0755333110 3.0162129679
40 3.2232148691 1.7391104947 0.4457685006 0.0006355454 0.0213934751 0.0133365886 3.1375491179
41 3.4435540654 1.7946465980 0.4720144634 0.0267149888 -0.0309152501 -0.1604968413 3.7327466119
42 3.6934713016 1.8555282212 0.5004860857 0.0595847572 -0.1420331431 0.1985229041 4.0814331671
43 3.9785207588 1.9225048337 0.5315034556 0.0050758837 0.0573747978 -0.0422376171 3.8078888691
44 4.3056471217 1.9964752166 0.5654501138 0.0237932282 -0.1190221870 0.0981170080 4.6937294963
45 4.6836276653 2.0785264747 0.6027896476 0.0725634028 -0.1072420423 0.2471083712 4.9040931803
46 5.1236881349 2.1699859611 0.6440877763 0.1496856098 0.1627552110 -0.3509933775 5.0191617866
47 5.6403753308 2.2724913925 0.6900421739 0.0187030693 0.1367534410 -0.0012512589 5.0392632079
48 6.2528166907 2.3880870505 0.7415233844 0.0613029511 -0.1083407086 0.2226325266 6.5013992791
49 6.9865767096 2.5193581382 0.7996319661 0.0217802901 -0.1188695944 0.0874660482 7.4674258637
50 7.8764575166 2.6696221974 0.8657799026 0.0034648227 -0.0197454756 -0.0554521317 8.0813669418
51 8.9708364161 2.8432080131 0.9418092219 0.0041560767 0.0036622211 0.0643635365 8.8329312354
52 10.3385880571 3.0458724977 1.0301692990 0.2901878790 0.4721518601 -0.2593462935 8.2868883839
53 12.0805178619 3.2854423539 1.1341897554 0.0381590368 -0.0432447279 0.1904965361 11.9707145806
54 14.3490162236 3.5728358688 1.2585150290 0.0057607624 -0.0758995331 0.0001525925 14.8967460543
55 17.3834693201 3.9237563552 1.4098245937 0.1277809619 0.1609851375 -0.3191625721 17.1478438565
56 21.5777408813 4.3616356718 1.5980848374 0.0876673966 0.2939848018 -0.0352183599 19.2134629350
57 27.6178616654 4.9230554567 1.8388547076 0.0849667986 -0.2810449538 0.0773339030 30.1856166272
58 36.7879358497 5.6684763576 2.1578488439 0.0172136175 0.0890224921 -0.0963774529 36.2118416340
59 51.7283790237 6.7055209661 2.6008397870 0.0055636583 0.0673848689 -0.0319833979 50.9966087670
60 78.6123932857 8.2460982273 3.2579529327 0.2833135239 0.4999847407 0.1825617237 69.4603052348
61 134.8481534636 10.7731015283 4.3345630604 0.0085932539 -0.0791344951 0.0482802820 136.1432467634
62 287.0153001767 15.6771201962 6.4220870852 0.1600995195 0.3769951476 0.1340678121 273.6330128833
63 1006.3770613062 29.2799142915 12.2091637875 0.0918998566 0.2721030305 0.1336405530 987.2713755402
64 77010.4382305421 255.4582703667 108.4043833607 0.2748714999 -0.5000152593 -0.1576586200 77300.3609395693
65 1635.2580907175 -37.1256457172 -16.0294890998 0.0371698476 0.1312295907 0.1412396619 1649.5672263927
66 349.7161186555 -17.1219898669 -7.5202115430 0.4999694820 0.4999847407 0.4999847407 374.8575375042
67 146.4616933383 -11.0497826060 -4.9359900424 0.0635270404 -0.0636616108 0.2438734092 147.5258398991
68 79.4409721172 -8.1150074226 -3.6861398031 0.2575816490 0.3897213660 0.3251136814 88.4205662854
69 49.4742241275 -6.3857308594 -2.9490109390 0.0045756296 0.0675374615 -0.0037842952 50.3190320051
70 33.5857457146 -5.2460508499 -2.4626603897 0.2255439814 -0.3663136692 -0.3022553179 28.4791850266
71 24.1851525225 -4.4385651340 -2.1176147132 0.1612301089 0.3624378185 0.1728263192 28.2957494732
72 18.1797035330 -3.8366655775 -1.8600270911 0.0505555553 0.1600695822 0.1579027680 20.0459328529
73 14.1191590925 -3.3708264139 -1.6603277929 0.0239502700 -0.1161534471 -0.1022675253 13.0204479186
74 11.2509436316 -2.9996929888 -1.5009282475 0.2226387622 0.1642506180 0.4423352763 13.7868122705
75 9.1533368550 -2.6971259433 -1.3707109472 0.0107136072 -0.1010467849 -0.0224311045 8.5574855313
76 7.5753157746 -2.4457931485 -1.2623041034 0.0029030221 0.0195623646 0.0502029481 7.8006525659
77 6.3599996761 -2.2337486193 -1.1706266620 0.2291935591 -0.0107119968 -0.4786217841 5.4207625759
78 5.4053206719 -2.0524911374 -1.0920626369 0.1601687173 -0.0672933134 -0.3945127720 4.4275862144
79 4.6425923964 -1.8958061081 -1.0239685526 0.1136010502 -0.0370799890 0.3350016785 5.3016628750
80 4.0242439771 -1.7590452243 -0.9643670857 0.0248367616 -0.0912198248 -0.1285134434 3.4802928744
81 3.5165015450 -1.6386622947 -0.9117496525 0.0069012766 -0.0755638295 0.0345164342 3.3386963190
82 3.0948629637 -1.5319049053 -0.8649452728 0.0633104416 -0.0299691763 0.2498245186 3.4985226216
83 2.7412116026 -1.4366041103 -0.8230311251 0.0213046877 -0.1066011536 0.0997039705 2.6203479214
84 2.4419247830 -1.3510276234 -0.7852701088 0.1029055826 -0.1471602527 0.2850428785 2.5948665371
85 2.1866039570 -1.2737752109 -0.7510663547 0.1738307476 0.1008331553 -0.4045533616 2.0096194147
86 1.9672038238 -1.2037027814 -0.7199329399 0.0442366265 0.1344035157 -0.1617786187 2.1020647085
87 1.7774234798 -1.1398663891 -0.6914680722 0.0043272605 -0.0081179235 -0.0652790918 1.6729672285
88 1.6122733337 -1.0814803113 -0.6653372604 0.0169472356 -0.1237220374 0.0404980621 1.4155044135
89 1.4677621772 -1.0278852392 -0.6412597853 0.0084562732 -0.0917386395 -0.0063478500 1.2794836217
90 1.3406678228 -0.9785238456 -0.6189983088 0.0040503912 -0.0563066500 0.0296639912 1.2712473354
91 1.2283667830 -0.9329218082 -0.5983508023 0.0516163192 0.1706900235 -0.1499374371 1.4190336213
92 1.1287062662 -0.8906729176 -0.5791442135 0.0286912138 -0.0404065065 -0.1644947661 0.8948871341
93 1.0399069077 -0.8514272804 -0.5612294485 0.1146330102 -0.2889187292 0.1765190588 0.8606887303
94 0.9604880960 -0.8148818919 -0.5444773624 0.0143825287 -0.1093173009 0.0493179113 0.8504142191
95 0.8892101012 -0.7807730409 -0.5287755287 0.1806873729 0.3443098239 -0.2492751854 1.3439318946
96 0.8250288281 -0.7488701445 -0.5140256169 0.0287965473 0.0452589496 -0.1635486923 0.7534750927
97 0.7670601479 -0.7189707079 -0.5001412491 0.0144054825 -0.0110782189 -0.1195104831 0.6459915559
98 0.7145515641 -0.6908961775 -0.4870462360 0.0012556867 0.0340281381 -0.0098879971 0.7531952483
99 0.6668595435 -0.6644885074 -0.4746731161 0.1194252107 0.3124790185 -0.1475875118 1.0614505391
100 0.6234312555 -0.6396072998 -0.4629619396 0.0021406014 -0.0423291726 -0.0186773278 0.5541299775
101 0.5837897696 -0.6161274117 -0.4518592504 0.0118767874 0.0910977508 -0.0598162786 0.6538651222
102 0.5475219845 -0.5939369396 -0.4413172287 0.0253394531 -0.0815759758 -0.1366924039 0.3553100410
103 0.5142687286 -0.5729355162 -0.4312929665 0.0068264244 0.0426343577 -0.0707724235 0.5089013316
104 0.4837165983 -0.5530328631 -0.4217478519 0.0007582108 0.0142521439 -0.0235602893 0.4803656142
105 0.4555911944 -0.5341475562 -0.4126470437 0.0834776198 -0.2295297098 -0.1754814295 0.1490395609
106 0.4296514916 -0.5162059673 -0.4039590214 0.0264286455 0.1369365520 -0.0876186407 0.5266663869
107 0.4056851281 -0.4991413550 -0.3956551982 0.0067588202 -0.0666524247 -0.0481276894 0.3078220441
108 0.3835044494 -0.4828930790 -0.3877095868 0.0215840940 0.0079042940 -0.1467024751 0.2989664892
109 0.3629431713 -0.4674059200 -0.3800985098 0.0300372844 0.1408734397 0.1009552293 0.6014164795
110 0.3438535535 -0.4526294882 -0.3728003486 0.0016987401 -0.0269783624 -0.0311593982 0.2978974200
111 0.3261039986 -0.4385177079 -0.3657953232 0.0275595590 -0.1106906339 -0.1237220374 0.1660700662
112 0.3095770025 -0.4250283662 -0.3590653010 0.0013892772 0.0352488784 -0.0121158483 0.3322290647
113 0.2941674012 -0.4121227180 -0.3525936281 0.0892926359 0.2067629017 0.2157353435 0.7060172301
114 0.2797808652 -0.3997651374 -0.3463649810 0.0044839306 -0.0132145146 -0.0656453139 0.2282249155
115 0.2663326018 -0.3879228112 -0.3403652367 0.0251220785 -0.0584124271 -0.1473433638 0.1458345366
116 0.2537462350 -0.3765654674 -0.3345813561 0.0036500629 -0.0600909452 -0.0062562944 0.2079534693
117 0.2419528343 -0.3656651343 -0.3290012825 0.0079894891 0.0205999939 0.0869777520 0.3222393064
118 0.2308900707 -0.3551959272 -0.3236138501 0.0013922306 0.0011902219 0.0372936186 0.2572652882
119 0.2205014818 -0.3451338576 -0.3184087030 0.0187388333 -0.1364482559 -0.0109866634 0.1380579908
120 0.2107358301 -0.3354566634 -0.3133762230 0.0035501436 -0.0069582202 -0.0591753899 0.1725292907
121 0.2015465404 -0.3261436568 -0.3085074644 0.0046524731 -0.0081484420 -0.0677205725 0.1590992839
122 0.1928912069 -0.3171755882 -0.3037940966 0.0072303394 0.0232551042 0.0817896054 0.2645678476
123 0.1847311587 -0.3085345238 -0.2992283514 0.0358077853 0.1106906339 -0.1534775842 0.1969930190
124 0.1770310777 -0.3002037353 -0.2948029766 0.0093722671 0.0192266610 -0.0948820460 0.1420041566
125 0.1697586606 -0.2921676010 -0.2905111934 0.0012235345 -0.0336924345 -0.0093997009 0.1458330829
126 0.1628843190 -0.2844115161 -0.2863466580 0.0060623431 -0.0547807245 -0.0553300577 0.1060989701
127 0.1563809150 -0.2769218113 -0.2823034279 0.0174354228 -0.1010773034 0.0849635304 0.1658063096
128 0.1502235241 -0.2696856800 -0.2783759294 0.0047508779 -0.0474868007 -0.0499588000 0.1015467270
129 0.1443892262 -0.2626911112 -0.2745589305 0.0863631515 0.2730796228 -0.1085848567 0.3145976726
130 0.1388569177 -0.2559268291 -0.2708475139 0.0130868867 0.0480361339 0.1038239692 0.2327722032
131 0.1336071439 -0.2493822380 -0.2672370544 0.0225219289 0.1144444105 -0.0970793786 0.1613234648
132 0.1286219495 -0.2430473720 -0.2637231967 0.0046927086 -0.0599688711 0.0331125828 0.1216292175
133 0.1238847443 -0.2369128493 -0.2603018366 0.0039498283 -0.0062868130 0.0625324259 0.1574103297
134 0.1193801819 -0.2309698298 -0.2569691024 0.0190577702 -0.0632953887 0.1226844081 0.1722515063
135 0.1150940520 -0.2252099776 -0.2537213392 0.0474047956 -0.1872005371 0.1111789300 0.1345969240
136 0.1110131820 -0.2196254250 -0.2505550932 0.0304209475 0.1221655934 0.1244850002 0.2574761719
137 0.1071253494 -0.2142087406 -0.2474670986 0.0083719694 0.0914334544 -0.0034485916 0.1529621831
138 0.1034192016 -0.2089528997 -0.2444542643 0.0036828680 -0.0577410199 -0.0186773278 0.0738402576
139 0.0998841843 -0.2038512571 -0.2415136628 0.0007816583 0.0119632557 -0.0252693258 0.0933375172
140 0.0965104761 -0.1988975216 -0.2386425193 0.0480676201 -0.2133243812 0.0505996887 0.0838691892
141 0.0932889292 -0.1940857334 -0.2358382015 0.0211444075 0.0291451765 0.1424604022 0.1929418727
142 0.0902110158 -0.1894102424 -0.2330982109 0.0045737072 0.0676290170 0.0001525925 0.1204751181
143 0.0872687794 -0.1848656884 -0.2304201742 0.0103764506 0.0341196936 0.0959807123 0.1544921362
144 0.0844547900 -0.1804469834 -0.2278018355 0.0045432781 0.0637531663 0.0218817713 0.1219756166
145 0.0817621039 -0.1761492939 -0.2252410490 0.0196822974 0.0744651631 0.1189001129 0.1812407454
146 0.0791842263 -0.1719680261 -0.2227357724 0.0156826831 -0.1113925596 -0.0572222053 0.0310641281
147 0.0767150780 -0.1678988106 -0.2202840608 0.0147452805 -0.0303048799 0.1175878170 0.1330894956
148 0.0743489644 -0.1639374896 -0.2178840606 0.0135027113 -0.0756553850 -0.0881984924 0.0246120766
149 0.0720805467 -0.1600801040 -0.2155340044 0.0774431594 -0.0811792352 -0.2661824396 0.0087906111
150 0.0699048171 -0.1563228818 -0.2132322060 0.0061380437 -0.0104983673 0.0776390881 0.1058708988
151 0.0678170737 -0.1526622274 -0.2109770557 0.0398721537 0.1562242500 0.1243629261 0.2078637593
152 0.0658128998 -0.1490947113 -0.2087670158 0.0748355913 -0.1176793725 -0.2469557787 0.0024453051
153 0.0638881434 -0.1456170610 -0.2066006171 0.0071016051 -0.0405285806 -0.0738853114 0.0286569411
154 0.0620388987 -0.1422261519 -0.2044764543 0.0033204496 0.0198980682 0.0540787988 0.0931350817
155 0.0602614891 -0.1389189993 -0.2023931834 0.0060078592 -0.0659199805 0.0407727287 0.0644585176
156 0.0585524518 -0.1356927506 -0.2003495178 0.0062230386 0.0777611621 0.0132755516 0.0911982431
157 0.0569085234 -0.1325446783 -0.1983442251 0.0170086573 -0.1292764061 0.0172124393 0.0464753572
158 0.0553266261 -0.1294721732 -0.1963761250 0.0397805562 -0.0385753960 -0.1956846828 0.0082627022
159 0.0538038559 -0.1264727381 -0.1944440857 0.0127227556 0.0685140538 -0.0896023438 0.0490116398
160 0.0523374712 -0.1235439818 -0.1925470221 0.0122714622 0.0466017640 -0.1004974517 0.0374226982
161 0.0509248816 -0.1206836140 -0.1906838927 0.0695154366 0.0323496200 -0.2616657002 0.0284575877
162 0.0495636393 -0.1178894396 -0.1888536982 0.0916113087 -0.1737418744 0.2478408155 0.1938215927
163 0.0482514289 -0.1151593542 -0.1870554786 0.0054712096 0.0678121281 0.0295419172 0.0803929952
164 0.0469860599 -0.1124913393 -0.1852883119 0.0548579917 -0.2186651204 0.0839259011 0.0837491643
165 0.0457654584 -0.1098834581 -0.1835513117 0.0369648519 -0.1429181799 0.1286049989 0.0985328551
166 0.0445876600 -0.1073338516 -0.1818436259 0.0373244575 0.1439252907 -0.1288796655 0.0659363377
167 0.0434508031 -0.1048407345 -0.1801644347 0.0176899362 -0.0070497757 -0.1328165532 0.0118048935
168 0.0423531229 -0.1024023918 -0.1785129493 0.1312229444 -0.3461409345 0.1068147832 0.1408203921
169 0.0412929451 -0.1000171754 -0.1768884103 0.0240653810 -0.1536606952 -0.0213019196 0.0270847833
170 0.0402686807 -0.0976835007 -0.1752900864 0.0177375706 0.1300088504 0.0289010285 0.0935378181
171 0.0392788213 -0.0953998441 -0.1737172732 0.0288384370 0.0735801263 -0.1530503250 0.0289813532
172 0.0383219337 -0.0931647397 -0.1721692916 0.0639880136 -0.2527542955 -0.0101626637 0.0517149738
173 0.0373966561 -0.0909767766 -0.1706454870 0.0270073478 0.0473036897 -0.1573839534 0.0192973556
174 0.0365016938 -0.0888345967 -0.1691452281 0.0593592479 -0.2325205237 -0.0727561266 0.0299365045
175 0.0356358151 -0.0867368920 -0.1676679059 0.0276984230 -0.0178228095 -0.1654713584 0.0047539756
176 0.0347978483 -0.0846824026 -0.1662129326 0.0152616624 0.0458388012 -0.1147190771 0.0196874018
177 0.0339866776 -0.0826699142 -0.1647797406 0.0063228182 -0.0709250160 -0.0359508042 0.0167348375
178 0.0332012407 -0.0806982564 -0.1633677819 0.2871226674 -0.5000152593 -0.1926328318 0.1766831920
179 0.0324405255 -0.0787663007 -0.1619765271 0.0214108519 -0.1108432264 -0.0955229347 0.0054450091
180 0.0317035670 -0.0768729584 -0.1606054646 0.3391730969 -0.5000152593 -0.2985930967 0.1980899934
181 0.0309894455 -0.0750171792 -0.1592540999 0.0044880278 0.0338145085 -0.0578325755 0.0221306619
182 0.0302972836 -0.0731979496 -0.1579219547 0.0198546640 0.1288186285 -0.0571001312 0.0509757379
183 0.0296262440 -0.0714142908 -0.1566085666 0.0644884028 -0.2101809748 -0.1425214393 0.0194546397
184 0.0289755277 -0.0696652578 -0.1553134879 0.0825022979 0.2862941374 0.0231940672 0.1585720383
185 0.0283443714 -0.0679499380 -0.1540362857 0.2560905692 -0.0779442732 -0.5000152593 0.1198013369
186 0.0277320462 -0.0662674492 -0.1527765406 0.5000305190 -0.5000152593 -0.5000152593 0.3087118905
187 0.0271378555 -0.0646169390 -0.1515338466 0.2220821512 -0.0392468032 -0.4696188238 0.1018216965
188 0.0265611334 -0.0629975836 -0.1503078105 0.0345322006 -0.0290841395 -0.1835383160 0.0022543882
189 0.0260012433 -0.0614085859 -0.1490980513 0.0014854850 0.0273751030 -0.0271309549 0.0227585160
190 0.0254575761 -0.0598491753 -0.1479041997 0.0456896464 0.0738242744 0.2005981628 0.1393224878
191 0.0249295489 -0.0583186062 -0.1467258976 0.2046589538 -0.2769554735 -0.3577074496 0.0923152950
192 0.0244166039 -0.0568161569 -0.1455627981 0.1549319089 -0.1094393750 -0.3780938139 0.0568398764
193 0.0239182070 -0.0553411291 -0.1444145645 0.0717723850 0.0659810175 0.2596514786 0.1779884304
194 0.0234338466 -0.0538928466 -0.1432808701 0.2506529210 0.0258491775 0.4999847407 0.4201494365
195 0.0229630327 -0.0524706544 -0.1421613981 0.0798432683 -0.1330607013 -0.2492751854 0.0179681191
196 0.0225052954 -0.0510739182 -0.1410558408 0.0963609414 -0.0127262185 -0.3101596118 0.0300666314
197 0.0220601844 -0.0497020235 -0.1399638997 0.0833361144 0.0419019135 -0.2856227302 0.0296077762
198 0.0216272679 -0.0483543748 -0.1388852847 0.2337754541 -0.1650746178 -0.4544511246 0.1132054145
199 0.0212061316 -0.0470303946 -0.1378197141 0.1749773474 0.0205389569 0.4177983947 0.3132771001
200 0.0207963782 -0.0457295234 -0.1367669143 0.0575345303 -0.0425428022 0.2360606708 0.1390105634
201 0.0203976260 -0.0444512184 -0.1357266194 0.2594111427 -0.1737418744 0.4787743767 0.3943275479
202 0.0200095090 -0.0431949533 -0.1346985709 0.1100241714 -0.0643940550 0.3253883480 0.2121293749
203 0.0196316753 -0.0419602172 -0.1336825176 0.0018640525 0.0348521378 0.0254829554 0.0312337857
204 0.0192637872 -0.0407465147 -0.1326782150 0.0118507572 0.0878627888 -0.0642719810 0.0212197658
205 0.0189055200 -0.0395533649 -0.1316854257 0.1109920608 -0.2063661611 0.2615436262 0.1824555963
206 0.0185565618 -0.0383803008 -0.1307039184 0.1253256297 -0.0297250282 0.3527634510 0.2338156111
207 0.0182166126 -0.0372268693 -0.1297334683 0.0424014319 0.1677297281 -0.1194494461 0.0421129679
208 0.0178853840 -0.0360926301 -0.1287738563 0.0225472447 0.0033265175 0.1501205481 0.0793359580
209 0.0175625987 -0.0349771558 -0.1278248696 0.1243850976 0.3324381237 -0.1177709281 0.1350950694
210 0.0172479898 -0.0338800309 -0.1268863006 0.0448789961 0.2115848262 -0.0105288858 0.0737920440
211 0.0169413004 -0.0328008518 -0.1259579474 0.3838211351 -0.5000152593 0.3657948546 0.4601101207
212 0.0166422834 -0.0317392265 -0.1250396132 0.0113432895 0.0790429395 0.0713827937 0.0508544502
213 0.0163507007 -0.0306947736 -0.1241311064 0.0894978179 -0.1981872005 0.2240974151 0.1493168163
214 0.0160663232 -0.0296671225 -0.1232322403 0.0085606752 -0.0837733085 -0.0392773217 0.0099759077
215 0.0157889301 -0.0286559128 -0.1223428329 0.0425443697 -0.1513718070 0.1401104770 0.0839409306
216 0.0155183087 -0.0276607940 -0.1214627070 0.0208042612 0.0604571673 0.1309549242 0.0714794356
217 0.0152542540 -0.0266814252 -0.1205916895 0.1735327518 -0.3767509995 0.1777397992 0.2115503840
218 0.0149965685 -0.0257174748 -0.1197296120 0.0307909584 0.1626331370 0.0658894620 0.0699303936
219 0.0147450616 -0.0247686199 -0.1188763100 0.0918315083 -0.3029572436 -0.0069582202 0.0899145692
220 0.0144995497 -0.0238345465 -0.1180316233 0.0211964465 -0.1080050050 0.0976287118 0.0535940462
221 0.0142598556 -0.0229149490 -0.1171953953 0.1212947425 0.3382366405 0.0830103458 0.1705128094
222 0.0140258083 -0.0220095297 -0.1163674736 0.0039957388 -0.0561235389 0.0290841395 0.0223199374
223 0.0137972429 -0.0211179988 -0.1155477091 0.0587808874 -0.2145146031 0.1129795221 0.0896269419
224 0.0135740003 -0.0202400742 -0.1147359565 0.0250453747 0.0579851680 0.1472518082 0.0747567774
225 0.0133559267 -0.0193754809 -0.1139320739 0.0806908916 -0.2212897122 -0.1781060213 0.0448876523
226 0.0131428738 -0.0185239514 -0.1131359229 0.0005948627 0.0212714011 0.0119327372 0.0172258398
227 0.0129346983 -0.0176852247 -0.1123473680 0.0464196756 -0.2120426038 -0.0381786554 0.0432757888
228 0.0127312617 -0.0168590467 -0.1115662772 0.0294035934 0.1135593738 0.1284829249 0.0746325838
229 0.0125324303 -0.0160451697 -0.1107925215 0.0020486119 -0.0125431074 0.0434888760 0.0238150140
230 0.0123380749 -0.0152433523 -0.1100259747 0.0108146581 -0.0191961425 0.1022064882 0.0450582429
231 0.0121480706 -0.0144533592 -0.1092665137 0.1935771509 0.1301919614 0.4202703940 0.3013316054
232 0.0119622967 -0.0136749608 -0.1085140181 0.0052590171 0.0127872555 -0.0713827937 0.0020789767
233 0.0117806364 -0.0129079334 -0.1077683702 0.0072029429 -0.0335093234 -0.0779747917 0.0013120746
234 0.0116029768 -0.0121520588 -0.1070294550 0.0228462314 -0.1486556597 -0.0273445845 0.0249829116
235 0.0114292087 -0.0114071242 -0.1062971601 0.0305443441 0.1177098910 -0.1291848506 0.0171950500
236 0.0112592266 -0.0106729219 -0.1055713756 0.0031094754 0.0494094668 -0.0258491775 0.0099655223
237 0.0110929282 -0.0099492494 -0.1048519938 0.0050695075 0.0517899106 -0.0488601337 0.0069468123
238 0.0109302145 -0.0092359089 -0.1041389097 0.0037203252 0.0570390942 0.0216071047 0.0202044362
239 0.0107709899 -0.0085327077 -0.1034320204 0.0166115506 -0.0393078402 0.1227454451 0.0521033547
240 0.0106151617 -0.0078394573 -0.1027312251 0.0109395552 0.0227668081 -0.1020844142 0.0009371618
241 0.0104626401 -0.0071559741 -0.1020364255 0.0323475943 -0.0286568804 -0.1775566881 0.0061655990
242 0.0103133382 -0.0064820786 -0.1013475252 0.0111604141 0.0574968719 0.0886257515 0.0401831520
243 0.0101671719 -0.0058175956 -0.1006644298 0.0006140044 -0.0021057772 -0.0246894742 0.0057859715
244 0.0100240595 -0.0051623540 -0.0999870471 0.0023650043 0.0012207404 -0.0486159856 0.0026797299
245 0.0098839221 -0.0045161868 -0.0993152866 0.0327869772 -0.1609546190 0.0829493088 0.0576933658
246 0.0097466831 -0.0038789307 -0.0986490598 0.0002256341 0.0050965911 -0.0141300699 0.0072240196
247 0.0096122683 -0.0032504262 -0.0979882801 0.0426382295 -0.0009155553 0.2064882351 0.0927113999
248 0.0094806058 -0.0026305178 -0.0973328626 0.0018650659 -0.0252082888 -0.0350657674 0.0043869469
249 0.0093516257 -0.0020190531 -0.0966827242 0.0320699603 -0.1373332926 0.1149327067 0.0630910340
250 0.0092252606 -0.0014158834 -0.0960377834 0.0345455724 0.1132541887 -0.1473738823 0.0157846205
251 0.0091014447 -0.0008208634 -0.0953979604 0.0229504044 -0.1398052919 -0.0583513901 0.0206891197
252 0.0089801144 -0.0002338510 -0.0947631772 0.0052982599 0.0258186590 -0.0680562761 0.0013919918
253 0.0088612081 0.0003452926 -0.0941333570 0.0334109688 -0.1579027680 0.0920743431 0.0597157563
254 0.0087446659 0.0009167033 -0.0935084248 0.0461891517 0.1562852870 -0.1475264748 0.0270573465
255 0.0086304295 0.0014805138 -0.0928883071 0.0202179914 -0.0890224921 -0.1108737449 0.0085142701
256 0.0085184427 0.0020368539 -0.0922729316 0.0099031013 0.0744956816 -0.0659810175 0.0059415465
257 0.0084086506 0.0025858506 -0.0916622277 0.0277157094 -0.1192052980 -0.1162144841 0.0154358972
258 0.0083010001 0.0031276281 -0.0910561260 0.0067047145 -0.0402233955 -0.0713217566 0.0022687566
259 0.0081954397 0.0036623078 -0.0904545585 0.0006369005 0.0115054781 0.0224616230 0.0128115794
260 0.0080919190 0.0041900086 -0.0898574585 0.0030222675 0.0137638478 -0.0532242805 0.0014336481
261 0.0079903896 0.0047108467 -0.0892647606 0.0063559902 -0.0571916868 -0.0555436872 0.0049690344
262 0.0078908040 0.0052249358 -0.0886764007 0.0225150031 0.1340067751 -0.0675069430 0.0170329081
263 0.0077931164 0.0057323873 -0.0880923157 0.0132247551 -0.0363475448 -0.1091036714 0.0022121978
264 0.0076972820 0.0062333102 -0.0875124440 0.0327642674 -0.1144138920 -0.1402630696 0.0173383759
265 0.0076032576 0.0067278110 -0.0869367249 0.0010281777 0.0089419233 -0.0307931761 0.0031570004
266 0.0075110009 0.0072159942 -0.0863650990 0.0012469643 0.0337534715 0.0103762932 0.0100631347
267 0.0074204710 0.0076979619 -0.0857975078 0.0207257795 0.0133365886 -0.1433454390 0.0033435585
268 0.0073316279 0.0081738141 -0.0852338941 0.0584714356 0.1667836543 0.1750846889 0.0929228460
269 0.0072444331 0.0086436488 -0.0846742016 0.0001857105 0.0064699240 -0.0119937742 0.0052871696
270 0.0071588487 0.0091075620 -0.0841183752 0.0352263651 -0.1719107639 -0.0753196814 0.0328450513
271 0.0070748382 0.0095656475 -0.0835663606 0.0076266190 0.0755027924 -0.0438856166 0.0059222685
272 0.0069923659 0.0100179973 -0.0830181045 0.0003334525 -0.0049439985 -0.0175786615 0.0045061820
273 0.0069113972 0.0104647016 -0.0824735547 0.0031804633 0.0319833979 -0.0464491714 0.0017608105
274 0.0068318983 0.0109058487 -0.0819326599 0.0740933499 0.0136417737 0.2718588824 0.1251759407
275 0.0067538364 0.0113415249 -0.0813953695 0.0114233611 -0.0108645894 0.1063264870 0.0357326069
276 0.0066771795 0.0117718151 -0.0808616341 0.0212318221 -0.0485244301 0.1373943297 0.0512713029
277 0.0066018966 0.0121968022 -0.0803314050 0.0534109290 -0.1084017457 0.2041077914 0.0954496662
278 0.0065279575 0.0126165676 -0.0798046344 0.2089852848 0.2253486740 -0.3977477340 0.1463427637
279 0.0064553325 0.0130311911 -0.0792812752 0.0446169488 0.0194097720 -0.2103335673 0.0172153896
280 0.0063839932 0.0134407507 -0.0787612814 0.0419742528 -0.1347087008 0.1543626209 0.0762950138
281 0.0063139116 0.0138453230 -0.0782446074 0.0024454671 -0.0408337657 -0.0278939177 0.0055249947
282 0.0062450604 0.0142449832 -0.0777312088 0.0172393832 -0.0162968841 0.1302835170 0.0442029318
283 0.0061774131 0.0146398048 -0.0772210416 0.0031784478 0.0390636921 -0.0406506546 0.0019339195
284 0.0061109441 0.0150298599 -0.0767140628 0.0708151244 0.1122470779 -0.2412793359 0.0365329166
285 0.0060456281 0.0154152194 -0.0762102299 0.0097764486 0.0685445723 0.0712607196 0.0245704091
286 0.0059814407 0.0157959525 -0.0757095014 0.0187149518 0.0802636799 -0.1107821894 0.0053861813
287 0.0059183580 0.0161721274 -0.0752118362 0.0054999864 -0.0734580523 0.0101931822 0.0153275863
288 0.0058563568 0.0165438107 -0.0747171941 0.0261840950 0.1559801019 -0.0430616169 0.0204445549
289 0.0057954143 0.0169110678 -0.0742255354 0.0234306944 0.0246894742 0.1510666219 0.0508170597
290 0.0057355086 0.0172739630 -0.0737368211 0.0014363519 0.0121768853 0.0358897671 0.0120439691
291 0.0056766180 0.0176325592 -0.0732510130 0.0058423987 0.0267647328 -0.0715964232 0.0000861343
292 0.0056187217 0.0179869181 -0.0727680733 0.1201952789 0.3444318979 -0.0395214698 0.1076716615
293 0.0055617991 0.0183371004 -0.0722879649 0.0040889885 -0.0630207221 0.0108340709 0.0135283681
294 0.0055058303 0.0186831654 -0.0718106513 0.0288314256 0.1697744682 0.0028382214 0.0284010360
295 0.0054507958 0.0190251716 -0.0713360966 0.0004085822 0.0126346629 -0.0157780694 0.0031275330
296 0.0053966767 0.0193631762 -0.0708642654 0.0343535201 0.1765190588 0.0565202795 0.0409247937
297 0.0053434544 0.0196972353 -0.0703951229 0.0003482986 -0.0184942167 -0.0025025178 0.0060679928
298 0.0052911109 0.0200274040 -0.0699286350 0.0249692317 -0.1088290048 -0.1145664846 0.0185965117
299 0.0052396286 0.0203537365 -0.0694647679 0.0133846199 0.0353099155 0.1101718192 0.0324929907
300 0.0051889902 0.0206762860 -0.0690034884 0.1867384453 0.3867000336 0.1928769799 0.2025547635
301 0.0051391791 0.0209951044 -0.0685447638 0.0113839498 0.0906094546 0.0563371685 0.0204416548
302 0.0050901787 0.0213102430 -0.0680885621 0.0509940832 0.1946165349 0.1145359661 0.0633867891
303 0.0050419733 0.0216217521 -0.0676348516 0.0180652485 -0.0381481368 -0.1288796655 0.0073233669
304 0.0049945471 0.0219296809 -0.0671836010 0.0847755901 0.2194280831 0.1913815729 0.1058615681
305 0.0049478850 0.0222340779 -0.0667347797 0.0153883709 0.1213721122 0.0256355480 0.0183606273
306 0.0049019721 0.0225349907 -0.0662883575 0.3072323459 0.2785119175 0.4792321543 0.3631168158
307 0.0048567939 0.0228324660 -0.0658443045 0.3435488366 -0.3298440504 -0.4845118564 0.2996632442
308 0.0048123363 0.0231265496 -0.0654025915 0.3219283396 -0.2681661428 -0.5000152593 0.2737396036
309 0.0047685853 0.0234172866 -0.0649631896 0.1593713969 0.2421033357 0.3174230171 0.1940427991
310 0.0047255275 0.0237047212 -0.0645260702 0.1408482273 0.1479842524 0.3448896756 0.1830666548
311 0.0046831498 0.0239888970 -0.0640912053 0.2837351892 -0.1836298715 -0.5000152593 0.2331353338
312 0.0046414391 0.0242698564 -0.0636585674 0.2520060308 -0.0446180609 -0.5000152593 0.1951527077
313 0.0046003830 0.0245476416 -0.0632281292 0.2532526822 -0.0715964232 -0.4981231117 0.1983773270
314 0.0045599692 0.0248222937 -0.0627998638 0.1571151787 0.0265205847 -0.3954893643 0.1106851879
315 0.0045201855 0.0250938532 -0.0623737448 0.0078713427 0.0887173070 0.0007629627 0.0080341877
316 0.0044810204 0.0253623599 -0.0619497462 0.1980608012 0.0848719749 -0.4368724631 0.1441084380
317 0.0044424622 0.0256278527 -0.0615278422 0.3087170439 -0.2423474837 0.4999847407 0.3871071618
318 0.0044044999 0.0258903702 -0.0611080076 0.0015943921 0.0398266549 -0.0028687399 0.0035860323
319 0.0043671224 0.0261499500 -0.0606902174 0.0356547848 0.1411175878 -0.1254615925 0.0174128888
320 0.0043303190 0.0264066292 -0.0602744470 0.0029420413 -0.0131839961 0.0526139103 0.0143111988
321 0.0042940794 0.0266604443 -0.0598606721 0.3600741461 -0.3317972350 0.4999847407 0.4419187942
322 0.0042583931 0.0269114311 -0.0594488688 0.0400467305 -0.1509750664 0.1313516648 0.0680484496
323 0.0042232503 0.0271596248 -0.0590390135 0.0721701623 -0.0621356853 -0.2613605152 0.0489076424
324 0.0041886412 0.0274050599 -0.0586310830 0.0045441229 0.0559709464 0.0375682852 0.0100703283
325 0.0041545562 0.0276477706 -0.0582250543 0.0555452007 0.0784630879 0.2222357860 0.0812404794
326 0.0041209859 0.0278877901 -0.0578209048 0.0744821235 -0.0329905087 0.2709128086 0.1117720216
327 0.0040879212 0.0281251515 -0.0574186122 0.5000000005 0.4999847407 -0.5000152593 0.4185432639
328 0.0040553531 0.0283598870 -0.0570181545 0.2572299033 0.4409314249 -0.2506179998 0.2076961740
329 0.0040232730 0.0285920284 -0.0566195098 0.4234759300 -0.5000152593 0.4164860988 0.5032545815
330 0.0039916722 0.0288216069 -0.0562226570 0.0212988312 0.1420636616 -0.0334177679 0.0133438259
331 0.0039605423 0.0290486532 -0.0558275747 0.1159511431 -0.3243507187 0.1036713767 0.1503310316
332 0.0039298753 0.0292731976 -0.0554342421 0.0591110241 -0.2396008179 0.0412610248 0.0816432109
333 0.0038996630 0.0294952698 -0.0550426387 0.2713811798 0.4999847407 -0.1462752159 0.2296837254
334 0.0038698977 0.0297148989 -0.0546527441 0.0837879405 -0.2633747368 -0.1200903348 0.0901836128
335 0.0038405716 0.0299321137 -0.0542645384 0.0779926779 0.2325510422 0.1546372875 0.0846944031
336 0.0038116772 0.0301469424 -0.0538780017 0.0018407457 -0.0128788110 0.0409253212 0.0108388855
337 0.0037832072 0.0303594129 -0.0534931144 0.0617104901 -0.2466200751 -0.0298165838 0.0772782148
338 0.0037551545 0.0305695523 -0.0531098574 0.0022182561 0.0463881344 -0.0081484420 0.0022717564
339 0.0037275119 0.0307773878 -0.0527282116 0.1777543678 0.4100772118 -0.0979338969 0.1459119105
340 0.0037002726 0.0309829456 -0.0523481583 0.0047779476 0.0484633930 0.0492873928 0.0106353513
341 0.0036734298 0.0311862517 -0.0519696788 0.3746422028 0.4999847407 0.3530686361 0.3838280599
342 0.0036469770 0.0313873319 -0.0515927549 0.0719937255 -0.2682576983 -0.0056154057 0.0919010607
343 0.0036209076 0.0315862112 -0.0512173685 0.0188401748 0.1363567003 0.0157170324 0.0154570694
344 0.0035952153 0.0317829144 -0.0508435018 0.0048684478 -0.0080568865 -0.0693075350 0.0019281303
345 0.0035698940 0.0319774658 -0.0504711371 0.0366718697 0.1768242439 0.0735190893 0.0363541654
346 0.0035449375 0.0321698895 -0.0501002570 0.0087930451 -0.0930814539 -0.0113528855 0.0171892578
347 0.0035203400 0.0323602091 -0.0497308443 0.0515010218 -0.1637318033 -0.1571398053 0.0499887622
348 0.0034960956 0.0325484476 -0.0493628821 0.0173194288 0.1093783380 0.0731833857 0.0209204198
349 0.0034721985 0.0327346281 -0.0489963535 0.0469993149 0.0381176183 0.2134159368 0.0688891867
350 0.0034486433 0.0329187729 -0.0486312420 0.0022918882 0.0476393933 0.0047303690 0.0030641582
351 0.0034254244 0.0331009041 -0.0482675312 0.0088364855 -0.0153202918 -0.0927457503 0.0043229242
352 0.0034025365 0.0332810436 -0.0479052049 0.0116808130 -0.0911282693 -0.0581072420 0.0155817587
353 0.0033799744 0.0334592127 -0.0475442473 0.0217591412 -0.1294900357 0.0706503494 0.0405224202
354 0.0033577328 0.0336354324 -0.0471846423 0.0242589692 0.0188604389 0.1546067690 0.0409380741
355 0.0033358068 0.0338097237 -0.0468263745 0.0366176821 0.1123386334 0.1549119541 0.0468651429
356 0.0033141914 0.0339821068 -0.0464694285 0.0159363583 -0.0851771599 -0.0931730094 0.0163801553
357 0.0032928817 0.0341526019 -0.0461137889 0.0120376096 0.0408948027 0.1018097476 0.0219268299
358 0.0032718732 0.0343212286 -0.0457594408 0.0040099423 -0.0319223609 0.0546891690 0.0144781364
359 0.0032511610 0.0344880066 -0.0454063692 0.0168765849 0.1233558153 0.0407422102 0.0153190651
360 0.0032307406 0.0346529550 -0.0450545594 0.0385973775 -0.0742515336 0.1818903165 0.0633641643
361 0.0032106076 0.0348160925 -0.0447039969 0.0064105448 0.0572222053 0.0560014649 0.0106436239
362 0.0031907577 0.0349774378 -0.0443546672 0.0030361600 0.0316476943 0.0451063570 0.0080143620
363 0.0031711864 0.0351370092 -0.0440065562 0.0122857514 -0.1072420423 -0.0280159917 0.0205274925
364 0.0031518897 0.0352948246 -0.0436596497 0.0075545908 -0.0523697623 0.0693685720 0.0204604587
365 0.0031328633 0.0354509018 -0.0433139340 0.0280213406 0.1670888394 0.0101321451 0.0201850300
366 0.0031141033 0.0356052581 -0.0429693951 0.0370208464 -0.1095919675 0.1581469161 0.0615300050
367 0.0030956057 0.0357579108 -0.0426260196 0.0697399065 -0.1431318094 0.2219306009 0.1019917375
368 0.0030773667 0.0359088768 -0.0422837940 0.0025353582 0.0502029481 0.0038758507 0.0023350333
369 0.0030593823 0.0360581726 -0.0419427049 0.0183956917 0.1194189276 0.0643024995 0.0182370589
370 0.0030416489 0.0362058147 -0.0416027393 0.0001242926 0.0004577776 0.0111392560 0.0040596402
371 0.0030241629 0.0363518192 -0.0412638840 0.0357931244 0.1335795160 0.1339762566 0.0401623319
372 0.0030069206 0.0364962019 -0.0409261263 0.0593097432 -0.1673635060 0.1769157994 0.0890138851
373 0.0029899185 0.0366389786 -0.0405894533 0.0133761779 0.1110568560 0.0322885830 0.0108492287
374 0.0029731531 0.0367801645 -0.0402538525 0.0023987612 -0.0434278390 0.0226447340 0.0103895560
375 0.0029566212 0.0369197748 -0.0399193114 0.0700454371 -0.1280251473 -0.2316354869 0.0639619193
376 0.0029403193 0.0370578245 -0.0395858177 0.0401624525 -0.1072115238 0.1693166906 0.0644539028
377 0.0029242443 0.0371943283 -0.0392533591 0.0003758638 -0.0193487350 -0.0012207404 0.0046435981
378 0.0029083928 0.0373293006 -0.0389219236 0.0120720455 -0.0808740501 0.0743736076 0.0268079095
379 0.0028927619 0.0374627556 -0.0385914992 0.0076507846 0.0816370128 0.0314035463 0.0068506714
380 0.0028773483 0.0375947074 -0.0382620740 0.0025106944 0.0386974700 -0.0318308054 0.0000425773
381 0.0028621492 0.0377251698 -0.0379336364 0.0014721616 -0.0319528794 0.0212408826 0.0083566542
382 0.0028471615 0.0378541564 -0.0376061747 0.0086907954 -0.0931119724 0.0045777764 0.0189316126
383 0.0028323824 0.0379816806 -0.0372796775 0.0641072497 -0.0046693319 0.2531510361 0.0861691083
384 0.0028178090 0.0381077556 -0.0369541334 0.0110776229 -0.0109561449 -0.1046784875 0.0069938545
385 0.0028034385 0.0382323943 -0.0366295312 0.0062234894 -0.0263069552 0.0743736076 0.0164870244
386 0.0027892682 0.0383556096 -0.0363058596 0.0219484124 0.1105685598 0.0986053041 0.0234157323
387 0.0027752954 0.0384774140 -0.0359831077 0.0017317734 0.0058595538 0.0411999878 0.0070211550
388 0.0027615175 0.0385978199 -0.0356612645 0.0026124317 0.0383007294 0.0338450270 0.0048312128
389 0.0027479318 0.0387168396 -0.0353403192 0.0111474195 -0.0900906400 0.0550553911 0.0247627512
390 0.0027345359 0.0388344850 -0.0350202611 0.0160630249 -0.0854518265 -0.0936002686 0.0188787045
391 0.0027213273 0.0389507680 -0.0347010796 0.0154507352 -0.0875270852 0.0882595294 0.0311159587
392 0.0027083034 0.0390657003 -0.0343827642 0.0158606511 0.0022278512 0.1259193701 0.0270538014
393 0.0026954620 0.0391792933 -0.0340653043 0.0042456931 -0.0613422040 0.0219733268 0.0132448996
394 0.0026828006 0.0392915583 -0.0337486898 0.0367948267 -0.0224921415 0.1904965361 0.0541031469
395 0.0026703170 0.0394025065 -0.0334329104 0.0027476624 -0.0464491714 0.0242927335 0.0107027606
396 0.0026580089 0.0395121488 -0.0331179559 0.0259626791 0.0472121342 -0.1540574358 0.0146856476
397 0.0026458741 0.0396204960 -0.0328038163 0.0008893146 0.0277718436 -0.0108645894 0.0006217202
398 0.0026339103 0.0397275587 -0.0324904817 0.0064704512 0.0202337718 -0.0778527177 0.0024377402
399 0.0026221155 0.0398333475 -0.0321779422 0.0196147202 -0.0928373058 -0.1048615986 0.0228844161
400 0.0026104876 0.0399378725 -0.0318661881 0.0340900143 -0.1160313730 0.1436201056 0.0551218448
401 0.0025990245 0.0400411440 -0.0315552096 0.0029168689 0.0444959868 0.0306100650 0.0038843670
402 0.0025877241 0.0401431718 -0.0312449972 0.0064727377 -0.0240180670 0.0767845698 0.0157870519
403 0.0025765845 0.0402439660 -0.0309355414 0.0100267111 0.0622882778 -0.0784020508 0.0027390212
404 0.0025656038 0.0403435361 -0.0306268327 0.0212884742 -0.1455427717 -0.0102847377 0.0349675202
405 0.0025547800 0.0404418916 -0.0303188617 0.0010288958 -0.0003051851 0.0320749535 0.0055533124
406 0.0025441112 0.0405390420 -0.0300116192 0.0498540478 -0.2226935636 -0.0161748100 0.0694828620
407 0.0025335957 0.0406349965 -0.0297050961 0.0343490737 -0.1810052797 0.0398266549 0.0539590764
408 0.0025232315 0.0407297641 -0.0293992831 0.0048899152 -0.0524613178 0.0462355419 0.0144052045
409 0.0025130170 0.0408233539 -0.0290941713 0.0094532450 0.0354930265 -0.0905178991 0.0038012867
410 0.0025029504 0.0409157747 -0.0287897517 0.0219289792 -0.1322977386 -0.0665303507 0.0314272740
411 0.0024930300 0.0410070350 -0.0284860154 0.0014016115 -0.0288705100 -0.0238349559 0.0049045036
412 0.0024832541 0.0410971435 -0.0281829536 0.0010482582 0.0166936247 0.0277413251 0.0037230567
413 0.0024736210 0.0411861086 -0.0278805576 0.0167322425 0.0346079897 -0.1246375927 0.0094051955
414 0.0024641292 0.0412739385 -0.0275788185 0.0309258622 -0.1758476516 0.0018616291 0.0480085248
415 0.0024547771 0.0413606413 -0.0272777280 0.0153509248 0.0951567125 -0.0793481246 0.0056053435
416 0.0024455631 0.0414462252 -0.0269772774 0.0044921268 0.0176091800 -0.0646687216 0.0019888497
417 0.0024364856 0.0415306979 -0.0266774582 0.0151782443 -0.0751060518 -0.0976592303 0.0186425434
418 0.0024275433 0.0416140673 -0.0263782621 0.0022749212 0.0065614795 0.0472426527 0.0066487230
419 0.0024187346 0.0416963410 -0.0260796806 0.0397100322 -0.1966002380 0.0325327311 0.0602206744
420 0.0024100581 0.0417775264 -0.0257817056 0.2317498110 -0.3684804834 -0.3097933897 0.2489742713
421 0.0024015123 0.0418576310 -0.0254843288 0.0082834920 0.0653706473 0.0633259072 0.0084401199
422 0.0023930959 0.0419366621 -0.0251875420 0.0187141331 -0.0813013092 -0.1100192267 0.0223840123
423 0.0023848075 0.0420146268 -0.0248913371 0.0217462463 -0.0785241249 0.1248207038 0.0369432858
424 0.0023766458 0.0420915321 -0.0245957062 0.0513422105 0.1271706290 0.1875362407 0.0522384156
425 0.0023686095 0.0421673850 -0.0243006412 0.0881466499 -0.2191839351 -0.2002624592 0.0992670739
426 0.0023606973 0.0422421924 -0.0240061342 0.0306983495 -0.0902432325 -0.1501815851 0.0334726322
427 0.0023529079 0.0423159608 -0.0237121774 0.0106852662 0.1010467849 0.0217902158 0.0055197775
428 0.0023452401 0.0423886969 -0.0234187629 0.1940415069 -0.2278511917 -0.3769951476 0.1980458572
429 0.0023376926 0.0424604072 -0.0231258829 0.0613119258 -0.0509353923 0.2423169652 0.0791826810
430 0.0023302644 0.0425310980 -0.0228335299 0.0903581815 0.0497146519 0.2964568010 0.1019979189
431 0.0023229541 0.0426007756 -0.0225416961 0.0015468620 -0.0392162847 -0.0029908139 0.0070762683
432 0.0023157608 0.0426694462 -0.0222503739 0.0406600588 -0.0227668081 -0.2003540147 0.0360028103
433 0.0023086832 0.0427371158 -0.0219595557 0.0361027885 -0.1050447096 -0.1583300272 0.0404363734
434 0.0023017202 0.0428037904 -0.0216692342 0.0268348526 -0.0386669515 -0.1591845454 0.0255479426
435 0.0022948708 0.0428694759 -0.0213794018 0.3038668622 -0.2387157811 0.4968718528 0.3478746198
436 0.0022881339 0.0429341779 -0.0210900511 0.2885884099 -0.1964781640 0.4999847407 0.3288372082
437 0.0022815085 0.0429979022 -0.0208011748 0.0492808657 -0.0334482864 0.2194586016 0.0635687799
438 0.0022749935 0.0430606542 -0.0205127656 0.0137711992 -0.0210272530 0.1154515213 0.0225935472
439 0.0022685880 0.0431224395 -0.0202248162 0.0177225866 -0.0505081332 -0.1231727042 0.0193649518
440 0.0022622909 0.0431832634 -0.0199373194 0.1743821512 -0.3274636067 0.2591326640 0.2152591579
441 0.0022561014 0.0432431312 -0.0196502680 0.0873543366 0.2088076418 0.2091738639 0.0797720905
442 0.0022500185 0.0433020480 -0.0193636548 0.0046818814 0.0340891751 -0.0593279824 0.0016820245
443 0.0022440412 0.0433600189 -0.0190774729 0.3578176150 0.4999847407 -0.3283791620 0.3041736715
444 0.0022381687 0.0434170489 -0.0187917151 0.4698677983 0.4999847407 -0.4689168981 0.4110667376
445 0.0022324001 0.0434731429 -0.0185063745 0.3974354481 -0.5000152593 0.3839533677 0.4573534874
446 0.0022267344 0.0435283057 -0.0182214441 0.0838552224 0.1508224738 -0.2471999268 0.0639431840
447 0.0022211710 0.0435825421 -0.0179369169 0.1967868036 -0.4331797235 0.0956144902 0.2401961799
448 0.0022157088 0.0436358565 -0.0176527860 0.0349314858 -0.0464491714 0.1810357982 0.0475924658
449 0.0022103472 0.0436882536 -0.0173690447 0.2576388990 -0.5000152593 0.0873134556 0.3065719358
450 0.0022050853 0.0437397379 -0.0170856860 0.0998029165 0.3127536851 -0.0445875423 0.0731248559
451 0.0021999224 0.0437903136 -0.0168027033 0.2521586327 -0.5000152593 -0.0462965789 0.2965943898
452 0.0021948577 0.0438399851 -0.0165200898 0.1141149174 0.2934354686 0.1673635060 0.0961110822
453 0.0021898904 0.0438887566 -0.0162378387 0.2920693846 0.4999847407 0.2051454207 0.2570340943
454 0.0021850198 0.0439366321 -0.0159559434 0.0049819159 0.0054017762 0.0703756829 0.0089380848
455 0.0021802452 0.0439836157 -0.0156743972 0.1298901088 -0.3497726371 0.0868861965 0.1655626620
456 0.0021755659 0.0440297114 -0.0153931936 0.0118919391 0.1090426344 0.0012817774 0.0045047348
457 0.0021709812 0.0440749229 -0.0151123260 0.2686417153 -0.5000152593 -0.1364787744 0.3107639412
458 0.0021664905 0.0441192542 -0.0148317878 0.0268549332 0.1042512284 0.1264381848 0.0235730595
459 0.0021620931 0.0441627089 -0.0145515725 0.0483225582 -0.2192144536 0.0163579211 0.0703229265
460 0.0021577884 0.0442052905 -0.0142716736 0.0414263335 0.1625415815 0.1225012970 0.0327103233
461 0.0021535757 0.0442470028 -0.0139920847 0.0527182593 -0.1905575732 -0.1280861843 0.0681506524
462 0.0021494544 0.0442878490 -0.0137127993 0.0017110418 -0.0095217750 0.0402539140 0.0058078818
463 0.0021454240 0.0443278327 -0.0134338111 0.0961289972 0.2702414014 0.1519821772 0.0783993897
464 0.0021414839 0.0443669571 -0.0131551136 0.0128020299 -0.0581682791 -0.0970488601 0.0175516354
465 0.0021376335 0.0444052255 -0.0128767006 0.4185542371 -0.4105349895 -0.5000152593 0.4442745746
466 0.0021338722 0.0444426410 -0.0125985656 0.0231289172 0.0137028108 0.1514633625 0.0278612534
467 0.0021301995 0.0444792068 -0.0123207025 0.0087966225 0.0468153935 0.0812707907 0.0087648254
468 0.0021266150 0.0445149258 -0.0120431050 0.0168369193 0.0024414808 -0.1297341838 0.0156213648
469 0.0021231180 0.0445498009 -0.0117657667 0.0917662158 -0.1169164098 -0.2794579913 0.0977304643
470 0.0021197082 0.0445838351 -0.0114886816 0.0202621640 0.0393993957 0.1367839595 0.0220116545
471 0.0021163849 0.0446170312 -0.0112118433 0.0661847092 -0.0166936247 0.2567217017 0.0755473811
472 0.0021131478 0.0446493917 -0.0109352457 0.0279726714 0.0132755516 0.1667226173 0.0325466341
473 0.0021099964 0.0446809195 -0.0106588827 0.0140413364 0.0365916929 0.1127048555 0.0152840475
474 0.0021069302 0.0447116171 -0.0103827482 0.0101260586 0.0367137669 -0.0936918241 0.0070043677
475 0.0021039488 0.0447414869 -0.0101068359 0.0242609595 0.1452375866 -0.0562761315 0.0122310699
476 0.0021010518 0.0447705315 -0.0098311399 0.1377259184 -0.0203558458 -0.3705557421 0.1343636836
477 0.0020982388 0.0447987531 -0.0095556540 0.0319967250 0.1565599536 -0.0865199744 0.0184140725
478 0.0020955094 0.0448261541 -0.0092803723 0.0203723871 -0.0662251656 0.1264381848 0.0307519223
479 0.0020928632 0.0448527368 -0.0090052886 0.0172915600 -0.0068056276 0.1313211463 0.0223600949
480 0.0020902999 0.0448785032 -0.0087303970 0.0025603322 0.0420545061 -0.0281380657 0.0003846326
481 0.0020878190 0.0449034554 -0.0084556914 0.0183634166 -0.0945463424 0.0970793786 0.0305838971
482 0.0020854203 0.0449275956 -0.0081811659 0.1162806381 0.1605273598 -0.3008514664 0.0990192103
483 0.0020831034 0.0449509255 -0.0079068146 0.1462714550 0.2396313364 -0.2980742821 0.1220976216
484 0.0020808680 0.0449734472 -0.0076326313 0.0960650534 -0.1970580157 0.2392345958 0.1195226569
485 0.0020787138 0.0449951624 -0.0073586104 0.0206772425 -0.1415143284 0.0255134739 0.0358663641
486 0.0020766404 0.0450160729 -0.0070847457 0.0024903838 0.0129703665 -0.0481887265 0.0027164645
487 0.0020746477 0.0450361804 -0.0068110314 0.0896156337 -0.2485732597 -0.1668141728 0.1118075086
488 0.0020727353 0.0450554865 -0.0065374616 0.0198047700 0.1015045625 -0.0974761193 0.0114563376
489 0.0020709029 0.0450739927 -0.0062640305 0.0098518009 -0.0691549425 -0.0711996826 0.0172648886
490 0.0020691503 0.0450917006 -0.0059907321 0.0114226244 0.0805688650 -0.0702230903 0.0053844250
491 0.0020674773 0.0451086116 -0.0057175606 0.0076702681 0.0813013092 -0.0325632496 0.0020306024
492 0.0020658837 0.0451247269 -0.0054445102 0.0289836754 0.0249946593 -0.1684011353 0.0269600813
493 0.0020643691 0.0451400480 -0.0051715750 0.0365804157 -0.1311685537 -0.1391949217 0.0490469805
494 0.0020629335 0.0451545761 -0.0048987492 0.0036563292 0.0589922788 -0.0132755516 0.0002616528
495 0.0020615766 0.0451683122 -0.0046260269 0.0011558353 -0.0327158422 -0.0092471084 0.0060872959
496 0.0020602982 0.0451812576 -0.0043534025 0.0253430725 0.1591845454 0.0018311106 0.0130349978
497 0.0020590981 0.0451934132 -0.0040808700 0.0143496556 0.0458693197 -0.1106601154 0.0113595924
498 0.0020579762 0.0452047801 -0.0038084237 0.0139184633 0.0910061953 -0.0750755333 0.0071767705
499 0.0020569324 0.0452153591 -0.0035360579 0.0158810595 0.0413220618 -0.1190527055 0.0133592536
500 0.0020559665 0.0452251510 -0.0032637667 0.0224070907 0.1449934385 0.0372020631 0.0115911946
501 0.0020550783 0.0452341568 -0.0029915443 0.0003000104 -0.0127262185 0.0117496261 0.0035767072
502 0.0020542677 0.0452423770 -0.0027193851 0.0025129930 -0.0436109500 -0.0247199927 0.0083789405
503 0.0020535347 0.0452498124 -0.0024472832 0.0108126678 -0.1036713767 -0.0080568865 0.0222089882
504 0.0020528791 0.0452564635 -0.0021752330 0.0307313008 0.1695303201 0.0446180609 0.0176336038
505 0.0020523009 0.0452623308 -0.0019032286 0.0130937911 -0.1140781884 -0.0089419233 0.0254389443
506 0.0020517999 0.0452674149 -0.0016312643 0.0057636487 0.0605182043 0.0458388012 0.0024859937
507 0.0020513761 0.0452717162 -0.0013593344 0.0086019269 0.0575579089 0.0727256081 0.0056395292
508 0.0020510294 0.0452752349 -0.0010874332 0.0070909576 0.0364085818 -0.0759300516 0.0056800351
509 0.0020507598 0.0452779714 -0.0008155548 0.0017387149 0.0412305063 0.0062257759 0.0000659623
510 0.0020505673 0.0452799259 -0.0005436937 0.0022597668 0.0212714011 -0.0425122837 0.0023377718
511 0.0020504518 0.0452810986 -0.0002718440 0.0385864030 0.0337229530 -0.1935178686 0.0374776168
512 0.0020504133 0.0452814894 0.0000000000 0.0328845522 -0.1813409833 0.0000000000 0.0513577451
513 0.0020504518 0.0452810986 0.0002718440 0.0510709835 0.0643940550 0.2166203803 0.0471719943
514 0.0020505673 0.0452799259 0.0005436937 0.0062841473 0.0297250282 0.0734885708 0.0055629099
515 0.0020507598 0.0452779714 0.0008155548 0.0055509562 0.0707724235 0.0232856227 0.0011548710
516 0.0020510294 0.0452752349 0.0010874332 0.0000121899 -0.0020752586 0.0028077029 0.0022450286
517 0.0020513761 0.0452717162 0.0013593344 0.0142806106 0.1003143406 0.0649433882 0.0070726224
518 0.0020517999 0.0452674149 0.0016312643 0.0226959506 0.1128574480 -0.0997955260 0.0148558064
519 0.0020523009 0.0452623308 0.0019032286 0.0113643229 0.1062044130 0.0092165899 0.0037674226
520 0.0020528791 0.0452564635 0.0021752330 0.0351853025 0.1844538713 -0.0340891751 0.0206910256
521 0.0020535347 0.0452498124 0.0024472832 0.0086553918 0.0917996765 -0.0151066622 0.0024750309
522 0.0020542677 0.0452423770 0.0027193851 0.0032956302 -0.0510879849 0.0261848811 0.0098301681
523 0.0020550783 0.0452341568 0.0029915443 0.0056761140 0.0092471084 -0.0747703482 0.0073419796
524 0.0020559665 0.0452251510 0.0032637667 0.0263519548 0.1528977325 -0.0545365764 0.0149342645
525 0.0020569324 0.0452153591 0.0035360579 0.0029493322 -0.0061647389 0.0539567248 0.0051821581
526 0.0020579762 0.0452047801 0.0038084237 0.0055521558 0.0617389447 0.0417188025 0.0017105754
527 0.0020590981 0.0451934132 0.0040808700 0.0070642531 0.0263679922 0.0798059023 0.0060886770
528 0.0020602982 0.0451812576 0.0043534025 0.0253431852 0.1591845454 -0.0018616291 0.0130353763
529 0.0020615766 0.0451683122 0.0046260269 0.0007103761 -0.0264595477 -0.0032044435 0.0051918666
530 0.0020629335 0.0451545761 0.0048987492 0.0084314892 0.0845057527 0.0359202857 0.0025108508
531 0.0020643691 0.0451400480 0.0051715750 0.0481860255 -0.1492965484 0.1609241005 0.0620644392
532 0.0020658837 0.0451247269 0.0054445102 0.0240528968 -0.0028077029 0.1550645466 0.0246836731
533 0.0020674773 0.0451086116 0.0057175606 0.0188616077 0.1371501816 -0.0071718497 0.0086377875
534 0.0020691503 0.0450917006 0.0059907321 0.0120738254 0.0861232337 0.0682393872 0.0055584818
535 0.0020709029 0.0450739927 0.0062640305 0.0292717072 -0.0945158238 0.1426129948 0.0380763570
536 0.0020727353 0.0450554865 0.0065374616 0.0197866799 0.1014740440 0.0974150822 0.0114417956
537 0.0020746477 0.0450361804 0.0068110314 0.0422687187 -0.1995605335 0.0494399854 0.0616447802
538 0.0020766404 0.0450160729 0.0070847457 0.0042156514 0.0014038514 0.0649128697 0.0052461178
539 0.0020787138 0.0449951624 0.0073586104 0.0163985367 -0.1279335917 -0.0056154057 0.0300726791
540 0.0020808680 0.0449734472 0.0076326313 0.0941291319 -0.2070375683 -0.2264168218 0.1182886984
541 0.0020831034 0.0449509255 0.0079068146 0.1612691309 0.2161015656 0.3384807886 0.1385716939
542 0.0020854203 0.0449275956 0.0081811659 0.1126651098 0.1657460250 0.2918790246 0.0950815679
543 0.0020878190 0.0449034554 0.0084556914 0.0188043586 -0.1178930021 -0.0700399792 0.0326642569
544 0.0020902999 0.0448785032 0.0087303970 0.0025586157 0.0420545061 0.0281075472 0.0003834489
545 0.0020928632 0.0448527368 0.0090052886 0.0075880227 -0.0012817774 -0.0870998260 0.0113645865
546 0.0020955094 0.0448261541 0.0092803723 0.0196892734 -0.0750450148 -0.1185644093 0.0307133853
547 0.0020982388 0.0447987531 0.0095556540 0.0400101459 0.1568346202 0.1241492965 0.0256837384
548 0.0021010518 0.0447705315 0.0098311399 0.1134603523 -0.0368358409 0.3348185675 0.1122764281
549 0.0021039488 0.0447414869 0.0101068359 0.0051847284 0.0278328806 0.0664082766 0.0034557532
550 0.0021069302 0.0447116171 0.0103827482 0.0115938641 0.0442823572 0.0981475265 0.0077028406
551 0.0021099964 0.0446809195 0.0106588827 0.0098756563 0.0937833796 -0.0328684347 0.0043056789
552 0.0021131478 0.0446493917 0.0109352457 0.0279946519 0.0133365886 -0.1667836543 0.0325644991
553 0.0021163849 0.0446170312 0.0112118433 0.1231413242 0.0255134739 -0.3499862667 0.1308290205
554 0.0021197082 0.0445838351 0.0114886816 0.0197074558 0.0567033906 -0.1284218879 0.0197218511
555 0.0021231180 0.0445498009 0.0117657667 0.0542785145 -0.0769981994 0.2198858608 0.0580878899
556 0.0021266150 0.0445149258 0.0120431050 0.0209287149 0.0284127323 0.1418500320 0.0171091189
557 0.0021301995 0.0444792068 0.0123207025 0.0343277321 0.1356852931 -0.1261635182 0.0274964296
558 0.0021338722 0.0444426410 0.0125985656 0.0241955991 0.0448927274 -0.1489303262 0.0260917855
559 0.0021376335 0.0444052255 0.0128767006 0.4346535867 -0.4297311319 0.4999847407 0.4620795283
560 0.0021414839 0.0443669571 0.0131551136 0.0127996587 -0.0581987976 0.0970183416 0.0175527751
561 0.0021454240 0.0443278327 0.0134338111 0.0890826090 0.2574846644 -0.1509445479 0.0724560798
562 0.0021494544 0.0442878490 0.0137127993 0.0034800843 0.0296029542 -0.0510269478 0.0044068810
563 0.0021535757 0.0442470028 0.0139920847 0.0481527491 -0.1694387646 0.1394390698 0.0613985533
564 0.0021577884 0.0442052905 0.0142716736 0.0216888184 0.1222876675 -0.0820642720 0.0153774720
565 0.0021620931 0.0441627089 0.0145515725 0.0288264809 -0.1651051363 0.0395825068 0.0444195787
566 0.0021664905 0.0441192542 0.0148317878 0.0267897702 0.1277199622 -0.1023590808 0.0207227780
567 0.0021709812 0.0440749229 0.0151123260 0.3224823008 -0.4697408979 0.3191015351 0.3564161369
568 0.0021755659 0.0440297114 0.0153931936 0.0146024395 0.1203344829 -0.0110477004 0.0065215390
569 0.0021802452 0.0439836157 0.0156743972 0.1014262894 -0.3161412397 -0.0384838404 0.1326230262
570 0.0021850198 0.0439366321 0.0159559434 0.0006553418 -0.0254829554 0.0024414808 0.0050017198
571 0.0021898904 0.0438887566 0.0162378387 0.2499878741 0.4999847407 0.0017700735 0.2082328630
572 0.0021948577 0.0438399851 0.0165200898 0.0948407989 0.3072908719 -0.0203253273 0.0707639545
573 0.0021999224 0.0437903136 0.0168027033 0.2523491929 -0.5000152593 -0.0483108005 0.2999642695
574 0.0022050853 0.0437397379 0.0170856860 0.1286418061 0.3585619678 0.0086672567 0.0991839064
575 0.0022103472 0.0436882536 0.0173690447 0.2169798964 -0.4434034242 -0.1427350688 0.2628916298
576 0.0022157088 0.0436358565 0.0176527860 0.0349397024 -0.0464186529 -0.1810663167 0.0475990965
577 0.0022211710 0.0435825421 0.0179369169 0.2699811470 -0.5000152593 -0.1413006989 0.3208551879
578 0.0022267344 0.0435283057 0.0182214441 0.0428577314 0.1776482437 0.1062959685 0.0257452796
579 0.0022324001 0.0434731429 0.0185063745 0.4743859040 -0.5000152593 -0.4736777856 0.5376248908
580 0.0022381687 0.0434170489 0.0187917151 0.3643062010 0.4999847407 0.3381145665 0.3104211406
581 0.0022440412 0.0433600189 0.0190774729 0.4999694820 0.4999847407 0.4999847407 0.4397779369
582 0.0022500185 0.0433020480 0.0193636548 0.0264998764 -0.1337626270 0.0927762688 0.0367413110
583 0.0022561014 0.0432431312 0.0196502680 0.1395636343 0.1330912198 0.3490707114 0.1165905076
584 0.0022622909 0.0431832634 0.0199373194 0.1849265771 -0.3454695273 -0.2560808130 0.2272370011
585 0.0022685880 0.0431224395 0.0202248162 0.0199272474 -0.0193182165 0.1398358104 0.0182056255
586 0.0022749935 0.0430606542 0.0205127656 0.0151996250 -0.0159001434 -0.1222571490 0.0238596242
587 0.0022815085 0.0429979022 0.0208011748 0.0248851262 -0.0000915555 -0.1577501755 0.0337372861
588 0.0022881339 0.0429341779 0.0210900511 0.2902746733 -0.2013306070 -0.4997405927 0.3309298447
589 0.0022948708 0.0428694759 0.0213794018 0.2058011919 -0.1561937315 -0.4259163182 0.2396996217
590 0.0023017202 0.0428037904 0.0216692342 0.0290719329 0.0612506485 0.1591235084 0.0192339641
591 0.0023086832 0.0427371158 0.0219595557 0.0470654577 -0.0892666402 0.1977294229 0.0483200378
592 0.0023157608 0.0426694462 0.0222503739 0.0406464420 -0.0227362896 0.2003234962 0.0359879472
593 0.0023229541 0.0426007756 0.0225416961 0.0019293236 -0.0436414686 -0.0049745170 0.0081948667
594 0.0023302644 0.0425310980 0.0228335299 0.1011965665 0.0440992462 -0.3150425733 0.1141627202
595 0.0023376926 0.0424604072 0.0231258829 0.0324819961 0.0459913938 -0.1742606891 0.0389739267
596 0.0023452401 0.0423886969 0.0234187629 0.1914209032 -0.2117069002 0.3828852199 0.1937807062
597 0.0023529079 0.0423159608 0.0237121774 0.0148531118 0.1191137425 0.0257881405 0.0059022089
598 0.0023606973 0.0422421924 0.0240061342 0.0336009004 -0.1230811487 0.1358378857 0.0398381477
599 0.0023686095 0.0421673850 0.0243006412 0.0720461444 -0.2215338603 0.1515549181 0.0857319978
600 0.0023766458 0.0420915321 0.0245957062 0.0513458969 0.1271401105 -0.1875667592 0.0522461724
601 0.0023848075 0.0420146268 0.0248913371 0.0076137548 0.0061647389 -0.0870387890 0.0138135676
602 0.0023930959 0.0419366621 0.0251875420 0.0168430543 -0.1021759697 0.0800195318 0.0237749978
603 0.0024015123 0.0418576310 0.0254843288 0.0261568643 0.0642719810 -0.1484115116 0.0307421664
604 0.0024100581 0.0417775264 0.0257817056 0.2152972086 -0.3491927854 0.3055513169 0.2311288201
605 0.0024187346 0.0416963410 0.0260796806 0.0263465379 -0.1611987671 -0.0190130314 0.0431997775
606 0.0024275433 0.0416140673 0.0263782621 0.0012049339 0.0131229591 -0.0321359905 0.0042356610
607 0.0024364856 0.0415306979 0.0266774582 0.0071839651 -0.0312204352 0.0787987915 0.0080093608
608 0.0024455631 0.0414462252 0.0269772774 0.0044932025 0.0176396985 0.0646687216 0.0019873957
609 0.0024547771 0.0413606413 0.0272777280 0.0117206509 0.0959501938 0.0501419111 0.0035027901
610 0.0024641292 0.0412739385 0.0275788185 0.0258457212 -0.1607409894 -0.0028382214 0.0417352274
611 0.0024736210 0.0411861086 0.0278805576 0.0122188607 0.0266731773 0.1072725608 0.0065137154
612 0.0024832541 0.0410971435 0.0281829536 0.0009061660 0.0244148076 -0.0176091800 0.0023752198
613 0.0024930300 0.0410070350 0.0284860154 0.0011167286 0.0255439924 0.0215460677 0.0002872686
614 0.0025029504 0.0409157747 0.0287897517 0.0214335310 -0.1344950713 0.0578325755 0.0316124505
615 0.0025130170 0.0408233539 0.0290941713 0.0226718800 -0.0858180486 0.1237220374 0.0249924779
616 0.0025232315 0.0407297641 0.0293992831 0.0048955631 -0.0524613178 -0.0462965789 0.0144144413
617 0.0025335957 0.0406349965 0.0297050961 0.0192352427 -0.1199377422 -0.0696432386 0.0356536960
618 0.0025441112 0.0405390420 0.0300116192 0.0545882559 -0.2334665975 0.0090334788 0.0755191729
619 0.0025547800 0.0404418916 0.0303188617 0.0005761979 -0.0232856227 -0.0058290353 0.0053678665
620 0.0025656038 0.0403435361 0.0306268327 0.0303755511 -0.1742606891 0.0029602954 0.0468204107
621 0.0025765845 0.0402439660 0.0309355414 0.0036536636 0.0446790979 0.0407116916 0.0001152435
622 0.0025877241 0.0401431718 0.0312449972 0.0081128596 -0.0515152440 -0.0738853114 0.0194536470
623 0.0025990245 0.0400411440 0.0315552096 0.0002263969 0.0049134800 -0.0142216254 0.0033294714
624 0.0026104876 0.0399378725 0.0318661881 0.0340917001 -0.1160008545 -0.1436506241 0.0551230380
625 0.0026221155 0.0398333475 0.0321779422 0.0209999990 -0.0859096042 0.1167027802 0.0229557381
626 0.0026339103 0.0397275587 0.0324904817 0.0090309697 0.0153508103 0.0937833796 0.0043510452
627 0.0026458741 0.0396204960 0.0328038163 0.0001479869 0.0026551103 0.0118717002 0.0018045932
628 0.0026580089 0.0395121488 0.0331179559 0.0283623102 0.0544450209 0.1593676565 0.0161619776
629 0.0026703170 0.0394025065 0.0334329104 0.0029032959 -0.0404065065 -0.0356456191 0.0111413218
630 0.0026828006 0.0392915583 0.0337486898 0.0408068069 -0.0149540696 -0.2014526811 0.0582622730
631 0.0026954620 0.0391792933 0.0340653043 0.0045725188 0.0176396985 0.0652790918 0.0014382547
632 0.0027083034 0.0390657003 0.0343827642 0.0124895820 0.0127567370 -0.1110263375 0.0218359684
633 0.0027213273 0.0389507680 0.0347010796 0.0150177592 0.1222571490 -0.0084231086 0.0087996487
634 0.0027345359 0.0388344850 0.0350202611 0.0183720747 -0.0961333048 0.0955534532 0.0218805716
635 0.0027479318 0.0387168396 0.0353403192 0.0669747164 0.0096743675 -0.2586138493 0.0872525184
636 0.0027615175 0.0385978199 0.0356612645 0.0160289728 -0.0153202918 -0.1256752220 0.0289366247
637 0.0027752954 0.0384774140 0.0359831077 0.0091635674 -0.0942106388 0.0169682913 0.0179676826
638 0.0027892682 0.0383556096 0.0363058596 0.0116283214 0.0568254646 -0.0916470840 0.0167130913
639 0.0028034385 0.0382323943 0.0366295312 0.0092234215 -0.0736411634 -0.0616473891 0.0221740460
640 0.0028178090 0.0381077556 0.0369541334 0.0110705667 -0.0109256264 0.1046479690 0.0069867279
641 0.0028323824 0.0379816806 0.0372796775 0.0561389700 0.0280770287 -0.2352671896 0.0743798969
642 0.0028471615 0.0378541564 0.0376061747 0.0294304357 -0.1714835047 0.0048829615 0.0448930651
643 0.0028621492 0.0377251698 0.0379336364 0.0001130220 0.0058900723 0.0088503677 0.0018593099
644 0.0028773483 0.0375947074 0.0382620740 0.0027777627 -0.0035706656 -0.0525833918 0.0099474866
645 0.0028927619 0.0374627556 0.0385914992 0.0179226469 0.0438245796 -0.1264992218 0.0272954189
646 0.0029083928 0.0373293006 0.0389219236 0.0330034009 -0.0850550859 -0.1605273598 0.0547579547
647 0.0029242443 0.0371943283 0.0392533591 0.0202106093 -0.1328775903 -0.0505386517 0.0369870627
648 0.0029403193 0.0370578245 0.0395858177 0.0433091477 -0.0967131565 -0.1842707602 0.0680064428
649 0.0029566212 0.0369197748 0.0399193114 0.0240729727 -0.1456953642 -0.0533463546 0.0420467735
650 0.0029731531 0.0367801645 0.0402538525 0.0026769977 -0.0495315409 -0.0149540696 0.0104976251
651 0.0029899185 0.0366389786 0.0405894533 0.0054217552 0.0658894620 -0.0328684347 0.0062516521
652 0.0030069206 0.0364962019 0.0409261263 0.0664559791 -0.1862544633 -0.1782280953 0.0976464317
653 0.0030241629 0.0363518192 0.0412638840 0.0293834607 0.1071199683 -0.1338236641 0.0356637804
654 0.0030416489 0.0362058147 0.0416027393 0.0002789342 -0.0154728843 -0.0062868130 0.0049640971
655 0.0030593823 0.0360581726 0.0419427049 0.0192669143 0.1197851497 -0.0701315348 0.0195708419
656 0.0030773667 0.0359088768 0.0422837940 0.0025386609 0.0502334666 -0.0039063692 0.0023387250
657 0.0030956057 0.0357579108 0.0426260196 0.0626016926 -0.1497848445 -0.2004150517 0.0934950764
658 0.0031141033 0.0356052581 0.0429693951 0.0297247404 -0.1124607074 -0.1306802576 0.0520777320
659 0.0031328633 0.0354509018 0.0433139340 0.0341577973 0.1814020203 0.0353709525 0.0213648200
660 0.0031518897 0.0352948246 0.0436596497 0.0113094069 -0.0570390942 -0.0897549364 0.0263250044
661 0.0031711864 0.0351370092 0.0440065562 0.0269283147 -0.1592150639 -0.0397350993 0.0447853932
662 0.0031907577 0.0349774378 0.0443546672 0.0036028159 0.0217596973 -0.0559404279 0.0102338148
663 0.0032106076 0.0348160925 0.0447039969 0.0146425372 0.1206091494 -0.0097964415 0.0103307464
664 0.0032307406 0.0346529550 0.0450545594 0.0386130135 -0.0742820521 -0.1819208350 0.0633846654
665 0.0032511610 0.0344880066 0.0454063692 0.0084603535 -0.0307931761 -0.0866725669 0.0217064782
666 0.0032718732 0.0343212286 0.0457594408 0.0052832172 -0.0397961364 -0.0608233894 0.0168532835
667 0.0032928817 0.0341526019 0.0461137889 0.0115474628 0.0571916868 -0.0909756767 0.0193243210
668 0.0033141914 0.0339821068 0.0464694285 0.0159971047 -0.0721457564 0.1038850063 0.0145596719
669 0.0033358068 0.0338097237 0.0468263745 0.0337657499 0.0762657552 -0.1671803949 0.0476014120
670 0.0033577328 0.0336354324 0.0471846423 0.0291882240 0.0198980682 -0.1696829127 0.0472202516
671 0.0033799744 0.0334592127 0.0475442473 0.0154569735 -0.0970793786 -0.0776696066 0.0327188330
672 0.0034025365 0.0332810436 0.0479052049 0.0116772673 -0.0911282693 0.0580767235 0.0155811369
673 0.0034254244 0.0331009041 0.0482675312 0.0064874265 -0.0482192450 0.0645161290 0.0068769836
674 0.0034486433 0.0329187729 0.0486312420 0.0011819168 0.0324716941 -0.0112918485 0.0035909767
675 0.0034721985 0.0327346281 0.0489963535 0.0404205871 0.0410473952 -0.1968138676 0.0604917669
676 0.0034960956 0.0325484476 0.0493628821 0.0131105177 0.1033356731 -0.0493179113 0.0147487303
677 0.0035203400 0.0323602091 0.0497308443 0.0757723523 -0.2004150517 0.1886959441 0.0734956210
678 0.0035449375 0.0321698895 0.0501002570 0.0156465232 -0.1249732963 -0.0053102206 0.0277643019
679 0.0035698940 0.0319774658 0.0504711371 0.0788640132 0.2415234840 -0.1432844020 0.0814507427
680 0.0035952153 0.0317829144 0.0508435018 0.0048684478 -0.0080568865 0.0693075350 0.0019281303
681 0.0036209076 0.0315862112 0.0512173685 0.0019341845 -0.0087893307 0.0430921354 0.0016962038
682 0.0036469770 0.0313873319 0.0515927549 0.0812313040 -0.2835169530 -0.0291451765 0.1056833222
683 0.0036734298 0.0311862517 0.0519696788 0.4109432326 0.4999847407 -0.4011963256 0.4251314508
684 0.0037002726 0.0309829456 0.0523481583 0.0037050506 0.0512710959 -0.0328073977 0.0076630778
685 0.0037275119 0.0307773878 0.0527282116 0.0895507249 0.2989898373 -0.0124820704 0.0761902990
686 0.0037551545 0.0305695523 0.0531098574 0.0043974865 0.0648823511 0.0137028108 0.0027302835
687 0.0037832072 0.0303594129 0.0534931144 0.0627392983 -0.2428968169 0.0611590930 0.0747277343
688 0.0038116772 0.0301469424 0.0538780017 0.0018407457 -0.0128788110 -0.0409253212 0.0108388855
689 0.0038405716 0.0299321137 0.0542645384 0.0933742032 0.2746055483 -0.1340372936 0.0953226695
690 0.0038698977 0.0297148989 0.0546527441 0.0697868089 -0.2634052553 0.0201116977 0.0871125087
691 0.0038996630 0.0294952698 0.0550426387 0.2611929246 0.4999847407 0.1058687094 0.2239436317
692 0.0039298753 0.0292731976 0.0554342421 0.0626830058 -0.2479323710 -0.0348216193 0.0849890478
693 0.0039605423 0.0290486532 0.0558275747 0.0958691424 -0.2755211035 -0.1412701804 0.1316102618
694 0.0039916722 0.0288216069 0.0562226570 0.0209358232 0.1388286996 0.0407727287 0.0123402607
695 0.0040232730 0.0285920284 0.0566195098 0.5000305190 -0.5000152593 -0.5000152593 0.5892679307
696 0.0040553531 0.0283598870 0.0570181545 0.2401505776 0.4229560228 0.2475051119 0.1919913913
697 0.0040879212 0.0281251515 0.0574186122 0.2510872558 0.4999847407 -0.0332041383 0.2308639549
698 0.0041209859 0.0278877901 0.0578209048 0.0963741689 -0.2065492721 -0.2317575610 0.1388164240
699 0.0041545562 0.0276477706 0.0582250543 0.2501525970 -0.0117191076 -0.5000152593 0.3131819988
700 0.0041886412 0.0274050599 0.0586310830 0.0024565859 0.0199285867 0.0453810236 0.0002314617
701 0.0042232503 0.0271596248 0.0590390135 0.0579544660 0.1135288553 0.2122867519 0.0309445133
702 0.0042583931 0.0269114311 0.0594488688 0.0156649832 -0.0738547929 -0.1010467849 0.0359126868
703 0.0042940794 0.0266604443 0.0598606721 0.3801184968 -0.3606982635 -0.5000152593 0.4635078271
704 0.0043303190 0.0264066292 0.0602744470 0.0029452536 -0.0131839961 -0.0526444288 0.0143180901
705 0.0043671224 0.0261499500 0.0606902174 0.0406530771 0.1877803888 0.0734275338 0.0262866380
706 0.0044044999 0.0258903702 0.0611080076 0.0196250334 0.1393780328 0.0140995514 0.0150892445
707 0.0044424622 0.0256278527 0.0615278422 0.3779043872 -0.3576158940 -0.5000152593 0.4622064243
708 0.0044810204 0.0253623599 0.0619497462 0.2705769960 0.1860408338 0.4857631153 0.2054353438
709 0.0045201855 0.0250938532 0.0623737448 0.0129528799 0.1049836726 -0.0439466536 0.0176864104
710 0.0045599692 0.0248222937 0.0627998638 0.2099571606 0.1554307688 0.4310434278 0.1526618962
711 0.0046003830 0.0245476416 0.0632281292 0.1868494369 -0.0234687338 0.4316232795 0.1380205591
712 0.0046414391 0.0242698564 0.0636585674 0.2510933442 -0.0332956938 0.4999847407 0.1936943221
713 0.0046831498 0.0239888970 0.0640912053 0.3126718066 -0.2503738517 0.4999847407 0.2652780921
714 0.0047255275 0.0237047212 0.0645260702 0.1295327450 0.1693472091 -0.3175756096 0.1672134280
715 0.0047685853 0.0234172866 0.0649631896 0.1191223894 0.2727744377 -0.2114627522 0.1385902901
716 0.0048123363 0.0231265496 0.0654025915 0.3083773167 -0.2416455580 0.4999847407 0.2589659134
717 0.0048567939 0.0228324660 0.0658443045 0.3482582943 -0.3134861293 0.4999847407 0.3015881159
718 0.0049019721 0.0225349907 0.0662883575 0.3336833864 0.2892544328 -0.5000152593 0.3918390471
719 0.0049478850 0.0222340779 0.0667347797 0.0173364507 0.1315347758 0.0059205908 0.0156450081
720 0.0049945471 0.0219296809 0.0671836010 0.0848006666 0.2194586016 -0.1914120914 0.1058894067
721 0.0050419733 0.0216217521 0.0676348516 0.0042973409 -0.0310373241 0.0577410199 0.0028708662
722 0.0050901787 0.0213102430 0.0680885621 0.0581321034 0.1920834986 -0.1457258827 0.0748801217
723 0.0051391791 0.0209951044 0.0685447638 0.0399393909 0.0780053102 -0.1839960936 0.0670270483
724 0.0051889902 0.0206762860 0.0690034884 0.1895370868 0.4000976592 -0.1716360973 0.2018679887
725 0.0052396286 0.0203537365 0.0694647679 0.0066401317 0.0410779138 -0.0703756829 0.0199848432
726 0.0052911109 0.0200274040 0.0699286350 0.0262774249 -0.0977202673 0.1293374432 0.0173939206
727 0.0053434544 0.0196972353 0.0703951229 0.0231960985 -0.1377910703 0.0648823511 0.0248329570
728 0.0053966767 0.0193631762 0.0708642654 0.0343427469 0.1764885403 -0.0565202795 0.0409152023
729 0.0054507958 0.0190251716 0.0713360966 0.0061189216 0.0685445723 -0.0376903592 0.0143389391
730 0.0055058303 0.0186831654 0.0718106513 0.0310047352 0.1759392071 0.0070802942 0.0289194818
731 0.0055617991 0.0183371004 0.0722879649 0.0071943332 -0.0556657613 -0.0639973144 0.0240501009
732 0.0056187217 0.0179869181 0.0727680733 0.0987858651 0.3137302774 0.0189519944 0.0903603049
733 0.0056766180 0.0176325592 0.0732510130 0.0037056849 0.0455030976 0.0404370251 0.0018535247
734 0.0057355086 0.0172739630 0.0737368211 0.0007543438 0.0042725913 -0.0271309549 0.0103433439
735 0.0057954143 0.0169110678 0.0742255354 0.0266344794 -0.0024414808 -0.1631824702 0.0567370822
736 0.0058563568 0.0165438107 0.0747171941 0.0261719480 0.1559495834 0.0430310984 0.0204379781
737 0.0059183580 0.0161721274 0.0752118362 0.0034161144 -0.0584429456 -0.0007324442 0.0113349428
738 0.0059814407 0.0157959525 0.0757095014 0.0191067431 0.0892361217 0.1055635243 0.0062847211
739 0.0060456281 0.0154152194 0.0762102299 0.0112946603 0.0771507920 -0.0730918302 0.0261023861
740 0.0061109441 0.0150298599 0.0767140628 0.0706699783 0.1255531480 0.2343211158 0.0370553804
741 0.0061774131 0.0146398048 0.0772210416 0.0032049455 0.0566118351 0.0002136296 0.0076917928
742 0.0062450604 0.0142449832 0.0777312088 0.0213033046 -0.0022278512 -0.1459395123 0.0502999457
743 0.0063139116 0.0138453230 0.0782446074 0.0166968854 -0.0151066622 0.1283303323 0.0033467973
744 0.0063839932 0.0134407507 0.0787612814 0.0419824760 -0.1347392193 -0.1543626209 0.0763040573
745 0.0064553325 0.0130311911 0.0792812752 0.0158359733 0.0125125889 0.1252174444 0.0021104006
746 0.0065279575 0.0126165676 0.0798046344 0.2149123757 0.2255623035 0.4050111393 0.1511051572
747 0.0066018966 0.0121968022 0.0803314050 0.0415501045 -0.0995208594 -0.1778923917 0.0791603651
748 0.0066771795 0.0117718151 0.0808616341 0.0290742846 -0.0545976135 -0.1615344707 0.0631607727
749 0.0067538364 0.0113415249 0.0813953695 0.0062535655 -0.0137028108 -0.0778832362 0.0259968930
750 0.0068318983 0.0109058487 0.0819326599 0.0885295233 -0.0090029603 -0.2974028748 0.1442918086
751 0.0069113972 0.0104647016 0.0824735547 0.0016658224 0.0193792535 0.0359202857 0.0022466761
752 0.0069923659 0.0100179973 0.0830181045 0.0003320796 -0.0049134800 0.0175481429 0.0045092649
753 0.0070748382 0.0095656475 0.0835663606 0.0102293867 0.0886562700 0.0486770226 0.0074725925
754 0.0071588487 0.0091075620 0.0841183752 0.0301356464 -0.1385540330 0.1045869320 0.0222229085
755 0.0072444331 0.0086436488 0.0846742016 0.0028059901 0.0305490280 0.0432752464 0.0021937191
756 0.0073316279 0.0081738141 0.0852338941 0.0550238928 0.1619617298 -0.1696829127 0.0886333014
757 0.0074204710 0.0076979619 0.0857975078 0.0297065338 -0.0358592486 0.1685842463 0.0087508747
758 0.0075110009 0.0072159942 0.0863650990 0.0013105449 0.0320749535 -0.0167851802 0.0112579479
759 0.0076032576 0.0067278110 0.0869367249 0.0056068631 -0.0706808679 -0.0247199927 0.0184593262
760 0.0076972820 0.0062333102 0.0875124440 0.0267292864 -0.0994903409 0.1297341838 0.0129601657
761 0.0077931164 0.0057323873 0.0880923157 0.0424449794 -0.2051454207 -0.0189825129 0.0559344689
762 0.0078908040 0.0052249358 0.0886764007 0.0181666115 0.1235389264 0.0538956877 0.0152078984
763 0.0079903896 0.0047108467 0.0892647606 0.0194466444 0.1365703299 -0.0281991028 0.0311846825
764 0.0080919190 0.0041900086 0.0898574585 0.0046255208 0.0077517014 -0.0675679800 0.0247954543
765 0.0081954397 0.0036623078 0.0904545585 0.0208922952 -0.1443220313 -0.0079653310 0.0315858393
766 0.0083010001 0.0031276281 0.0910561260 0.0046719156 -0.0657673879 0.0186162908 0.0099940530
767 0.0084086506 0.0025858506 0.0916622277 0.0440845947 -0.1580248421 0.1382488479 0.0279661078
768 0.0085184427 0.0020368539 0.0922729316 0.0098990749 0.0744956816 0.0659504990 0.0059431522
769 0.0086304295 0.0014805138 0.0928883071 0.0163573511 -0.0786767174 0.1008331553 0.0064883023
770 0.0087446659 0.0009167033 0.0935084248 0.0178648445 0.1035798212 0.0844752342 0.0106213143
771 0.0088612081 0.0003452926 0.0941333570 0.0261513468 -0.1416058840 -0.0780968657 0.0498133862
772 0.0089801144 -0.0002338510 0.0947631772 0.0023021511 -0.0432752464 0.0207220679 0.0073346476
773 0.0091014447 -0.0008208634 0.0953979604 0.0062052269 -0.0781579028 0.0098269601 0.0133034138
774 0.0092252606 -0.0014158834 0.0960377834 0.0117348088 -0.0480666524 0.0970793786 0.0021773792
775 0.0093516257 -0.0020190531 0.0966827242 0.0012174042 -0.0345774712 -0.0046693319 0.0113322899
776 0.0094806058 -0.0026305178 0.0973328626 0.0022071830 -0.0401013215 0.0244758446 0.0067122062
777 0.0096122683 -0.0032504262 0.0979882801 0.0091886587 -0.0943327128 -0.0170293283 0.0215250332
778 0.0097466831 -0.0038789307 0.0986490598 0.0003346744 0.0050660726 0.0175786615 0.0066524226
779 0.0098839221 -0.0045161868 0.0993152866 0.0316921900 -0.1558885464 -0.0859706412 0.0572444663
780 0.0100240595 -0.0051623540 0.0999870471 0.0046914718 -0.0133976257 0.0671712394 0.0011446969
781 0.0101671719 -0.0058175956 0.1006644298 0.0073515287 -0.0497146519 0.0698568682 0.0028760574
782 0.0103133382 -0.0064820786 0.1013475252 0.0221858276 0.0909146397 -0.1179845576 0.0575926833
783 0.0104626401 -0.0071559741 0.1020364255 0.0291143106 -0.0263374737 0.1685842463 0.0047965424
784 0.0106151617 -0.0078394573 0.1027312251 0.0109284876 0.0227973266 0.1020233772 0.0009391136
785 0.0107709899 -0.0085327077 0.1034320204 0.0129868464 -0.0530411695 -0.1008636738 0.0437177338
786 0.0109302145 -0.0092359089 0.1041389097 0.0011977586 0.0343943602 0.0038453322 0.0119624021
787 0.0110929282 -0.0099492494 0.1048519938 0.0069586784 0.0518204291 0.0653706473 0.0053742699
788 0.0112592266 -0.0106729219 0.1055713756 0.0032551832 0.0322580645 0.0470595416 0.0052667043
789 0.0114292087 -0.0114071242 0.1062971601 0.0272518508 0.0909146397 0.1377910703 0.0114616097
790 0.0116029768 -0.0121520588 0.1070294550 0.0232051040 -0.1500595111 0.0262153996 0.0255493769
791 0.0117806364 -0.0129079334 0.1077683702 0.0023500435 0.0471510971 0.0112613300 0.0129206960
792 0.0119622967 -0.0136749608 0.1085140181 0.0052546611 0.0127872555 0.0713522752 0.0020812440
793 0.0121480706 -0.0144533592 0.1092665137 0.0800581711 0.1564989166 -0.2357249672 0.1482438025
794 0.0123380749 -0.0152433523 0.1100259747 0.0084137212 -0.0044862209 -0.0916165654 0.0407754299
795 0.0125324303 -0.0160451697 0.1107925215 0.0082199766 -0.0065614795 -0.0904263436 0.0405789720
796 0.0127312617 -0.0168590467 0.1115662772 0.0294830391 0.1231116672 -0.1196935942 0.0730729289
797 0.0129346983 -0.0176852247 0.1123473680 0.0340355025 -0.1808526872 0.0364391003 0.0323856859
798 0.0131428738 -0.0185239514 0.1131359229 0.0009591615 0.0302133244 -0.0068056276 0.0167612976
799 0.0133559267 -0.0193754809 0.1139320739 0.0713789107 -0.2069154942 0.1690115055 0.0382050004
800 0.0135740003 -0.0202400742 0.1147359565 0.0250758867 0.0580156865 -0.1473433638 0.0748095342
801 0.0137972429 -0.0211179988 0.1155477091 0.0541786548 -0.2141178625 -0.0912808618 0.0800270051
802 0.0140258083 -0.0220095297 0.1163674736 0.0055401847 -0.0640583514 -0.0379039888 0.0255677875
803 0.0142598556 -0.0229149490 0.1171953953 0.1343066048 0.3592333750 -0.0725119785 0.1820262293
804 0.0144995497 -0.0238345465 0.1180316233 0.0267491285 -0.1393780328 -0.0855739006 0.0548055065
805 0.0147450616 -0.0247686199 0.1188763100 0.1153860351 -0.3382976775 0.0306711020 0.1060806287
806 0.0149965685 -0.0257174748 0.1197296120 0.0348251232 0.1715750603 -0.0733970153 0.0762222385
807 0.0152542540 -0.0266814252 0.1205916895 0.3081574208 -0.4770043031 -0.2839442122 0.3664399901
808 0.0155183087 -0.0276607940 0.1214627070 0.0208245597 0.0604266488 -0.1310464797 0.0715202869
809 0.0157889301 -0.0286559128 0.1223428329 0.0048226500 -0.0536210211 -0.0441297647 0.0283363824
810 0.0160663232 -0.0296671225 0.1232322403 0.0067599611 -0.0791344951 0.0223090304 0.0126325152
811 0.0163507007 -0.0306947736 0.1241311064 0.1396018991 -0.2734458449 -0.2546159246 0.2023773961
812 0.0166422834 -0.0317392265 0.1250396132 0.0188859614 0.0952177496 -0.0990936003 0.0663537711
813 0.0169413004 -0.0328008518 0.1259579474 0.3618940457 -0.5000152593 -0.3344828639 0.4302950431
814 0.0172479898 -0.0338800309 0.1268863006 0.0454329387 0.2090517899 0.0415967284 0.0662901807
815 0.0175625987 -0.0349771558 0.1278248696 0.1761487954 0.3603930784 0.2150944548 0.1639336026
816 0.0178853840 -0.0360926301 0.1287738563 0.0225657782 0.0033570360 -0.1501815851 0.0793724145
817 0.0182166126 -0.0372268693 0.1297334683 0.0226215539 0.1313821833 0.0732139042 0.0316234737
818 0.0185565618 -0.0383803008 0.1307039184 0.0988050151 -0.0189519944 -0.3137607959 0.1979263414
819 0.0189055200 -0.0395533649 0.1316854257 0.1168620536 -0.2227851192 -0.2592852565 0.1864319502
820 0.0192637872 -0.0407465147 0.1326782150 0.0272970115 0.1380352184 0.0907925657 0.0337173157
821 0.0196316753 -0.0419602172 0.1336825176 0.0053665076 0.0490127262 -0.0544450209 0.0436680472
822 0.0200095090 -0.0431949533 0.1346985709 0.1245605052 -0.0389110996 -0.3507797479 0.2357075494
823 0.0203976260 -0.0444512184 0.1357266194 0.3800023603 -0.3927732170 -0.4751121555 0.4944522236
824 0.0207963782 -0.0457295234 0.1367669143 0.0541278713 -0.0538956877 -0.2263252663 0.1319026178
825 0.0212061316 -0.0470303946 0.1378197141 0.2155626527 0.0350047304 -0.4629657888 0.3676729822
826 0.0216272679 -0.0483543748 0.1388852847 0.2407292325 0.0255745109 0.4899746696 0.1287292364
827 0.0220601844 -0.0497020235 0.1399638997 0.0810870370 0.0549943541 0.2793969543 0.0304029082
828 0.0225052954 -0.0510739182 0.1410558408 0.1295727096 0.0256050295 0.3590502640 0.0534012295
829 0.0229630327 -0.0524706544 0.1421613981 0.0889127216 0.1149021882 0.2751548814 0.0457009350
830 0.0234338466 -0.0538928466 0.1432808701 0.2549981105 0.0705893124 -0.5000152593 0.4293257179
831 0.0239182070 -0.0553411292 0.1444145645 0.0765679273 0.1175572985 -0.2504959258 0.1858481616
832 0.0244166039 -0.0568161569 0.1455627981 0.1548790783 -0.1094088565 0.3780327769 0.0568082831
833 0.0249295489 -0.0583186062 0.1467258976 0.1827891125 -0.1817682424 0.3869747002 0.0729592998
834 0.0254575761 -0.0598491753 0.1479041997 0.0518612338 0.2234260079 -0.0440687277 0.1170984342
835 0.0260012433 -0.0614085859 0.1490980513 0.0197681976 0.1142307810 -0.0819727165 0.0842428869
836 0.0265611334 -0.0629975836 0.1503078105 0.0925858436 -0.0560014649 0.2990813929 0.0221825245
837 0.0271378555 -0.0646169390 0.1515338466 0.0137239810 -0.0797448653 0.0858180486 0.0045474203
838 0.0277320462 -0.0662674492 0.1527765406 0.4680968586 -0.4670247505 0.4999847407 0.2811599488
839 0.0283443714 -0.0679499380 0.1540362857 0.0469016020 -0.1597033601 0.1462752159 0.0084789247
840 0.0289755277 -0.0696652578 0.1553134879 0.0932921878 0.3043000580 -0.0263374737 0.1728471293
841 0.0296262440 -0.0714142908 0.1566085666 0.0335131449 -0.1285744804 0.1303140355 0.0039586896
842 0.0302972836 -0.0731979496 0.1579219547 0.0184622173 0.1250953703 0.0530411695 0.0503202198
843 0.0309894455 -0.0750171792 0.1592540999 0.0091283845 0.0735801263 0.0609454634 0.0317457472
844 0.0317035670 -0.0768729584 0.1606054646 0.3323119451 -0.5000152593 0.2868739891 0.1949931470
845 0.0324405255 -0.0787663007 0.1619765271 0.0153768600 -0.1122165593 0.0527665029 0.0130457492
846 0.0332012407 -0.0806982564 0.1633677819 0.3356367312 -0.5000152593 0.2926114689 0.1925306795
847 0.0339866776 -0.0826699142 0.1647797406 0.0085805835 -0.0842310862 0.0385448775 0.0159376779
848 0.0347978483 -0.0846824026 0.1662129326 0.0152504607 0.0458693197 0.1146580401 0.0197016591
849 0.0356358151 -0.0867368920 0.1676679059 0.0246445239 -0.0204779199 0.1556443983 0.0045348161
850 0.0365016938 -0.0888345967 0.1691452281 0.0502931121 -0.2139652699 0.0671712394 0.0260563798
851 0.0373966561 -0.0909767766 0.1706454870 0.0457310099 0.0053102206 0.2137821589 0.0111319583
852 0.0383219337 -0.0931647397 0.1721692916 0.0608024250 -0.2465590381 -0.0033265175 0.0543285898
853 0.0392788213 -0.0953998441 0.1737172732 0.0355315745 0.0813318278 0.1700491348 0.0312475391
854 0.0402686807 -0.0976835007 0.1752900864 0.0123906294 0.1113010041 0.0016479995 0.0738260976
855 0.0412929451 -0.1000171754 0.1768884103 0.0163358967 -0.1077608570 0.0687276833 0.0117587075
856 0.0423531229 -0.1024023918 0.1785129493 0.1312018179 -0.3461104160 -0.1068147832 0.1408055159
857 0.0434508031 -0.1048407345 0.1801644347 0.0140209001 -0.1098055971 0.0443128758 0.0184802959
858 0.0445876600 -0.1073338516 0.1818436259 0.0360052219 0.1164891507 0.1497848445 0.0511245018
859 0.0457654584 -0.1098834581 0.1835513117 0.0378237821 -0.1542100284 -0.1185033723 0.0932018770
860 0.0469860599 -0.1124913393 0.1852883119 0.0620310765 -0.2277901547 -0.1007110813 0.0950894697
861 0.0482514289 -0.1151593542 0.1870554786 0.0004162782 0.0185552538 -0.0084841456 0.0561153410
862 0.0495636393 -0.1178894396 0.1888536982 0.0938826898 -0.1888180181 -0.2413098544 0.1900715453
863 0.0509248816 -0.1206836140 0.1906838927 0.0824582259 0.0345164342 0.2850733970 0.0329964335
864 0.0523374712 -0.1235439818 0.1925470221 0.0122653291 0.0466017640 0.1004669332 0.0374283176
865 0.0538038559 -0.1264727381 0.1944440857 0.0179531803 0.0930204169 0.0964384899 0.0577823419
866 0.0553266261 -0.1294721732 0.1963761250 0.0458034852 -0.0375377667 0.2106997894 0.0086571025
867 0.0569085234 -0.1325446783 0.1983442251 0.0103901195 -0.0954618976 -0.0357371746 0.0561692343
868 0.0585524518 -0.1356927506 0.2003495178 0.0078639056 0.0852076785 -0.0245674001 0.0993846195
869 0.0602614891 -0.1389189993 0.2023931834 0.0042813649 -0.0524918363 -0.0390636921 0.0657710773
870 0.0620388987 -0.1422261519 0.2044764543 0.0024963846 0.0090639973 -0.0491348003 0.0872073777
871 0.0638881434 -0.1456170610 0.2066006171 0.0185635551 0.0734580523 0.1147495956 0.0564305154
872 0.0658128998 -0.1490947113 0.2087670158 0.0747465962 -0.1175572985 0.2468337046 0.0024436812
873 0.0678170737 -0.1526622274 0.2109770557 0.0090763465 -0.0071108127 -0.0950041200 0.1148096942
874 0.0699048171 -0.1563228818 0.2132322060 0.0052511563 -0.0152897732 -0.0708334605 0.1005836406
875 0.0720805467 -0.1600801040 0.2155340044 0.0800482984 -0.0941801202 0.2667928098 0.0069702730
876 0.0743489644 -0.1639374896 0.2178840606 0.0215530922 -0.0911893063 0.1150547807 0.0158661590
877 0.0767150780 -0.1678988106 0.2202840608 0.0073998700 -0.0108951079 -0.0853297525 0.1180499655
878 0.0791842263 -0.1719680261 0.2227357724 0.0139461970 -0.1142918180 0.0297250282 0.0405796924
879 0.0817621039 -0.1761492939 0.2252410490 0.0251869770 0.0703146458 -0.1422772912 0.1958142039
880 0.0844547900 -0.1804469834 0.2278018355 0.0045459530 0.0637531663 -0.0219428083 0.1220061002
881 0.0872687794 -0.1848656884 0.2304201742 0.0082428802 0.0296334727 -0.0858180486 0.1460165037
882 0.0902110158 -0.1894102424 0.2330982109 0.0026980767 0.0516983551 -0.0050355541 0.1148410457
883 0.0932889292 -0.1940857334 0.2358382015 0.0197794160 0.0430616169 -0.1338847011 0.1929338904
884 0.0965104761 -0.1988975216 0.2386425193 0.0453303826 -0.1996215705 -0.0740379040 0.0977695713
885 0.0998841843 -0.2038512571 0.2415136628 0.0005348223 0.0218207343 -0.0076601459 0.1130154346
886 0.1034192016 -0.2089528997 0.2444542643 0.0049771696 -0.0692770165 0.0133365886 0.0729247323
887 0.1071253494 -0.2142087406 0.2474670986 0.0129428964 0.1135288553 0.0073549608 0.1650657704
888 0.1110131820 -0.2196254250 0.2505550932 0.0319077075 0.1116061892 -0.1394695883 0.2618336344
889 0.1150940520 -0.2252099776 0.2537213392 0.0224687182 -0.1448713645 0.0384838404 0.0527814736
890 0.1193801819 -0.2309698298 0.2569691024 0.0572171712 -0.1781060213 -0.1596728416 0.1763850918
891 0.1238847443 -0.2369128493 0.2603018366 0.0371988861 -0.1593371380 -0.1086764122 0.1421629391
892 0.1286219495 -0.2430473720 0.2637231967 0.0040826253 -0.0425122837 -0.0477004303 0.1371989971
893 0.1336071439 -0.2493822380 0.2672370544 0.0094268758 -0.0342417676 0.0908536027 0.0773965440
894 0.1388569177 -0.2559268291 0.2708475139 0.0234868035 0.0192266610 -0.1520432142 0.2545460111
895 0.1443892262 -0.2626911112 0.2745589305 0.0488609216 0.1998046815 0.0945463424 0.2463068902
896 0.1502235241 -0.2696856800 0.2783759294 0.0047478295 -0.0474868007 0.0499282815 0.1015606698
897 0.1563809150 -0.2769218113 0.2823034279 0.0186414557 -0.0818811609 -0.1092562639 0.1913598475
898 0.1628843190 -0.2844115161 0.2863466580 0.0054793592 -0.0588091678 -0.0449537645 0.1606563895
899 0.1697586606 -0.2921676010 0.2905111934 0.0018444451 0.0324716941 -0.0281075472 0.2069085738
900 0.1770310777 -0.3002037353 0.2948029766 0.0007851324 0.0029602954 0.0278633992 0.1631651676
901 0.1847311587 -0.3085345238 0.2992283514 0.0257613028 0.0524918363 0.1516769921 0.1521114363
902 0.1928912069 -0.3171755882 0.3037940966 0.0017712974 -0.0151982177 0.0392468032 0.1611756027
903 0.2015465404 -0.3261436568 0.3085074644 0.0120875585 0.0101931822 -0.1094698935 0.2878275409
904 0.2107358301 -0.3354566634 0.3133762230 0.0057874101 -0.0174871059 0.0740379040 0.1583874704
905 0.2205014818 -0.3451338576 0.3184087030 0.0082387029 0.0612811670 0.0669576098 0.2284008245
906 0.2308900707 -0.3551959272 0.3236138501 0.0009822998 0.0065919980 -0.0306405835 0.2563867066
907 0.2419528343 -0.3656651343 0.3290012825 0.0075500866 0.0425733207 -0.0757469405 0.3304797602
908 0.2537462350 -0.3765654674 0.3345813561 0.0023215284 -0.0451979125 0.0166936247 0.2108570662
909 0.2663326018 -0.3879228112 0.3403652367 0.0207401153 -0.0182195502 0.1428571429 0.1756899484
910 0.2797808652 -0.3997651374 0.3463649810 0.0027941057 -0.0181279946 0.0496536149 0.2336845435
911 0.2941674012 -0.4121227180 0.3525936281 0.0952300149 0.2226935636 -0.2136295663 0.7236004173
912 0.3095770025 -0.4250283662 0.3590653010 0.0013870670 0.0352488784 0.0120242927 0.3322926034
913 0.3261039986 -0.4385177079 0.3657953232 0.0305647450 -0.1415753655 0.1025727103 0.1574608987
914 0.3438535535 -0.4526294882 0.3728003486 0.0037545292 -0.0543839839 0.0282296213 0.2773284679
915 0.3629431713 -0.4674059200 0.3800985098 0.0263783538 0.0905484176 -0.1348307749 0.5764652111
916 0.3835044494 -0.4828930790 0.3877095868 0.0255776879 -0.0105594043 0.1595812860 0.2751416219
917 0.4056851281 -0.4991413550 0.3956551982 0.0068067369 -0.0767235328 0.0303353984 0.3118953726
918 0.4296514916 -0.5162059673 0.4039590214 0.0259613631 0.1300698874 0.0950956755 0.5130690467
919 0.4555911944 -0.5341475562 0.4126470437 0.1178999167 -0.3402508621 0.0461439863 0.1719204190
920 0.4837165983 -0.5530328631 0.4217478519 0.0007539051 0.0142521439 0.0234687338 0.4804385351
921 0.5142687286 -0.5729355162 0.4312929665 0.0392699191 0.1973326823 0.0181585131 0.7639931741
922 0.5475219845 -0.5939369396 0.4413172287 0.0296840680 -0.0903958251 0.1466719565 0.3403694904
923 0.5837897696 -0.6161274117 0.4518592504 0.0107247120 0.0988189337 0.0309762871 0.6882907455
924 0.6234312555 -0.6396072998 0.4629619396 0.0008570423 -0.0280465102 0.0083925901 0.5806398929
925 0.6668595435 -0.6644885074 0.4746731161 0.1157751012 0.3163548692 0.1252784814 1.0841303401
926 0.7145515641 -0.6908961775 0.4870462360 0.0025316057 0.0491348003 0.0108340709 0.7744238743
927 0.7670601479 -0.7189707079 0.5001412491 0.0210286194 -0.0023499252 0.1449934385 0.6396753135
928 0.8250288281 -0.7488701445 0.5140256169 0.0287793493 0.0452894681 0.1634876553 0.7535663528
929 0.8892101012 -0.7807730409 0.5287755287 0.2033031140 0.3691824091 0.2588579974 1.3952530108
930 0.9604880960 -0.8148818919 0.5444773624 0.0147234256 -0.1027863399 -0.0644856105 0.8779159776
931 1.0399069077 -0.8514272804 0.5612294485 0.1037349880 -0.2929471725 -0.1338541826 0.7950412852
932 1.1287062662 -0.8906729176 0.5791442135 0.0311005369 -0.0189825129 0.1753288369 0.9229110201
933 1.2283667830 -0.9329218082 0.5983508023 0.0694478194 0.1564378796 0.2120731223 1.3359149755
934 1.3406678228 -0.9785238456 0.6189983088 0.0053335899 -0.0730307932 -0.0003051851 1.2034544856
935 1.4677621772 -1.0278852392 0.6412597853 0.0426304366 -0.1770073550 0.1062959685 1.0101794591
936 1.6122733337 -1.0814803113 0.6653372604 0.0169497084 -0.1237220374 -0.0405285806 1.4155474965
937 1.7774234798 -1.1398663891 0.6914680722 0.0040876129 0.0231330302 -0.0596026490 1.9166748774
938 1.9672038238 -1.2037027814 0.7199329399 0.0432276436 0.1018097476 0.1812799463 1.9945100108
939 2.1866039570 -1.2737752109 0.7510663547 0.1836482737 0.0626850185 0.4239326151 1.8931424282
940 2.4419247830 -1.3510276234 0.7852701088 0.1008215177 -0.1333048494 -0.2881862850 2.6351573838
941 2.7412116026 -1.4366041103 0.8230311251 0.0405407574 -0.0301828059 -0.1990722373 3.0227161690
942 3.0948629637 -1.5319049053 0.8649452728 0.0547615120 -0.0355235450 -0.2312997833 3.4409103983
943 3.5165015450 -1.6386622947 0.9117496525 0.0120042038 -0.0914944914 -0.0602740562 3.3385583020
944 4.0242439771 -1.7590452243 0.9643670857 0.0248076709 -0.0911893063 0.1284218879 3.4805477369
945 4.6425923964 -1.8958061081 1.0239685526 0.1198526794 -0.0128788110 -0.3459578234 5.4221134821
946 5.4053206719 -2.0524911374 1.0920626369 0.1566624976 0.0327158422 0.3944517350 4.8347491180
947 6.3599996761 -2.2337486193 1.1706266620 0.2458940928 -0.0561235389 0.4926908170 5.2016480007
948 7.5753157746 -2.4457931485 1.2623041034 0.0051783075 0.0425733207 -0.0580156865 7.9352120327
949 9.1533368550 -2.6971259433 1.3707109472 0.0224135126 -0.1472212897 -0.0271919919 8.4561463698
950 11.2509436316 -2.9996929888 1.5009282475 0.2246043127 0.1704458754 -0.4422132023 13.8255791128
951 14.1191590925 -3.3708264139 1.6603277929 0.1454706960 0.0248420667 0.3805963317 13.1682770430
952 18.1797035330 -3.8366655775 1.8600270911 0.0556693722 0.1780449843 -0.1548203986 20.1775113013
953 24.1851525225 -4.4385651340 2.1176147132 0.0330706986 0.1284218879 0.1287575915 24.8129231088
954 33.5857457146 -5.2460508499 2.4626603897 0.1318356701 -0.1714224677 0.3200781274 30.3425119678
955 49.4742241275 -6.3857308594 2.9490109390 0.1204602424 0.1124607074 0.3283486435 49.0943645068
956 79.4409721172 -8.1150074226 3.6861398032 0.2905330556 0.3688772240 -0.3930173650 88.6158219001
957 146.4616933384 -11.0497826060 4.9359900424 0.0000832663 -0.0035096286 0.0084231086 146.3010625782
958 349.7161186556 -17.1219898669 7.5202115430 0.4562887185 0.4999847407 -0.4542069765 374.1253397991
959 1635.2580907178 -37.1256457172 16.0294890998 0.0887357698 0.2821131016 -0.0956450087 1659.3603698604
960 77010.4382305421 255.4582703666 -108.4043833608 0.2748522576 -0.5000152593 0.1575975829 77300.3476869662
961 1006.3770613061 29.2799142915 -12.2091637875 0.0314416229 0.1664479507 -0.0611285745 995.1686819132
962 287.0153001766 15.6771201962 -6.4220870852 0.1360514072 0.3679616688 -0.0256050295 275.2853175086
963 134.8481534635 10.7731015283 -4.3345630604 0.0021703907 -0.0054628132 0.0462660604 135.3691130490
964 78.6123932857 8.2460982273 -3.2579529327 0.2781842638 0.4975127415 -0.1751152074 69.5444654715
965 51.7283790237 6.7055209661 -2.6008397870 0.0051782619 0.0473342082 0.0542008728 51.3806918077
966 36.7879358497 5.6684763576 -2.1578488439 0.0369946039 0.1199377422 -0.1503646962 34.8162733694
967 27.6178616654 4.9230554567 -1.8388547076 0.1023721164 -0.3135776849 0.0635700552 31.0415466376
968 21.5777408813 4.3616356718 -1.5980848374 0.0805584801 0.2826929533 0.0253608814 19.2733497030
969 17.3834693201 3.9237563552 -1.4098245938 0.0219170017 0.0574358348 0.1364482559 17.3393940917
970 14.3490162236 3.5728358688 -1.2585150290 0.0026983561 -0.0465407270 -0.0230719932 14.6262064367
971 12.0805178619 3.2854423539 -1.1341897554 0.0174507216 -0.0137638478 -0.1313821833 11.8903845876
972 10.3385880571 3.0458724977 -1.0301692990 0.2655660565 0.4645832698 0.2229987487 8.2334842344
973 8.9708364161 2.8432080131 -0.9418092219 0.0006015388 -0.0127262185 -0.0209662160 9.0043121763
974 7.8764575166 2.6696221974 -0.8657799026 0.0047503936 0.0194097720 0.0661336100 7.8920886946
975 6.9865767096 2.5193581382 -0.7996319661 0.0255982453 -0.1371807001 -0.0823389386 7.5717078866
976 6.2528166907 2.3880870505 -0.7415233844 0.0613371141 -0.1083101901 -0.2227240822 6.5011518993
977 5.6403753308 2.2724913925 -0.6900421739 0.0175946234 0.1318094424 0.0148625141 5.0794098306
978 5.1236881349 2.1699859611 -0.6440877763 0.1589305890 0.1938840907 0.3483382672 4.8898880539
979 4.6836276653 2.0785264747 -0.6027896476 0.0799842689 0.0597247230 -0.2764366588 4.1820667858
980 4.3056471217 1.9964752166 -0.5654501138 0.0225848668 -0.0959501938 -0.1156651509 4.5805506109
981 3.9785207588 1.9225048337 -0.5315034556 0.0215992709 0.1350444044 0.0579851680 3.5425116234
982 3.6934713016 1.8555282212 -0.5004860857 0.0587279962 -0.1276894436 -0.2059694205 4.0198923722
983 3.4435540654 1.7946465980 -0.4720144634 0.0372597536 0.0864589373 0.1725821711 3.3334099052
984 3.2232148691 1.7391104947 -0.4457685006 0.0006409455 0.0214239937 -0.0134891812 3.1373123261
985 3.0279678081 1.6882900580 -0.4214789299 0.0321032069 -0.0615253151 0.1682790613 3.4096683279
986 2.8541570917 1.6416521744 -0.3989175727 0.0232958800 -0.0993377483 0.1158787805 3.2960611965
987 2.6987787506 1.5987426559 -0.3778897602 0.0318707755 -0.1079134495 0.1422162542 3.1831853283
988 2.5593455910 1.5591722246 -0.3582283698 0.0179038321 0.0994293039 0.0895413068 2.3313470780
989 2.4337837900 1.5226053869 -0.3397890901 0.0379242472 0.0243537706 -0.1932126835 2.2662425488
990 2.3203529258 1.4887515231 -0.3224466285 0.0073578835 -0.0043946654 -0.0856654561 2.2855508638
991 2.2175835527 1.4573576964 -0.3060916489 0.0465432659 0.0434888760 -0.2113101596 2.0080085719
992 2.1242280501 1.4282028049 -0.2906282816 0.0328396756 0.0943327128 -0.1547288430 1.7976780801
993 2.0392216109 1.4010927950 -0.2759720830 0.0120322942 -0.0536515397 0.0956755272 2.2544030254
994 1.9616510430 1.3758567161 -0.2620483540 0.0045492185 0.0086062197 0.0668965728 1.9775786847
995 1.8907296446 1.3523434511 -0.2487907453 0.0895792158 -0.0966216010 0.2832728050 2.3825913436
996 1.8257768354 1.3304189911 -0.2361400932 0.0198367164 -0.1408124027 0.0029297769 2.2216762169
997 1.7662015425 1.3099641514 -0.2240434435 0.0030214852 0.0302438429 0.0458998383 1.7105534434
998 1.7114885689 1.2908726485 -0.2124532284 0.0012452059 0.0350352489 0.0042115543 1.6240712023
999 1.6611873481 1.2730494730 -0.2013265688 0.0243790612 -0.1399578845 0.0692159795 2.0697830627
1000 1.6149026202 1.2564095078 -0.1906246806 0.0038906820 0.0026551103 0.0623187963 1.6358804918
1001 1.5722866626 1.2408763488 -0.1803123667 0.0190561468 -0.0884426405 0.1059907834 1.8490584690
1002 1.5330327874 1.2263812955 -0.1703575811 0.0032086729 -0.0160527360 0.0543229469 1.5941236623
1003 1.4968698757 1.2128624838 -0.1607310520 0.0017342965 -0.0369884335 -0.0191351054 1.5821767276
1004 1.4635577652 1.2002641382 -0.1514059567 0.0328901414 -0.0900601215 0.1574144719 1.7603067522
1005 1.4328833434 1.1885359256 -0.1423576378 0.0249112561 0.0634784997 0.1445051424 1.3480444661
1006 1.4046572277 1.1776323950 -0.1335633557 0.0022511999 0.0327158422 0.0343638417 1.3390334565
1007 1.3787109342 1.1675124907 -0.1250020725 0.0003107547 -0.0150456252 -0.0091860714 1.4118570436
1008 1.3548944585 1.1581391289 -0.1166542607 0.0053083132 0.0509353923 0.0520950957 1.2543764597
1009 1.3330742016 1.1494788276 -0.1085017347 0.0947656375 -0.3078402051 0.0002136296 2.1355977935
1010 1.3131311886 1.1415013841 -0.1005275019 0.0166393662 -0.0641499069 0.1119113742 1.4987253117
1011 1.2949595370 1.1341795930 -0.0927156291 0.0142141353 -0.1174352245 0.0205694754 1.5793731662
1012 1.2784651374 1.1274889994 -0.0850511240 0.0138796480 0.0457777642 0.1085543382 1.2075822712
1013 1.2635645161 1.1214076834 -0.0775198276 0.0319829769 0.1467329936 0.1022370067 0.9823032705
1014 1.2501838562 1.1159160721 -0.0701083183 0.0009429891 -0.0303964354 -0.0043641469 1.3183546610
1015 1.2382581545 1.1109967751 -0.0628038239 0.0173746121 -0.0334177679 -0.1275063326 1.3138710607
1016 1.2277304974 1.1066344422 -0.0555941419 0.0236269127 -0.0834376049 0.1290932951 1.4503809268
1017 1.2185514418 1.1028156405 -0.0484675658 0.0219138014 -0.0778832362 -0.1258888516 1.4000438928
1018 1.2106784884 1.0995287477 -0.0414128178 0.0201821464 -0.0260628071 0.1396526994 1.2997410696
1019 1.2040756372 1.0967638628 -0.0344189852 0.0001439661 -0.0116580706 0.0028382214 1.2299872819
1020 1.1987130172 1.0945127300 -0.0274754618 0.0005645733 0.0187078463 0.0146488845 1.1591306084
1021 1.1945665836 1.0927686767 -0.0205718918 0.0606753643 -0.1298867763 -0.2092959380 1.5305031225
1022 1.1916178770 1.0915265634 -0.0136981168 0.0029470680 -0.0401013215 -0.0365916929 1.2811057856
1023 1.1898538403 1.0907827457 -0.0068441247 0.0582863538 -0.1273842586 -0.2050843837 1.5232300505
