#int double real img int16 real16 img16 error
0 0.0003760791 0.0193927602 0.0000000000 0.0000000009 -0.0000305185 0.0000000000 0.0003772638
1 0.0003762648 0.0193971650 0.0001217077 0.0003755592 0.0193792535 -0.0000610370 0.0000000337
2 0.0003768227 0.0194103921 0.0002435908 0.0003708399 0.0192571795 -0.0000305185 0.0000000986
3 0.0003777551 0.0194324804 0.0003658257 0.0003767393 0.0194097720 0.0000000000 0.0000001343
4 0.0003790663 0.0194634945 0.0004885905 0.0009796482 -0.0312509537 -0.0017395550 0.0025769199
5 0.0003807621 0.0195035259 0.0006120657 0.0003806035 0.0195013276 0.0005493332 0.0000000039
6 0.0003828502 0.0195526933 0.0007364356 0.0003819438 0.0195318461 0.0006714072 0.0000000047
7 0.0003853398 0.0196111435 0.0008618887 0.0003844632 0.0195928831 0.0007629627 0.0000000101
8 0.0003882425 0.0196790524 0.0009886192 0.0012544125 0.0167241432 0.0312204352 0.0009226942
9 0.0003915716 0.0197566269 0.0011168275 0.0003897562 0.0197149571 0.0010376293 0.0000000080
10 0.0003953428 0.0198441057 0.0012467218 0.0003948527 0.0198370312 0.0011597034 0.0000000076
11 0.0003995742 0.0199417619 0.0013785191 0.0003988707 0.0199285867 0.0013122959 0.0000000046
12 0.0004042862 0.0200499047 0.0015124466 0.0012667962 0.0170903653 0.0312204352 0.0008913235
13 0.0004095022 0.0201688822 0.0016487429 0.0004082273 0.0201422163 0.0015869625 0.0000000045
14 0.0004152485 0.0202990841 0.0017876599 0.0004135623 0.0202642903 0.0017090365 0.0000000074
15 0.0004215551 0.0204409453 0.0019294640 0.0004203148 0.0204168828 0.0018616291 0.0000000052
16 0.0004284552 0.0205949497 0.0020744387 0.0018385616 -0.0312509537 -0.0293588061 0.0036760466
17 0.0004359867 0.0207616342 0.0022228861 0.0004342324 0.0207220679 0.0021973327 0.0000000022
18 0.0004441916 0.0209415944 0.0023751297 0.0004438256 0.0209356975 0.0023499252 0.0000000007
19 0.0004531175 0.0211354896 0.0025315166 0.0004522667 0.0211188086 0.0025025178 0.0000000011
20 0.0004628176 0.0213440500 0.0026924210 0.0016013551 -0.0312509537 -0.0249946593 0.0035328088
21 0.0004733518 0.0215680838 0.0028582472 0.0004722885 0.0215460677 0.0028382214 0.0000000009
22 0.0004847875 0.0218084861 0.0030294338 0.0004837585 0.0217902158 0.0029908139 0.0000000018
23 0.0004972007 0.0220662486 0.0032064577 0.0004955870 0.0220343638 0.0031739250 0.0000000021
24 0.0005106770 0.0223424716 0.0033898394 0.0009942978 0.0044251839 0.0312204352 0.0010955713
25 0.0005253136 0.0226383767 0.0035801489 0.0005239354 0.0226142155 0.0035401471 0.0000000022
26 0.0005412202 0.0229553225 0.0037780120 0.0005407896 0.0229499191 0.0037537767 0.0000000006
27 0.0005585220 0.0232948228 0.0039841184 0.0005579605 0.0232856227 0.0039674062 0.0000000004
28 0.0005773613 0.0236585670 0.0041992307 0.0011156528 0.0118717002 0.0312204352 0.0008690757
29 0.0005979012 0.0240484451 0.0044241946 0.0005961806 0.0240180670 0.0043946654 0.0000000018
30 0.0006203285 0.0244665767 0.0046599519 0.0006190926 0.0244453261 0.0046388134 0.0000000009
31 0.0006448585 0.0249153447 0.0049075547 0.0006424888 0.0248725852 0.0048829615 0.0000000024
32 0.0006717399 0.0253974364 0.0051681829 0.0019513377 -0.0312509537 0.0312204352 0.0038877600
33 0.0007012615 0.0259158918 0.0054431648 0.0006992685 0.0258796960 0.0054322947 0.0000000014
34 0.0007337600 0.0264741618 0.0057340020 0.0007326771 0.0264595477 0.0057069613 0.0000000009
35 0.0007696300 0.0270761781 0.0060423994 0.0007689264 0.0270699179 0.0060121464 0.0000000010
36 0.0008093361 0.0277264386 0.0063703013 0.0009795429 -0.0312509537 0.0017090365 0.0035000602
37 0.0008534288 0.0284301115 0.0067199358 0.0008523621 0.0284127323 0.0067140721 0.0000000003
38 0.0009025637 0.0291931626 0.0070938691 0.0009013517 0.0291756951 0.0070802942 0.0000000005
39 0.0009575275 0.0300225145 0.0074950730 0.0009554323 0.0299996948 0.0074465163 0.0000000029
40 0.0010192700 0.0309262438 0.0079270095 0.0000246899 0.0044862209 0.0021362957 0.0007326072
41 0.0010889474 0.0319138309 0.0083937360 0.0010446398 0.0312204352 0.0083620716 0.0000004818
42 0.0011679782 0.0329964763 0.0089000410 0.0010535857 0.0312204352 0.0088808863 0.0000031547
43 0.0012581187 0.0341875076 0.0094516165 0.0010636446 0.0312204352 0.0094302194 0.0000088040
44 0.0013615652 0.0355029077 0.0100552829 0.0015283657 0.0235297708 0.0312204352 0.0005913197
45 0.0014810931 0.0369620083 0.0107192842 0.0010888096 0.0312204352 0.0106814783 0.0000329671
46 0.0016202525 0.0385884135 0.0114536803 0.0011049932 0.0312204352 0.0114139225 0.0000542887
47 0.0017836433 0.0404112465 0.0122708779 0.0011244823 0.0312204352 0.0122379223 0.0000844721
48 0.0019773143 0.0424668603 0.0131863577 0.0019513377 -0.0312509537 0.0312204352 0.0057595441
49 0.0022093495 0.0448012270 0.0142196906 0.0011761031 0.0312204352 0.0141911069 0.0001844387
50 0.0024907546 0.0474733419 0.0153959857 0.0012103629 0.0312204352 0.0153508103 0.0002641590
51 0.0028368276 0.0505601827 0.0167479995 0.0012533927 0.0312204352 0.0166936247 0.0003740288
52 0.0032693486 0.0541641235 0.0183192885 0.0010541287 0.0089114048 0.0312204352 0.0022142481
53 0.0038201952 0.0584243449 0.0201690629 0.0013804244 0.0312204352 0.0201422163 0.0007400534
54 0.0045375573 0.0635350046 0.0223799136 0.0014737710 0.0312204352 0.0223395489 0.0010442330
55 0.0054971357 0.0697753514 0.0250706205 0.0016009751 0.0312204352 0.0250251778 0.0014864836
56 0.0068234808 0.0775620691 0.0284184136 0.0015633707 0.0242622150 0.0312204352 0.0028487258
57 0.0087335347 0.0875456815 0.0326999746 0.0019494311 0.0312204352 0.0312204352 0.0031747224
58 0.0116333668 0.1008013479 0.0383725817 0.0019494311 0.0312204352 0.0312204352 0.0048926566
59 0.0163579497 0.1192428987 0.0462501984 0.0019494311 0.0312204352 0.0312204352 0.0079738479
60 0.0248594215 0.1466386669 0.0579355062 0.0019494311 0.0312204352 0.0312204352 0.0140350632
61 0.0426427303 0.1915758463 0.0770806424 0.0019494311 0.0312204352 0.0312204352 0.0278170165
62 0.0907622072 0.2787830005 0.1142026523 0.0019494311 0.0312204352 0.0312204352 0.0681732721
63 0.3182443699 0.5206786871 0.2171130458 0.0019494311 0.0312204352 0.0312204352 0.2741254430
64 24.3528388416 4.5427618232 1.9277328289 0.0001132930 -0.0040894803 0.0098269601 24.3522196973
65 0.5171140129 -0.6601977136 -0.2850491042 0.0019532442 -0.0312509537 -0.0312509537 0.4599875280
66 0.1105899469 -0.3044768204 -0.1337303735 0.0019532442 -0.0312509537 -0.0312509537 0.0851544057
67 0.0463152541 -0.1964960089 -0.0877756946 0.0019532442 -0.0312509537 -0.0312509537 0.0305009746
68 0.0251214411 -0.1443075061 -0.0655498651 0.0019532442 -0.0312509537 -0.0312509537 0.0139581994
69 0.0156451234 -0.1135561371 -0.0524416543 0.0019532442 -0.0312509537 -0.0312509537 0.0072231890
70 0.0106207453 -0.0932894421 -0.0437929826 0.0019532442 -0.0312509537 -0.0312509537 0.0040060765
71 0.0076480168 -0.0789300899 -0.0376571064 0.0019532442 -0.0312509537 -0.0312509537 0.0023143388
72 0.0057489270 -0.0682266340 -0.0330764788 0.0018601994 -0.0297250282 -0.0312509537 0.0014857062
73 0.0044648701 -0.0599427121 -0.0295252673 0.0018493470 -0.0312509537 -0.0295419172 0.0008232173
74 0.0035578608 -0.0533429228 -0.0266906980 0.0016897095 -0.0312509537 -0.0267036958 0.0004880553
75 0.0028945393 -0.0479624353 -0.0243750705 0.0015712157 -0.0312509537 -0.0243842891 0.0002792737
76 0.0023955252 -0.0434930360 -0.0224472940 0.0010881231 -0.0105594043 -0.0312509537 0.0011621285
77 0.0020112085 -0.0397222918 -0.0208170129 0.0014098290 -0.0312509537 -0.0208136235 0.0000717636
78 0.0017093125 -0.0364990273 -0.0194199250 0.0013545470 -0.0312509537 -0.0194402905 0.0000275427
79 0.0014681166 -0.0337127297 -0.0182090219 0.0013085741 -0.0312509537 -0.0182195502 0.0000060605
80 0.0012725777 -0.0312807390 -0.0171491413 0.0019532442 -0.0312509537 -0.0312509537 0.0001988620
81 0.0011120154 -0.0291399942 -0.0162134563 0.0011130440 -0.0291451765 -0.0162358470 0.0000000005
82 0.0009786816 -0.0272415495 -0.0153811437 0.0009793129 -0.0272530290 -0.0153813288 0.0000000001
83 0.0008668472 -0.0255468351 -0.0146357930 0.0008670854 -0.0255439924 -0.0146488845 0.0000000002
84 0.0007722044 -0.0240250461 -0.0139642967 0.0004424313 -0.0127567370 -0.0167241432 0.0001345915
85 0.0006914649 -0.0226512823 -0.0133560583 0.0006914635 -0.0226447340 -0.0133671072 0.0000000002
86 0.0006220845 -0.0214051987 -0.0128024192 0.0006232828 -0.0214239937 -0.0128177740 0.0000000006
87 0.0005620707 -0.0202700093 -0.0122962344 0.0005619059 -0.0202642903 -0.0122989593 0.0000000000
88 0.0005098456 -0.0192317417 -0.0118315555 0.0014111004 0.0208441420 -0.0312509537 0.0019831895
89 0.0004641472 -0.0182786716 -0.0114033907 0.0004644575 -0.0182805872 -0.0114139225 0.0000000001
90 0.0004239564 -0.0174008881 -0.0110075195 0.0004239835 -0.0173955504 -0.0110171819 0.0000000001
91 0.0003884437 -0.0165899564 -0.0106403491 0.0003897227 -0.0166020692 -0.0106814783 0.0000000018
92 0.0003569283 -0.0158386531 -0.0102988023 0.0011771444 0.0141605884 -0.0312509537 0.0013389471
93 0.0003288474 -0.0151407560 -0.0099802277 0.0003296506 -0.0151676992 -0.0099795526 0.0000000007
94 0.0003037330 -0.0144908769 -0.0096823288 0.0003037359 -0.0144962920 -0.0096743675 0.0000000001
95 0.0002811929 -0.0138843262 -0.0094031064 0.0002811732 -0.0138859218 -0.0093997009 0.0000000000
96 0.0002608970 -0.0133170036 -0.0091408117 0.0019513377 0.0312204352 -0.0312509537 0.0024724418
97 0.0002425657 -0.0127853081 -0.0088939089 0.0002437085 -0.0128177740 -0.0089114048 0.0000000014
98 0.0002259610 -0.0122860645 -0.0086610429 0.0002263857 -0.0122989593 -0.0086672567 0.0000000002
99 0.0002108795 -0.0118164623 -0.0084410143 0.0002116774 -0.0118411817 -0.0084536271 0.0000000008
100 0.0001971463 -0.0113740049 -0.0082327568 0.0009863122 -0.0031128880 -0.0312509537 0.0005980834
101 0.0001846105 -0.0109564669 -0.0080353200 0.0001856202 -0.0109866634 -0.0080568865 0.0000000014
102 0.0001731417 -0.0105618583 -0.0078478534 0.0001741428 -0.0105899228 -0.0078737754 0.0000000015
103 0.0001626261 -0.0101883943 -0.0076695940 0.0001630473 -0.0101931822 -0.0076906644 0.0000000005
104 0.0001529646 -0.0098344695 -0.0074998552 0.0016228960 0.0254219184 -0.0312509537 0.0018071276
105 0.0001440706 -0.0094986360 -0.0073380174 0.0001447596 -0.0095217750 -0.0073549608 0.0000000008
106 0.0001358677 -0.0091795844 -0.0071835201 0.0001362580 -0.0091860714 -0.0072023682 0.0000000004
107 0.0001282889 -0.0088761279 -0.0070358549 0.0001291125 -0.0089114048 -0.0070497757 0.0000000014
108 0.0001212748 -0.0085871882 -0.0068945598 0.0010913690 0.0107119968 -0.0312509537 0.0009656925
109 0.0001147727 -0.0083117832 -0.0067592135 0.0001152237 -0.0083010346 -0.0068056276 0.0000000023
110 0.0001087360 -0.0080490170 -0.0066294318 0.0001091763 -0.0080568865 -0.0066530351 0.0000000006
111 0.0001031231 -0.0077980701 -0.0065048629 0.0001032946 -0.0078127384 -0.0065004425 0.0000000002
112 0.0000978968 -0.0075581919 -0.0063851843 0.0019513377 0.0312204352 -0.0312509537 0.0021220884
113 0.0000930239 -0.0073286934 -0.0062700999 0.0000936195 -0.0073549608 -0.0062868130 0.0000000010
114 0.0000884745 -0.0071089411 -0.0061593371 0.0000890026 -0.0071413312 -0.0061647389 0.0000000011
115 0.0000842218 -0.0068983515 -0.0060526449 0.0000844547 -0.0068971831 -0.0060731834 0.0000000004
116 0.0000802416 -0.0066963862 -0.0059497914 0.0017752576 0.0282601398 -0.0312509537 0.0018621075
117 0.0000765122 -0.0065025478 -0.0058505621 0.0000765901 -0.0065004425 -0.0058595538 0.0000000001
118 0.0000730139 -0.0063163760 -0.0057547585 0.0000731785 -0.0063173315 -0.0057679983 0.0000000002
119 0.0000697287 -0.0061374443 -0.0056621964 0.0000698805 -0.0061647389 -0.0056459243 0.0000000010
120 0.0000666405 -0.0059653568 -0.0055727048 0.0017176872 0.0272225105 -0.0312509537 0.0017608070
121 0.0000637346 -0.0057997455 -0.0054861247 0.0000641357 -0.0057985168 -0.0055238502 0.0000000014
122 0.0000609976 -0.0056402682 -0.0054023079 0.0000610556 -0.0056459243 -0.0054017762 0.0000000000
123 0.0000584171 -0.0054866059 -0.0053211162 0.0000590364 -0.0055238502 -0.0053407392 0.0000000018
124 0.0000559821 -0.0053384612 -0.0052424206 0.0017327169 0.0274971770 -0.0312509537 0.0017546229
125 0.0000536824 -0.0051955563 -0.0051661007 0.0000541513 -0.0052186651 -0.0051881466 0.0000000010
126 0.0000515085 -0.0050576314 -0.0050920437 0.0002638346 -0.0150151067 -0.0061952574 0.0001003684
127 0.0000494520 -0.0049244436 -0.0050201437 0.0011385787 -0.0312509537 -0.0127262185 0.0007524687
128 0.0000475048 -0.0047957649 -0.0049503018 0.0002512638 -0.0091555528 0.0129398480 0.0003390652
129 0.0000456599 -0.0046713819 -0.0048824249 0.0016978823 -0.0268562883 -0.0312509537 0.0011874694
130 0.0000439104 -0.0045510941 -0.0048164256 0.0009984248 -0.0046693319 -0.0312509537 0.0006987983
131 0.0000422503 -0.0044347130 -0.0047522215 0.0000425193 -0.0044557024 -0.0047608875 0.0000000005
132 0.0000406738 -0.0043220614 -0.0046897353 0.0010630700 -0.0093997009 0.0312204352 0.0013153228
133 0.0000391758 -0.0042129724 -0.0046288940 0.0000395138 -0.0042420728 -0.0046388134 0.0000000009
134 0.0000377513 -0.0041072889 -0.0045696286 0.0000382108 -0.0041199988 -0.0046082949 0.0000000017
135 0.0000363959 -0.0040048627 -0.0045118743 0.0000363843 -0.0039979247 -0.0045167394 0.0000000001
136 0.0000351055 -0.0039055537 -0.0044555696 0.0019513377 -0.0312509537 0.0312204352 0.0020205482
137 0.0000338760 -0.0038092299 -0.0044006565 0.0000341351 -0.0038148137 -0.0044251839 0.0000000006
138 0.0000327040 -0.0037157664 -0.0043470798 0.0000329084 -0.0037232582 -0.0043641469 0.0000000003
139 0.0000315862 -0.0036250449 -0.0042947877 0.0000317060 -0.0036317026 -0.0043031098 0.0000000001
140 0.0000305193 -0.0035369537 -0.0042437308 0.0019513377 -0.0312509537 0.0312204352 0.0020257729
141 0.0000295005 -0.0034513866 -0.0041938622 0.0000296300 -0.0034485916 -0.0042115543 0.0000000003
142 0.0000285272 -0.0033682433 -0.0041451375 0.0000287023 -0.0033875546 -0.0041505173 0.0000000004
143 0.0000275968 -0.0032874285 -0.0040975145 0.0000275875 -0.0032959990 -0.0040894803 0.0000000001
144 0.0000267069 -0.0032088516 -0.0040509531 0.0002489484 -0.0000305185 0.0157780694 0.0004032919
145 0.0000258554 -0.0031324266 -0.0040054152 0.0000261094 -0.0031434065 -0.0040284433 0.0000000007
146 0.0000250403 -0.0030580720 -0.0039608644 0.0000250541 -0.0030518509 -0.0039674062 0.0000000001
147 0.0000242594 -0.0029857100 -0.0039172661 0.0000246275 -0.0030213324 -0.0039368877 0.0000000017
148 0.0000235112 -0.0029152666 -0.0038745874 0.0007670934 0.0009460738 0.0276802881 0.0010106201
149 0.0000227939 -0.0028466715 -0.0038327968 0.0000230162 -0.0028687399 -0.0038453322 0.0000000006
150 0.0000221058 -0.0027798576 -0.0037918644 0.0000224360 -0.0028077029 -0.0038148137 0.0000000013
151 0.0000214456 -0.0027147610 -0.0037517615 0.0000218651 -0.0027466659 -0.0037842952 0.0000000021
152 0.0000208119 -0.0026513206 -0.0037124609 0.0018729453 -0.0312509537 0.0299386578 0.0019503368
153 0.0000202032 -0.0025894782 -0.0036739362 0.0000201411 -0.0025940733 -0.0036622211 0.0000000002
154 0.0000196184 -0.0025291784 -0.0036361627 0.0000199837 -0.0025635548 -0.0036622211 0.0000000019
155 0.0000190564 -0.0024703680 -0.0035991163 0.0000194519 -0.0025025178 -0.0036317026 0.0000000021
156 0.0000185159 -0.0024129962 -0.0035627742 0.0015534896 -0.0312509537 0.0240180670 0.0015923306
157 0.0000179961 -0.0023570147 -0.0035271145 0.0000181992 -0.0023804437 -0.0035401471 0.0000000007
158 0.0000174958 -0.0023023770 -0.0034921162 0.0000176971 -0.0023194067 -0.0035096286 0.0000000006
159 0.0000170143 -0.0022490387 -0.0034577591 0.0000169930 -0.0022583697 -0.0034485916 0.0000000002
160 0.0000165506 -0.0021969572 -0.0034240240 0.0009874857 0.0032959990 -0.0312509537 0.0008045106
161 0.0000161039 -0.0021460919 -0.0033908924 0.0000161706 -0.0021668142 -0.0033875546 0.0000000004
162 0.0000156734 -0.0020964036 -0.0033583464 0.0000157040 -0.0021057772 -0.0033570360 0.0000000001
163 0.0000152584 -0.0020478551 -0.0033263691 0.0000153724 -0.0020752586 -0.0033265175 0.0000000008
164 0.0000148583 -0.0020004103 -0.0032949439 0.0010058013 -0.0312509537 0.0054017762 0.0009312272
165 0.0000144723 -0.0019540349 -0.0032640552 0.0000145984 -0.0019837031 -0.0032654805 0.0000000009
166 0.0000140999 -0.0019086958 -0.0032336878 0.0000142799 -0.0019531846 -0.0032349620 0.0000000020
167 0.0000137404 -0.0018643612 -0.0032038270 0.0000138487 -0.0018921476 -0.0032044435 0.0000000008
168 0.0000133932 -0.0018210006 -0.0031744590 0.0019532442 -0.0312509537 -0.0312509537 0.0016544117
169 0.0000130580 -0.0017785848 -0.0031455702 0.0000133159 -0.0018005921 -0.0031739250 0.0000000013
170 0.0000127341 -0.0017370856 -0.0031171475 0.0000130142 -0.0017700735 -0.0031434065 0.0000000018
171 0.0000124211 -0.0016964758 -0.0030891785 0.0000127161 -0.0017395550 -0.0031128880 0.0000000024
172 0.0000121185 -0.0016567294 -0.0030616511 0.0008770362 -0.0287484359 0.0071108127 0.0008374396
173 0.0000118259 -0.0016178213 -0.0030345536 0.0000120297 -0.0016479995 -0.0030518509 0.0000000012
174 0.0000115428 -0.0015797273 -0.0030078748 0.0000117447 -0.0016174810 -0.0030213324 0.0000000016
175 0.0000112690 -0.0015424243 -0.0029816038 0.0000112734 -0.0015259255 -0.0029908139 0.0000000004
176 0.0000110040 -0.0015058897 -0.0029557304 0.0009810564 -0.0312509537 0.0021057772 0.0009103877
177 0.0000107475 -0.0014701021 -0.0029302442 0.0000108198 -0.0014954070 -0.0029297769 0.0000000006
178 0.0000104992 -0.0014350405 -0.0029051356 0.0000107295 -0.0014648885 -0.0029297769 0.0000000015
179 0.0000102586 -0.0014006849 -0.0028803952 0.0000103765 -0.0014038514 -0.0028992584 0.0000000004
180 0.0000100255 -0.0013670160 -0.0028560139 0.0009767795 -0.0312509537 0.0003967406 0.0009036301
181 0.0000097997 -0.0013340151 -0.0028319829 0.0000098587 -0.0013428144 -0.0028382214 0.0000000001
182 0.0000095808 -0.0013016641 -0.0028082936 0.0000096053 -0.0013122959 -0.0028077029 0.0000000001
183 0.0000093686 -0.0012699456 -0.0027849379 0.0000093557 -0.0012817774 -0.0027771844 0.0000000002
184 0.0000091629 -0.0012388429 -0.0027619078 0.0009766230 -0.0312509537 -0.0000305185 0.0009081873
185 0.0000089633 -0.0012083398 -0.0027391956 0.0000090344 -0.0012207404 -0.0027466659 0.0000000002
186 0.0000087696 -0.0011784204 -0.0027167938 0.0000014176 -0.0011902219 -0.0000305185 0.0000072162
187 0.0000085817 -0.0011490697 -0.0026946952 0.0000013458 -0.0011597034 -0.0000305185 0.0000070980
188 0.0000083994 -0.0011202731 -0.0026728928 0.0009766230 -0.0312509537 -0.0000305185 0.0009148401
189 0.0000082223 -0.0010920162 -0.0026513799 0.0000002701 0.0005188147 -0.0000305185 0.0000094637
190 0.0000080504 -0.0010642856 -0.0026301499 0.0000036976 -0.0019226661 -0.0000305185 0.0000074949
191 0.0000078834 -0.0010370678 -0.0026091964 0.0000000009 0.0000000000 -0.0000305185 0.0000077251
192 0.0000077212 -0.0010103500 -0.0025885133 0.0008530038 -0.0292062136 -0.0000305185 0.0008015501
193 0.0000075636 -0.0009841199 -0.0025680945 0.0009830384 -0.0312509537 -0.0025330363 0.0009160825
194 0.0000074104 -0.0009583654 -0.0025479342 0.0009777630 -0.0312509537 -0.0010681478 0.0009198307
195 0.0000072615 -0.0009330748 -0.0025280269 0.0000295108 -0.0054322947 -0.0000305185 0.0000264805
196 0.0000071168 -0.0009082370 -0.0025083670 0.0005339645 -0.0231025117 0.0004882962 0.0005015658
197 0.0000069760 -0.0008838409 -0.0024889492 0.0000008392 -0.0009155553 -0.0000305185 0.0000060449
198 0.0000068391 -0.0008598759 -0.0024697684 0.0000007842 -0.0008850368 -0.0000305185 0.0000059506
199 0.0000067060 -0.0008363318 -0.0024508196 0.0000068410 -0.0008545183 -0.0024719993 0.0000000008
200 0.0000065764 -0.0008131987 -0.0024320979 0.0009747165 0.0312204352 -0.0000305185 0.0010319213
201 0.0000064503 -0.0007904669 -0.0024135985 0.0000066398 -0.0008239998 -0.0024414808 0.0000000019
202 0.0000063276 -0.0007681270 -0.0023953170 0.0000064424 -0.0007934812 -0.0024109622 0.0000000009
203 0.0000062081 -0.0007461699 -0.0023772487 0.0000062030 -0.0007324442 -0.0023804437 0.0000000002
204 0.0000060917 -0.0007245869 -0.0023593894 0.0009758565 0.0312204352 -0.0010681478 0.0010221517
205 0.0000059785 -0.0007033693 -0.0023417348 0.0000060148 -0.0007019257 -0.0023499252 0.0000000001
206 0.0000058681 -0.0006825090 -0.0023242809 0.0000060148 -0.0007019257 -0.0023499252 0.0000000010
207 0.0000057606 -0.0006619978 -0.0023070236 0.0000058304 -0.0006714072 -0.0023194067 0.0000000002
208 0.0000056559 -0.0006418278 -0.0022899590 0.0009455932 -0.0303353984 0.0050355541 0.0009353713
209 0.0000055538 -0.0006219916 -0.0022730833 0.0000056497 -0.0006408887 -0.0022888882 0.0000000006
210 0.0000054543 -0.0006024816 -0.0022563930 0.0000056116 -0.0006103702 -0.0022888882 0.0000000011
211 0.0000053573 -0.0005832908 -0.0022398842 0.0000054365 -0.0005798517 -0.0022583697 0.0000000004
212 0.0000052628 -0.0005644121 -0.0022235537 0.0016767298 -0.0312509537 0.0264595477 0.0017643841
213 0.0000051705 -0.0005458388 -0.0022073979 0.0000052651 -0.0005493332 -0.0022278512 0.0000000004
214 0.0000050806 -0.0005275643 -0.0021914136 0.0000052651 -0.0005493332 -0.0022278512 0.0000000018
215 0.0000049929 -0.0005095822 -0.0021755974 0.0000050974 -0.0005188147 -0.0021973327 0.0000000006
216 0.0000049073 -0.0004918862 -0.0021599463 0.0009751263 0.0312204352 -0.0006408887 0.0010079789
217 0.0000048238 -0.0004744703 -0.0021444572 0.0000049335 -0.0004882962 -0.0021668142 0.0000000007
218 0.0000047423 -0.0004573286 -0.0021291270 0.0000048022 -0.0004882962 -0.0021362957 0.0000000010
219 0.0000046628 -0.0004404553 -0.0021139529 0.0000047733 -0.0004577776 -0.0021362957 0.0000000008
220 0.0000045852 -0.0004238448 -0.0020989321 0.0010441304 0.0312204352 -0.0083315531 0.0010402060
221 0.0000045094 -0.0004074918 -0.0020840616 0.0000044892 -0.0004272591 -0.0020752586 0.0000000005
222 0.0000044354 -0.0003913909 -0.0020693388 0.0000044892 -0.0004272591 -0.0020752586 0.0000000013
223 0.0000043631 -0.0003755370 -0.0020547611 0.0000044641 -0.0003967406 -0.0020752586 0.0000000009
224 0.0000042925 -0.0003599251 -0.0020403259 0.0002616254 -0.0000305185 0.0161748100 0.0003318997
225 0.0000042235 -0.0003445502 -0.0020260306 0.0000043151 -0.0003662221 -0.0020447401 0.0000000008
226 0.0000041561 -0.0003294076 -0.0020118728 0.0000042937 -0.0003357036 -0.0020447401 0.0000000011
227 0.0000040903 -0.0003144927 -0.0019978501 0.0000041698 -0.0003357036 -0.0020142216 0.0000000007
228 0.0000040260 -0.0002998010 -0.0019839601 0.0000654071 -0.0080874050 -0.0000305185 0.0000644627
229 0.0000039631 -0.0002853279 -0.0019702006 0.0000040282 -0.0003051851 -0.0019837031 0.0000000006
230 0.0000039016 -0.0002710694 -0.0019565693 0.0000040105 -0.0002746666 -0.0019837031 0.0000000007
231 0.0000038416 -0.0002570211 -0.0019430639 0.0000038904 -0.0002746666 -0.0019531846 0.0000000004
232 0.0000037828 -0.0002431790 -0.0019296824 0.0009747165 0.0312204352 -0.0000305185 0.0009935658
233 0.0000037254 -0.0002295391 -0.0019164227 0.0000038745 -0.0002441481 -0.0019531846 0.0000000016
234 0.0000036692 -0.0002160976 -0.0019032828 0.0000037563 -0.0002441481 -0.0019226661 0.0000000012
235 0.0000036142 -0.0002028505 -0.0018902605 0.0000036259 -0.0002136296 -0.0018921476 0.0000000001
236 0.0000035605 -0.0001897944 -0.0018773540 0.0003541030 0.0184331797 -0.0037842952 0.0003504516
237 0.0000035079 -0.0001769255 -0.0018645614 0.0000036138 -0.0001831111 -0.0018921476 0.0000000008
238 0.0000034564 -0.0001642403 -0.0018518808 0.0000034992 -0.0001831111 -0.0018616291 0.0000000005
239 0.0000034061 -0.0001517354 -0.0018393103 0.0000034992 -0.0001831111 -0.0018616291 0.0000000015
240 0.0000033568 -0.0001394075 -0.0018268482 0.0002858562 -0.0000305185 0.0169072542 0.0003509785
241 0.0000033086 -0.0001272532 -0.0018144927 0.0000033763 -0.0001525925 -0.0018311106 0.0000000009
242 0.0000032614 -0.0001152695 -0.0018022422 0.0000033763 -0.0001525925 -0.0018311106 0.0000000022
243 0.0000032151 -0.0001034531 -0.0017900948 0.0000032570 -0.0001220740 -0.0018005921 0.0000000005
244 0.0000031699 -0.0000918011 -0.0017780491 0.0009749540 0.0312204352 0.0004882962 0.0009855925
245 0.0000031256 -0.0000803104 -0.0017661033 0.0000032505 -0.0000915555 -0.0018005921 0.0000000013
246 0.0000030822 -0.0000689782 -0.0017542559 0.0000031415 -0.0000915555 -0.0017700735 0.0000000008
247 0.0000030397 -0.0000578017 -0.0017425054 0.0000031369 -0.0000610370 -0.0017700735 0.0000000008
248 0.0000029980 -0.0000467780 -0.0017308503 0.0009874652 0.0312204352 0.0035706656 0.0010057447
249 0.0000029572 -0.0000359044 -0.0017192890 0.0000030270 -0.0000305185 -0.0017395550 0.0000000004
250 0.0000029173 -0.0000251784 -0.0017078201 0.0000030270 -0.0000305185 -0.0017395550 0.0000000010
251 0.0000028781 -0.0000145972 -0.0016964423 0.0000029217 -0.0000305185 -0.0017090365 0.0000000004
252 0.0000028398 -0.0000041585 -0.0016851541 0.0011358964 0.0312204352 0.0126956999 0.0011817842
253 0.0000028022 0.0000061403 -0.0016739541 0.0000045936 0.0020142216 -0.0007324442 0.0000049188
254 0.0000027653 0.0000163015 -0.0016628411 0.0001137447 0.0100711081 0.0035096286 0.0001278536
255 0.0000027292 0.0000263277 -0.0016518136 0.0013502710 0.0312204352 0.0193792535 0.0014153781
256 0.0000026938 0.0000362210 -0.0016408705 0.0000000000 0.0000000000 0.0000000000 0.0000026938
257 0.0000026590 0.0000459836 -0.0016300105 0.0000027196 0.0000610370 -0.0016479995 0.0000000006
258 0.0000026250 0.0000556180 -0.0016192323 0.0000027168 0.0000305185 -0.0016479995 0.0000000015
259 0.0000025916 0.0000651261 -0.0016085348 0.0000027159 0.0000000000 -0.0016479995 0.0000000058
260 0.0000025589 0.0000745101 -0.0015979167 0.0009614257 0.0000610370 -0.0310068056 0.0008648829
261 0.0000025268 0.0000837720 -0.0015873769 0.0000025268 0.0000915555 -0.0015869625 0.0000000001
262 0.0000024953 0.0000929140 -0.0015769142 0.0000025222 0.0000610370 -0.0015869625 0.0000000011
263 0.0000024644 0.0001019379 -0.0015665275 0.0000025222 0.0000610370 -0.0015869625 0.0000000021
264 0.0000024341 0.0001108457 -0.0015562158 0.0008647979 -0.0273751030 -0.0107425153 0.0008398655
265 0.0000024044 0.0001196393 -0.0015459779 0.0000024309 0.0000915555 -0.0015564440 0.0000000009
266 0.0000023752 0.0001283205 -0.0015358128 0.0000024374 0.0001220740 -0.0015564440 0.0000000005
267 0.0000023466 0.0001368913 -0.0015257194 0.0000024374 0.0001220740 -0.0015564440 0.0000000012
268 0.0000023185 0.0001453533 -0.0015156968 0.0007961776 -0.0271309549 -0.0077517014 0.0007828847
269 0.0000022909 0.0001537082 -0.0015057439 0.0000023434 0.0001220740 -0.0015259255 0.0000000014
270 0.0000022638 0.0001619579 -0.0014958597 0.0000022595 0.0001525925 -0.0014954070 0.0000000001
271 0.0000022373 0.0001701039 -0.0014860434 0.0000022595 0.0001525925 -0.0014954070 0.0000000004
272 0.0000022112 0.0001781480 -0.0014762939 0.0019532442 -0.0312509537 -0.0312509537 0.0018743188
273 0.0000021856 0.0001860916 -0.0014666102 0.0000021794 0.0001831111 -0.0014648885 0.0000000000
274 0.0000021604 0.0001939365 -0.0014569916 0.0000021794 0.0001831111 -0.0014648885 0.0000000002
275 0.0000021358 0.0002016840 -0.0014474371 0.0000021794 0.0001831111 -0.0014648885 0.0000000006
276 0.0000021115 0.0002093358 -0.0014379458 0.0016136195 -0.0312509537 -0.0252388073 0.0015562308
277 0.0000020877 0.0002168932 -0.0014285168 0.0000021031 0.0002136296 -0.0014343699 0.0000000000
278 0.0000020643 0.0002243578 -0.0014191494 0.0000021031 0.0002136296 -0.0014343699 0.0000000003
279 0.0000020414 0.0002317310 -0.0014098426 0.0000021031 0.0002136296 -0.0014343699 0.0000000009
280 0.0000020188 0.0002390141 -0.0014005956 0.0005032895 -0.0203558458 -0.0094302194 0.0004886231
281 0.0000019966 0.0002462085 -0.0013914077 0.0000021031 0.0002136296 -0.0014343699 0.0000000029
282 0.0000019749 0.0002533156 -0.0013822781 0.0000020304 0.0002441481 -0.0014038514 0.0000000005
283 0.0000019535 0.0002603366 -0.0013732059 0.0000019457 0.0002441481 -0.0013733329 0.0000000003
284 0.0000019325 0.0002672729 -0.0013641904 0.0002852722 -0.0160832545 -0.0051576281 0.0002817299
285 0.0000019118 0.0002741257 -0.0013552308 0.0000019615 0.0002746666 -0.0013733329 0.0000000003
286 0.0000018915 0.0002808962 -0.0013463265 0.0000018786 0.0002746666 -0.0013428144 0.0000000001
287 0.0000018715 0.0002875856 -0.0013374766 0.0000018786 0.0002746666 -0.0013428144 0.0000000002
288 0.0000018519 0.0002941952 -0.0013286805 0.0013389976 -0.0221259194 -0.0291451765 0.0012764190
289 0.0000018327 0.0003007260 -0.0013199374 0.0000018786 0.0002746666 -0.0013428144 0.0000000012
290 0.0000018137 0.0003071793 -0.0013112467 0.0000018153 0.0003051851 -0.0013122959 0.0000000000
291 0.0000017951 0.0003135562 -0.0013026077 0.0000018153 0.0003051851 -0.0013122959 0.0000000002
292 0.0000017768 0.0003198577 -0.0012940197 0.0015374764 -0.0236823634 -0.0312509537 0.0014735245
293 0.0000017588 0.0003260849 -0.0012854820 0.0000017361 0.0003051851 -0.0012817774 0.0000000005
294 0.0000017411 0.0003322389 -0.0012769940 0.0000017557 0.0003357036 -0.0012817774 0.0000000000
295 0.0000017237 0.0003383207 -0.0012685551 0.0000017557 0.0003357036 -0.0012817774 0.0000000002
296 0.0000017066 0.0003443314 -0.0012601646 0.0011553017 -0.0133671072 -0.0312509537 0.0010874510
297 0.0000016897 0.0003502719 -0.0012518220 0.0000016783 0.0003357036 -0.0012512589 0.0000000002
298 0.0000016732 0.0003561432 -0.0012435265 0.0000016783 0.0003357036 -0.0012512589 0.0000000005
299 0.0000016569 0.0003619463 -0.0012352777 0.0000016783 0.0003357036 -0.0012512589 0.0000000009
300 0.0000016409 0.0003676821 -0.0012270748 0.0001002202 -0.0064088870 -0.0076906644 0.0000876999
301 0.0000016252 0.0003733516 -0.0012189174 0.0000016243 0.0003662221 -0.0012207404 0.0000000001
302 0.0000016097 0.0003789557 -0.0012108049 0.0000016243 0.0003662221 -0.0012207404 0.0000000003
303 0.0000015944 0.0003844952 -0.0012027366 0.0000016243 0.0003662221 -0.0012207404 0.0000000007
304 0.0000015794 0.0003899710 -0.0011947121 0.0009766230 -0.0312509537 -0.0000305185 0.0010025035
305 0.0000015647 0.0003953840 -0.0011867308 0.0000015507 0.0003662221 -0.0011902219 0.0000000009
306 0.0000015501 0.0004007351 -0.0011787922 0.0000015740 0.0003967406 -0.0011902219 0.0000000001
307 0.0000015359 0.0004060250 -0.0011708957 0.0000015507 0.0003662221 -0.0011902219 0.0000000020
308 0.0000015218 0.0004112547 -0.0011630408 0.0002608477 -0.0004577776 -0.0161442915 0.0002251931
309 0.0000015080 0.0004164248 -0.0011552270 0.0000015023 0.0003967406 -0.0011597034 0.0000000004
310 0.0000014943 0.0004215362 -0.0011474538 0.0000015023 0.0003967406 -0.0011597034 0.0000000008
311 0.0000014809 0.0004265896 -0.0011397207 0.0000015023 0.0003967406 -0.0011597034 0.0000000013
312 0.0000014678 0.0004315859 -0.0011320272 0.0003390668 0.0058595538 -0.0174565874 0.0002959541
313 0.0000014548 0.0004365257 -0.0011243728 0.0000015275 0.0004272591 -0.0011597034 0.0000000013
314 0.0000014420 0.0004414097 -0.0011167570 0.0000012751 0.0000000000 -0.0011291849 0.0000001950
315 0.0000014294 0.0004462388 -0.0011091795 0.0000012751 0.0000000000 -0.0011291849 0.0000001995
316 0.0000014170 0.0004510136 -0.0011016396 0.0000855090 0.0000000000 -0.0092471084 0.0000665521
317 0.0000014048 0.0004557348 -0.0010941369 0.0000004927 0.0000000000 0.0007019257 0.0000034335
318 0.0000013928 0.0004604031 -0.0010866711 0.0000218027 0.0000000000 0.0046693319 0.0000333435
319 0.0000013810 0.0004650192 -0.0010792416 0.0009747156 0.0000000000 0.0312204352 0.0010434854
320 0.0000013694 0.0004695837 -0.0010718481 0.0001138937 -0.0098574786 -0.0040894803 0.0001157543
321 0.0000013579 0.0004740972 -0.0010644900 0.0019532442 -0.0312509537 -0.0312509537 0.0019177014
322 0.0000013466 0.0004785604 -0.0010571670 0.0019532442 -0.0312509537 -0.0312509537 0.0019184268
323 0.0000013355 0.0004829740 -0.0010498786 0.0019532442 -0.0312509537 -0.0312509537 0.0019191471
324 0.0000013246 0.0004873385 -0.0010426245 0.0019532442 -0.0312509537 -0.0312509537 0.0019198623
325 0.0000013138 0.0004916546 -0.0010354042 0.0009766305 -0.0312509537 0.0000915555 0.0010088632
326 0.0000013032 0.0004959228 -0.0010282172 0.0009776988 -0.0312509537 -0.0010376293 0.0010078643
327 0.0000012927 0.0005001438 -0.0010210634 0.0000012862 0.0004577776 -0.0010376293 0.0000000021
328 0.0000012824 0.0005043180 -0.0010139421 0.0009883053 -0.0034180731 -0.0312509537 0.0009296620
329 0.0000012723 0.0005084462 -0.0010068531 0.0000012527 0.0004882962 -0.0010071108 0.0000000004
330 0.0000012623 0.0005125287 -0.0009997959 0.0000012527 0.0004882962 -0.0010071108 0.0000000006
331 0.0000012524 0.0005165662 -0.0009927703 0.0000012527 0.0004882962 -0.0010071108 0.0000000010
332 0.0000012427 0.0005205592 -0.0009857757 0.0000644002 0.0009765923 0.0079653310 0.0000803303
333 0.0000012332 0.0005245083 -0.0009788119 0.0000012834 0.0005188147 -0.0010071108 0.0000000008
334 0.0000012238 0.0005284139 -0.0009718785 0.0000012229 0.0005188147 -0.0009765923 0.0000000001
335 0.0000012145 0.0005322766 -0.0009649751 0.0000012229 0.0005188147 -0.0009765923 0.0000000003
336 0.0000012054 0.0005360969 -0.0009581014 0.0019532442 -0.0312509537 -0.0312509537 0.0019280735
337 0.0000011964 0.0005398752 -0.0009512570 0.0000011642 0.0005188147 -0.0009460738 0.0000000005
338 0.0000011875 0.0005436121 -0.0009444417 0.0000012229 0.0005188147 -0.0009765923 0.0000000016
339 0.0000011787 0.0005473079 -0.0009376549 0.0000011642 0.0005188147 -0.0009460738 0.0000000009
340 0.0000011701 0.0005509633 -0.0009308965 0.0001677908 -0.0106204413 -0.0074159978 0.0001668568
341 0.0000011616 0.0005545787 -0.0009241661 0.0000011400 0.0005493332 -0.0009155553 0.0000000001
342 0.0000011533 0.0005581545 -0.0009174633 0.0000011400 0.0005493332 -0.0009155553 0.0000000001
343 0.0000011450 0.0005616911 -0.0009107879 0.0000011400 0.0005493332 -0.0009155553 0.0000000002
344 0.0000011369 0.0005651890 -0.0009041395 0.0000240892 -0.0048219245 0.0009155553 0.0000323323
345 0.0000011289 0.0005686487 -0.0008975178 0.0000011400 0.0005493332 -0.0009155553 0.0000000007
346 0.0000011210 0.0005720705 -0.0008909226 0.0000011400 0.0005493332 -0.0009155553 0.0000000011
347 0.0000011132 0.0005754549 -0.0008843534 0.0000010851 0.0005493332 -0.0008850368 0.0000000007
348 0.0000011056 0.0005788023 -0.0008778100 0.0000118965 -0.0017700735 0.0029602954 0.0000202483
349 0.0000010980 0.0005821132 -0.0008712921 0.0000011195 0.0005798517 -0.0008850368 0.0000000002
350 0.0000010906 0.0005853878 -0.0008647994 0.0000010851 0.0005493332 -0.0008850368 0.0000000017
351 0.0000010832 0.0005886266 -0.0008583316 0.0000010664 0.0005798517 -0.0008545183 0.0000000001
352 0.0000010760 0.0005918299 -0.0008518884 0.0009072381 0.0288094729 0.0087893307 0.0008891885
353 0.0000010688 0.0005949983 -0.0008454696 0.0000010664 0.0005798517 -0.0008545183 0.0000000003
354 0.0000010618 0.0005981320 -0.0008390748 0.0000010664 0.0005798517 -0.0008545183 0.0000000006
355 0.0000010549 0.0006012314 -0.0008327038 0.0000010664 0.0005798517 -0.0008545183 0.0000000009
356 0.0000010480 0.0006042968 -0.0008263563 0.0010135057 -0.0060731834 -0.0312509537 0.0009702449
357 0.0000010413 0.0006073287 -0.0008200320 0.0000010515 0.0006103702 -0.0008239998 0.0000000000
358 0.0000010347 0.0006103273 -0.0008137307 0.0000010515 0.0006103702 -0.0008239998 0.0000000001
359 0.0000010281 0.0006132931 -0.0008074521 0.0000010152 0.0005798517 -0.0008239998 0.0000000014
360 0.0000010216 0.0006162264 -0.0008011960 0.0000935124 -0.0091860714 -0.0030213324 0.0001010140
361 0.0000010153 0.0006191274 -0.0007949620 0.0000010022 0.0006103702 -0.0007934812 0.0000000001
362 0.0000010090 0.0006219966 -0.0007887499 0.0000010152 0.0005798517 -0.0008239998 0.0000000030
363 0.0000010028 0.0006248342 -0.0007825595 0.0000010022 0.0006103702 -0.0007934812 0.0000000003
364 0.0000009967 0.0006276406 -0.0007763906 0.0000099704 -0.0029602954 0.0010986663 0.0000163891
365 0.0000009907 0.0006304161 -0.0007702428 0.0000009547 0.0006103702 -0.0007629627 0.0000000005
366 0.0000009848 0.0006331610 -0.0007641159 0.0000010022 0.0006103702 -0.0007934812 0.0000000014
367 0.0000009789 0.0006358756 -0.0007580097 0.0000009547 0.0006103702 -0.0007629627 0.0000000007
368 0.0000009731 0.0006385602 -0.0007519240 0.0000631783 0.0072328867 -0.0032959990 0.0000499575
369 0.0000009675 0.0006412151 -0.0007458585 0.0000009547 0.0006103702 -0.0007629627 0.0000000012
370 0.0000009619 0.0006438405 -0.0007398129 0.0000009929 0.0006408887 -0.0007629627 0.0000000005
371 0.0000009563 0.0006464369 -0.0007337872 0.0000009472 0.0006408887 -0.0007324442 0.0000000000
372 0.0000009509 0.0006490044 -0.0007277809 0.0002694155 -0.0144352550 -0.0078127384 0.0002777315
373 0.0000009455 0.0006515434 -0.0007217939 0.0000009472 0.0006408887 -0.0007324442 0.0000000002
374 0.0000009402 0.0006540541 -0.0007158260 0.0000009472 0.0006408887 -0.0007324442 0.0000000004
375 0.0000009350 0.0006565368 -0.0007098769 0.0000009472 0.0006408887 -0.0007324442 0.0000000008
376 0.0000009298 0.0006589917 -0.0007039464 0.0004571592 -0.0184331797 -0.0108340709 0.0004671304
377 0.0000009247 0.0006614191 -0.0006980344 0.0000009034 0.0006408887 -0.0007019257 0.0000000004
378 0.0000009197 0.0006638193 -0.0006921406 0.0000009034 0.0006408887 -0.0007019257 0.0000000006
379 0.0000009148 0.0006661925 -0.0006862647 0.0000009034 0.0006408887 -0.0007019257 0.0000000009
380 0.0000009099 0.0006685389 -0.0006804066 0.0006912065 -0.0206305124 -0.0162968841 0.0006975240
381 0.0000009051 0.0006708589 -0.0006745660 0.0000008615 0.0006408887 -0.0006714072 0.0000000009
382 0.0000009004 0.0006731527 -0.0006687429 0.0000317610 0.0038453322 -0.0041199988 0.0000219739
383 0.0000008957 0.0006754204 -0.0006629368 0.0001385930 -0.0073244423 0.0092165899 0.0001616029
384 0.0000008911 0.0006776624 -0.0006571477 0.0011440618 -0.0312509537 0.0129398480 0.0012043148
385 0.0000008865 0.0006798788 -0.0006513754 0.0005581757 -0.0214850307 -0.0098269601 0.0005754746
386 0.0000008820 0.0006820699 -0.0006456196 0.0009771148 0.0007019257 -0.0312509537 0.0009366869
387 0.0000008776 0.0006842359 -0.0006398802 0.0000009016 0.0006714072 -0.0006714072 0.0000000012
388 0.0000008733 0.0006863771 -0.0006341569 0.0010475709 -0.0312509537 -0.0084231086 0.0010806609
389 0.0000008690 0.0006884936 -0.0006284496 0.0000008615 0.0006714072 -0.0006408887 0.0000000004
390 0.0000008647 0.0006905857 -0.0006227581 0.0000008615 0.0006714072 -0.0006408887 0.0000000007
391 0.0000008606 0.0006926535 -0.0006170822 0.0000009034 0.0007019257 -0.0006408887 0.0000000007
392 0.0000008564 0.0006946973 -0.0006114216 0.0003187329 0.0064088870 0.0166631062 0.0003310613
393 0.0000008524 0.0006967173 -0.0006057763 0.0000009034 0.0007019257 -0.0006408887 0.0000000013
394 0.0000008484 0.0006987137 -0.0006001460 0.0000008653 0.0007019257 -0.0006103702 0.0000000001
395 0.0000008444 0.0007006867 -0.0005945306 0.0000008233 0.0006714072 -0.0006103702 0.0000000011
396 0.0000008405 0.0007026364 -0.0005889298 0.0002545888 0.0072939238 0.0141911069 0.0002618946
397 0.0000008367 0.0007045631 -0.0005833435 0.0000008653 0.0007019257 -0.0006103702 0.0000000007
398 0.0000008329 0.0007064670 -0.0005777715 0.0000007870 0.0006714072 -0.0005798517 0.0000000012
399 0.0000008292 0.0007083482 -0.0005722137 0.0000008289 0.0007019257 -0.0005798517 0.0000000001
400 0.0000008255 0.0007102070 -0.0005666699 0.0013041407 -0.0312509537 0.0180974761 0.0013698661
401 0.0000008219 0.0007120434 -0.0005611398 0.0000008289 0.0007019257 -0.0005798517 0.0000000005
402 0.0000008183 0.0007138578 -0.0005556234 0.0000008289 0.0007019257 -0.0005798517 0.0000000007
403 0.0000008148 0.0007156502 -0.0005501204 0.0000008289 0.0007019257 -0.0005798517 0.0000000011
404 0.0000008113 0.0007174208 -0.0005446307 0.0010276207 -0.0312509537 -0.0071413312 0.0010654934
405 0.0000008079 0.0007191698 -0.0005391541 0.0000007945 0.0007019257 -0.0005493332 0.0000000004
406 0.0000008045 0.0007208974 -0.0005336904 0.0000007945 0.0007019257 -0.0005493332 0.0000000006
407 0.0000008012 0.0007226038 -0.0005282396 0.0000007619 0.0007019257 -0.0005188147 0.0000000005
408 0.0000007979 0.0007242890 -0.0005228014 0.0004637077 0.0120853298 0.0178228095 0.0004656347
409 0.0000007947 0.0007259533 -0.0005173757 0.0000007619 0.0007019257 -0.0005188147 0.0000000006
410 0.0000007915 0.0007275968 -0.0005119622 0.0000007619 0.0007019257 -0.0005188147 0.0000000007
411 0.0000007884 0.0007292197 -0.0005065609 0.0000007619 0.0007019257 -0.0005188147 0.0000000009
412 0.0000007853 0.0007308220 -0.0005011717 0.0001680842 0.0076906644 0.0104373302 0.0001680902
413 0.0000007822 0.0007324041 -0.0004957942 0.0000008056 0.0007324442 -0.0005188147 0.0000000005
414 0.0000007792 0.0007339659 -0.0004904285 0.0000008056 0.0007324442 -0.0005188147 0.0000000008
415 0.0000007763 0.0007355078 -0.0004850742 0.0000007311 0.0007019257 -0.0004882962 0.0000000011
416 0.0000007734 0.0007370297 -0.0004797314 0.0009852057 -0.0029297769 -0.0312509537 0.0009603136
417 0.0000007705 0.0007385319 -0.0004743997 0.0000007749 0.0007324442 -0.0004882962 0.0000000002
418 0.0000007677 0.0007400144 -0.0004690792 0.0000007311 0.0007019257 -0.0004882962 0.0000000018
419 0.0000007649 0.0007414774 -0.0004637696 0.0000007749 0.0007324442 -0.0004882962 0.0000000007
420 0.0000007621 0.0007429211 -0.0004584708 0.0019532442 -0.0312509537 -0.0312509537 0.0019717850
421 0.0000007594 0.0007443456 -0.0004531826 0.0000007023 0.0007019257 -0.0004577776 0.0000000018
422 0.0000007568 0.0007457510 -0.0004479049 0.0000007460 0.0007324442 -0.0004577776 0.0000000003
423 0.0000007541 0.0007471375 -0.0004426375 0.0000007460 0.0007324442 -0.0004577776 0.0000000004
424 0.0000007516 0.0007485050 -0.0004373804 0.0011316633 0.0124515519 -0.0312509537 0.0010864376
425 0.0000007490 0.0007498539 -0.0004321333 0.0000007917 0.0007629627 -0.0004577776 0.0000000008
426 0.0000007465 0.0007511842 -0.0004268961 0.0000007190 0.0007324442 -0.0004272591 0.0000000004
427 0.0000007441 0.0007524960 -0.0004216688 0.0000007190 0.0007324442 -0.0004272591 0.0000000004
428 0.0000007416 0.0007537895 -0.0004164510 0.0000855751 0.0061647389 0.0068971831 0.0000827676
429 0.0000007392 0.0007550647 -0.0004112428 0.0000006753 0.0007019257 -0.0004272591 0.0000000031
430 0.0000007369 0.0007563218 -0.0004060440 0.0000007190 0.0007324442 -0.0004272591 0.0000000010
431 0.0000007346 0.0007575608 -0.0004008543 0.0000007190 0.0007324442 -0.0004272591 0.0000000013
432 0.0000007323 0.0007587820 -0.0003956738 0.0010167953 -0.0196844386 0.0250862148 0.0010672519
433 0.0000007301 0.0007599853 -0.0003905023 0.0000006939 0.0007324442 -0.0003967406 0.0000000008
434 0.0000007279 0.0007611710 -0.0003853395 0.0000006939 0.0007324442 -0.0003967406 0.0000000010
435 0.0000007257 0.0007623391 -0.0003801855 0.0000006939 0.0007324442 -0.0003967406 0.0000000012
436 0.0000007236 0.0007634896 -0.0003750400 0.0010720252 0.0198980682 0.0260017701 0.0010618682
437 0.0000007215 0.0007646228 -0.0003699030 0.0000006939 0.0007324442 -0.0003967406 0.0000000018
438 0.0000007194 0.0007657387 -0.0003647743 0.0000007162 0.0007629627 -0.0003662221 0.0000000000
439 0.0000007174 0.0007668375 -0.0003596537 0.0000007162 0.0007629627 -0.0003662221 0.0000000001
440 0.0000007154 0.0007679191 -0.0003545412 0.0010359035 0.0221869564 0.0233161412 0.0010190764
441 0.0000007134 0.0007689837 -0.0003494367 0.0000007162 0.0007629627 -0.0003662221 0.0000000003
442 0.0000007115 0.0007700314 -0.0003443399 0.0000006948 0.0007629627 -0.0003357036 0.0000000001
443 0.0000007096 0.0007710623 -0.0003392508 0.0000006492 0.0007324442 -0.0003357036 0.0000000015
444 0.0000007078 0.0007720764 -0.0003341692 0.0006188551 0.0163274026 0.0187688833 0.0006068948
445 0.0000007059 0.0007730739 -0.0003290950 0.0007179855 0.0000000000 0.0267952513 0.0007363278
446 0.0000007042 0.0007740549 -0.0003240282 0.0009747156 0.0000000000 0.0312204352 0.0009956523
447 0.0000007024 0.0007750194 -0.0003189685 0.0009747156 0.0000000000 0.0312204352 0.0009953346
448 0.0000007007 0.0007759675 -0.0003139159 0.0002226975 -0.0146794031 -0.0026856288 0.0002444935
449 0.0000006990 0.0007768992 -0.0003088701 0.0005027260 -0.0119327372 -0.0189825129 0.0005102398
450 0.0000006973 0.0007778148 -0.0003038312 0.0008431862 -0.0289925840 -0.0016174810 0.0008880023
451 0.0000006957 0.0007787141 -0.0002987990 0.0000061853 0.0021668142 0.0012207404 0.0000042358
452 0.0000006941 0.0007795974 -0.0002937734 0.0009980084 -0.0309152501 0.0065004425 0.0010507247
453 0.0000006925 0.0007804647 -0.0002887541 0.0000007228 0.0007934812 -0.0003051851 0.0000000004
454 0.0000006910 0.0007813161 -0.0002837413 0.0000006753 0.0007629627 -0.0003051851 0.0000000008
455 0.0000006895 0.0007821516 -0.0002787346 0.0000006576 0.0007629627 -0.0002746666 0.0000000004
456 0.0000006880 0.0007829713 -0.0002737340 0.0007581103 -0.0165105136 -0.0220343638 0.0007725896
457 0.0000006865 0.0007837753 -0.0002687394 0.0000007051 0.0007934812 -0.0002746666 0.0000000001
458 0.0000006851 0.0007845636 -0.0002637506 0.0000006576 0.0007629627 -0.0002746666 0.0000000006
459 0.0000006837 0.0007853364 -0.0002587676 0.0000006417 0.0007629627 -0.0002441481 0.0000000007
460 0.0000006824 0.0007860936 -0.0002537902 0.0007429129 -0.0148930326 -0.0228278451 0.0007554230
461 0.0000006810 0.0007868353 -0.0002488184 0.0000006417 0.0007629627 -0.0002441481 0.0000000006
462 0.0000006797 0.0007875617 -0.0002438519 0.0000006417 0.0007629627 -0.0002441481 0.0000000006
463 0.0000006784 0.0007882727 -0.0002388907 0.0000006892 0.0007934812 -0.0002441481 0.0000000001
464 0.0000006772 0.0007889685 -0.0002339347 0.0019532442 -0.0312509537 -0.0312509537 0.0019886121
465 0.0000006760 0.0007896490 -0.0002289837 0.0000006417 0.0007629627 -0.0002441481 0.0000000009
466 0.0000006748 0.0007903143 -0.0002240377 0.0000006417 0.0007629627 -0.0002441481 0.0000000012
467 0.0000006736 0.0007909646 -0.0002190965 0.0000006417 0.0007629627 -0.0002441481 0.0000000014
468 0.0000006725 0.0007915998 -0.0002141601 0.0009784253 -0.0312509537 -0.0013428144 0.0010279991
469 0.0000006714 0.0007922199 -0.0002092282 0.0000006277 0.0007629627 -0.0002136296 0.0000000009
470 0.0000006703 0.0007928252 -0.0002043009 0.0000006277 0.0007629627 -0.0002136296 0.0000000010
471 0.0000006693 0.0007934155 -0.0001993779 0.0000006277 0.0007629627 -0.0002136296 0.0000000011
472 0.0000006682 0.0007939909 -0.0001944592 0.0008452091 -0.0108340709 -0.0269783624 0.0008525893
473 0.0000006672 0.0007945516 -0.0001895447 0.0000006156 0.0007629627 -0.0001831111 0.0000000010
474 0.0000006663 0.0007950975 -0.0001846343 0.0000006277 0.0007629627 -0.0002136296 0.0000000019
475 0.0000006653 0.0007956286 -0.0001797278 0.0000006156 0.0007629627 -0.0001831111 0.0000000011
476 0.0000006644 0.0007961451 -0.0001748251 0.0004465080 -0.0082094790 -0.0194708090 0.0004534363
477 0.0000006635 0.0007966470 -0.0001699262 0.0000006631 0.0007934812 -0.0001831111 0.0000000002
478 0.0000006627 0.0007971343 -0.0001650309 0.0000006631 0.0007934812 -0.0001831111 0.0000000003
479 0.0000006618 0.0007976070 -0.0001601392 0.0000006054 0.0007629627 -0.0001525925 0.0000000013
480 0.0000006610 0.0007980652 -0.0001552509 0.0009964754 -0.0044557024 -0.0312509537 0.0009945448
481 0.0000006602 0.0007985089 -0.0001503658 0.0000006054 0.0007629627 -0.0001525925 0.0000000013
482 0.0000006595 0.0007989382 -0.0001454840 0.0000006054 0.0007629627 -0.0001525925 0.0000000013
483 0.0000006587 0.0007993531 -0.0001406053 0.0000006529 0.0007934812 -0.0001525925 0.0000000002
484 0.0000006580 0.0007997536 -0.0001357295 0.0017210141 -0.0312509537 -0.0272835475 0.0017642519
485 0.0000006573 0.0008001397 -0.0001308567 0.0000006054 0.0007629627 -0.0001525925 0.0000000019
486 0.0000006567 0.0008005116 -0.0001259866 0.0000006529 0.0007934812 -0.0001525925 0.0000000008
487 0.0000006561 0.0008008691 -0.0001211192 0.0000006529 0.0007934812 -0.0001525925 0.0000000010
488 0.0000006555 0.0008012124 -0.0001162543 0.0007811665 -0.0068361461 -0.0271004364 0.0007864753
489 0.0000006549 0.0008015415 -0.0001113920 0.0000006445 0.0007934812 -0.0001220740 0.0000000002
490 0.0000006543 0.0008018564 -0.0001065320 0.0000006445 0.0007934812 -0.0001220740 0.0000000003
491 0.0000006538 0.0008021572 -0.0001016742 0.0000005905 0.0007629627 -0.0000915555 0.0000000016
492 0.0000006533 0.0008024437 -0.0000968186 0.0001865376 -0.0050355541 -0.0126956999 0.0001928140
493 0.0000006528 0.0008027162 -0.0000919651 0.0000006380 0.0007934812 -0.0000915555 0.0000000001
494 0.0000006524 0.0008029745 -0.0000871134 0.0000006380 0.0007934812 -0.0000915555 0.0000000001
495 0.0000006519 0.0008032188 -0.0000822637 0.0000006380 0.0007934812 -0.0000915555 0.0000000002
496 0.0000006515 0.0008034490 -0.0000774157 0.0009933460 -0.0040894803 -0.0312509537 0.0009957302
497 0.0000006511 0.0008036652 -0.0000725693 0.0000006380 0.0007934812 -0.0000915555 0.0000000005
498 0.0000006508 0.0008038673 -0.0000677244 0.0000006380 0.0007934812 -0.0000915555 0.0000000007
499 0.0000006505 0.0008040554 -0.0000628810 0.0000006333 0.0007934812 -0.0000610370 0.0000000001
500 0.0000006502 0.0008042295 -0.0000580389 0.0006471988 -0.0061342204 -0.0246894742 0.0006548497
501 0.0000006499 0.0008043897 -0.0000531980 0.0000006827 0.0008239998 -0.0000610370 0.0000000004
502 0.0000006496 0.0008045359 -0.0000483583 0.0000005858 0.0007629627 -0.0000610370 0.0000000019
503 0.0000006494 0.0008046681 -0.0000435195 0.0000006333 0.0007934812 -0.0000610370 0.0000000004
504 0.0000006492 0.0008047864 -0.0000386817 0.0005302343 -0.0072634053 -0.0218512528 0.0005408840
505 0.0000006490 0.0008048907 -0.0000338447 0.0000005858 0.0007629627 -0.0000610370 0.0000000025
506 0.0000006488 0.0008049811 -0.0000290084 0.0000006305 0.0007934812 -0.0000305185 0.0000000001
507 0.0000006487 0.0008050576 -0.0000241728 0.0000006305 0.0007934812 -0.0000305185 0.0000000002
508 0.0000006486 0.0008051202 -0.0000193376 0.0002141726 -0.0068361461 -0.0129398480 0.0002253285
509 0.0000006485 0.0008051688 -0.0000145028 0.0000064312 0.0016174810 -0.0019531846 0.0000044183
510 0.0000006484 0.0008052036 -0.0000096684 0.0000170079 -0.0041199988 -0.0001831111 0.0000242877
511 0.0000006484 0.0008052245 -0.0000048341 0.0000675557 -0.0017700735 0.0080263680 0.0000711324
512 0.0000006484 0.0008052314 0.0000000000 0.0000000009 -0.0000305185 0.0000000000 0.0000006985
513 0.0000006484 0.0008052245 0.0000048341 0.0000005821 0.0007629627 0.0000000000 0.0000000018
514 0.0000006484 0.0008052036 0.0000096684 0.0000006296 0.0007934812 0.0000000000 0.0000000002
515 0.0000006485 0.0008051688 0.0000145028 0.0000005830 0.0007629627 -0.0000305185 0.0000000038
516 0.0000006486 0.0008051202 0.0000193376 0.0009808031 -0.0312509537 -0.0020447401 0.0010318523
517 0.0000006487 0.0008050576 0.0000241728 0.0000006305 0.0007934812 0.0000305185 0.0000000002
518 0.0000006488 0.0008049811 0.0000290084 0.0000006296 0.0007934812 0.0000000000 0.0000000010
519 0.0000006490 0.0008048907 0.0000338447 0.0000006296 0.0007934812 0.0000000000 0.0000000013
520 0.0000006492 0.0008047864 0.0000386817 0.0004811078 -0.0022278512 0.0218207343 0.0004836547
521 0.0000006494 0.0008046681 0.0000435195 0.0000006305 0.0007934812 0.0000305185 0.0000000003
522 0.0000006496 0.0008045359 0.0000483583 0.0000006305 0.0007934812 0.0000305185 0.0000000004
523 0.0000006499 0.0008043897 0.0000531980 0.0000006305 0.0007934812 0.0000305185 0.0000000006
524 0.0000006502 0.0008042295 0.0000580389 0.0006146704 -0.0022583697 0.0246894742 0.0006160871
525 0.0000006505 0.0008040554 0.0000628810 0.0000006305 0.0007934812 0.0000305185 0.0000000012
526 0.0000006508 0.0008038673 0.0000677244 0.0000006305 0.0007934812 0.0000305185 0.0000000015
527 0.0000006511 0.0008036652 0.0000725693 0.0000006333 0.0007934812 0.0000610370 0.0000000002
528 0.0000006515 0.0008034490 0.0000774157 0.0009970230 -0.0312509537 -0.0045167394 0.0010485910
529 0.0000006519 0.0008032188 0.0000822637 0.0000006333 0.0007934812 0.0000610370 0.0000000005
530 0.0000006524 0.0008029745 0.0000871134 0.0000006333 0.0007934812 0.0000610370 0.0000000008
531 0.0000006528 0.0008027162 0.0000919651 0.0000006333 0.0007934812 0.0000610370 0.0000000010
532 0.0000006533 0.0008024437 0.0000968186 0.0010621311 -0.0312509537 -0.0092471084 0.0011147293
533 0.0000006538 0.0008021572 0.0001016742 0.0000005858 0.0007629627 0.0000610370 0.0000000032
534 0.0000006543 0.0008018564 0.0001065320 0.0000005905 0.0007629627 0.0000915555 0.0000000017
535 0.0000006549 0.0008015415 0.0001113920 0.0000006380 0.0007934812 0.0000915555 0.0000000005
536 0.0000006555 0.0008012124 0.0001162543 0.0007859818 -0.0072939238 0.0270699179 0.0007920312
537 0.0000006561 0.0008008691 0.0001211192 0.0000006445 0.0007934812 0.0001220740 0.0000000001
538 0.0000006567 0.0008005116 0.0001259866 0.0000006445 0.0007934812 0.0001220740 0.0000000001
539 0.0000006573 0.0008001397 0.0001308567 0.0000005970 0.0007629627 0.0001220740 0.0000000015
540 0.0000006580 0.0007997536 0.0001357295 0.0004848994 -0.0053407392 0.0213629566 0.0004883008
541 0.0000006587 0.0007993531 0.0001406053 0.0000006445 0.0007934812 0.0001220740 0.0000000004
542 0.0000006595 0.0007989382 0.0001454840 0.0000005970 0.0007629627 0.0001220740 0.0000000018
543 0.0000006602 0.0007985089 0.0001503658 0.0000005970 0.0007629627 0.0001220740 0.0000000021
544 0.0000006610 0.0007980652 0.0001552509 0.0010792825 -0.0101321451 -0.0312509537 0.0011058192
545 0.0000006618 0.0007976070 0.0001601392 0.0000006054 0.0007629627 0.0001525925 0.0000000013
546 0.0000006627 0.0007971343 0.0001650309 0.0000006529 0.0007934812 0.0001525925 0.0000000002
547 0.0000006635 0.0007966470 0.0001699262 0.0000006529 0.0007934812 0.0001525925 0.0000000003
548 0.0000006644 0.0007961451 0.0001748251 0.0019532442 -0.0312509537 -0.0312509537 0.0020145961
549 0.0000006653 0.0007956286 0.0001797278 0.0000006054 0.0007629627 0.0001525925 0.0000000018
550 0.0000006663 0.0007950975 0.0001846343 0.0000006156 0.0007629627 0.0001831111 0.0000000010
551 0.0000006672 0.0007945516 0.0001895447 0.0000006156 0.0007629627 0.0001831111 0.0000000010
552 0.0000006682 0.0007939909 0.0001944592 0.0010836572 -0.0103457747 -0.0312509537 0.0011129084
553 0.0000006693 0.0007934155 0.0001993779 0.0000006156 0.0007629627 0.0001831111 0.0000000012
554 0.0000006703 0.0007928252 0.0002043009 0.0000006156 0.0007629627 0.0001831111 0.0000000013
555 0.0000006714 0.0007922199 0.0002092282 0.0000006156 0.0007629627 0.0001831111 0.0000000015
556 0.0000006725 0.0007915998 0.0002141601 0.0001807342 -0.0060731834 0.0119937742 0.0001858846
557 0.0000006736 0.0007909646 0.0002190965 0.0000006753 0.0007934812 0.0002136296 0.0000000000
558 0.0000006748 0.0007903143 0.0002240377 0.0000006277 0.0007629627 0.0002136296 0.0000000009
559 0.0000006760 0.0007896490 0.0002289837 0.0000006631 0.0007934812 0.0001831111 0.0000000021
560 0.0000006772 0.0007889685 0.0002339347 0.0000941848 -0.0097048860 0.0000000000 0.0001101757
561 0.0000006784 0.0007882727 0.0002388907 0.0000006892 0.0007934812 0.0002441481 0.0000000001
562 0.0000006797 0.0007875617 0.0002438519 0.0000006277 0.0007629627 0.0002136296 0.0000000015
563 0.0000006810 0.0007868353 0.0002488184 0.0000006417 0.0007629627 0.0002441481 0.0000000006
564 0.0000006824 0.0007860936 0.0002537902 0.0009004315 -0.0172734764 0.0245368816 0.0009158166
565 0.0000006837 0.0007853364 0.0002587676 0.0000006417 0.0007629627 0.0002441481 0.0000000007
566 0.0000006851 0.0007845636 0.0002637506 0.0000006417 0.0007629627 0.0002441481 0.0000000009
567 0.0000006865 0.0007837753 0.0002687394 0.0000006417 0.0007629627 0.0002441481 0.0000000010
568 0.0000006880 0.0007829713 0.0002737340 0.0008029105 -0.0178533280 0.0220038453 0.0008195094
569 0.0000006895 0.0007821516 0.0002787346 0.0000006417 0.0007629627 0.0002441481 0.0000000016
570 0.0000006910 0.0007813161 0.0002837413 0.0000006576 0.0007629627 0.0002746666 0.0000000004
571 0.0000006925 0.0007804647 0.0002887541 0.0000006576 0.0007629627 0.0002746666 0.0000000005
572 0.0000006941 0.0007795974 0.0002937734 0.0006840721 -0.0217902158 0.0144657735 0.0007102421
573 0.0000006957 0.0007787141 0.0002987990 0.0000000931 0.0000000000 0.0003051851 0.0000006064
574 0.0000006973 0.0007778148 0.0003038312 0.0000001574 0.0000000000 0.0003967406 0.0000006136
575 0.0000006990 0.0007768992 0.0003088701 0.0003004854 0.0000000000 -0.0173345134 0.0003118926
576 0.0000007007 0.0007759675 0.0003139159 0.0001136451 0.0040589618 -0.0098574786 0.0001142353
577 0.0000007024 0.0007750194 0.0003189685 0.0009766258 -0.0312509537 0.0000610370 0.0010257295
578 0.0000007042 0.0007740549 0.0003240282 0.0009800878 -0.0312509537 -0.0018616291 0.0010303783
579 0.0000007059 0.0007730739 0.0003290950 0.0009766258 -0.0312509537 -0.0000610370 0.0010256906
580 0.0000007078 0.0007720764 0.0003341692 0.0006894909 -0.0253608814 0.0068056276 0.0007248113
581 0.0000007096 0.0007710623 0.0003392508 0.0000001574 -0.0003662221 -0.0001525925 0.0000015353
582 0.0000007115 0.0007700314 0.0003443399 0.0000006948 0.0007629627 0.0003357036 0.0000000001
583 0.0000007134 0.0007689837 0.0003494367 0.0000006948 0.0007629627 0.0003357036 0.0000000002
584 0.0000007154 0.0007679191 0.0003545412 0.0011561185 0.0133976257 -0.0312509537 0.0011584168
585 0.0000007174 0.0007668375 0.0003596537 0.0000006492 0.0007324442 0.0003357036 0.0000000018
586 0.0000007194 0.0007657387 0.0003647743 0.0000006948 0.0007629627 0.0003357036 0.0000000009
587 0.0000007215 0.0007646228 0.0003699030 0.0000007162 0.0007629627 0.0003662221 0.0000000000
588 0.0000007236 0.0007634896 0.0003750400 0.0011082968 0.0114749596 -0.0312509537 0.0011149391
589 0.0000007257 0.0007623391 0.0003801855 0.0000006706 0.0007324442 0.0003662221 0.0000000011
590 0.0000007279 0.0007611710 0.0003853395 0.0000006706 0.0007324442 0.0003662221 0.0000000012
591 0.0000007301 0.0007599853 0.0003905023 0.0000006706 0.0007324442 0.0003662221 0.0000000013
592 0.0000007323 0.0007587820 0.0003956738 0.0010064644 -0.0312509537 -0.0054628132 0.0010589450
593 0.0000007346 0.0007575608 0.0004008543 0.0000007395 0.0007629627 0.0003967406 0.0000000000
594 0.0000007369 0.0007563218 0.0004060440 0.0000006939 0.0007324442 0.0003967406 0.0000000007
595 0.0000007392 0.0007550647 0.0004112428 0.0000006501 0.0007019257 0.0003967406 0.0000000030
596 0.0000007416 0.0007537895 0.0004164510 0.0000087997 -0.0023804437 -0.0017700735 0.0000146043
597 0.0000007441 0.0007524960 0.0004216688 0.0000006939 0.0007324442 0.0003967406 0.0000000010
598 0.0000007465 0.0007511842 0.0004268961 0.0000006939 0.0007324442 0.0003967406 0.0000000013
599 0.0000007490 0.0007498539 0.0004321333 0.0000006939 0.0007324442 0.0003967406 0.0000000016
600 0.0000007516 0.0007485050 0.0004373804 0.0005250763 0.0119327372 -0.0195623646 0.0005250768
601 0.0000007541 0.0007471375 0.0004426375 0.0000007190 0.0007324442 0.0004272591 0.0000000005
602 0.0000007568 0.0007457510 0.0004479049 0.0000007190 0.0007324442 0.0004272591 0.0000000006
603 0.0000007594 0.0007443456 0.0004531826 0.0000007190 0.0007324442 0.0004272591 0.0000000008
604 0.0000007621 0.0007429211 0.0004584708 0.0002685661 0.0083010346 -0.0141300699 0.0002699506
605 0.0000007649 0.0007414774 0.0004637696 0.0000007023 0.0007019257 0.0004577776 0.0000000016
606 0.0000007677 0.0007400144 0.0004690792 0.0000007460 0.0007324442 0.0004577776 0.0000000002
607 0.0000007705 0.0007385319 0.0004743997 0.0000007190 0.0007324442 0.0004272591 0.0000000023
608 0.0000007734 0.0007370297 0.0004797314 0.0001886248 -0.0030213324 0.0133976257 0.0001809973
609 0.0000007763 0.0007355078 0.0004850742 0.0000007460 0.0007324442 0.0004577776 0.0000000008
610 0.0000007792 0.0007339659 0.0004904285 0.0000007749 0.0007324442 0.0004882962 0.0000000000
611 0.0000007822 0.0007324041 0.0004957942 0.0000007749 0.0007324442 0.0004882962 0.0000000001
612 0.0000007853 0.0007308220 0.0005011717 0.0019513377 0.0312204352 -0.0312509537 0.0019378140
613 0.0000007884 0.0007292197 0.0005065609 0.0000007311 0.0007019257 0.0004882962 0.0000000011
614 0.0000007915 0.0007275968 0.0005119622 0.0000007619 0.0007019257 0.0005188147 0.0000000007
615 0.0000007947 0.0007259533 0.0005173757 0.0000007311 0.0007019257 0.0004882962 0.0000000014
616 0.0000007979 0.0007242890 0.0005228014 0.0004677183 0.0121158483 -0.0179143651 0.0004696967
617 0.0000008012 0.0007226038 0.0005282396 0.0000007311 0.0007019257 0.0004882962 0.0000000020
618 0.0000008045 0.0007208974 0.0005336904 0.0000007619 0.0007019257 0.0005188147 0.0000000006
619 0.0000008079 0.0007191698 0.0005391541 0.0000007945 0.0007019257 0.0005493332 0.0000000004
620 0.0000008113 0.0007174208 0.0005446307 0.0000847052 0.0049134800 -0.0077822199 0.0000869434
621 0.0000008148 0.0007156502 0.0005501204 0.0000007619 0.0007019257 0.0005188147 0.0000000012
622 0.0000008183 0.0007138578 0.0005556234 0.0000007945 0.0007019257 0.0005493332 0.0000000002
623 0.0000008219 0.0007120434 0.0005611398 0.0000007945 0.0007019257 0.0005493332 0.0000000002
624 0.0000008255 0.0007102070 0.0005666699 0.0003809575 -0.0036927396 -0.0191656240 0.0004087494
625 0.0000008292 0.0007083482 0.0005722137 0.0000007945 0.0007019257 0.0005493332 0.0000000006
626 0.0000008329 0.0007064670 0.0005777715 0.0000007945 0.0007019257 0.0005493332 0.0000000008
627 0.0000008367 0.0007045631 0.0005833435 0.0000007870 0.0006714072 0.0005798517 0.0000000011
628 0.0000008405 0.0007026364 0.0005889298 0.0003274963 0.0104983673 -0.0147404401 0.0003309459
629 0.0000008444 0.0007006867 0.0005945306 0.0000007870 0.0006714072 0.0005798517 0.0000000011
630 0.0000008484 0.0006987137 0.0006001460 0.0000008653 0.0007019257 0.0006103702 0.0000000001
631 0.0000008524 0.0006967173 0.0006057763 0.0000008289 0.0007019257 0.0005798517 0.0000000007
632 0.0000008564 0.0006946973 0.0006114216 0.0003425409 0.0096743675 -0.0157780694 0.0003492499
633 0.0000008606 0.0006926535 0.0006170822 0.0000008233 0.0006714072 0.0006103702 0.0000000005
634 0.0000008647 0.0006905857 0.0006227581 0.0000008233 0.0006714072 0.0006103702 0.0000000005
635 0.0000008690 0.0006884936 0.0006284496 0.0000008233 0.0006714072 0.0006103702 0.0000000006
636 0.0000008733 0.0006863771 0.0006341569 0.0006150327 0.0086977752 -0.0232245857 0.0006334221
637 0.0000008776 0.0006842359 0.0006398802 0.0000008233 0.0006714072 0.0006103702 0.0000000010
638 0.0000008820 0.0006820699 0.0006456196 0.0000004508 -0.0006714072 0.0000000000 0.0000022487
639 0.0000008865 0.0006798788 0.0006513754 0.0000861125 0.0047608875 -0.0079653310 0.0000909023
640 0.0000008911 0.0006776624 0.0006571477 0.0019532442 -0.0312509537 -0.0312509537 0.0020375635
641 0.0000008957 0.0006754204 0.0006629368 0.0005922176 0.0227973266 -0.0085146641 0.0005736071
642 0.0000009004 0.0006731527 0.0006687429 0.0009392179 0.0006103702 -0.0306405835 0.0009802779
643 0.0000009051 0.0006708589 0.0006745660 0.0000008215 0.0006408887 0.0006408887 0.0000000020
644 0.0000009099 0.0006685389 0.0006804066 0.0010445197 -0.0312509537 0.0082399976 0.0010760014
645 0.0000009148 0.0006661925 0.0006862647 0.0000008615 0.0006408887 0.0006714072 0.0000000009
646 0.0000009197 0.0006638193 0.0006921406 0.0000008615 0.0006408887 0.0006714072 0.0000000010
647 0.0000009247 0.0006614191 0.0006980344 0.0000008615 0.0006408887 0.0006714072 0.0000000011
648 0.0000009298 0.0006589917 0.0007039464 0.0002909350 -0.0081484420 0.0149845882 0.0002815076
649 0.0000009350 0.0006565368 0.0007098769 0.0000009034 0.0006408887 0.0007019257 0.0000000003
650 0.0000009402 0.0006540541 0.0007158260 0.0000008653 0.0006103702 0.0007019257 0.0000000021
651 0.0000009455 0.0006515434 0.0007217939 0.0000009034 0.0006408887 0.0007019257 0.0000000005
652 0.0000009509 0.0006490044 0.0007277809 0.0002374058 -0.0090334788 0.0124820704 0.0002319138
653 0.0000009563 0.0006464369 0.0007337872 0.0000009472 0.0006408887 0.0007324442 0.0000000000
654 0.0000009619 0.0006438405 0.0007398129 0.0000009472 0.0006408887 0.0007324442 0.0000000001
655 0.0000009675 0.0006412151 0.0007458585 0.0000009472 0.0006408887 0.0007324442 0.0000000002
656 0.0000009731 0.0006385602 0.0007519240 0.0016815832 -0.0265511032 -0.0312509537 0.0017634620
657 0.0000009789 0.0006358756 0.0007580097 0.0000009090 0.0006103702 0.0007324442 0.0000000013
658 0.0000009848 0.0006331610 0.0007641159 0.0000009547 0.0006103702 0.0007629627 0.0000000005
659 0.0000009907 0.0006304161 0.0007702428 0.0000009090 0.0006103702 0.0007324442 0.0000000018
660 0.0000009967 0.0006276406 0.0007763906 0.0010615676 -0.0312509537 0.0092165899 0.0010874817
661 0.0000010028 0.0006248342 0.0007825595 0.0000009183 0.0005798517 0.0007629627 0.0000000024
662 0.0000010090 0.0006219966 0.0007887499 0.0000009658 0.0005798517 0.0007934812 0.0000000018
663 0.0000010153 0.0006191274 0.0007949620 0.0000010022 0.0006103702 0.0007934812 0.0000000001
664 0.0000010216 0.0006162264 0.0008011960 0.0000564230 -0.0068361461 0.0031128880 0.0000608818
665 0.0000010281 0.0006132931 0.0008074521 0.0000009658 0.0005798517 0.0007934812 0.0000000013
666 0.0000010347 0.0006103273 0.0008137307 0.0000009658 0.0005798517 0.0007934812 0.0000000013
667 0.0000010413 0.0006073287 0.0008200320 0.0000009658 0.0005798517 0.0007934812 0.0000000015
668 0.0000010480 0.0006042968 0.0008263563 0.0000300174 -0.0054017762 0.0009155553 0.0000360809
669 0.0000010549 0.0006012314 0.0008327038 0.0000009658 0.0005798517 0.0007934812 0.0000000020
670 0.0000010618 0.0005981320 0.0008390748 0.0000010152 0.0005798517 0.0008239998 0.0000000006
671 0.0000010688 0.0005949983 0.0008454696 0.0000010664 0.0005798517 0.0008545183 0.0000000003
672 0.0000010760 0.0005918299 0.0008518884 0.0018839431 0.0301217689 -0.0312509537 0.0019026098
673 0.0000010832 0.0005886266 0.0008583316 0.0000010664 0.0005798517 0.0008545183 0.0000000001
674 0.0000010906 0.0005853878 0.0008647994 0.0000010320 0.0005493332 0.0008545183 0.0000000014
675 0.0000010980 0.0005821132 0.0008712921 0.0000010152 0.0005798517 0.0008239998 0.0000000022
676 0.0000011056 0.0005788023 0.0008778100 0.0019532442 -0.0312509537 -0.0312509537 0.0020453908
677 0.0000011132 0.0005754549 0.0008843534 0.0000010320 0.0005493332 0.0008545183 0.0000000016
678 0.0000011210 0.0005720705 0.0008909226 0.0000010851 0.0005493332 0.0008850368 0.0000000006
679 0.0000011289 0.0005686487 0.0008975178 0.0000010851 0.0005493332 0.0008850368 0.0000000005
680 0.0000011369 0.0005651890 0.0009041395 0.0009876878 -0.0033265175 -0.0312509537 0.0010490954
681 0.0000011450 0.0005616911 0.0009107879 0.0000011400 0.0005493332 0.0009155553 0.0000000002
682 0.0000011533 0.0005581545 0.0009174633 0.0000011400 0.0005493332 0.0009155553 0.0000000001
683 0.0000011616 0.0005545787 0.0009241661 0.0000011074 0.0005188147 0.0009155553 0.0000000014
684 0.0000011701 0.0005509633 0.0009308965 0.0000342384 -0.0042725913 -0.0039979247 0.0000475600
685 0.0000011787 0.0005473079 0.0009376549 0.0000011074 0.0005188147 0.0009155553 0.0000000013
686 0.0000011875 0.0005436121 0.0009444417 0.0000011642 0.0005188147 0.0009460738 0.0000000006
687 0.0000011964 0.0005398752 0.0009512570 0.0000011074 0.0005188147 0.0009155553 0.0000000017
688 0.0000012054 0.0005360969 0.0009581014 0.0019532442 -0.0312509537 -0.0312509537 0.0020478398
689 0.0000012145 0.0005322766 0.0009649751 0.0000011642 0.0005188147 0.0009460738 0.0000000005
690 0.0000012238 0.0005284139 0.0009718785 0.0000011642 0.0005188147 0.0009460738 0.0000000008
691 0.0000012332 0.0005245083 0.0009788119 0.0000012229 0.0005188147 0.0009765923 0.0000000000
692 0.0000012427 0.0005205592 0.0009857757 0.0010792825 -0.0312509537 -0.0101321451 0.0011330372
693 0.0000012524 0.0005165662 0.0009927703 0.0000011922 0.0004882962 0.0009765923 0.0000000011
694 0.0000012623 0.0005125287 0.0009997959 0.0000011922 0.0004882962 0.0009765923 0.0000000011
695 0.0000012723 0.0005084462 0.0010068531 0.0000011922 0.0004882962 0.0009765923 0.0000000013
696 0.0000012824 0.0005043180 0.0010139421 0.0011111133 -0.0312509537 -0.0115970336 0.0011674340
697 0.0000012927 0.0005001438 0.0010210634 0.0000012238 0.0004577776 0.0010071108 0.0000000020
698 0.0000013032 0.0004959228 0.0010282172 0.0000010152 -0.0000305185 0.0010071108 0.0000002776
699 0.0000013138 0.0004916546 0.0010354042 0.0000010152 -0.0000305185 0.0010071108 0.0000002735
700 0.0000013246 0.0004873385 0.0010426245 0.0014265017 -0.0312509537 -0.0212103641 0.0015025147
701 0.0000013355 0.0004829740 0.0010498786 0.0009766230 -0.0000305185 -0.0312509537 0.0010436074
702 0.0000013466 0.0004785604 0.0010571670 0.0009766230 -0.0000305185 -0.0312509537 0.0010440738
703 0.0000013579 0.0004740972 0.0010644900 0.0009766230 -0.0000305185 -0.0312509537 0.0010445425
704 0.0000013694 0.0004695837 0.0010718481 0.0004898357 -0.0023804437 -0.0220038453 0.0005406103
705 0.0000013810 0.0004650192 0.0010792416 0.0019532442 -0.0312509537 -0.0312509537 0.0020511445
706 0.0000013928 0.0004604031 0.0010866711 0.0012542812 -0.0166631062 -0.0312509537 0.0013389365
707 0.0000014048 0.0004557348 0.0010941369 0.0009766230 -0.0000305185 -0.0312509537 0.0010464413
708 0.0000014170 0.0004510136 0.0011016396 0.0011062040 -0.0113834040 -0.0312509537 0.0011867437
709 0.0000014294 0.0004462388 0.0011091795 0.0000012080 -0.0000305185 0.0010986663 0.0000002274
710 0.0000014420 0.0004414097 0.0011167570 0.0000012080 -0.0000305185 0.0010986663 0.0000002230
711 0.0000014548 0.0004365257 0.0011243728 0.0000014576 0.0004272591 0.0011291849 0.0000000001
712 0.0000014678 0.0004315859 0.0011320272 0.0002362248 0.0022888882 0.0151982177 0.0002013073
713 0.0000014809 0.0004265896 0.0011397207 0.0000014325 0.0003967406 0.0011291849 0.0000000010
714 0.0000014943 0.0004215362 0.0011474538 0.0000014325 0.0003967406 0.0011291849 0.0000000009
715 0.0000015080 0.0004164248 0.0011552270 0.0000015023 0.0003967406 0.0011597034 0.0000000004
716 0.0000015218 0.0004112547 0.0011630408 0.0001900331 -0.0019837031 0.0136417737 0.0001614546
717 0.0000015359 0.0004060250 0.0011708957 0.0000014790 0.0003662221 0.0011597034 0.0000000017
718 0.0000015501 0.0004007351 0.0011787922 0.0000014790 0.0003662221 0.0011597034 0.0000000016
719 0.0000015647 0.0003953840 0.0011867308 0.0000014790 0.0003662221 0.0011597034 0.0000000016
720 0.0000015794 0.0003899710 0.0011947121 0.0019323748 -0.0312509537 -0.0309152501 0.0020321978
721 0.0000015944 0.0003844952 0.0012027366 0.0000015507 0.0003662221 0.0011902219 0.0000000005
722 0.0000016097 0.0003789557 0.0012108049 0.0000015507 0.0003662221 0.0011902219 0.0000000006
723 0.0000016252 0.0003733516 0.0012189174 0.0000016243 0.0003662221 0.0012207404 0.0000000001
724 0.0000016409 0.0003676821 0.0012270748 0.0010081549 -0.0312509537 -0.0056154057 0.0010465577
725 0.0000016569 0.0003619463 0.0012352777 0.0000016029 0.0003357036 0.0012207404 0.0000000009
726 0.0000016732 0.0003561432 0.0012435265 0.0000016243 0.0003662221 0.0012207404 0.0000000006
727 0.0000016897 0.0003502719 0.0012518220 0.0000016029 0.0003357036 0.0012207404 0.0000000012
728 0.0000017066 0.0003443314 0.0012601646 0.0002862883 -0.0132450331 0.0105288858 0.0002705800
729 0.0000017237 0.0003383207 0.0012685551 0.0000016783 0.0003357036 0.0012512589 0.0000000003
730 0.0000017411 0.0003322389 0.0012769940 0.0000016783 0.0003357036 0.0012512589 0.0000000007
731 0.0000017588 0.0003260849 0.0012854820 0.0000016588 0.0003051851 0.0012512589 0.0000000016
732 0.0000017768 0.0003198577 0.0012940197 0.0001365002 -0.0095828120 0.0066835536 0.0001271099
733 0.0000017951 0.0003135562 0.0013026077 0.0000018153 0.0003051851 0.0013122959 0.0000000002
734 0.0000018137 0.0003071793 0.0013112467 0.0000017184 0.0002746666 0.0012817774 0.0000000019
735 0.0000018327 0.0003007260 0.0013199374 0.0000017976 0.0002746666 0.0013122959 0.0000000007
736 0.0000018519 0.0002941952 0.0013286805 0.0009766230 -0.0312509537 -0.0000305185 0.0009969438
737 0.0000018715 0.0002875856 0.0013374766 0.0000017976 0.0002746666 0.0013122959 0.0000000008
738 0.0000018915 0.0002808962 0.0013463265 0.0000017976 0.0002746666 0.0013122959 0.0000000012
739 0.0000019118 0.0002741257 0.0013552308 0.0000018786 0.0002746666 0.0013428144 0.0000000002
740 0.0000019325 0.0002672729 0.0013641904 0.0010874795 -0.0312509537 -0.0105288858 0.0011348439
741 0.0000019535 0.0002603366 0.0013732059 0.0000018628 0.0002441481 0.0013428144 0.0000000012
742 0.0000019749 0.0002533156 0.0013822781 0.0000019457 0.0002441481 0.0013733329 0.0000000002
743 0.0000019966 0.0002462085 0.0013914077 0.0000020304 0.0002441481 0.0014038514 0.0000000002
744 0.0000020188 0.0002390141 0.0014005956 0.0005385469 -0.0212714011 0.0092776269 0.0005247456
745 0.0000020414 0.0002317310 0.0014098426 0.0000020164 0.0002136296 0.0014038514 0.0000000004
746 0.0000020643 0.0002243578 0.0014191494 0.0000020043 0.0001831111 0.0014038514 0.0000000019
747 0.0000020877 0.0002168932 0.0014285168 0.0000020164 0.0002136296 0.0014038514 0.0000000006
748 0.0000021115 0.0002093358 0.0014379458 0.0000802998 -0.0076296274 0.0046998505 0.0000720894
749 0.0000021358 0.0002016840 0.0014474371 0.0000020807 0.0001525925 0.0014343699 0.0000000026
750 0.0000021604 0.0001939365 0.0014569916 0.0000020909 0.0001831111 0.0014343699 0.0000000006
751 0.0000021856 0.0001860916 0.0014666102 0.0000021692 0.0001525925 0.0014648885 0.0000000011
752 0.0000022112 0.0001781480 0.0014762939 0.0009933460 -0.0312509537 -0.0040894803 0.0010187663
753 0.0000022373 0.0001701039 0.0014860434 0.0000021692 0.0001525925 0.0014648885 0.0000000008
754 0.0000022638 0.0001619579 0.0014958597 0.0000021608 0.0001220740 0.0014648885 0.0000000025
755 0.0000022909 0.0001537082 0.0015057439 0.0000022511 0.0001220740 0.0014954070 0.0000000011
756 0.0000023185 0.0001453533 0.0015156968 0.0006757810 -0.0250556963 0.0069277017 0.0006643827
757 0.0000023466 0.0001368913 0.0015257194 0.0000022511 0.0001220740 0.0014954070 0.0000000011
758 0.0000023752 0.0001283205 0.0015358128 0.0000023368 0.0000915555 0.0015259255 0.0000000014
759 0.0000024044 0.0001196393 0.0015459779 0.0000023368 0.0000915555 0.0015259255 0.0000000012
760 0.0000024341 0.0001108457 0.0015562158 0.0008246107 -0.0270699179 0.0095828120 0.0008032202
761 0.0000024644 0.0001019379 0.0015665275 0.0000024309 0.0000915555 0.0015564440 0.0000000002
762 0.0000024953 0.0000929140 0.0015769142 0.0000024262 0.0000610370 0.0015564440 0.0000000014
763 0.0000025268 0.0000837720 0.0015873769 0.0000024262 0.0000610370 0.0015564440 0.0000000015
764 0.0000025589 0.0000745101 0.0015979167 0.0010916009 -0.0263985107 0.0198675497 0.0010346003
765 0.0000025916 0.0000651261 0.0016085348 0.0000045982 -0.0019531846 0.0008850368 0.0000045970
766 0.0000026250 0.0000556180 0.0016192323 0.0000017231 0.0003967406 -0.0012512589 0.0000083561
767 0.0000026590 0.0000459836 0.0016300105 0.0006730073 0.0172124393 -0.0194097720 0.0007373597
768 0.0000026938 0.0000362210 0.0016408705 0.0000000009 0.0000000000 -0.0000305185 0.0000027949
769 0.0000027292 0.0000263277 0.0016518136 0.0000026162 0.0000000000 0.0016174810 0.0000000019
770 0.0000027653 0.0000163015 0.0016628411 0.0000026162 0.0000000000 0.0016174810 0.0000000023
771 0.0000028022 0.0000061403 0.0016739541 0.0000026172 0.0000305185 0.0016174810 0.0000000038
772 0.0000028398 -0.0000041585 0.0016851541 0.0009747305 -0.0001220740 0.0312204352 0.0008723467
773 0.0000028781 -0.0000145972 0.0016964423 0.0000028184 -0.0000305185 0.0016785180 0.0000000006
774 0.0000029173 -0.0000251784 0.0017078201 0.0000028184 -0.0000305185 0.0016785180 0.0000000009
775 0.0000029572 -0.0000359044 0.0017192890 0.0000029245 -0.0000610370 0.0017090365 0.0000000007
776 0.0000029980 -0.0000467780 0.0017308503 0.0009708299 0.0309457686 -0.0036317026 0.0009892949
777 0.0000030397 -0.0000578017 0.0017425054 0.0000030298 -0.0000610370 0.0017395550 0.0000000000
778 0.0000030822 -0.0000689782 0.0017542559 0.0000030344 -0.0000915555 0.0017395550 0.0000000007
779 0.0000031256 -0.0000803104 0.0017661033 0.0000030344 -0.0000915555 0.0017395550 0.0000000008
780 0.0000031699 -0.0000918011 0.0017780491 0.0009503693 0.0308236946 -0.0005188147 0.0009610435
781 0.0000032151 -0.0001034531 0.0017900948 0.0000031481 -0.0001220740 0.0017700735 0.0000000007
782 0.0000032614 -0.0001152695 0.0018022422 0.0000032570 -0.0001220740 0.0018005921 0.0000000000
783 0.0000033086 -0.0001272532 0.0018144927 0.0000032570 -0.0001220740 0.0018005921 0.0000000002
784 0.0000033568 -0.0001394075 0.0018268482 0.0009941032 -0.0312509537 -0.0041810358 0.0010040230
785 0.0000034061 -0.0001517354 0.0018393103 0.0000033763 -0.0001525925 0.0018311106 0.0000000001
786 0.0000034564 -0.0001642403 0.0018518808 0.0000033865 -0.0001831111 0.0018311106 0.0000000008
787 0.0000035079 -0.0001769255 0.0018645614 0.0000034992 -0.0001831111 0.0018616291 0.0000000000
788 0.0000035605 -0.0001897944 0.0018773540 0.0010613571 -0.0093081454 0.0312204352 0.0009441607
789 0.0000036142 -0.0002028505 0.0018902605 0.0000036398 -0.0002441481 0.0018921476 0.0000000017
790 0.0000036692 -0.0002160976 0.0019032828 0.0000036398 -0.0002441481 0.0018921476 0.0000000009
791 0.0000037254 -0.0002295391 0.0019164227 0.0000036259 -0.0002136296 0.0018921476 0.0000000008
792 0.0000037828 -0.0002431790 0.0019296824 0.0009748283 0.0312204352 0.0003357036 0.0009924998
793 0.0000038416 -0.0002570211 0.0019430639 0.0000037721 -0.0002746666 0.0019226661 0.0000000007
794 0.0000039016 -0.0002710694 0.0019565693 0.0000038904 -0.0002746666 0.0019531846 0.0000000000
795 0.0000039631 -0.0002853279 0.0019702006 0.0000037898 -0.0003051851 0.0019226661 0.0000000027
796 0.0000040260 -0.0002998010 0.0019839601 0.0007928572 0.0278939177 0.0038453322 0.0007983505
797 0.0000040903 -0.0003144927 0.0019978501 0.0000040478 -0.0003357036 0.0019837031 0.0000000007
798 0.0000041561 -0.0003294076 0.0020118728 0.0000040478 -0.0003357036 0.0019837031 0.0000000008
799 0.0000042235 -0.0003445502 0.0020260306 0.0000041912 -0.0003662221 0.0020142216 0.0000000006
800 0.0000042925 -0.0003599251 0.0020403259 0.0009766230 -0.0000305185 -0.0312509537 0.0011084178
801 0.0000043631 -0.0003755370 0.0020547611 0.0000043384 -0.0003967406 0.0020447401 0.0000000006
802 0.0000044354 -0.0003913909 0.0020693388 0.0000043384 -0.0003967406 0.0020447401 0.0000000006
803 0.0000045094 -0.0004074918 0.0020840616 0.0000044892 -0.0004272591 0.0020752586 0.0000000005
804 0.0000045852 -0.0004238448 0.0020989321 0.0003294196 0.0038758507 -0.0177312540 0.0004117237
805 0.0000046628 -0.0004404553 0.0021139529 0.0000045163 -0.0004577776 0.0020752586 0.0000000018
806 0.0000047423 -0.0004573286 0.0021291270 0.0000046727 -0.0004882962 0.0021057772 0.0000000015
807 0.0000048238 -0.0004744703 0.0021444572 0.0000048022 -0.0004882962 0.0021362957 0.0000000003
808 0.0000049073 -0.0004918862 0.0021599463 0.0019513377 0.0312204352 -0.0312509537 0.0021219596
809 0.0000049929 -0.0005095822 0.0021755974 0.0000049643 -0.0005188147 0.0021668142 0.0000000002
810 0.0000050806 -0.0005275643 0.0021914136 0.0000051300 -0.0005493332 0.0021973327 0.0000000005
811 0.0000051705 -0.0005458388 0.0022073979 0.0000051645 -0.0005798517 0.0021973327 0.0000000013
812 0.0000052628 -0.0005644121 0.0022235537 0.0003668312 0.0191351054 0.0008239998 0.0003900297
813 0.0000053573 -0.0005832908 0.0022398842 0.0000053359 -0.0006103702 0.0022278512 0.0000000009
814 0.0000054543 -0.0006024816 0.0022563930 0.0000053359 -0.0006103702 0.0022278512 0.0000000009
815 0.0000055538 -0.0006219916 0.0022730833 0.0000055110 -0.0006408887 0.0022583697 0.0000000006
816 0.0000056559 -0.0006418278 0.0022899590 0.0002337781 -0.0000305185 -0.0152897732 0.0003094207
817 0.0000057606 -0.0006619978 0.0023070236 0.0000056898 -0.0006714072 0.0022888882 0.0000000004
818 0.0000058681 -0.0006825090 0.0023242809 0.0000058723 -0.0007019257 0.0023194067 0.0000000004
819 0.0000059785 -0.0007033693 0.0023417348 0.0000058723 -0.0007019257 0.0023194067 0.0000000005
820 0.0000060917 -0.0007245869 0.0023593894 0.0009759906 0.0312204352 0.0011291849 0.0010219978
821 0.0000062081 -0.0007461699 0.0023772487 0.0000061043 -0.0007629627 0.0023499252 0.0000000010
822 0.0000063276 -0.0007681270 0.0023953170 0.0000062486 -0.0007629627 0.0023804437 0.0000000002
823 0.0000064503 -0.0007904669 0.0024135985 0.0000064917 -0.0008239998 0.0024109622 0.0000000011
824 0.0000065764 -0.0008131987 0.0024320979 0.0009747165 0.0312204352 -0.0000305185 0.0010322182
825 0.0000067060 -0.0008363318 0.0024508196 0.0000066910 -0.0008545183 0.0024414808 0.0000000004
826 0.0000068391 -0.0008598759 0.0024697684 0.0000007842 -0.0008850368 -0.0000305185 0.0000062521
827 0.0000069760 -0.0008838409 0.0024889492 0.0000008392 -0.0009155553 -0.0000305185 0.0000063487
828 0.0000071168 -0.0009082370 0.0025083670 0.0009747165 0.0312204352 -0.0000305185 0.0010386975
829 0.0000072615 -0.0009330748 0.0025280269 0.0000004936 -0.0007019257 -0.0000305185 0.0000065996
830 0.0000074104 -0.0009583654 0.0025479342 0.0000174820 -0.0041810358 -0.0000305185 0.0000170340
831 0.0000075636 -0.0009841199 0.0025680945 0.0000308519 0.0000305185 0.0055543687 0.0000099473
832 0.0000077212 -0.0010103500 0.0025885133 0.0001130443 0.0098269601 0.0040589618 0.0001196095
833 0.0000078834 -0.0010370678 0.0026091964 0.0009883053 -0.0312509537 -0.0034180731 0.0009492069
834 0.0000080504 -0.0010642856 0.0026301499 0.0009805572 -0.0312509537 -0.0019837031 0.0009325226
835 0.0000082223 -0.0010920162 0.0026513799 0.0009766230 -0.0312509537 -0.0000305185 0.0009167541
836 0.0000083994 -0.0011202731 0.0026728928 0.0004281411 0.0206915494 -0.0000305185 0.0004830640
837 0.0000085817 -0.0011490697 0.0026946952 0.0000004936 -0.0007019257 -0.0000305185 0.0000076267
838 0.0000087696 -0.0011784204 0.0027167938 0.0000014176 -0.0011902219 -0.0000305185 0.0000075479
839 0.0000089633 -0.0012083398 0.0027391956 0.0000088677 -0.0012207404 0.0027161473 0.0000000007
840 0.0000091629 -0.0012388429 0.0027619078 0.0019532442 -0.0312509537 -0.0312509537 0.0020576015
841 0.0000093686 -0.0012699456 0.0027849379 0.0000091871 -0.0012817774 0.0027466659 0.0000000016
842 0.0000095808 -0.0013016641 0.0028082936 0.0000094349 -0.0013122959 0.0027771844 0.0000000011
843 0.0000097997 -0.0013340151 0.0028319829 0.0000096863 -0.0013428144 0.0028077029 0.0000000007
844 0.0000100255 -0.0013670160 0.0028560139 0.0009766975 -0.0312509537 -0.0002746666 0.0009028509
845 0.0000102586 -0.0014006849 0.0028803952 0.0000102005 -0.0014038514 0.0028687399 0.0000000001
846 0.0000104992 -0.0014350405 0.0029051356 0.0000105516 -0.0014648885 0.0028992584 0.0000000009
847 0.0000107475 -0.0014701021 0.0029302442 0.0000106419 -0.0014954070 0.0028992584 0.0000000016
848 0.0000110040 -0.0015058897 0.0029557304 0.0009778972 -0.0312509537 -0.0011291849 0.0009014554
849 0.0000112690 -0.0015424243 0.0029816038 0.0000111859 -0.0015564440 0.0029602954 0.0000000007
850 0.0000115428 -0.0015797273 0.0030078748 0.0000114634 -0.0015869625 0.0029908139 0.0000000003
851 0.0000118259 -0.0016178213 0.0030345536 0.0000118444 -0.0016479995 0.0030213324 0.0000000011
852 0.0000121185 -0.0016567294 0.0030616511 0.0012912812 0.0312204352 -0.0177922910 0.0015157949
853 0.0000124211 -0.0016964758 0.0030891785 0.0000124218 -0.0017090365 0.0030823695 0.0000000002
854 0.0000127341 -0.0017370856 0.0031171475 0.0000125271 -0.0017395550 0.0030823695 0.0000000012
855 0.0000130580 -0.0017785848 0.0031455702 0.0000129322 -0.0018005921 0.0031128880 0.0000000016
856 0.0000133932 -0.0018210006 0.0031744590 0.0014621353 -0.0312509537 -0.0220343638 0.0015016069
857 0.0000137404 -0.0018643612 0.0032038270 0.0000135395 -0.0018616291 0.0031739250 0.0000000009
858 0.0000140999 -0.0019086958 0.0032336878 0.0000139651 -0.0019226661 0.0032044435 0.0000000011
859 0.0000144723 -0.0019540349 0.0032640552 0.0000144001 -0.0019837031 0.0032349620 0.0000000017
860 0.0000148583 -0.0020004103 0.0032949439 0.0012113334 -0.0312509537 -0.0153202918 0.0012021213
861 0.0000152584 -0.0020478551 0.0033263691 0.0000153724 -0.0020752586 0.0033265175 0.0000000008
862 0.0000156734 -0.0020964036 0.0033583464 0.0000155000 -0.0021057772 0.0033265175 0.0000000011
863 0.0000161039 -0.0021460919 0.0033908924 0.0000160393 -0.0021362957 0.0033875546 0.0000000001
864 0.0000165506 -0.0021969572 0.0034240240 0.0002851213 0.0046388134 0.0162358470 0.0002108706
865 0.0000170143 -0.0022490387 0.0034577591 0.0000169930 -0.0022583697 0.0034485916 0.0000000002
866 0.0000174958 -0.0023023770 0.0034921162 0.0000173432 -0.0022888882 0.0034791101 0.0000000004
867 0.0000179961 -0.0023570147 0.0035271145 0.0000179840 -0.0023804437 0.0035096286 0.0000000009
868 0.0000185159 -0.0024129962 0.0035627742 0.0010074731 0.0055543687 -0.0312509537 0.0012754746
869 0.0000190564 -0.0024703680 0.0035991163 0.0000188604 -0.0024719993 0.0035706656 0.0000000008
870 0.0000196184 -0.0025291784 0.0036361627 0.0000196055 -0.0025330363 0.0036317026 0.0000000000
871 0.0000202032 -0.0025894782 0.0036739362 0.0000200777 -0.0026245918 0.0036317026 0.0000000030
872 0.0000208119 -0.0026513206 0.0037124609 0.0019532442 -0.0312509537 -0.0312509537 0.0020403794
873 0.0000214456 -0.0027147610 0.0037517615 0.0000212401 -0.0027161473 0.0037232582 0.0000000008
874 0.0000221058 -0.0027798576 0.0037918644 0.0000222041 -0.0028077029 0.0037842952 0.0000000008
875 0.0000227939 -0.0028466715 0.0038327968 0.0000226083 -0.0028382214 0.0038148137 0.0000000004
876 0.0000235112 -0.0029152666 0.0038745874 0.0009230510 -0.0289010285 -0.0093691824 0.0008506573
877 0.0000242594 -0.0029857100 0.0039172661 0.0000243882 -0.0030213324 0.0039063692 0.0000000014
878 0.0000250403 -0.0030580720 0.0039608644 0.0000248129 -0.0030518509 0.0039368877 0.0000000006
879 0.0000258554 -0.0031324266 0.0040054152 0.0000258644 -0.0031434065 0.0039979247 0.0000000002
880 0.0000267069 -0.0032088516 0.0040509531 0.0019532442 -0.0312509537 -0.0312509537 0.0020325841
881 0.0000275968 -0.0032874285 0.0040975145 0.0000273388 -0.0032959990 0.0040589618 0.0000000016
882 0.0000285272 -0.0033682433 0.0041451375 0.0000284499 -0.0033875546 0.0041199988 0.0000000010
883 0.0000295005 -0.0034513866 0.0041938622 0.0000293738 -0.0034485916 0.0041810358 0.0000000002
884 0.0000305193 -0.0035369537 0.0042437308 0.0019532442 -0.0312509537 -0.0312509537 0.0020279384
885 0.0000315862 -0.0036250449 0.0042947877 0.0000316669 -0.0036622211 0.0042725913 0.0000000019
886 0.0000327040 -0.0037157664 0.0043470798 0.0000328712 -0.0037537767 0.0043336283 0.0000000016
887 0.0000338760 -0.0038092299 0.0044006565 0.0000335986 -0.0038148137 0.0043641469 0.0000000014
888 0.0000351055 -0.0039055537 0.0044555696 0.0019532442 -0.0312509537 -0.0312509537 0.0020227267
889 0.0000363959 -0.0040048627 0.0045118743 0.0000363545 -0.0040284433 0.0044862209 0.0000000012
890 0.0000377513 -0.0041072889 0.0045696286 0.0000376519 -0.0041199988 0.0045472579 0.0000000007
891 0.0000391758 -0.0042129724 0.0046288940 0.0000392316 -0.0042420728 0.0046082949 0.0000000013
892 0.0000406738 -0.0043220614 0.0046897353 0.0019532442 -0.0312509537 -0.0312509537 0.0020168984
893 0.0000422503 -0.0044347130 0.0047522215 0.0000425193 -0.0044557024 0.0047608875 0.0000000005
894 0.0000439104 -0.0045510941 0.0048164256 0.0001022254 -0.0018005921 0.0099490341 0.0000339089
895 0.0000456599 -0.0046713819 0.0048824249 0.0011068997 -0.0312509537 0.0114139225 0.0007491341
896 0.0000475048 -0.0047957649 0.0049503018 0.0010604463 -0.0091555528 -0.0312509537 0.0013295387
897 0.0000494520 -0.0049244436 0.0050201437 0.0009909821 0.0172429579 -0.0263374737 0.0014746939
898 0.0000515085 -0.0050576314 0.0050920437 0.0007119930 -0.0049745170 -0.0262153996 0.0009801629
899 0.0000536824 -0.0051955563 0.0051661007 0.0000538356 -0.0052186651 0.0051576281 0.0000000006
900 0.0000559821 -0.0053384612 0.0052424206 0.0011655701 -0.0142216254 -0.0310373241 0.0013951305
901 0.0000584171 -0.0054866059 0.0053211162 0.0000583751 -0.0054933317 0.0053102206 0.0000000002
902 0.0000609976 -0.0056402682 0.0054023079 0.0000610556 -0.0056459243 0.0054017762 0.0000000000
903 0.0000637346 -0.0057997455 0.0054861247 0.0000634651 -0.0057985168 0.0054628132 0.0000000005
904 0.0000666405 -0.0059653568 0.0055727048 0.0017157806 0.0272225105 0.0312204352 0.0017592406
905 0.0000697287 -0.0061374443 0.0056621964 0.0000698805 -0.0061647389 0.0056459243 0.0000000010
906 0.0000730139 -0.0063163760 0.0057547585 0.0000728274 -0.0063173315 0.0057374798 0.0000000003
907 0.0000765122 -0.0065025478 0.0058505621 0.0000769878 -0.0065309610 0.0058595538 0.0000000009
908 0.0000802416 -0.0066963862 0.0059497914 0.0016976160 0.0268868068 0.0312204352 0.0017664363
909 0.0000842218 -0.0068983515 0.0060526449 0.0000845068 -0.0069277017 0.0060426649 0.0000000010
910 0.0000884745 -0.0071089411 0.0061593371 0.0000886273 -0.0071413312 0.0061342204 0.0000000017
911 0.0000930239 -0.0073286934 0.0062700999 0.0000927887 -0.0073244423 0.0062562944 0.0000000002
912 0.0000978968 -0.0075581919 0.0063851843 0.0015682427 -0.0312509537 -0.0243232521 0.0015043550
913 0.0001031231 -0.0077980701 0.0065048629 0.0001028988 -0.0078127384 0.0064699240 0.0000000014
914 0.0001087360 -0.0080490170 0.0066294318 0.0001087711 -0.0080568865 0.0066225166 0.0000000001
915 0.0001147727 -0.0083117832 0.0067592135 0.0001143967 -0.0083010346 0.0067445906 0.0000000003
916 0.0001212748 -0.0085871882 0.0068945598 0.0019532442 -0.0312509537 -0.0312509537 0.0019687265
917 0.0001282889 -0.0088761279 0.0070358549 0.0001286831 -0.0089114048 0.0070192572 0.0000000015
918 0.0001358677 -0.0091795844 0.0071835201 0.0001358193 -0.0091860714 0.0071718497 0.0000000002
919 0.0001440706 -0.0094986360 0.0073380174 0.0001443117 -0.0095217750 0.0073244423 0.0000000007
920 0.0001529646 -0.0098344695 0.0074998552 0.0016225421 0.0254524369 0.0312204352 0.0018078317
921 0.0001626261 -0.0101883943 0.0076695940 0.0001625788 -0.0101931822 0.0076601459 0.0000000001
922 0.0001731417 -0.0105618583 0.0078478534 0.0001731853 -0.0105899228 0.0078127384 0.0000000020
923 0.0001846105 -0.0109564669 0.0080353200 0.0001844597 -0.0109561449 0.0080263680 0.0000000001
924 0.0001971463 -0.0113740049 0.0082327568 0.0015084416 0.0231025117 0.0312204352 0.0017170636
925 0.0002108795 -0.0118164623 0.0084410143 0.0002104405 -0.0118106632 0.0084231086 0.0000000004
926 0.0002259610 -0.0122860645 0.0086610429 0.0002258576 -0.0122989593 0.0086367382 0.0000000008
927 0.0002425657 -0.0127853081 0.0088939089 0.0002431655 -0.0128177740 0.0088808863 0.0000000012
928 0.0002608970 -0.0133170036 0.0091408117 0.0013694351 0.0312204352 0.0198675497 0.0020986464
929 0.0002811929 -0.0138843262 0.0094031064 0.0002811732 -0.0138859218 0.0093997009 0.0000000000
930 0.0003037330 -0.0144908769 0.0096823288 0.0003031463 -0.0144962920 0.0096438490 0.0000000015
931 0.0003288474 -0.0151407560 0.0099802277 0.0003290424 -0.0151676992 0.0099490341 0.0000000017
932 0.0003569283 -0.0158386531 0.0102988023 0.0009766230 -0.0000305185 -0.0312509537 0.0019762793
933 0.0003884437 -0.0165899564 0.0106403491 0.0003884225 -0.0166020692 0.0106204413 0.0000000005
934 0.0004239564 -0.0174008881 0.0110075195 0.0004233119 -0.0173955504 0.0109866634 0.0000000005
935 0.0004641472 -0.0182786716 0.0114033907 0.0004630679 -0.0182805872 0.0113528855 0.0000000026
936 0.0005098456 -0.0192317417 0.0118315555 0.0004557146 0.0208441420 0.0046082949 0.0016582519
937 0.0005620707 -0.0202700093 0.0122962344 0.0005623939 -0.0202948088 0.0122684408 0.0000000014
938 0.0006220845 -0.0214051987 0.0128024192 0.0006225014 -0.0214239937 0.0127872555 0.0000000006
939 0.0006914649 -0.0226512823 0.0133560583 0.0006928466 -0.0226752525 0.0133671072 0.0000000007
940 0.0007722044 -0.0240250461 0.0139642967 0.0009866084 -0.0034485916 0.0312204352 0.0007211648
941 0.0008668472 -0.0255468351 0.0146357930 0.0008677522 -0.0255745109 0.0146183660 0.0000000011
942 0.0009786816 -0.0272415495 0.0153811437 0.0009783750 -0.0272530290 0.0153508103 0.0000000011
943 0.0011120154 -0.0291399942 0.0162134563 0.0011120540 -0.0291451765 0.0162053285 0.0000000001
944 0.0012725777 -0.0312807390 0.0171491413 0.0007705237 -0.0275276955 0.0035706656 0.0001984603
945 0.0014681166 -0.0337127297 0.0182090219 0.0013085741 -0.0312509537 0.0182195502 0.0000060605
946 0.0017093125 -0.0364990273 0.0194199250 0.0013533614 -0.0312509537 0.0194097720 0.0000275424
947 0.0020112085 -0.0397222918 0.0208170129 0.0014085596 -0.0312509537 0.0207831050 0.0000717647
948 0.0023955252 -0.0434930360 0.0224472940 0.0009749847 0.0005188147 0.0312204352 0.0020140110
949 0.0028945393 -0.0479624353 0.0243750705 0.0015697282 -0.0312509537 0.0243537706 0.0002792741
950 0.0035578608 -0.0533429228 0.0266906980 0.0016880805 -0.0312509537 0.0266731773 0.0004880554
951 0.0044648701 -0.0599427121 0.0295252673 0.0018475448 -0.0312509537 0.0295113987 0.0008232172
952 0.0057489270 -0.0682266340 0.0330764788 0.0012483213 -0.0165410321 0.0312204352 0.0026748463
953 0.0076480168 -0.0789300899 0.0376571064 0.0019513377 -0.0312509537 0.0312204352 0.0023147308
954 0.0106207453 -0.0932894421 0.0437929826 0.0019513377 -0.0312509537 0.0312204352 0.0040068430
955 0.0156451234 -0.1135561371 0.0524416543 0.0019513377 -0.0312509537 0.0312204352 0.0072244833
956 0.0251214411 -0.1443075061 0.0655498651 0.0019513377 -0.0312509537 0.0312204352 0.0139602938
957 0.0463152541 -0.1964960089 0.0877756946 0.0019513377 -0.0312509537 0.0312204352 0.0305044256
958 0.1105899469 -0.3044768204 0.1337303735 0.0019513377 -0.0312509537 0.0312204352 0.0851606617
959 0.5171140129 -0.6601977136 0.2850491042 0.0019513377 -0.0312509537 0.0312204352 0.4600030200
960 24.3528388416 4.5427618232 -1.9277328289 0.0019513377 0.0312204352 -0.0312509537 23.9506491983
961 0.3182443699 0.5206786871 -0.2171130458 0.0010250389 -0.0069582202 -0.0312509537 0.3129454232
962 0.0907622072 0.2787830005 -0.1142026523 0.0019532442 -0.0312509537 -0.0312509537 0.1030020371
963 0.0426427303 0.1915758463 -0.0770806424 0.0009814504 -0.0021973327 -0.0312509537 0.0396484053
964 0.0248594215 0.1466386669 -0.0579355062 0.0010029094 0.0051271096 -0.0312509537 0.0207375862
965 0.0163579497 0.1192428987 -0.0462501984 0.0019513377 0.0312204352 -0.0312509537 0.0079729314
966 0.0116333668 0.1008013479 -0.0383725817 0.0019513377 0.0312204352 -0.0312509537 0.0048922210
967 0.0087335347 0.0875456815 -0.0326999746 0.0019513377 0.0312204352 -0.0312509537 0.0031746330
968 0.0068234808 0.0775620691 -0.0284184136 0.0018784358 0.0300302133 -0.0312509537 0.0022673006
969 0.0054971357 0.0697753514 -0.0250706205 0.0016025035 0.0312204352 -0.0250556963 0.0014864818
970 0.0045375573 0.0635350046 -0.0223799136 0.0014765018 0.0312204352 -0.0224005860 0.0010442318
971 0.0038201952 0.0584243449 -0.0201690629 0.0013816548 0.0312204352 -0.0201727348 0.0007400527
972 0.0032693486 0.0541641235 -0.0183192885 0.0012020755 0.0150151067 -0.0312509537 0.0016998735
973 0.0028368276 0.0505601827 -0.0167479995 0.0012554343 0.0312204352 -0.0167546617 0.0003740259
974 0.0024907546 0.0474733419 -0.0153959857 0.0012113008 0.0312204352 -0.0153813288 0.0002641572
975 0.0022093495 0.0448012270 -0.0142196906 0.0011769702 0.0312204352 -0.0142216254 0.0001844379
976 0.0019773143 0.0424668603 -0.0131863577 0.0011168357 0.0118411817 -0.0312509537 0.0012642618
977 0.0017836433 0.0404112465 -0.0122708779 0.0011252302 0.0312204352 -0.0122684408 0.0000844710
978 0.0016202525 0.0385884135 -0.0114536803 0.0011056908 0.0312204352 -0.0114444411 0.0000542872
979 0.0014810931 0.0369620083 -0.0107192842 0.0010901172 0.0312204352 -0.0107425153 0.0000329662
980 0.0013615652 0.0355029077 -0.0100552829 0.0003414595 -0.0141605884 -0.0118717002 0.0024697622
981 0.0012581187 0.0341875076 -0.0094516165 0.0010642211 0.0312204352 -0.0094607379 0.0000088036
982 0.0011679782 0.0329964763 -0.0089000410 0.0010541287 0.0312204352 -0.0089114048 0.0000031545
983 0.0010889474 0.0319138309 -0.0083937360 0.0010451511 0.0312204352 -0.0083925901 0.0000004808
984 0.0010192700 0.0309262438 -0.0079270095 0.0009987107 0.0046998505 -0.0312509537 0.0012318301
985 0.0009575275 0.0300225145 -0.0074950730 0.0009563450 0.0299996948 -0.0075075533 0.0000000007
986 0.0009025637 0.0291931626 -0.0070938691 0.0009017848 0.0291756951 -0.0071108127 0.0000000006
987 0.0008534288 0.0284301115 -0.0067199358 0.0008510396 0.0283822138 -0.0067445906 0.0000000029
988 0.0008093361 0.0277264386 -0.0063703013 0.0010276207 0.0071413312 -0.0312509537 0.0010427935
989 0.0007696300 0.0270761781 -0.0060423994 0.0007676429 0.0270393994 -0.0060426649 0.0000000014
990 0.0007337600 0.0264741618 -0.0057340020 0.0007330263 0.0264595477 -0.0057374798 0.0000000002
991 0.0007012615 0.0259158918 -0.0054431648 0.0006996010 0.0258796960 -0.0054628132 0.0000000017
992 0.0006717399 0.0253974364 -0.0051681829 0.0019532442 -0.0312509537 -0.0312509537 0.0038893510
993 0.0006448585 0.0249153447 -0.0049075547 0.0006430886 0.0248725852 -0.0049439985 0.0000000032
994 0.0006203285 0.0244665767 -0.0046599519 0.0006193766 0.0244453261 -0.0046693319 0.0000000005
995 0.0005979012 0.0240484451 -0.0044241946 0.0005967208 0.0240180670 -0.0044557024 0.0000000019
996 0.0005773613 0.0236585670 -0.0041992307 0.0011007051 0.0111392560 -0.0312509537 0.0008885289
997 0.0005585220 0.0232948228 -0.0039841184 0.0005567833 0.0232551042 -0.0039979247 0.0000000018
998 0.0005412202 0.0229553225 -0.0037780120 0.0005412516 0.0229499191 -0.0038148137 0.0000000014
999 0.0005253136 0.0226383767 -0.0035801489 0.0005243713 0.0226142155 -0.0036011841 0.0000000010
1000 0.0005106770 0.0223424716 -0.0033898394 0.0010109565 0.0058595538 -0.0312509537 0.0010479283
1001 0.0004972007 0.0220662486 -0.0032064577 0.0004959782 0.0220343638 -0.0032349620 0.0000000018
1002 0.0004847875 0.0218084861 -0.0030294338 0.0004841273 0.0217902158 -0.0030518509 0.0000000008
1003 0.0004733518 0.0215680838 -0.0028582472 0.0004724627 0.0215460677 -0.0028687399 0.0000000006
1004 0.0004628176 0.0213440500 -0.0026924210 0.0010830266 0.0103152562 -0.0312509537 0.0009372241
1005 0.0004531175 0.0211354896 -0.0025315166 0.0004524203 0.0211188086 -0.0025330363 0.0000000003
1006 0.0004441916 0.0209415944 -0.0023751297 0.0004426930 0.0209051790 -0.0023804437 0.0000000014
1007 0.0004359867 0.0207616342 -0.0022228861 0.0004343674 0.0207220679 -0.0022278512 0.0000000016
1008 0.0004284552 0.0205949497 -0.0020744387 0.0017160265 -0.0271919919 -0.0312509537 0.0031348608
1009 0.0004215551 0.0204409453 -0.0019294640 0.0004206640 0.0204168828 -0.0019531846 0.0000000011
1010 0.0004152485 0.0202990841 -0.0017876599 0.0004138836 0.0202642903 -0.0018005921 0.0000000014
1011 0.0004095022 0.0201688822 -0.0016487429 0.0004097567 0.0201727348 -0.0016785180 0.0000000009
1012 0.0004042862 0.0200499047 -0.0015124466 0.0011966102 0.0148319956 -0.0312509537 0.0009116054
1013 0.0003995742 0.0199417619 -0.0013785191 0.0003991194 0.0199285867 -0.0014038514 0.0000000008
1014 0.0003953428 0.0198441057 -0.0012467218 0.0003950735 0.0198370312 -0.0012512589 0.0000000001
1015 0.0003915716 0.0197566269 -0.0011168275 0.0003910909 0.0197454756 -0.0010986663 0.0000000005
1016 0.0003882425 0.0196790524 -0.0009886192 0.0011711398 0.0139469588 -0.0312509537 0.0009486658
1017 0.0003853398 0.0196111435 -0.0008618887 0.0003846113 0.0195928831 -0.0008545183 0.0000000004
1018 0.0003828502 0.0195526933 -0.0007364356 0.0003820295 0.0195318461 -0.0007324442 0.0000000005
1019 0.0003807621 0.0195035259 -0.0006120657 0.0003795231 0.0194708090 -0.0006408887 0.0000000019
1020 0.0003790663 0.0194634945 -0.0004885905 0.0011139596 0.0117191076 -0.0312509537 0.0010062985
1021 0.0003777551 0.0194324804 -0.0003658257 0.0003484570 0.0185857723 0.0017395550 0.0000051495
1022 0.0003768227 0.0194103921 -0.0002435908 0.0003743596 0.0192266610 -0.0021668142 0.0000037325
1023 0.0003762648 0.0193971650 -0.0001217077 0.0010396290 0.0312204352 -0.0080568865 0.0002027568
