#int double real img int16 real16 img16 error
0 11.8926669012 3.4485746188 0.0000000000 0.0516383910 0.2272408216 0.0000000000 10.3769914330
1 11.8985384032 3.4493579088 0.0216430227 0.0138760194 -0.0583513901 0.1023285623 12.3105346818
2 11.9161787700 3.4517100669 0.0433172489 0.0323816865 0.0061037019 -0.1798455763 11.9220048691
3 11.9456658359 3.4556379742 0.0650540339 0.0045333589 -0.0574968719 -0.0350352489 12.3521343109
4 11.9871301720 3.4611531550 0.0868850390 0.0439836946 -0.0961638234 0.1863765374 12.6644026424
5 12.0407563723 3.4682718617 0.1088423879 0.0907211783 0.2652974029 0.1426129948 10.2601858380
6 12.1067848842 3.4770151955 0.1309588285 0.0111230779 0.0753196814 -0.0738242744 11.6134684897
7 12.1855144178 3.4874092631 0.1532679006 0.1472342890 -0.3563951537 0.1421857356 14.7749552088
8 12.2773049736 3.4994853747 0.1758041129 0.0121951515 0.0120242927 -0.1097750786 12.2439402726
9 12.3825815451 3.5132802823 0.1986031293 0.0145132776 0.0863979003 -0.0839564196 11.8233627587
10 12.5018385625 3.5288364654 0.2217019687 0.0048270732 0.0682088687 0.0132145146 12.0194103817
11 12.6356451610 3.5462024652 0.2451392190 0.0479478913 -0.2065187536 0.0727866451 14.1126219561
12 12.7846513738 3.5654332748 0.2689552693 0.0204406200 -0.1425824763 0.0105288858 13.8161650058
13 12.9495953704 3.5865907895 0.2931925628 0.1245181638 0.3273415326 -0.1317789239 10.8033064830
14 13.1313118858 3.6097443261 0.3178958734 0.0334738732 0.1677907651 0.0729392376 11.9070480692
15 13.3307420158 3.6349712174 0.3431126117 0.0003927534 0.0073549608 0.0184026612 13.2650362574
16 13.5489445852 3.6623574948 0.3688931624 0.0161067914 0.0303353984 -0.1232337413 13.4337733981
17 13.7871093417 3.6919986674 0.3952912614 0.0195115876 -0.0907315287 -0.1062044130 14.5605456480
18 14.0465722765 3.7240006145 0.4223644160 0.0065508991 0.0809350871 0.0006408887 13.4497771700
19 14.3288334344 3.7584806058 0.4501743777 0.3685047356 0.5918759728 0.1348612934 10.1268072429
20 14.6355776521 3.7955684706 0.4787876746 0.0499742553 0.2049928282 -0.0891750847 13.2148151399
21 14.9686987574 3.8354079374 0.5082762152 0.4640388412 -0.6082338939 -0.3067415387 20.4102066639
22 15.3303278743 3.8781581737 0.5387179730 0.0471337902 0.2170781579 0.0032959990 13.6901835719
23 15.7228666261 3.9239955568 0.5701977692 0.0799527333 -0.2568132572 -0.1183202612 17.9532194182
24 16.1490262019 3.9731157186 0.6028081688 0.0153963994 -0.0904873806 0.0849024934 16.7810964365
25 16.6118734806 4.0257359088 0.6366505108 0.0501233012 0.2041688284 0.0918607135 14.9011708735
26 17.1148856886 4.0820977384 0.6718360979 0.1447445749 0.2826929533 0.2546159246 14.6095493946
27 17.6620154253 4.1424703716 0.7084875762 0.0212078317 0.1224097415 0.0788903470 16.5572801407
28 18.2577683541 4.2071542541 0.7467405413 0.0206589055 0.0890835292 0.1127964110 17.3603916561
29 18.9072964456 4.2764854842 0.7867454159 0.0077785270 0.0539567248 0.0697653127 18.3438095924
30 19.6165104298 4.3508409568 0.8286696557 0.0783205989 -0.1740470595 -0.2191534165 21.5725447513
31 20.3922161085 4.4306444455 0.8727003527 0.1696706604 0.3436994537 0.2270271920 17.1200131967
32 21.2422805012 4.5163738243 0.9190473223 0.1042193547 -0.1365703299 -0.2925199133 23.1177844683
33 22.1758355269 4.6085696861 0.9679467834 0.0672102250 -0.2175359355 -0.1410260323 24.5211161770
34 23.2035292580 4.7078456831 1.0196657699 0.0014266358 -0.0039063692 -0.0375682852 23.3183512494
35 24.3378378995 4.8149010002 1.0745074489 0.0281960562 0.0457472457 -0.1615649892 24.2727026062
36 25.5934559096 4.9305354943 1.1328175711 0.2106501963 -0.0469679861 -0.4565569018 27.3016521118
37 26.9877875065 5.0556681851 1.1949923467 0.1936497584 -0.0352488784 -0.4386425367 28.5861994801
38 28.5415709165 5.1913599970 1.2614881284 0.0335040462 -0.1298257393 0.1290322581 29.5974739386
39 30.2796780811 5.3388419341 1.3328334042 0.0131250221 -0.1060518204 0.0433362835 31.3096708230
40 32.2321486908 5.4995502661 1.4096437711 0.2054989891 0.3285012360 -0.3123874630 29.7051396430
41 34.4355406541 5.6751708448 1.4926407929 1.0406638877 0.2732627338 -0.9828485977 35.3086589618
42 36.9347130159 5.8676954416 1.5826759681 0.7143106101 -0.1116367077 0.8377636036 36.3073073825
43 39.7852075877 6.0794940870 1.6807615040 0.0625458257 -0.1574449904 0.1943113498 41.1089431163
44 43.0564712175 6.3134089765 1.7881102629 0.1462003125 0.2668843654 -0.2738120670 40.8119835683
45 46.8362766532 6.5728778371 1.9061882363 0.0736099053 0.2688985870 0.0361033967 43.2373716926
46 51.2368813488 6.8620981276 2.0367843863 0.1231888804 -0.1888485366 0.2958464309 52.7467138264
47 56.4037533078 7.1862487635 2.1821049511 0.0418334739 0.1107211524 -0.1719718009 55.6047683293
48 62.5281669065 7.5517943305 2.3449028331 0.3042832075 -0.4347056490 0.3395794549 67.8055037728
49 69.8657670964 7.9669099583 2.5286583029 0.1354421435 -0.0946989349 0.3556321909 69.7115804303
50 78.7645751660 8.4420866359 2.7378364446 0.6815835802 -0.5830561235 0.5844904935 86.0901006141
51 89.7083641606 8.9910131830 2.9782622625 0.1159743558 -0.2111880856 0.2671590320 92.0305889135
52 103.3858805707 9.6318945553 3.2576813604 0.0257735458 0.1524094363 -0.0504470962 100.8043520064
53 120.8051786187 10.3894809594 3.5866229260 0.0034808750 0.0513321329 0.0290841395 119.5334033750
54 143.4901622362 11.2982990513 3.9797739612 0.2646743529 -0.3947874386 0.3298745689 150.0500372349
55 173.8346932013 12.4080070660 4.4582568176 0.0458540013 0.1991943113 0.0785851619 168.2366326895
56 215.7774088131 13.7927030468 5.0535879803 0.3917294461 -0.5983764153 0.1835077975 230.8208490728
57 276.1786166543 15.5680682905 5.8149691621 0.0016985697 -0.0208441420 0.0355540635 276.4158297092
58 367.8793584974 17.9252961528 6.8237171932 0.2453554788 0.4917752617 0.0592669454 349.6854378145
59 517.2837902372 21.2047191507 8.2245775560 0.1707218152 -0.1069978942 0.3990905484 515.4275303112
60 786.1239328569 26.0764522077 10.3025517769 0.0185112004 0.1224097415 0.0593890194 778.5347036134
61 1348.4815346363 34.0675382936 13.7070919326 0.0987410508 -0.3141880551 -0.0051881466 1370.1297316862
62 2870.1530017666 49.5754069723 20.3084225211 0.0442888657 0.2016968291 0.0600604266 2847.7594208120
63 10063.7706130618 92.5912188555 38.6087658946 0.0084912148 -0.0341807306 0.0855739006 10063.5009699067
64 770104.3823054206 807.8299814857 342.8047597659 0.0057972408 0.0098269601 -0.0755027924 770140.2765099993
65 16352.5809071750 -117.4016000707 -50.6896952842 0.0445462850 -0.0591143529 0.2026123844 16359.2859342886
66 3497.1611865551 -54.1444860538 -23.7809969623 0.2837708946 0.4548783837 0.2772301401 3559.8888882970
67 1464.6169333828 -34.9424806846 -15.6089710420 0.0057980176 0.0682699057 0.0337229530 1470.4465323155
68 794.4097211717 -25.6619066846 -11.6565975518 0.0362226962 -0.1263771477 -0.1423078097 784.6421369911
69 494.7422412748 -20.1934540406 -9.3255914121 0.0695058527 -0.0555131687 0.2577288125 497.3766890859
70 335.8574571455 -16.5894694067 -7.7876159349 0.6597619527 0.5326700644 0.6132084109 363.7415097568
71 241.8515252247 -14.0359753666 -6.6964857002 0.2471735100 -0.2590716269 -0.4243293558 229.1430218608
72 181.7970353296 -12.1326018452 -5.8819221174 0.2008239003 -0.2689291055 -0.3584704123 171.2552496134
73 141.1915909250 -10.6594890649 -5.2504174881 0.1128315818 -0.1163670766 0.3151036103 142.1324463576
74 112.5094363158 -9.4858621260 -4.7463518667 0.1004029344 0.0961638234 0.3019196142 117.3002662393
75 91.5333685497 -8.5290611173 -4.3345686068 0.0013003221 -0.0148319956 -0.0328684347 90.9967219073
76 75.7531577460 -7.7342770348 -3.9917560665 0.0131730999 0.0418408765 0.1068758202 77.2667931134
77 63.5999967606 -7.0637333572 -3.7018465417 0.0846368770 -0.1510055849 -0.2486648152 59.7102692909
78 54.0532067193 -6.4905468714 -3.4534052802 0.0382697266 -0.1405987732 -0.1360209967 51.3268793347
79 46.4259239639 -5.9950653037 -3.2380728787 0.0026225791 -0.0091555528 0.0503860591 46.6450777318
80 40.2424397705 -5.5625894160 -3.0495964913 0.1579624760 0.0231330302 -0.3967711417 38.2377775811
81 35.1650154502 -5.1819051672 -2.8832055578 0.2593648829 -0.1882992035 0.4731894894 36.2014882339
82 30.9486296368 -4.8443086595 -2.7351971133 0.6752873472 -0.3050935392 0.7630237739 32.8420232836
83 27.4121160259 -4.5429410845 -2.6026529405 0.3462708312 0.0413525803 -0.5869930113 25.0786333558
84 24.4192478300 -4.2723244717 -2.4832421224 0.1487257441 0.0432142094 -0.3832209235 23.0339631442
85 21.8660395703 -4.0280308934 -2.3750803549 1.2308936386 -0.4805139317 1.0000000000 23.9760439955
86 19.6720382380 -3.8064424149 -2.2766278527 0.1520102089 -0.1790215766 0.3463545640 20.0382186971
87 17.7742347977 -3.6045740177 -2.1866140375 0.1869591627 0.1629078036 -0.4005249184 17.3840336149
88 16.1227333369 -3.4199410282 -2.1039811550 0.0346159773 0.0113834040 -0.1857051302 15.4537702666
89 14.6776217715 -3.2504585290 -2.0278414935 0.2515499343 0.3708609272 -0.3376567888 15.9706789394
90 13.4066782276 -3.0943640970 -1.9574445236 0.1235530125 0.3440046388 -0.0722067934 15.3765008625
91 12.2836678296 -2.9501577929 -1.8921513752 0.1613348993 -0.2258369701 0.3321634571 12.3695004186
92 11.2870626624 -2.8165550699 -1.8314148085 0.0261675333 -0.0119632557 -0.1613208411 10.6549491040
93 10.3990690773 -2.6924494681 -1.7747633474 0.0048823300 -0.0390331736 -0.0579546495 9.9880501368
94 9.6048809595 -2.5768828025 -1.7217885997 0.0313879754 -0.1670888394 0.0589007233 8.9779614093
95 8.8921010116 -2.4690211450 -1.6721350415 0.0653090719 0.2380138554 -0.0930509354 9.8215451077
96 8.2502882812 -2.3681353283 -1.6254917250 0.0166820681 0.1237220374 0.0370799890 8.9734978354
97 7.6706014788 -2.2735850078 -1.5815854991 0.1779507715 0.3143406476 -0.2813196203 8.3880505535
98 7.1455156410 -2.1848055476 -1.5401754317 0.0217745341 -0.1440473647 0.0320139164 6.6364733072
99 6.6685954352 -2.1012971622 -1.5010481908 0.0231668942 -0.1016876736 0.1132541887 6.6044102796
100 6.2343125549 -2.0226158755 -1.4640141990 0.0153474936 0.0203863643 -0.1221961119 5.9743339309
101 5.8378976959 -1.9483659499 -1.4289044129 0.0122952608 -0.1065401166 -0.0307321390 5.3472081076
102 5.4752198451 -1.8781935156 -1.3955676132 0.0995429657 -0.2038331248 -0.2408215583 4.1369211697
103 5.1426872864 -1.8117811836 -1.3638681129 0.0130107195 0.1037934507 0.0473036897 5.6608320359
104 4.8371659827 -1.7488434684 -1.3336838102 0.1637403292 0.2658162175 0.3050935392 6.7444448514
105 4.5559119440 -1.6891228841 -1.3049045277 0.0915142273 0.2832117679 0.1063264870 5.8816769565
106 4.2965149159 -1.6323865983 -1.2774305889 0.0123165186 0.0771202734 -0.0798059023 4.3567186346
107 4.0568512808 -1.5784235561 -1.2511715943 0.1148699643 0.3384197516 0.0184942167 5.2863395379
108 3.8350444942 -1.5270419960 -1.2260453648 0.1662563603 -0.3322244942 -0.2363963744 2.4069939870
109 3.6294317126 -1.4780672991 -1.2019770263 0.5655882720 -0.6516922514 -0.3753471480 1.3662126753
110 3.4385355354 -1.4313401190 -1.1788982141 0.0036900303 -0.0602130192 -0.0080263680 3.2509304038
111 3.2610399862 -1.3867147512 -1.1567463789 0.0062348634 -0.0556352428 0.0560319834 3.2426040137
112 3.0957700249 -1.3440577074 -1.1354641800 0.0182332768 0.1346171453 -0.0105594043 3.4518900744
113 2.9416740122 -1.3032464643 -1.1149989532 0.0397440983 -0.0911282693 -0.1773125401 2.3484863280
114 2.7978086516 -1.2641683633 -1.0953022418 0.0300315145 0.0745567186 0.1564378796 3.3590381764
115 2.6633260178 -1.2267196398 -1.0763293842 0.0144902986 -0.0793176061 0.0905484176 2.6781352311
116 2.5374623505 -1.1908045651 -1.0580391478 0.0099195671 0.0916165654 0.0390636921 2.8482385974
117 2.4195283432 -1.1563346853 -1.0403934058 0.0110707353 0.0463576159 0.0944547868 2.7343491916
118 2.3089007068 -1.1232281456 -1.0233568487 0.0211280441 -0.0877101962 0.1159092990 2.3702247787
119 2.2050148182 -1.0914090876 -1.0068967284 0.0618921333 -0.2481154820 0.0181890316 1.7619449207
120 2.1073583011 -1.0608071125 -0.9909826291 0.0113126127 0.0359508042 -0.1001007111 1.9965485196
121 2.0154654044 -1.0313567998 -0.9755862626 0.0173847827 0.1075777459 -0.0762352367 2.1060041673
122 1.9289120686 -1.0029972769 -0.9606812849 0.0043697528 0.0611590930 -0.0250862148 2.0077669148
123 1.8473115866 -0.9756718319 -0.9462431310 0.0513617201 -0.2241584521 0.0333872494 1.5244480422
124 1.7703107773 -0.9493275656 -0.9322488672 0.0449581559 0.0093081454 0.2118289743 2.2278965338
125 1.6975866057 -0.9239150778 -0.9186770568 0.1135406698 0.2783593249 -0.1898861660 1.9765999020
126 1.6288431905 -0.8993881836 -0.9055076398 0.0564050763 0.2013306070 -0.1259804071 1.8192445625
127 1.5638091496 -0.8757036575 -0.8927218233 0.1113662239 -0.2192754906 0.2515640736 1.7402881522
128 1.5022352411 -0.8528210012 -0.8803019828 0.0615242990 -0.0949125645 -0.2291634877 0.9984065384
129 1.4438922624 -0.8307022326 -0.8682315724 0.0874771716 -0.2716757714 0.1169164098 1.2830271311
130 1.3885691769 -0.8093116944 -0.8564950427 0.0131256889 -0.0809961241 0.0810266427 1.4093904804
131 1.3360714388 -0.7886158802 -0.8450777670 0.2652299207 -0.4858851894 0.1707205420 1.1234920758
132 1.2862194954 -0.7685832750 -0.8339659734 0.0293140757 0.1076693014 -0.1331217383 1.2590012195
133 1.2388474427 -0.7491842106 -0.8231466827 0.0139507840 -0.1112399670 -0.0397045808 1.0207543849
134 1.1938018189 -0.7303907330 -0.8126076520 0.1086949635 0.3042390210 -0.1270180364 1.5404918487
135 1.1509405197 -0.7121764810 -0.8023373228 0.0616558461 0.2323679312 0.0875270852 1.6840228111
136 1.1101318203 -0.6945165749 -0.7923247739 0.0138039744 -0.0606097598 0.1006500443 1.1992418762
137 1.0712534941 -0.6773875149 -0.7825596774 0.0035037646 0.0556047243 -0.0202948088 1.1183253526
138 1.0341920163 -0.6607670868 -0.7730322589 0.0094474304 0.0857264931 -0.0458082827 1.0861073764
139 0.9988418434 -0.6446342762 -0.7637332606 0.0049828026 -0.0408642842 -0.0575579089 0.8632218307
140 0.9651047610 -0.6289691892 -0.7546539075 0.0192472361 -0.0129703665 0.1381267739 1.1765118946
141 0.9328892918 -0.6137529789 -0.7457858759 0.1430892780 0.3515121921 0.1397442549 1.7159004629
142 0.9021101582 -0.5989677780 -0.7371212648 0.0276539114 -0.0753807184 -0.1482284005 0.6209382146
143 0.8726877942 -0.5845966366 -0.7286525692 0.0029010914 -0.0478225043 0.0247810297 0.8557886571
144 0.8445479005 -0.5706234644 -0.7203726552 0.0162225553 -0.1273537400 0.0018921476 0.7181544939
145 0.8176210389 -0.5570329770 -0.7122747373 0.0259880583 -0.1129490036 0.1150242622 0.8816342101
146 0.7918422630 -0.5438106471 -0.7043523572 0.0958532949 -0.2212286752 -0.2165898618 0.3419713806
147 0.7671507804 -0.5309426579 -0.6965993644 0.3114615117 -0.3168431654 -0.4594256417 0.1020899674
148 0.7434896436 -0.5184158611 -0.6890098973 0.0483696870 0.1271095920 0.1794793542 1.1709766905
149 0.7208054675 -0.5062177367 -0.6815783671 0.0083896423 -0.0562761315 0.0722678304 0.7707315377
150 0.6990481705 -0.4943363569 -0.6742994415 0.0067329977 -0.0731833857 -0.0371105075 0.5833795627
151 0.6781707368 -0.4827603511 -0.6671680300 0.0039007381 0.0436719871 0.0446485794 0.7838138920
152 0.6581289983 -0.4714788748 -0.6601792704 0.0799498861 0.2534257027 0.1254005554 1.1426223091
153 0.6388814342 -0.4604815789 -0.6533285159 0.0140236915 -0.0783715323 -0.0887783441 0.4647249842
154 0.6203889866 -0.4497585828 -0.6466113236 0.0285035344 0.0495925779 0.1613818781 0.9022045957
155 0.6026148906 -0.4393004479 -0.6400234426 0.0952461268 -0.0726950896 0.2999359111 1.0179230754
156 0.5855245183 -0.4290981538 -0.6335608042 0.0923805071 0.0178838466 -0.3034150212 0.3087891467
157 0.5690852338 -0.4191430752 -0.6272195121 0.0632583076 -0.0893276772 -0.2351145970 0.2625244612
158 0.5532662610 -0.4094269609 -0.6209958330 0.0094359353 -0.0659810175 -0.0712912381 0.4201302577
159 0.5380385595 -0.3999419142 -0.6148861884 0.0216010004 -0.0293282876 0.1440168462 0.7132882762
160 0.5233747115 -0.3906803738 -0.6088871464 0.0141217434 -0.1107821894 -0.0430005799 0.3985705998
161 0.5092488164 -0.3816350965 -0.6029954141 0.0118186181 0.0852381970 0.0674764245 0.6675031585
162 0.4956363930 -0.3727991413 -0.5972078308 0.1075493891 -0.1586352123 0.2870265816 0.8277366847
163 0.4825142895 -0.3641658531 -0.5915213613 0.0413325706 -0.1434675130 0.1440473647 0.5897691080
164 0.4698605995 -0.3557288492 -0.5859330895 0.1338208531 -0.0966216010 0.3528244881 0.9484023554
165 0.4576545841 -0.3474820049 -0.5804402126 0.0293381854 -0.1485335856 0.0852992340 0.4827894842
166 0.4458765998 -0.3394194412 -0.5750400358 0.0212414126 0.0665303507 0.1296731468 0.6614159032
167 0.4345080314 -0.3315355127 -0.5697299669 0.0156167824 -0.0915555284 0.0850550859 0.4863338583
168 0.4235312290 -0.3238247960 -0.5645075115 0.0374742382 -0.1934873501 -0.0060731834 0.3288367486
169 0.4129294505 -0.3162820793 -0.5593702681 0.2178676072 -0.3836787011 0.2658162175 0.6854750408
170 0.4026868071 -0.3089023521 -0.5543159243 1.1813751146 0.9041108432 -0.6032898953 1.4737994619
171 0.3927882126 -0.3016807959 -0.5493422522 0.0697796615 0.2231513413 0.1413617359 0.7525207714
172 0.3832193368 -0.2946127750 -0.5444471045 1.0750566347 1.0000000000 -0.2739646596 1.7491829903
173 0.3739665611 -0.2876938282 -0.5396284113 0.0068620208 -0.0745262001 -0.0361644337 0.2989164144
174 0.3650169377 -0.2809196605 -0.5348841763 0.0406618805 0.1978820154 -0.0387890255 0.4753614434
175 0.3563581511 -0.2742861358 -0.5302124733 0.1129566725 0.3234656819 0.0912503433 0.7435232681
176 0.3479784826 -0.2677892698 -0.5256114435 0.2012958489 0.4427014985 0.0728782006 0.8629869859
177 0.3398667761 -0.2614252228 -0.5210792924 0.0027562069 0.0516678365 0.0093081454 0.3793380980
178 0.3320124075 -0.2551902935 -0.5166142871 0.0250253687 0.1551255837 -0.0310068056 0.4041737451
179 0.3244052546 -0.2490809130 -0.5122147532 0.0528919876 -0.2245246742 -0.0498062075 0.2144246720
180 0.3170356700 -0.2430936390 -0.5078790729 0.1830735185 -0.4278695029 -0.0010986663 0.2909685004
181 0.3098944552 -0.2372251500 -0.5036056824 0.0012791490 0.0041505173 0.0355235450 0.3489225367
182 0.3029728360 -0.2314722407 -0.4993930695 0.3226580568 -0.5199133274 -0.2287972655 0.1564203496
183 0.2962624405 -0.2258318163 -0.4952397714 0.0057719231 -0.0623798334 0.0433668020 0.3168135916
184 0.2897552768 -0.2203008885 -0.4911443732 0.6578938701 -0.7291787469 -0.3552354503 0.2774279101
185 0.2834437137 -0.2148765708 -0.4871055051 0.0948882834 0.1928769799 0.2401806696 0.6952081379
186 0.2773204617 -0.2095560741 -0.4831218413 0.0355688073 0.1319315165 0.1347697378 0.4984037781
187 0.2713785548 -0.2043367028 -0.4791920979 0.0708211532 0.2106692709 0.1626026185 0.5841304162
188 0.2656113344 -0.1992158511 -0.4753150314 0.4083190720 0.4063539537 0.4931485946 1.3046365834
189 0.2600124332 -0.1941909993 -0.4714894368 0.0404140293 -0.0072023682 0.2009033479 0.4870768050
190 0.2545757606 -0.1892597100 -0.4677141464 0.0278259381 0.0105288858 0.1664784692 0.4421157567
191 0.2492954886 -0.1844196255 -0.4639880282 0.0426765539 -0.1389202551 -0.1528977325 0.0988473648
192 0.2441660388 -0.1796684638 -0.4603099846 0.0105752890 -0.0961638234 -0.0364391003 0.1866395515
193 0.2391820700 -0.1750040164 -0.4566789510 0.1601197435 0.1323282571 0.3776360363 0.7905346242
194 0.2343384665 -0.1704241448 -0.4530938946 0.0287124847 -0.1627552110 -0.0471510971 0.1648483674
195 0.2296303267 -0.1659267782 -0.4495538133 0.0697624980 -0.1096224860 -0.2403027436 0.0469561835
196 0.2250529535 -0.1615099106 -0.4460577343 0.0122641891 -0.0370189520 -0.1043733024 0.1322462498
197 0.2206018436 -0.1571715987 -0.4426047132 0.4360278510 -0.0545060579 0.6580706198 1.2220264020
198 0.2162726786 -0.1529099591 -0.4391938330 0.4069007581 0.0926541948 0.6311227760 1.2058793971
199 0.2120613161 -0.1487231663 -0.4358242030 0.7782489644 -0.2036194952 -0.8583635975 0.1815531469
200 0.2079637816 -0.1446094503 -0.4324949578 0.0144749001 -0.0616168706 0.1033356731 0.2940022332
201 0.2039762603 -0.1405670950 -0.4292052564 0.0254294393 0.0680867946 -0.1441999573 0.1247644662
202 0.2000950899 -0.1365944357 -0.4259542816 0.0336632599 -0.1812189093 0.0286873989 0.2086904013
203 0.1963167533 -0.1326898574 -0.4227412388 1.1157696116 0.4651020844 -0.9483932005 0.6336651905
204 0.1926378721 -0.1288517932 -0.4195653554 0.2504094491 0.0991241188 -0.4904934843 0.0570038159
205 0.1890552002 -0.1250787221 -0.4164258799 0.2250034759 -0.3223975341 0.3479415265 0.6231922456
206 0.1855656179 -0.1213691679 -0.4133220814 0.1000925336 -0.1433149205 0.2820520646 0.4840268189
207 0.1821661259 -0.1177216972 -0.4102532485 0.4562268628 0.2750633259 -0.6169011505 0.1969834298
208 0.1788538403 -0.1141349180 -0.4072186891 0.0269054372 -0.1539048433 -0.0567339091 0.1244212280
209 0.1756259871 -0.1106074783 -0.4042177296 0.5513194676 0.5324869533 -0.5174718467 0.4263969431
210 0.1724798977 -0.1071380647 -0.4012497138 0.0097183528 0.0860011597 0.0481887265 0.2392976716
211 0.1694130039 -0.1037254010 -0.3983140031 0.0061251478 -0.0764488662 0.0167546617 0.1730260058
212 0.1664228336 -0.1003682469 -0.3954099754 0.0486833905 -0.2160405286 -0.0448316904 0.1362852106
213 0.1635070070 -0.0970653968 -0.3925370247 1.2417910516 0.9931333354 -0.5054475539 1.2012820632
214 0.1606632320 -0.0938156786 -0.3896945605 0.0243132546 0.0759605701 -0.1361735893 0.0930968575
215 0.1578893011 -0.0906179528 -0.3868820075 0.2642118103 -0.5020294809 -0.1103549303 0.2457266699
216 0.1551830871 -0.0874711109 -0.3840988048 0.0202990168 -0.1387676626 0.0322885830 0.1760097929
217 0.1525425403 -0.0843740749 -0.3813444057 0.1420004768 0.3767204810 -0.0090639973 0.3512008919
218 0.1499656849 -0.0813257959 -0.3786182772 0.0311963004 -0.0824610126 0.1561937315 0.2860251734
219 0.1474506161 -0.0783252534 -0.3759198995 0.0681145060 0.1328470717 -0.2246467483 0.0674773172
220 0.1449954970 -0.0753714541 -0.3732487654 0.0258071155 0.0757469405 0.1416669210 0.2879749333
221 0.1425985557 -0.0724634314 -0.3706043805 0.0188090398 0.1343424787 -0.0275887326 0.1604284192
222 0.1402580830 -0.0696002441 -0.3679862620 0.0030261905 -0.0455641346 0.0308236946 0.1596271160
223 0.1379724295 -0.0667809758 -0.3653939391 0.0861505818 -0.2694479202 -0.1163975951 0.1030730696
224 0.1357400032 -0.0640047344 -0.3628269521 0.0260722178 -0.0265205847 -0.1592761010 0.0428380105
225 0.1335592674 -0.0612706505 -0.3602848522 0.0298839886 -0.1418195135 -0.0988494522 0.0748365877
226 0.1314287382 -0.0585778777 -0.3577672015 0.0309629907 0.1586352123 0.0761436811 0.2354601805
227 0.1293469827 -0.0559255910 -0.3552735720 0.2504178175 -0.2126529740 -0.4529862362 0.0341112373
228 0.1273126167 -0.0533129868 -0.3528035461 0.0045405762 0.0314340648 0.0596026490 0.1772609325
229 0.1253243029 -0.0507392818 -0.3503567156 0.0849576087 0.2038331248 0.2083498642 0.3769601525
230 0.1233807490 -0.0482037126 -0.3479326818 0.0317633102 -0.1383098849 -0.1123996704 0.0635949218
231 0.1214807060 -0.0457055348 -0.3455310552 0.6987679775 -0.4799951170 -0.6843775750 0.3034244052
232 0.1196229667 -0.0432440229 -0.3431514552 0.1236651441 0.1610766930 -0.3126010926 0.0426802796
233 0.1178063636 -0.0408184694 -0.3407935095 0.0203680087 0.1105380413 0.0902737510 0.2087277764
234 0.1160297678 -0.0384281840 -0.3384568546 0.0061283369 -0.0782799768 0.0007629627 0.1166582499
235 0.1142920874 -0.0360724939 -0.3361411348 0.0466549746 0.1453291421 0.1597949156 0.2788591197
236 0.1125922660 -0.0337507424 -0.3338460025 0.0155956289 0.0849635304 0.0915250099 0.1950335768
237 0.1109292817 -0.0314622890 -0.3315711177 0.0439444276 0.0685750908 0.1980956450 0.2905543569
238 0.1093021453 -0.0292065084 -0.3293161477 0.0447941493 0.0212408826 -0.2105777154 0.0166437546
239 0.1077098993 -0.0269827909 -0.3270807673 0.0201081809 -0.0570390942 -0.1298257393 0.0398129274
240 0.1061516171 -0.0247905408 -0.3248646582 0.0055102316 -0.0367137669 -0.0645161290 0.0679235200
241 0.1046264010 -0.0226291772 -0.3226675090 0.0378133013 -0.1537522507 0.1190527055 0.2123100083
242 0.1031333821 -0.0204981324 -0.3204890149 0.0142787655 -0.0337534715 -0.1146275216 0.0425546584
243 0.1016717185 -0.0183968527 -0.3183288777 0.0668367046 0.1424604022 -0.2157353435 0.0364004897
244 0.1002405948 -0.0163247968 -0.3161868053 0.0210871202 0.0747703482 -0.1244850002 0.0450479076
245 0.0988392209 -0.0142814366 -0.3140625120 0.2080591024 -0.1895199438 0.4148991363 0.5620936192
246 0.0974668310 -0.0122662558 -0.3119557180 0.0011475759 -0.0338755455 -0.0001525925 0.0976881504
247 0.0961226830 -0.0102787503 -0.3098661491 0.0960458297 0.2818994720 -0.1287575915 0.1181684232
248 0.0948060576 -0.0083184276 -0.3077935369 0.0169868052 -0.0862758263 0.0976897488 0.1704940511
249 0.0935162572 -0.0063848064 -0.3057376187 0.0194150455 -0.1258888516 0.0597247230 0.1478439400
250 0.0922526056 -0.0044774165 -0.3036981368 0.0393453878 0.0461745048 0.1929074984 0.2491827741
251 0.0910144467 -0.0025957981 -0.3016748391 0.0039596665 -0.0289925840 0.0558488723 0.1285199945
252 0.0898011443 -0.0007395019 -0.2996674782 0.0081264661 -0.0096133305 0.0896328623 0.1516335000
253 0.0886120813 0.0010919111 -0.2976758119 0.0081968430 -0.0462660604 -0.0778221992 0.0505783885
254 0.0874466586 0.0028988703 -0.2956996029 0.0015636631 -0.0057374798 -0.0391247291 0.0659052524
255 0.0863042952 0.0046817957 -0.2937386184 0.1231772568 0.3509628590 -0.0015259255 0.2052988327
256 0.0851844268 0.0064410976 -0.2917926303 0.0202197303 -0.1177098910 0.0797753838 0.1534762571
257 0.0840865061 0.0081771777 -0.2898614150 0.0934203633 0.2749717704 0.1334574419 0.2503782093
258 0.0830100014 0.0098904285 -0.2879447531 0.1066332052 0.3131809442 -0.0924710837 0.1301950924
259 0.0819543965 0.0115812342 -0.2860424296 0.0344578691 0.1681875057 -0.0785546434 0.0675767057
260 0.0809191902 0.0132499705 -0.2841542337 0.2081804267 -0.4217047639 -0.1741996521 0.2012756310
261 0.0799038957 0.0148970052 -0.2822799584 0.0070286902 -0.0007019257 -0.0838343455 0.0396239879
262 0.0789080399 0.0165226978 -0.2804194009 0.0085451352 0.0779137547 0.0497451704 0.1127775060
263 0.0779311636 0.0181274004 -0.2785723621 0.2432934765 -0.3442793054 -0.3532212287 0.1369110737
264 0.0769728201 0.0197114576 -0.2767386467 0.0194553994 -0.0646992401 -0.1235694449 0.0305859703
265 0.0760325758 0.0212752066 -0.2749180630 0.0552819156 0.0891445662 0.2175664541 0.2471472495
266 0.0751100089 0.0228189773 -0.2731104230 0.0325051427 0.0930509354 -0.1544236579 0.0190190762
267 0.0742047096 0.0243430929 -0.2713155421 0.0958945066 0.0346995453 0.3077181310 0.3353872508
268 0.0733162794 0.0258478698 -0.2695332391 0.0226666876 -0.1378826258 -0.0604571673 0.0705204790
269 0.0724443309 0.0273336176 -0.2677633362 0.0010205329 0.0055238502 0.0314645833 0.0900130137
270 0.0715884873 0.0288006398 -0.2660056587 0.0123697861 -0.0697347942 -0.0866420484 0.0418805364
271 0.0707483823 0.0302492333 -0.2642600351 0.0102873931 -0.0192571795 -0.0995818964 0.0295697743
272 0.0699236594 0.0316796891 -0.2625262972 0.0051287423 0.0571306497 -0.0431836909 0.0487589303
273 0.0691139721 0.0330922922 -0.2608042796 0.1236296297 -0.0021057772 0.3516037477 0.3762824959
274 0.0683189829 0.0344873216 -0.2590938199 0.0048599546 -0.0696737571 0.0023499252 0.0792023622
275 0.0675383637 0.0358650508 -0.2573947587 0.0241906525 -0.0890224921 0.1275368511 0.1637692426
276 0.0667717951 0.0372257478 -0.2557069392 0.3593924621 -0.0076601459 -0.5994445631 0.1201702976
277 0.0660189662 0.0385696751 -0.2540302076 0.0002341311 0.0142216254 0.0056459243 0.0680245210
278 0.0652795745 0.0398970899 -0.2523644126 0.0148634231 0.0269478439 0.1189001129 0.1380050309
279 0.0645533254 0.0412082444 -0.2507094056 0.0454747166 -0.1845149083 0.1069063387 0.1788399622
280 0.0638399322 0.0425033855 -0.2490650406 0.0221350758 0.0175481429 -0.1477401044 0.0108895068
281 0.0631391156 0.0437827556 -0.2474311741 0.0178819279 -0.0024109622 -0.1337015900 0.0150682779
282 0.0624506036 0.0450465920 -0.2458076650 0.0274515702 0.1521652882 0.0655537584 0.1084203510
283 0.0617741315 0.0462951275 -0.2441943747 0.1045659312 0.2336497085 -0.2235480819 0.0355280084
284 0.0611094411 0.0475285902 -0.2425911669 0.1054547010 -0.2070986053 0.2501297037 0.3076088649
285 0.0604562813 0.0487472038 -0.2409979075 0.0029615118 -0.0063478500 0.0540482803 0.0900877179
286 0.0598144071 0.0499511878 -0.2394144648 0.0007230131 -0.0106509598 -0.0246894742 0.0497794419
287 0.0591835801 0.0511407571 -0.2378407093 0.0194127208 0.0084536271 -0.1390728477 0.0115772816
288 0.0585635676 0.0523161229 -0.2362765136 0.0013513542 -0.0364391003 0.0048524430 0.0660206633
289 0.0579541431 0.0534774919 -0.2347217523 0.0616663055 0.1901608325 -0.1597033601 0.0243100948
290 0.0573550859 0.0546250672 -0.2331763021 0.0403636538 -0.1680654317 0.1100802637 0.1674161283
291 0.0567661805 0.0557590479 -0.2316400420 0.0293763943 -0.1042817469 0.1360209967 0.1607876954
292 0.0561872171 0.0568796292 -0.2301128525 0.2408810203 -0.4878078555 0.0540787988 0.3774493507
293 0.0556179912 0.0579870028 -0.2285946165 0.1019670315 -0.2982268746 -0.1141392254 0.1399883630
294 0.0550583031 0.0590813566 -0.2270852183 0.0134307762 0.1019623402 0.0550859096 0.0814593242
295 0.0545079583 0.0601628752 -0.2255845445 0.0897344619 0.2332224494 -0.1879940184 0.0313626639
296 0.0539667670 0.0612317394 -0.2240924833 0.1810510551 -0.4202093570 0.0668965728 0.3164601600
297 0.0534345441 0.0622881270 -0.2226089246 0.0014127321 -0.0241401410 -0.0288094729 0.0450280730
298 0.0529111090 0.0633322123 -0.2211337602 1.2151292772 -1.0000000000 -0.4638203070 1.1895721537
299 0.0523962856 0.0643641664 -0.2196668836 0.0156664166 0.1163975951 0.0460219123 0.0732980140
300 0.0518899021 0.0653841572 -0.2182081897 0.7152185373 -0.7653736991 -0.3597521897 0.7101933197
301 0.0513917906 0.0663923495 -0.2167575754 0.2349790440 0.3961912900 0.2793053987 0.3548458154
302 0.0509017875 0.0673889054 -0.2153149389 1.6796188669 0.9999694815 0.8244270150 1.9507698617
303 0.0504197331 0.0683739835 -0.2138801802 0.0229646433 -0.0127262185 -0.1510055849 0.0105304575
304 0.0499454715 0.0693477400 -0.2124532006 0.2921892643 0.3485518967 0.4131595813 0.4693463140
305 0.0494788505 0.0703103279 -0.2110339031 0.0785106692 -0.0732444227 -0.2704550310 0.0241388369
306 0.0490197215 0.0712618978 -0.2096221921 0.5162264368 0.4485610523 0.5612659078 0.7366231145
307 0.0485679395 0.0722025972 -0.2082179733 0.8411534941 -0.5453962828 -0.7373577074 0.6614172349
308 0.0481233628 0.0731325712 -0.2068211541 1.2997250887 -0.5474715415 -1.0000000000 1.0142821463
309 0.0476858531 0.0740519623 -0.2054316431 0.0386096307 0.0995513779 0.1694082461 0.1411551627
310 0.0472552754 0.0749609104 -0.2040493502 0.1427596256 -0.1024201178 -0.3636890774 0.0569488717
311 0.0468314978 0.0758595530 -0.2026741869 0.0212527195 -0.1328775903 0.0599688711 0.1125525709
312 0.0464143914 0.0767480249 -0.2013060656 0.0416328883 0.0092165899 -0.2038331248 0.0045668807
313 0.0460038303 0.0776264588 -0.1999449004 0.0058357347 0.0198675497 0.0737632374 0.0782522363
314 0.0455996916 0.0784949850 -0.1985906063 0.0277266829 -0.1611072115 -0.0420850246 0.0819032097
315 0.0452018551 0.0793537315 -0.1972430998 0.4898503575 -0.0041199988 0.6998809778 0.8117994743
316 0.0448102035 0.0802028240 -0.1959022984 0.1187699526 -0.0985442671 0.3302407910 0.3087770732
317 0.0444246221 0.0810423861 -0.1945681210 0.0249530741 0.1413617359 -0.0704977569 0.0190318792
318 0.0440449987 0.0818725392 -0.1932404874 0.1174879573 -0.1204565569 0.3209021271 0.3052796912
319 0.0436712238 0.0826934027 -0.1919193188 0.0657829718 0.0014954070 -0.2564775536 0.0107608802
320 0.0433031903 0.0835050937 -0.1906045372 0.0617884605 -0.1216467788 0.2167729728 0.2080437265
321 0.0429407936 0.0843077275 -0.1892960661 0.0190747865 -0.1261940367 -0.0561235389 0.0620459147
322 0.0425839313 0.0851014174 -0.1879938298 0.0451703838 -0.1224097415 0.1737418744 0.1739136008
323 0.0422325034 0.0858862747 -0.1866977536 0.7674544380 0.4117557299 -0.7732474746 0.4502314770
324 0.0418864121 0.0866624088 -0.1854077641 0.0198851146 -0.1409955138 -0.0023194067 0.0853494763
325 0.0415455617 0.0874299272 -0.1841237886 0.7112818983 -0.5692617573 0.6222724082 1.0815187947
326 0.0412098588 0.0881889358 -0.1828457557 0.1195872474 -0.3303933836 0.1021149327 0.2564137520
327 0.0408792118 0.0889395383 -0.1815735947 0.3231359298 0.4312570574 -0.3703421125 0.1528148372
328 0.0405535313 0.0896818371 -0.1803072360 0.0264811362 0.1525315104 0.0567033906 0.0601241186
329 0.0402327298 0.0904159326 -0.1790466111 0.9220580199 0.8683431501 -0.4099246193 0.6584754104
330 0.0399167218 0.0911419236 -0.1777916521 0.1111497033 0.2761619922 -0.1867732780 0.0343130954
331 0.0396054235 0.0918599072 -0.1765422922 1.0765250121 0.9999694815 -0.2767418439 0.8347029491
332 0.0392987530 0.0925699789 -0.1752984654 0.0843132040 0.2689291055 -0.1095004120 0.0354319254
333 0.0389966301 0.0932722327 -0.1740601067 0.3624710399 -0.6006042665 0.0417798395 0.5280514785
334 0.0386989766 0.0939667610 -0.1728271518 0.1018823552 0.3102206488 -0.0751365703 0.0563091937
335 0.0384057156 0.0946536544 -0.1715995375 0.0144898087 0.0699484237 -0.0979644154 0.0060324796
336 0.0381167720 0.0953330025 -0.1703772010 0.0172926805 0.0754112369 0.1077303385 0.0777406802
337 0.0378320724 0.0960048930 -0.1691600807 0.0062651472 0.0541398358 -0.0577410199 0.0141668901
338 0.0375515449 0.0966694125 -0.1679481157 0.0147563033 -0.0354625080 -0.1161839656 0.0201383716
339 0.0372751190 0.0973266458 -0.1667412458 1.4280905946 -1.0000000000 -0.6542863247 1.4418259715
340 0.0370027259 0.0979766766 -0.1655394115 0.0038534706 0.0180669576 -0.0593890194 0.0176534689
341 0.0367342981 0.0986195871 -0.1643425543 0.2149386015 -0.4465468307 -0.1246375927 0.2987829071
342 0.0364697696 0.0992554584 -0.1631506163 0.1380791273 0.3551744133 0.1092257454 0.1396833939
343 0.0362090757 0.0998843699 -0.1619635403 0.3050427651 0.4492324595 0.3212988678 0.3555866427
344 0.0359521532 0.1005064000 -0.1607812699 0.0040755534 0.0605792413 -0.0201422163 0.0213735214
345 0.0356989400 0.1011216258 -0.1596037493 0.0344075476 -0.0006714072 -0.1854915006 0.0110319972
346 0.0354493754 0.1017301230 -0.1584309234 0.0141003328 -0.0075685904 0.1185033723 0.0886388129
347 0.0352034000 0.1023319662 -0.1572627379 0.1426956892 0.2451551866 0.2873928037 0.2181170230
348 0.0349609557 0.1029272288 -0.1560991392 0.0242216414 -0.1388897366 -0.0702230903 0.0658501405
349 0.0347219853 0.1035159831 -0.1549400740 0.0066887209 -0.0616473891 0.0537430952 0.0708276046
350 0.0344864330 0.1040983000 -0.1537854901 0.1938630508 -0.1447798090 -0.4158146916 0.1305996156
351 0.0342542442 0.1046742496 -0.1526353356 0.2309188389 -0.1614123966 -0.4526200140 0.1607929106
352 0.0340253652 0.1052439006 -0.1514895594 0.0001565202 -0.0120853298 0.0032349620 0.0377058258
353 0.0337997436 0.1058073207 -0.1503481110 0.1024186555 -0.1281472213 -0.2932523576 0.0751563514
354 0.0335773279 0.1063645766 -0.1492109403 0.0695856896 0.0348216193 0.2614825892 0.1737875699
355 0.0333580677 0.1069157339 -0.1480779981 0.0014079421 0.0303048799 -0.0221259194 0.0217331491
356 0.0331419137 0.1074608572 -0.1469492356 0.0043333918 0.0601825007 0.0266731773 0.0323799853
357 0.0329288174 0.1080000099 -0.1458246046 0.0239638486 0.1235999634 0.0932035279 0.0573778067
358 0.0327187316 0.1085332546 -0.1447040574 0.0362982078 -0.1044038209 0.1593676565 0.1378018053
359 0.0325116096 0.1090606529 -0.1435875470 0.1481779626 0.0026245918 0.3849299600 0.2906593903
360 0.0323074061 0.1095822653 -0.1424750267 0.0256545230 -0.0953093051 -0.1287270730 0.0421695619
361 0.0321060763 0.1100981515 -0.1413664506 0.0704964446 0.0903347880 -0.2496719260 0.0121206665
362 0.0319075766 0.1106083703 -0.1402617732 0.0637058280 -0.0518509476 0.2470168157 0.1763777354
363 0.0317118640 0.1111129793 -0.1391609495 0.1137448328 -0.2029175695 0.2693868831 0.2655265171
364 0.0315188966 0.1116120354 -0.1380639350 0.0247313583 0.1515854366 -0.0418713950 0.0108508776
365 0.0313286331 0.1121055948 -0.1369706858 0.0135674459 0.1162450026 0.0073854793 0.0208558371
366 0.0311410333 0.1125937124 -0.1358811583 0.0240472527 -0.1223487045 0.0952787866 0.1086328594
367 0.0309560574 0.1130764426 -0.1347953096 0.1209962307 0.3466902676 -0.0283211768 0.0659121602
368 0.0307736667 0.1135538389 -0.1337130971 0.1393520296 0.3013092441 -0.2203741569 0.0427622315
369 0.0305938231 0.1140259538 -0.1326344788 0.0049811447 -0.0633564257 0.0310983612 0.0582729514
370 0.0304164893 0.1144928390 -0.1315594130 0.0178800111 0.1031525620 -0.0850856044 0.0022884168
371 0.0302416288 0.1149545457 -0.1304878586 0.0049472528 -0.0238654744 -0.0661641285 0.0234085402
372 0.0300692057 0.1154111240 -0.1294197748 0.0173436530 0.0065004425 -0.1315347758 0.0118660098
373 0.0298991847 0.1158626234 -0.1283551214 0.0224420277 0.1401715140 -0.0528580584 0.0062907287
374 0.0297315314 0.1163090924 -0.1272938585 0.0476333486 -0.2154301584 0.0349742119 0.1363818572
375 0.0295662120 0.1167505791 -0.1262359467 0.0334273285 -0.1807611316 -0.0274361400 0.0982746198
376 0.0294031932 0.1171871306 -0.1251813469 0.0120668121 0.0716269417 0.0832850124 0.0455339537
377 0.0292424426 0.1176187934 -0.1241300205 0.0108043161 0.0227973266 -0.1014130070 0.0095071733
378 0.0290839281 0.1180456132 -0.1230819294 0.0118848718 -0.0028077029 0.1089815973 0.0684590044
379 0.0289276186 0.1184676351 -0.1220370356 0.0988552752 0.2632526627 0.1719107639 0.1073680131
380 0.0287734833 0.1188849034 -0.1209953019 0.0026880746 0.0484939116 0.0183416242 0.0243696707
381 0.0286214921 0.1192974617 -0.1199566910 0.1128532485 0.2385326701 0.2365489669 0.1413133190
382 0.0284716154 0.1197053532 -0.1189211663 0.0045301485 0.0668965728 0.0074159978 0.0187498463
383 0.0283238242 0.1201086201 -0.1178886915 0.0287076955 -0.1383709220 -0.0977813044 0.0672159807
384 0.0281780901 0.1205073042 -0.1168592306 0.0008046569 0.0009155553 0.0283516953 0.0353883994
385 0.0280343853 0.1209014464 -0.1158327482 0.0078373799 -0.0105899228 -0.0878933073 0.0180705925
386 0.0278926823 0.1212910873 -0.1148092088 0.0077188107 -0.0506607257 0.0717795343 0.0643827850
387 0.0277529543 0.1216762666 -0.1137885776 0.0196730851 -0.1395001068 -0.0145878475 0.0780538829
388 0.0276151749 0.1220570236 -0.1127708201 0.0123920572 -0.0306100650 -0.1070284127 0.0233402152
389 0.0274793183 0.1224333968 -0.1117559020 0.0032206663 0.0424817652 -0.0376293222 0.0118870132
390 0.0273453591 0.1228054243 -0.1107437895 0.1017086566 -0.0748619037 -0.3100070193 0.0787782073
391 0.0272132725 0.1231731435 -0.1097344489 0.0193524717 -0.0644856105 -0.1232642598 0.0353988637
392 0.0270830341 0.1235365912 -0.1087278470 0.0115316172 0.0021362957 0.1073641163 0.0614337684
393 0.0269546198 0.1238958038 -0.1077239508 0.0283997340 0.0674764245 0.1544236579 0.0719045151
394 0.0268280061 0.1242508170 -0.1067227278 0.0583033952 0.0602130192 -0.2338328196 0.0202578150
395 0.0267031701 0.1246016659 -0.1057241455 0.0098029696 0.0120853298 -0.0982696005 0.0127154961
396 0.0265800890 0.1249483853 -0.1047281720 0.0247193137 0.1071199683 0.1150852992 0.0486358146
397 0.0264587407 0.1252910093 -0.1037347755 0.1094623596 0.1057771538 -0.3134861293 0.0443764210
398 0.0263391032 0.1256295714 -0.1027439245 0.0351039754 -0.1217993713 0.1423688467 0.1213013523
399 0.0262211554 0.1259641048 -0.1017555879 0.0057658440 -0.0650959807 0.0390942106 0.0563426220
400 0.0261048760 0.1262946420 -0.1007697348 0.0533166408 -0.1610461745 -0.1654713584 0.0867510449
401 0.0259902447 0.1266212150 -0.0997863345 0.0497869102 0.2166814173 -0.0532547990 0.0102760238
402 0.0258772410 0.1269438555 -0.0988053568 0.0530683313 -0.0937528611 0.2104251228 0.1443305303
403 0.0257658452 0.1272625946 -0.0978267715 0.0254589445 0.0914639729 -0.1307412946 0.0023649072
404 0.0256560378 0.1275774629 -0.0968505487 0.4928672733 -0.4445631275 0.5433515427 0.7372035731
405 0.0255477997 0.1278884904 -0.0958766590 0.0172996323 0.0646076846 -0.1145664846 0.0043537700
406 0.0254411122 0.1281957069 -0.0949050731 0.0070315123 0.0832544939 0.0100100711 0.0130269001
407 0.0253359567 0.1284991416 -0.0939357618 0.0259759951 -0.1390728477 -0.0814539018 0.0717505663
408 0.0252323154 0.1287988232 -0.0929686963 0.0053941268 -0.0598467971 0.0425733207 0.0539588084
409 0.0251301703 0.1290947801 -0.0920038481 0.0360293716 -0.0368968780 0.1861934263 0.1049469540
410 0.0250295042 0.1293870401 -0.0910411887 0.0573089921 -0.1753288369 0.1629993591 0.1573883657
411 0.0249302999 0.1296756307 -0.0900806902 0.0646775473 -0.2151554918 0.1355937376 0.1698374504
412 0.0248325408 0.1299605788 -0.0891223246 0.0211397469 -0.1447187719 0.0140079958 0.0860846087
413 0.0247362103 0.1302419110 -0.0881660643 0.0100468690 0.0452284310 0.0894497513 0.0387746697
414 0.0246412923 0.1305196535 -0.0872118818 0.0324945483 0.1405377361 0.1128879666 0.0401403113
415 0.0245477710 0.1307938321 -0.0862597499 0.0154265417 0.1017487106 0.0712302011 0.0256467038
416 0.0244556308 0.1310644720 -0.0853096416 0.0208409418 0.1104770043 0.0929288614 0.0321928078
417 0.0243648565 0.1313315983 -0.0843615301 0.0144632280 0.0827661977 -0.0872524186 0.0023669554
418 0.0242754331 0.1315952354 -0.0834153888 0.0315792435 0.1595202490 0.0783104953 0.0269350680
419 0.0241873459 0.1318554075 -0.0824711914 0.0065727669 0.0207525864 -0.0783715323 0.0123606441
420 0.0241005805 0.1321121384 -0.0815289116 0.0241382410 0.1340067751 0.0786156804 0.0256498800
421 0.0240151229 0.1323654514 -0.0805885235 0.0226685773 0.0019837031 0.1505478072 0.0704234037
422 0.0239309590 0.1326153696 -0.0796500013 0.0071050437 0.0830408643 0.0144657735 0.0113154106
423 0.0238480753 0.1328619156 -0.0787133193 0.1325606372 -0.3633838923 -0.0226447340 0.2494035882
424 0.0237664584 0.1331051117 -0.0777784523 0.0091161816 0.0399182104 -0.0867336039 0.0087639933
425 0.0236860952 0.1333449797 -0.0768453748 0.0147396847 0.0228583636 0.1192358165 0.0506551259
426 0.0236069730 0.1335815413 -0.0759140619 0.7813719997 0.4335154271 0.7703482162 0.8061201793
427 0.0235290789 0.1338148175 -0.0749844888 0.3891535412 -0.1717276528 -0.5997192297 0.3687027495
428 0.0234524008 0.1340448293 -0.0740566306 0.0451054992 -0.0397656178 -0.2086245308 0.0483185913
429 0.0233769264 0.1342715971 -0.0731304630 0.0209506284 -0.1175572985 -0.0844447157 0.0635458050
430 0.0233026438 0.1344951411 -0.0722059614 0.0077043855 -0.0299081393 0.0825220496 0.0509691960
431 0.0232295414 0.1347154811 -0.0712831018 0.0253381334 -0.0466322825 -0.1521958068 0.0394338772
432 0.0231576078 0.1349326366 -0.0703618602 0.0892374182 -0.1366618854 -0.2656331065 0.1118944440
433 0.0230868316 0.1351466267 -0.0694422125 0.4154799632 -0.1461226234 0.6277962584 0.5652538764
434 0.0230172019 0.1353574703 -0.0685241352 0.1418028148 -0.1608935820 0.3404644917 0.2550363829
435 0.0229487078 0.1355651859 -0.0676076047 0.6089974182 0.1209143345 -0.7709585864 0.4949172509
436 0.0228813389 0.1357697917 -0.0666925975 0.2645171696 0.1593676565 -0.4889980773 0.1788987775
437 0.0228150847 0.1359713055 -0.0657790905 0.4699467858 -0.2895901364 0.6213568529 0.6532583455
438 0.0227499349 0.1361697448 -0.0648670604 0.0004282641 -0.0179754021 -0.0102542192 0.0267432888
439 0.0226858798 0.1363651271 -0.0639564844 0.0037720215 -0.0607623524 0.0089419233 0.0441734210
440 0.0226229094 0.1365574691 -0.0630473396 0.0003709144 0.0162053285 -0.0104068117 0.0172556629
441 0.0225610142 0.1367467876 -0.0621396034 0.0093010473 0.0883510849 0.0386669515 0.0125041056
442 0.0225001849 0.1369330989 -0.0612332531 0.0521149629 0.1539963988 -0.1685232093 0.0118022909
443 0.0224404121 0.1371164191 -0.0603282664 0.4863429707 -0.4990997040 0.4870754112 0.7044217415
444 0.0223816869 0.1372967639 -0.0594246210 0.2324992920 -0.4135563219 0.2479323710 0.3979074426
445 0.0223240005 0.1374741487 -0.0585222947 0.5171262714 0.4563737907 -0.5557420576 0.3489244743
446 0.0222673442 0.1376485888 -0.0576212655 0.0137854260 -0.1150852992 0.0232551042 0.0704154054
447 0.0222117096 0.1378200991 -0.0567215115 0.2792022177 0.4206976531 -0.3197119053 0.1491836578
448 0.0221570883 0.1379886943 -0.0558230108 0.0002833675 -0.0129093295 -0.0108035524 0.0247969652
449 0.0221034722 0.1381543885 -0.0549257420 0.0108035933 -0.0896938993 -0.0525223548 0.0519206186
450 0.0220508534 0.1383171960 -0.0540296833 0.0186851588 -0.1198156682 -0.0657979064 0.0667710667
451 0.0219992241 0.1384771305 -0.0531348133 0.3279447787 0.5419476913 -0.1850337230 0.1801858158
452 0.0219485766 0.1386342056 -0.0522411108 0.0279626106 0.0160527360 -0.1664479507 0.0280694190
453 0.0218989036 0.1387884344 -0.0513485545 0.1966077627 -0.4262520219 -0.1221350749 0.3242814487
454 0.0218501977 0.1389398301 -0.0504571233 0.0406085935 -0.1137730033 -0.1663258766 0.0772893442
455 0.0218024518 0.1390884054 -0.0495667962 0.0039607925 -0.0052491836 0.0627155370 0.0334406620
456 0.0217556589 0.1392341727 -0.0486775524 0.0273317436 -0.0854213080 -0.1415448469 0.0590944194
457 0.0217098123 0.1393771442 -0.0477893709 0.5520831689 0.7352519303 0.1071810053 0.3790825782
458 0.0216649052 0.1395173319 -0.0469022312 0.0092714435 0.0298165838 -0.0915555284 0.0140281711
459 0.0216209311 0.1396547476 -0.0460161126 0.0134500446 -0.0779747917 -0.0858485672 0.0489492408
460 0.0215778838 0.1397894027 -0.0451309946 0.0517517259 -0.1685842463 0.1527451399 0.1342492720
461 0.0215357569 0.1399213083 -0.0442468568 0.1256273109 -0.2689596240 -0.2308420057 0.2020013664
462 0.0214945444 0.1400504756 -0.0433636789 0.0324357466 -0.0535905026 -0.1719412824 0.0540290286
463 0.0214542403 0.1401769151 -0.0424814406 1.1817878349 -0.8344981231 -0.6967070528 1.3780025817
464 0.0214148390 0.1403006374 -0.0416001219 0.0205406054 0.1024201178 -0.1002533036 0.0048751295
465 0.0213763347 0.1404216526 -0.0407197025 0.9032878196 -0.6124149297 -0.7267983032 1.0374667659
466 0.0213387220 0.1405399709 -0.0398401627 0.3254021352 0.3495590075 0.4507889035 0.2844058382
467 0.0213019955 0.1406556020 -0.0389614824 0.1804299881 0.3061006500 0.2945036164 0.1385710361
468 0.0212661499 0.1407685553 -0.0380836418 0.1511470931 0.0899990844 0.3782158879 0.1758828377
469 0.0212311803 0.1408788403 -0.0372066213 0.0446352876 -0.0732749413 -0.1981566820 0.0717667642
470 0.0211970816 0.1409864659 -0.0363304010 0.1109438908 -0.0811792352 -0.3230384228 0.1315590885
471 0.0211638490 0.1410914409 -0.0354549615 0.0087712182 -0.0844752342 0.0404370251 0.0566399186
472 0.0211314778 0.1411937740 -0.0345802832 0.0034946036 0.0216071047 0.0550248726 0.0223300554
473 0.0210999635 0.1412934736 -0.0337063467 0.0705552547 -0.0076906644 0.2655110324 0.1117273134
474 0.0210693016 0.1413905478 -0.0328331325 0.0836367878 0.1234168523 0.2615436262 0.0869807298
475 0.0210394878 0.1414850046 -0.0319606214 0.0388157897 -0.0182195502 0.1961729789 0.0775504844
476 0.0210105180 0.1415768515 -0.0310887940 0.0127486889 0.1030915250 -0.0460524308 0.0017050308
477 0.0209823880 0.1416660962 -0.0302176313 0.0017553596 0.0418713950 0.0014648885 0.0109627644
478 0.0209550940 0.1417527458 -0.0293471139 0.0281915772 0.1050447096 -0.1309854427 0.0116778298
479 0.0209286322 0.1418368075 -0.0284772229 0.0202834860 0.0194402905 -0.1410870693 0.0276618849
480 0.0209029988 0.1419182880 -0.0276079393 0.0107726641 -0.0132755516 -0.1029389325 0.0297598864
481 0.0208781903 0.1419971940 -0.0267392441 0.0547891405 0.2105777154 -0.1022064882 0.0103985929
482 0.0208542032 0.1420735317 -0.0258711183 0.0135279694 0.0618305002 -0.0985137486 0.0117158959
483 0.0208310342 0.1421473076 -0.0250035430 0.0342680959 -0.1318094424 0.1299783319 0.0990716824
484 0.0208086801 0.1422185274 -0.0241364996 0.2163765842 0.2636188849 -0.3832514420 0.1437015887
485 0.0207871379 0.1422871969 -0.0232699692 0.0700672128 0.1627246925 -0.2087771233 0.0348305955
486 0.0207664044 0.1423533218 -0.0224039330 0.2229362988 -0.3523972289 0.3142490921 0.3581133667
487 0.0207464769 0.1424169072 -0.0215383724 0.0727419184 -0.2652668844 -0.0487380596 0.1669458969
488 0.0207273527 0.1424779584 -0.0206732689 0.2193778874 0.4621723075 -0.0759910886 0.1052645380
489 0.0207090290 0.1425364803 -0.0198086037 0.0088207015 -0.0931730094 -0.0118106632 0.0556229306
490 0.0206915034 0.1425924775 -0.0189443583 0.1767638933 0.3723258156 -0.1952879421 0.0838744662
491 0.0206747734 0.1426459546 -0.0180805142 0.0137634491 0.1004669332 -0.0605792413 0.0035852117
492 0.0206588367 0.1426969159 -0.0172170529 0.4469616121 0.6684163945 0.0134586627 0.2773219697
493 0.0206436912 0.1427453655 -0.0163539560 0.0451904848 -0.2061830500 -0.0517593921 0.1230045840
494 0.0206293348 0.1427913072 -0.0154912050 0.0178647887 0.1120029298 0.0729392376 0.0087678674
495 0.0206157655 0.1428347447 -0.0146287816 0.0679448301 0.2500076296 0.0737632374 0.0192991763
496 0.0206029815 0.1428756816 -0.0137666674 0.0302147401 0.1545152135 -0.0796227912 0.0044725077
497 0.0205909810 0.1429141210 -0.0129048441 0.0370798027 0.1838435011 0.0572832423 0.0066015816
498 0.0205797623 0.1429500662 -0.0120432933 0.0683502418 -0.2287972655 -0.1264992218 0.1512962382
499 0.0205693240 0.1429835199 -0.0111819969 0.0050187240 -0.0559709464 -0.0434278390 0.0406226740
500 0.0205596646 0.1430144848 -0.0103209365 0.0408202188 -0.1770378735 -0.0973540452 0.1100082741
501 0.0205507828 0.1430429634 -0.0094600938 0.0630606922 0.1033661916 -0.2288583026 0.0497098202
502 0.0205426773 0.1430689581 -0.0085994508 0.1007302872 -0.2177800836 -0.2308725242 0.1796173500
503 0.0205353471 0.1430924708 -0.0077389891 0.0495615490 -0.1352580340 -0.1768242439 0.1060688269
504 0.0205287912 0.1431135034 -0.0068786907 0.0428791326 0.1892757958 0.0839869381 0.0103875197
505 0.0205230087 0.1431320577 -0.0060185372 0.0149333809 -0.1220435194 0.0062257759 0.0704680099
506 0.0205179988 0.1431481350 -0.0051585107 0.0389852122 0.0685750908 0.1851557970 0.0417806746
507 0.0205137608 0.1431617368 -0.0042985928 0.0017621969 0.0418103580 -0.0037537767 0.0102723988
508 0.0205102941 0.1431728640 -0.0034387656 0.0008407525 -0.0149540696 -0.0248420667 0.0254622284
509 0.0205075983 0.1431815176 -0.0025790108 0.0854713576 -0.0149845882 -0.2919705802 0.1087639974
510 0.0205056730 0.1431876982 -0.0017193103 0.1599082589 0.0140079958 0.3996398816 0.1777765964
511 0.0205045179 0.1431914064 -0.0008596461 0.0211611425 0.0164494766 -0.1445356609 0.0367063140
512 0.0205041329 0.1431926424 0.0000000000 0.0018150871 -0.0426038392 0.0000000000 0.0345203326
513 0.0205045179 0.1431914064 0.0008596461 0.0214436597 0.0120548112 0.1459395123 0.0382449742
514 0.0205056730 0.1431876982 0.0017193103 0.1670827342 0.0108951079 -0.4086123234 0.1858733791
515 0.0205075983 0.1431815176 0.0025790108 0.0686462817 -0.0211798456 0.2611468856 0.0938720036
516 0.0205102941 0.1431728640 0.0034387656 0.0000491340 -0.0016785180 -0.0068056276 0.0210868705
517 0.0205137608 0.1431617368 0.0042985928 0.0072039292 0.0443128758 0.0723899045 0.0144075240
518 0.0205179988 0.1431481350 0.0051585107 0.0106427031 0.0898159734 -0.0507522813 0.0059703361
519 0.0205230087 0.1431320577 0.0060185372 0.0245576002 -0.1285439619 -0.0896328623 0.0829570498
520 0.0205287912 0.1431135034 0.0068786907 0.0429189267 0.1893673513 -0.0840174566 0.0104015280
521 0.0205353471 0.1430924708 0.0077389891 0.0848182054 0.0072023682 0.2911465804 0.0987859828
522 0.0205426773 0.1430689581 0.0085994508 0.0557635794 -0.2143314920 0.0991241188 0.1359297973
523 0.0205507828 0.1430429634 0.0094600938 0.0433226481 0.0512710959 0.2017273476 0.0453887726
524 0.0205596646 0.1430144848 0.0103209365 0.0379467819 -0.1815240944 0.0706808679 0.1089686107
525 0.0205693240 0.1429835199 0.0111819969 0.0064531340 -0.0422376171 0.0683309427 0.0375728716
526 0.0205797623 0.1429500662 0.0120432933 0.0722340633 -0.2362132633 0.1282082583 0.1572591295
527 0.0205909810 0.1429141210 0.0129048441 0.0360727767 0.1856135746 -0.0402539140 0.0046490969
528 0.0206029815 0.1428756816 0.0137666674 0.0302147401 0.1545152135 0.0796227912 0.0044725077
529 0.0206157655 0.1428347447 0.0146287816 0.0770244261 0.2595294046 -0.0983306375 0.0263774740
530 0.0206293348 0.1427913072 0.0154912050 0.0189779901 0.1197241127 -0.0681478317 0.0075275839
531 0.0206436912 0.1427453655 0.0163539560 0.0557613469 -0.2157658620 0.0959501938 0.1348658613
532 0.0206588367 0.1426969159 0.0172170529 0.4064465887 0.6374706259 0.0088198492 0.2448715372
533 0.0206747734 0.1426459546 0.0180805142 0.0171140307 0.1227759636 0.0451673940 0.0011285156
534 0.0206915034 0.1425924775 0.0189443583 0.1408984799 0.3700674459 0.0628376110 0.0536714789
535 0.0207090290 0.1425364803 0.0198086037 0.1237891033 -0.3508102664 0.0268562883 0.2434406824
536 0.0207273527 0.1424779584 0.0206732689 0.2193732500 0.4621723075 0.0759605701 0.1052611625
537 0.0207464769 0.1424169072 0.0215383724 0.0356521201 -0.1739555040 -0.0734275338 0.1091100259
538 0.0207664044 0.1423533218 0.0224039330 0.1545459425 -0.3443403424 -0.1896725364 0.2818471516
539 0.0207871379 0.1422871969 0.0232699692 0.0695713194 0.1657155065 0.2052064577 0.0336497716
540 0.0208086801 0.1422185274 0.0241364996 0.2292144434 0.2799157689 0.3884090701 0.1516550360
541 0.0208310342 0.1421473076 0.0250035430 0.0357516957 -0.1616870632 -0.0980254524 0.1074514586
542 0.0208542032 0.1420735317 0.0258711183 0.0142912833 0.0551164281 0.1060823389 0.0139953778
543 0.0208781903 0.1419971940 0.0267392441 0.0661246464 0.2082277902 0.1508835108 0.0197982909
544 0.0209029988 0.1419182880 0.0276079393 0.0107773312 -0.0132145146 0.1029694510 0.0297455439
545 0.0209286322 0.1418368075 0.0284772229 0.0320156423 -0.0333872494 0.1757866146 0.0524035270
546 0.0209550940 0.1417527458 0.0293471139 0.0238764451 0.0978728599 0.1195715201 0.0100658879
547 0.0209823880 0.1416660962 0.0302176313 0.0043969528 0.0366832484 -0.0552385022 0.0183241491
548 0.0210105180 0.1415768515 0.0310887940 0.0132297985 0.1057161168 0.0453199866 0.0014885191
549 0.0210394878 0.1414850046 0.0319606214 0.0392252920 -0.0270088809 -0.1962034974 0.0804490545
550 0.0210693016 0.1413905478 0.0328331325 0.0238870591 0.1051362651 -0.1132847072 0.0226647961
551 0.0210999635 0.1412934736 0.0337063467 0.0360360980 0.0015869625 -0.1898251289 0.0694842299
552 0.0211314778 0.1411937740 0.0345802832 0.0034992828 0.0216376232 -0.0550553911 0.0223282273
553 0.0211638490 0.1410914409 0.0354549615 0.0039624494 -0.0206915494 0.0594500565 0.0267495005
554 0.0211970816 0.1409864659 0.0363304010 0.0491029378 -0.0765404218 0.2079531236 0.0767723057
555 0.0212311803 0.1408788403 0.0372066213 0.0331177100 0.0604876858 0.1716360973 0.0245340217
556 0.0212661499 0.1407685553 0.0380836418 0.1752609664 0.0652485733 -0.4135258034 0.2096543587
557 0.0213019955 0.1406556020 0.0389614824 0.1413641174 0.2235786004 -0.3022858364 0.1233259562
558 0.0213387220 0.1405399709 0.0398401627 0.3334819672 0.3630176702 -0.4491103854 0.2885689652
559 0.0213763347 0.1404216526 0.0407197025 0.7599837943 -0.5845515305 0.6467482528 0.8928567200
560 0.0214148390 0.1403006374 0.0416001219 0.0205407395 0.1024506363 0.1002227851 0.0048692392
561 0.0214542403 0.1401769151 0.0424814406 1.0723648615 -0.7766045106 0.6850184637 1.2533420086
562 0.0214945444 0.1400504756 0.0433636789 0.0339075850 -0.0555131687 0.1755729850 0.0557244396
563 0.0215357569 0.1399213083 0.0442468568 0.1548688284 -0.2886440626 0.2674947356 0.2335078926
564 0.0215778838 0.1397894027 0.0451309946 0.0486803756 -0.1472823267 -0.1642811365 0.1262636185
565 0.0216209311 0.1396547476 0.0460161126 0.0150063256 -0.1208532975 0.0200201422 0.0685402321
566 0.0216649052 0.1395173319 0.0469022312 0.0032982474 0.0477614673 -0.0318918424 0.0146276447
567 0.0217098123 0.1393771442 0.0477893709 0.3782644892 0.5755180517 -0.2168950468 0.2602767322
568 0.0217556589 0.1392341727 0.0486775524 0.0273421750 -0.0854823450 0.1415448469 0.0591218477
569 0.0218024518 0.1390884054 0.0495667962 0.0473681216 0.2023377178 -0.0801721244 0.0208326630
570 0.0218501977 0.1389398301 0.0504571233 0.1004919212 -0.1070589312 0.2983794671 0.1219808792
571 0.0218989036 0.1387884344 0.0513485545 0.2354966041 -0.4727927488 0.1093783380 0.3773989995
572 0.0219485766 0.1386342056 0.0522411108 0.0194101055 -0.0174871059 0.1382183294 0.0317659460
573 0.0219992241 0.1384771305 0.0531348133 0.4158007414 0.6172673727 0.1864986114 0.2470259986
574 0.0220508534 0.1383171960 0.0540296833 0.0199188845 -0.1250343333 0.0654622028 0.0694847305
575 0.0221034722 0.1381543885 0.0549257420 0.0224300241 -0.1438032167 0.0418408765 0.0796713048
576 0.0221570883 0.1379886942 0.0558230109 0.0002819220 -0.0128788110 0.0107730338 0.0247905046
577 0.0222117096 0.1378200991 0.0567215115 0.2202044792 0.4040040284 0.2387157811 0.1039757984
578 0.0222673442 0.1376485888 0.0576212655 0.0139257327 -0.1166722617 -0.0177007355 0.0703524989
579 0.0223240005 0.1374741487 0.0585222947 0.5471997603 0.4854884487 0.5581225013 0.3707143195
580 0.0223816869 0.1372967639 0.0594246210 0.2609338894 -0.4575640126 -0.2270882290 0.4359489565
581 0.0224404121 0.1371164191 0.0603282664 0.3346570337 -0.3869441816 -0.4300363170 0.5150969379
582 0.0225001849 0.1369330989 0.0612332531 0.0941699710 0.1623889889 0.2603839228 0.0403089916
583 0.0225610142 0.1367467876 0.0621396034 0.0159416811 0.0147099216 0.1254005554 0.0188949447
584 0.0226229094 0.1365574691 0.0630473396 0.0003721885 0.0162053285 0.0104678488 0.0172492406
585 0.0226858798 0.1363651271 0.0639564844 0.0179029920 -0.1174047060 -0.0641804254 0.0808181958
586 0.0227499349 0.1361697448 0.0648670604 0.0158010028 -0.0336008789 -0.1211279641 0.0634162139
587 0.0228150847 0.1359713055 0.0657790905 0.4939079967 -0.2955412458 -0.6376232185 0.6809778901
588 0.0228813389 0.1357697917 0.0666925975 0.3082278676 0.1656544694 0.5298928800 0.2154475957
589 0.0229487078 0.1355651859 0.0676076047 0.5922553013 0.0093691824 0.7695242164 0.5086123612
590 0.0230172019 0.1353574703 0.0685241352 0.1430291975 -0.1529892880 -0.3458662679 0.2548632592
591 0.0230868316 0.1351466267 0.0694422125 0.3705334625 -0.1217078158 -0.5964232307 0.5093509931
592 0.0231576078 0.1349326366 0.0703618602 0.0892049950 -0.1366618854 0.2655720695 0.1118706102
593 0.0232295414 0.1347154811 0.0712831018 0.0728374174 -0.0736106449 0.2596514786 0.0788824201
594 0.0233026438 0.1344951411 0.0722059614 0.0086293840 -0.0284127323 -0.0884426405 0.0523469485
595 0.0233769264 0.1342715971 0.0731304630 0.0700377449 -0.2256843776 0.1382183294 0.1338047340
596 0.0234524008 0.1340448293 0.0740566306 0.0592067913 -0.0723899045 0.2323068941 0.0676584452
597 0.0235290789 0.1338148175 0.0749844888 0.4307644098 -0.2283700064 0.6153141881 0.4231340306
598 0.0236069730 0.1335815413 0.0759140619 0.9467920307 0.4235053560 -0.8760338145 0.9902605778
599 0.0236860952 0.1333449797 0.0768453748 0.0799069076 -0.0755027924 -0.2724082156 0.1655954623
600 0.0237664584 0.1331051117 0.0777784523 0.0091210583 0.0399792474 0.0867336039 0.0087526213
601 0.0238480753 0.1328619156 0.0787133193 0.0438388940 -0.1669362468 0.1263771477 0.0921507788
602 0.0239309590 0.1326153696 0.0796500013 0.0198909208 0.0964079714 0.1029389325 0.0018533500
603 0.0240151229 0.1323654514 0.0805885235 0.0228999823 -0.0614032411 -0.1383098849 0.0854628194
604 0.0241005805 0.1321121384 0.0815289116 0.0242048979 0.1437726981 -0.0594500565 0.0200110381
605 0.0241873459 0.1318554075 0.0824711914 0.0033284259 0.0547502060 0.0181890316 0.0100774082
606 0.0242754331 0.1315952354 0.0834153888 0.0305518156 0.1554612873 -0.0798974578 0.0272406743
607 0.0243648565 0.1313315983 0.0843615301 0.0121232816 0.0587176122 0.0931424909 0.0053498962
608 0.0244556308 0.1310644720 0.0853096416 0.0208476859 0.1105075228 -0.0929288614 0.0321915521
609 0.0245477710 0.1307938321 0.0862597499 0.0352542022 0.1432844020 -0.1213415937 0.0432543322
610 0.0246412923 0.1305196535 0.0872118818 0.0306180274 0.1414532914 -0.1029999695 0.0363000928
611 0.0247362103 0.1302419110 0.0881660643 0.0269071063 0.0366527299 -0.1598864711 0.0702889952
612 0.0248325408 0.1299605788 0.0891223246 0.0188655335 -0.1366008484 -0.0143436995 0.0817602126
613 0.0249302999 0.1296756307 0.0900806902 0.0522443222 -0.2148808252 -0.0779137547 0.1469412848
614 0.0250295042 0.1293870401 0.0910411887 0.0274310407 -0.1633655812 -0.0272530290 0.0996976193
615 0.0251301703 0.1290947801 0.0920038481 0.0522302910 -0.1954710532 -0.1184118168 0.1496177322
616 0.0252323154 0.1287988232 0.0929686963 0.0054029814 -0.0598773156 -0.0426343577 0.0539868736
617 0.0253359567 0.1284991416 0.0939357618 0.0083916727 -0.0828882717 -0.0390026551 0.0623572612
618 0.0254411122 0.1281957069 0.0949050731 0.0253808539 0.0767235328 -0.1396221809 0.0576524175
619 0.0255477997 0.1278884904 0.0958766590 0.0150025787 0.0557878353 0.1090426344 0.0053718474
620 0.0256560378 0.1275774629 0.0968505487 0.4718866172 -0.4359263894 -0.5308999908 0.7116073314
621 0.0257658452 0.1272625946 0.0978267715 0.0188903501 0.0973235267 0.0970488601 0.0008969529
622 0.0258772410 0.1269438555 0.0988053568 0.0564047568 -0.1004974517 -0.2151860103 0.1503201269
623 0.0259902447 0.1266212150 0.0997863345 0.0574137863 0.2384716330 0.0233466597 0.0183535399
624 0.0261048760 0.1262946420 0.1007697348 0.0532863495 -0.1610461745 0.1653798029 0.0867392057
625 0.0262211554 0.1259641048 0.1017555879 0.0082753360 -0.0764793847 -0.0492568743 0.0637881302
626 0.0263391032 0.1256295714 0.1027439245 0.0366525678 -0.1198461867 -0.1492965484 0.1237827478
627 0.0264587407 0.1252910093 0.1037347755 0.0996669118 0.1080355235 0.2966399121 0.0375101435
628 0.0265800890 0.1249483853 0.1047281720 0.0203456714 0.0943937498 -0.1069368572 0.0457356703
629 0.0267031701 0.1246016659 0.1057241455 0.0082415576 -0.0550248726 0.0722067934 0.0333891062
630 0.0268280061 0.1242508170 0.1067227278 0.0134681134 0.0522782067 0.1036103397 0.0051897436
631 0.0269546198 0.1238958038 0.1077239508 0.0538248163 0.1090426344 -0.2047791986 0.0978788350
632 0.0270830341 0.1235365912 0.1087278470 0.0115317486 0.0021668142 -0.1073641163 0.0614263594
633 0.0272132725 0.1231731435 0.1097344489 0.0520569240 0.0255745109 0.2267220069 0.0232115818
634 0.0273453591 0.1228054243 0.1107437895 0.2085322432 -0.0614642781 0.4524979400 0.1507512226
635 0.0274793183 0.1224333968 0.1117559020 0.0032269549 0.0517593921 0.0234076968 0.0128002203
636 0.0276151749 0.1220570236 0.1127708201 0.0242686006 -0.0132755516 0.1552171392 0.0201165959
637 0.0277529543 0.1216762666 0.1137885776 0.0133787680 -0.0891445662 0.0737022004 0.0460523412
638 0.0278926823 0.1212910873 0.1148092088 0.0067465931 -0.0491653188 -0.0657979064 0.0616743164
639 0.0280343853 0.1209014464 0.1158327482 0.0102363702 0.0142826624 0.1001617481 0.0116131453
640 0.0281780901 0.1205073042 0.1168592306 0.0008047137 0.0009460738 -0.0283516953 0.0353811008
641 0.0283238242 0.1201086201 0.1178886915 0.0332454357 -0.1324503311 0.1253089999 0.0638410848
642 0.0284716154 0.1197053532 0.1189211663 0.0053489511 0.0729087191 -0.0057679983 0.0177373127
643 0.0286214921 0.1192974617 0.1199566910 0.1382660915 0.3057954649 -0.2115543077 0.1446810474
644 0.0287734833 0.1188849034 0.1209953019 0.0040673572 0.0619830927 -0.0150151067 0.0217366473
645 0.0289276186 0.1184676351 0.1220370356 0.1043512185 0.2349314859 -0.2217169713 0.1317306459
646 0.0290839281 0.1180456132 0.1230819294 0.0001464743 -0.0114444411 0.0039368877 0.0309632151
647 0.0292424426 0.1176187934 0.1241300205 0.0618105193 -0.2386547441 0.0696737571 0.1298963182
648 0.0294031932 0.1171871306 0.1251813469 0.0120704770 0.0716879788 -0.0832544939 0.0455156725
649 0.0295662120 0.1167505791 0.1262359467 0.0087010304 0.0055848872 -0.0931119724 0.0604713207
650 0.0297315314 0.1163090924 0.1272938585 0.0742698584 -0.2176274911 -0.1640369884 0.1963873042
651 0.0298991847 0.1158626234 0.1283551214 0.0332220851 0.1588793603 0.0893276772 0.0033735811
652 0.0300692057 0.1154111240 0.1294197748 0.0236240152 0.0186773278 0.1525620289 0.0098929913
653 0.0302416288 0.1149545457 0.1304878586 0.0092281259 -0.0955839717 0.0095828120 0.0589444976
654 0.0304164893 0.1144928390 0.1315594130 0.0168349745 0.0962248604 0.0870387890 0.0023158050
655 0.0305938231 0.1140259538 0.1326344788 0.0074653460 -0.0830408643 -0.0238654744 0.0633275661
656 0.0307736667 0.1135538389 0.1337130971 0.1393704215 0.3013397626 0.2203741569 0.0427736924
657 0.0309560574 0.1130764426 0.1347953096 0.1022438859 0.3191015351 0.0204474013 0.0555217828
658 0.0311410333 0.1125937124 0.1358811583 0.0265345992 -0.1269875179 -0.1020233772 0.1139977340
659 0.0313286331 0.1121055948 0.1369706858 0.0135872992 0.1165501877 -0.0018311106 0.0192856931
660 0.0315188966 0.1116120354 0.1380639350 0.0463396133 0.2142399365 0.0209967345 0.0242372155
661 0.0317118640 0.1111129793 0.1391609495 0.0872739772 -0.1379436628 -0.2612384411 0.2223488830
662 0.0319075766 0.1106083703 0.1402617732 0.1434198236 -0.0399182104 -0.3765984069 0.2898026973
663 0.0321060763 0.1100981515 0.1413664506 0.1339076307 0.1098055971 0.3490707114 0.0431411455
664 0.0323074061 0.1095822653 0.1424750267 0.0256644244 -0.0952787866 0.1287881100 0.0421553823
665 0.0325116096 0.1090606529 0.1435875470 0.0905284488 -0.0170903653 -0.3003936888 0.2130334171
666 0.0327187316 0.1085332546 0.1447040574 0.0154550950 -0.1148411512 -0.0476088748 0.0868803890
667 0.0329288174 0.1080000099 0.1458246046 0.0415424998 0.1531723991 -0.1344645528 0.0806025565
668 0.0331419137 0.1074608572 0.1469492356 0.0029528649 0.0354319895 -0.0411999878 0.0405882881
669 0.0333580677 0.1069157339 0.1480779981 0.0040451569 0.0552385022 0.0315256203 0.0162549931
670 0.0335773279 0.1063645766 0.1492109403 0.0698886748 0.0446485794 -0.2605670339 0.1717268525
671 0.0337997436 0.1058073207 0.1503481110 0.1218438801 -0.1238135929 0.3263649403 0.0837076882
672 0.0340253652 0.1052439006 0.1514895594 0.0001552470 -0.0120242927 -0.0032654805 0.0377009515
673 0.0342542442 0.1046742496 0.1526353356 0.1965452559 -0.0657673879 0.4384289071 0.1107283173
674 0.0344864330 0.1040983000 0.1537854901 0.1910486933 -0.1463057344 0.4118778039 0.1293138229
675 0.0347219853 0.1035159831 0.1549400740 0.0008172482 0.0087282937 -0.0272225105 0.0421679132
676 0.0349609557 0.1029272288 0.1560991392 0.0135189537 -0.1072420423 0.0449232459 0.0565312017
677 0.0352034000 0.1023319662 0.1572627379 0.1533799178 0.2980437635 -0.2540665914 0.2074949248
678 0.0354493754 0.1017301230 0.1584309234 0.0001855680 -0.0105594043 0.0086062197 0.0350563798
679 0.0356989400 0.1011216258 0.1596037493 0.0189707086 -0.1163365581 0.0737327189 0.0546618956
680 0.0359521532 0.1005064000 0.1607812699 0.0040755534 0.0605792413 0.0201422163 0.0213735214
681 0.0362090757 0.0998843699 0.1619635403 0.5195932505 0.6461684011 -0.3194677572 0.5302023370
682 0.0364697696 0.0992554584 0.1631506163 0.1724072757 0.3503524888 -0.2228461562 0.2120432271
683 0.0367342981 0.0986195871 0.1643425543 0.2709952934 -0.4684591205 0.2270271920 0.3255076244
684 0.0370027259 0.0979766766 0.1655394115 0.0036198294 0.0022888882 0.0601214637 0.0202690966
685 0.0372751190 0.0973266458 0.1667412458 1.2860831325 -1.0000000000 0.5348673971 1.3396426308
686 0.0375515449 0.0966694125 0.1679481157 0.0155128843 -0.0413220618 0.1174962615 0.0215870366
687 0.0378320724 0.0960048930 0.1691600807 0.0104086577 0.0960722678 0.0343333232 0.0181782591
688 0.0381167720 0.0953330025 0.1703772010 0.0172926805 0.0754112369 -0.1077303385 0.0777406802
689 0.0384057156 0.0946536544 0.1715995375 0.0037631491 0.0054933317 0.0610980560 0.0201601406
690 0.0386989766 0.0939667610 0.1728271518 0.0997731235 0.3047578356 0.0830408643 0.0524944546
691 0.0389966301 0.0932722327 0.1740601067 0.5322560541 -0.7261268960 -0.0706808679 0.7313130768
692 0.0392987530 0.0925699789 0.1752984654 0.0891180433 0.2745750298 0.1171605579 0.0365058548
693 0.0396054235 0.0918599072 0.1765422922 1.1236070847 0.9999694815 0.3516647847 0.8553308863
694 0.0399167218 0.0911419236 0.1777916521 0.0839611771 0.2805566576 0.0724509415 0.0469746068
695 0.0402327298 0.0904159326 0.1790466111 0.9151268395 0.7621997742 0.5780816065 0.6105224573
696 0.0405535313 0.0896818371 0.1803072360 0.0264556015 0.1524704733 -0.0566423536 0.0600875209
697 0.0408792118 0.0889395383 0.1815735947 0.3315488045 0.4509720145 0.3580126347 0.1621982487
698 0.0412098587 0.0881889358 0.1828457557 0.0997435699 -0.3155919065 0.0120548112 0.1922085153
699 0.0415455617 0.0874299272 0.1841237886 0.6965051316 -0.5300759911 -0.6446119572 1.0681164954
700 0.0418864121 0.0866624088 0.1854077641 0.0176999811 -0.1329081088 -0.0059511093 0.0848294306
701 0.0422325034 0.0858862747 0.1866977536 0.8670440379 0.4684896390 0.8047120579 0.5283270146
702 0.0425839313 0.0851014174 0.1879938298 0.0443811179 -0.1167943358 -0.1753288369 0.1727652553
703 0.0429407936 0.0843077275 0.1892960661 0.0343868272 -0.1850642415 0.0117496261 0.1040839960
704 0.0433031903 0.0835050937 0.1906045373 0.0617942686 -0.1216162603 -0.2168034913 0.2080560716
705 0.0436712238 0.0826934027 0.1919193188 0.0695029692 0.0049134800 0.2635883663 0.0111861687
706 0.0440449987 0.0818725392 0.1932404874 0.1210377200 -0.1207617420 -0.3262733848 0.3109553154
707 0.0444246221 0.0810423861 0.1945681210 0.0686638932 0.1651966918 0.2034058657 0.0071600529
708 0.0448102035 0.0802028240 0.1959022984 0.1167365604 -0.0906704917 -0.3294167913 0.3051578360
709 0.0452018551 0.0793537315 0.1972430998 0.5840338950 -0.0032959990 -0.7642139958 0.9312307246
710 0.0455996916 0.0784949850 0.1985906063 0.0595406173 -0.1825617237 0.1619006928 0.0694967549
711 0.0460038303 0.0776264588 0.1999449004 0.0244018167 -0.0676290170 -0.1408124027 0.1372146929
712 0.0464143914 0.0767480249 0.2013060656 0.0416328883 0.0092165899 0.2038331248 0.0045668807
713 0.0468314978 0.0758595530 0.2026741869 0.0027998756 0.0120853298 0.0515152440 0.0269161776
714 0.0472552754 0.0749609104 0.2040493502 0.0766405125 -0.1106601154 0.2537614063 0.0369264537
715 0.0476858531 0.0740519623 0.2054316431 0.0241195277 0.0641804254 -0.1414227729 0.1204054331
716 0.0481233628 0.0731325712 0.2068211541 1.3033847076 -0.5508590960 0.9999694815 1.0184498700
717 0.0485679395 0.0722025972 0.2082179733 0.8415057511 -0.5451826533 0.7377544481 0.6615734256
718 0.0490197215 0.0712618978 0.2096221921 0.5217284118 0.4521927549 -0.5632496109 0.7424391417
719 0.0494788505 0.0703103279 0.2110339031 0.1359112309 -0.1237525559 0.3472701193 0.0562207095
720 0.0499454715 0.0693477400 0.2124532006 0.2921932096 0.3485213782 -0.4131900998 0.4693674596
721 0.0504197331 0.0683739835 0.2138801802 0.0343294877 -0.0471816156 0.1791741691 0.0145576037
722 0.0509017875 0.0673889054 0.2153149389 1.6575096379 0.9999694815 -0.8109073153 1.9228386460
723 0.0513917906 0.0663923495 0.2167575754 0.3514158680 0.4380626850 -0.3993957335 0.5177837383
724 0.0518899021 0.0653841572 0.2182081897 0.7242992296 -0.7706839198 0.3610339671 0.7194090320
725 0.0523962856 0.0643641664 0.2196668836 0.0310175621 0.1254615925 -0.1235999634 0.1215650237
726 0.0529111090 0.0633322123 0.2211337602 1.1149414235 -1.0000000000 0.3390301218 1.1445749458
727 0.0534345441 0.0622881270 0.2226089246 0.0392143716 -0.1962340159 0.0265816218 0.1052604019
728 0.0539667670 0.0612317394 0.2240924833 0.1810510551 -0.4202093570 -0.0668965728 0.3164601600
729 0.0545079583 0.0601628752 0.2255845445 0.1173463718 0.3408612323 0.0340586566 0.1154737335
730 0.0550583031 0.0590813566 0.2270852183 0.0163075688 0.1112399670 0.0627155370 0.0297379128
731 0.0556179912 0.0579870028 0.2285946165 0.0536917520 -0.2252571184 0.0543229469 0.1105978470
732 0.0561872171 0.0568796292 0.2301128525 0.2453090403 -0.4868312632 -0.0911282693 0.3988173929
733 0.0567661805 0.0557590479 0.2316400420 0.0179978642 -0.1063875240 -0.0817285684 0.1244913968
734 0.0573550859 0.0546250672 0.2331763021 0.0459685005 -0.1795403912 -0.1171910764 0.1775907619
735 0.0579541431 0.0534774919 0.2347217523 0.0723138750 0.2404248177 0.1204565569 0.0480058375
736 0.0585635676 0.0523161229 0.2362765136 0.0013491310 -0.0364085818 -0.0048524430 0.0660152469
737 0.0591835801 0.0511407571 0.2378407093 0.0190157948 0.0402233955 0.1319009980 0.0113424112
738 0.0598144071 0.0499511878 0.2394144648 0.0003273426 -0.0031128880 0.0178228095 0.0519186578
739 0.0604562813 0.0487472038 0.2409979075 0.0078616107 -0.0871608631 -0.0162663656 0.0846559088
740 0.0611094411 0.0475285902 0.2425911669 0.1060078891 -0.2394482253 -0.2206183050 0.2969187075
741 0.0617741315 0.0462951275 0.2441943747 0.0778324723 0.2467116306 0.1302529984 0.0531494119
742 0.0624506036 0.0450465920 0.2458076650 0.0267843719 0.1577501755 0.0435804315 0.0535979517
743 0.0631391156 0.0437827556 0.2474311741 0.0196277744 -0.0023194067 0.1400799585 0.0136496929
744 0.0638399322 0.0425033855 0.2490650406 0.0221462402 0.0176091800 0.1477706229 0.0108802805
745 0.0645533254 0.0412082444 0.2507094056 0.0157815202 -0.1217688528 -0.0308847316 0.1058567923
746 0.0652795745 0.0398970899 0.2523644126 0.0688081256 0.0139774773 -0.2619403668 0.2651812324
747 0.0660189662 0.0385696751 0.2540302076 0.0011767280 0.0028992584 -0.0341807306 0.0843379235
748 0.0667717951 0.0372257478 0.2557069392 0.3349294091 0.0180974761 0.5784478286 0.1045275725
749 0.0675383637 0.0358650508 0.2573947587 0.0382723642 -0.0638752403 -0.1849116489 0.2055830839
750 0.0683189829 0.0344873216 0.2590938199 0.0042296780 -0.0648213141 0.0052797021 0.0742838115
751 0.0691139721 0.0330922922 0.2608042796 0.1355376266 0.0128177740 -0.3679311502 0.3957192968
752 0.0699236594 0.0316796891 0.2625262972 0.0051287423 0.0571306497 0.0431836909 0.0487589303
753 0.0707483823 0.0302492333 0.2642600351 0.0215639297 -0.0162968841 0.1459395123 0.0161662872
754 0.0715884873 0.0288006398 0.2660056587 0.0108759643 -0.0679952391 0.0790734581 0.0443130898
755 0.0724443309 0.0273336176 0.2677633362 0.0000780589 0.0057069613 -0.0067445906 0.0758223141
756 0.0733162794 0.0258478698 0.2695332391 0.0295919434 -0.1593676565 0.0647602771 0.0762367571
757 0.0742047096 0.0243430929 0.2713155421 0.0468884360 0.0503250221 -0.2106082339 0.2329255866
758 0.0751100089 0.0228189773 0.2731104230 0.0084132667 0.0849940489 0.0344859157 0.0608073950
759 0.0760325758 0.0212752066 0.2749180630 0.1103548427 -0.1601306192 -0.2910550249 0.3532336099
760 0.0769728201 0.0197114576 0.2767386467 0.0194367308 -0.0647297586 0.1234778893 0.0306191787
761 0.0779311636 0.0181274004 0.2785723621 0.1014180439 -0.1772209845 0.2645954772 0.0383563448
762 0.0789080399 0.0165226978 0.2804194009 0.0119450566 0.0696432386 0.0842310862 0.0413116467
763 0.0799038957 0.0148970052 0.2822799584 0.0160755138 0.0316476943 0.1227759636 0.0257221099
764 0.0809191902 0.0132499705 0.2841542337 0.2164159788 -0.4404736473 0.1496627705 0.2239530750
765 0.0819543965 0.0115812342 0.2860424296 0.0163456064 0.1130100406 0.0597857601 0.0614798833
766 0.0830100014 0.0098904285 0.2879447531 0.1005933158 0.3043610950 0.0892056032 0.1262102231
767 0.0840865061 0.0081771777 0.2898614150 0.0851696977 0.2588885159 -0.1347087008 0.2431159583
768 0.0851844268 0.0064410976 0.2917926303 0.0202246005 -0.1177098910 -0.0798059023 0.1534989374
769 0.0863042952 0.0046817957 0.2937386184 0.1266695571 0.3531601917 -0.0441297647 0.2355922368
770 0.0874466586 0.0028988703 0.2956996029 0.0019933550 -0.0145573290 0.0422070986 0.0645631686
771 0.0886120813 0.0010919111 0.2976758119 0.0079650720 -0.0800195318 0.0395214698 0.0732227306
772 0.0898011443 -0.0007395019 0.2996674782 0.0130406531 -0.0279549547 -0.1107211524 0.1691595090
773 0.0910144467 -0.0025957981 0.3016748391 0.0037551449 -0.0225531785 -0.0569780572 0.1290301970
774 0.0922526056 -0.0044774165 0.3036981368 0.0035494590 0.0401928770 -0.0439771722 0.1228735556
775 0.0935162572 -0.0063848064 0.3057376187 0.0182490181 -0.1297952208 0.0374462111 0.0872104098
776 0.0948060576 -0.0083184276 0.3077935369 0.0169948812 -0.0861842708 -0.0978118229 0.1705787974
777 0.0961226830 -0.0102787503 0.3098661491 0.1086491741 0.2505264443 0.2142094180 0.0771695597
778 0.0974668310 -0.0122662558 0.3119557180 0.0146389076 -0.0128788110 -0.1203039644 0.1868488082
779 0.0988392209 -0.0142814366 0.3140625120 0.1887773606 -0.2508621479 -0.3547471541 0.5032768026
780 0.1002405948 -0.0163247968 0.3161868053 0.0168779260 0.0603350932 0.1150547807 0.0463308301
781 0.1016717185 -0.0183968527 0.3183288777 0.0799670468 0.1604968413 0.2328257088 0.0393137456
782 0.1031333821 -0.0204981324 0.3204890149 0.0159120632 -0.0320139164 0.1220130009 0.0395253414
783 0.1046264010 -0.0226291772 0.3226675090 0.0209433423 -0.1030610065 -0.1015961180 0.1864689044
784 0.1061516171 -0.0247905408 0.3248646582 0.0054944950 -0.0367137669 0.0643940550 0.0679870985
785 0.1077098993 -0.0269827909 0.3270807673 0.0229560830 -0.0772423475 0.1303445540 0.0412311607
786 0.1093021453 -0.0292065084 0.3293161477 0.0418116610 0.0261848811 0.2027954955 0.0190756815
787 0.1109292817 -0.0314622890 0.3315711177 0.0456652201 0.1004669332 -0.1886043886 0.2879878770
788 0.1125922660 -0.0337507424 0.3338460025 0.0077704501 0.0429700613 -0.0769676809 0.1746539642
789 0.1142920874 -0.0360724939 0.3361411348 0.0168937660 0.0619525742 -0.1142612995 0.2124712668
790 0.1160297678 -0.0384281840 0.3384568546 0.0267285636 -0.0715353862 -0.1470076601 0.2367718819
791 0.1178063636 -0.0408184694 0.3407935095 0.0546252400 0.0094912564 -0.2335276345 0.3323758450
792 0.1196229667 -0.0432440229 0.3431514552 0.1235784252 0.1609851375 0.3125095370 0.0426484771
793 0.1214807060 -0.0457055348 0.3455310552 0.5089343358 -0.2366710410 0.6729941710 0.1436999167
794 0.1233807490 -0.0482037126 0.3479326818 0.0737687717 -0.1513412885 0.2255317850 0.0256193391
795 0.1253243029 -0.0507392818 0.3503567156 0.1111757671 0.1502731407 -0.2976470229 0.4603148391
796 0.1273126167 -0.0533129868 0.3528035461 0.0034985983 0.0564287240 -0.0177312540 0.1493392812
797 0.1293469827 -0.0559255910 0.3552735720 0.2209069004 -0.1626636555 0.4409619434 0.0187355114
798 0.1314287382 -0.0585778777 0.3577672015 0.0324238892 0.1661427656 -0.0694296091 0.2329964824
799 0.1335592674 -0.0612706505 0.3602848522 0.0332985131 -0.1617481002 0.0844752342 0.0861666633
800 0.1357400032 -0.0640047344 0.3628269521 0.0260479302 -0.0264290292 0.1592150639 0.0428697346
801 0.1379724295 -0.0667809758 0.3653939391 0.0816121031 -0.2412793359 0.1529587695 0.0755783790
802 0.1402580830 -0.0696002441 0.3679862620 0.0038143126 -0.0570390942 -0.0236823634 0.1535620946
803 0.1425985557 -0.0724634314 0.3706043805 0.0007348854 -0.0263985107 -0.0061647389 0.1440769463
804 0.1449954970 -0.0753714541 0.3732487654 0.0239288082 0.0410473952 -0.1491439558 0.2864475037
805 0.1474506161 -0.0783252534 0.3759198995 0.0289666171 0.0740684225 0.1532334361 0.0728130934
806 0.1499656849 -0.0813257959 0.3786182772 0.0107272631 -0.0982085635 -0.0328989532 0.1696314588
807 0.1525425403 -0.0843740749 0.3813444057 0.0615694001 0.2205267495 0.1137424848 0.1645753008
808 0.1551830871 -0.0874711109 0.3840988048 0.0202880013 -0.1387066256 -0.0323801386 0.1760797882
809 0.1578893011 -0.0906179528 0.3868820075 0.2592084224 -0.5090792566 -0.0068361461 0.3301238472
810 0.1606632320 -0.0938156786 0.3896945605 0.0043559544 0.0634174627 0.0182805872 0.1626706003
811 0.1635070070 -0.0970653968 0.3925370247 1.1776203321 0.9554734947 0.5144810327 1.1227084591
812 0.1664228336 -0.1003682469 0.3954099754 0.0545295175 -0.2176885281 0.0845057527 0.1104254840
813 0.1694130039 -0.1037254010 0.3983140031 0.0110210518 -0.1019623402 -0.0249946593 0.1791933320
814 0.1724798977 -0.1071380647 0.4012497138 0.0114865394 0.0876491592 -0.0616779077 0.2522440453
815 0.1756259871 -0.1106074783 0.4042177296 0.6094709958 0.5391399884 0.5646229438 0.4479016033
816 0.1788538403 -0.1141349180 0.4072186891 0.0269044518 -0.1539353618 0.0566423536 0.1244878424
817 0.1821661259 -0.1177216972 0.4102532485 0.4040407844 0.2683492538 0.5762199774 0.1765957343
818 0.1855656179 -0.1213691679 0.4133220814 0.0980522398 -0.1397442549 -0.2802209540 0.4813395858
819 0.1890552002 -0.1250787221 0.4164258799 0.1594967159 -0.2154301584 -0.3362834559 0.5747347263
820 0.1926378721 -0.1288517932 0.4195653554 0.2274359372 0.1140781884 0.4630573443 0.0609065291
821 0.1963167533 -0.1326898574 0.4227412388 1.2822779632 0.5434125797 0.9934690390 0.7828447274
822 0.2000950899 -0.1365944357 0.4259542816 0.0506772456 -0.1674245430 -0.1504867702 0.3332347818
823 0.2039762603 -0.1405670950 0.4292052564 0.0155193536 0.1095919675 0.0592364269 0.1994564914
824 0.2079637816 -0.1446094503 0.4324949578 0.0144938304 -0.0616168706 -0.1034272286 0.2941003581
825 0.2120613161 -0.1487231663 0.4358242030 1.0008189163 -0.0296639912 0.9999694815 0.3324349824
826 0.2162726786 -0.1529099591 0.4391938330 0.2630644896 0.0947294534 -0.5040742210 0.9510799004
827 0.2206018436 -0.1571715987 0.4426047132 0.4215982085 0.0469985046 -0.6476027711 1.2302377899
828 0.2250529535 -0.1615099106 0.4460577343 0.0193349543 -0.0433668020 0.1321146275 0.1125180684
829 0.2296303267 -0.1659267782 0.4495538133 0.1166765992 -0.1689809870 0.2968535417 0.0233267011
830 0.2343384665 -0.1704241448 0.4530938946 0.0293416129 -0.1631214331 0.0522782067 0.1607065452
831 0.2391820700 -0.1750040164 0.4566789510 0.1632124271 0.1084322642 -0.3891720328 0.7958000120
832 0.2441660388 -0.1796684639 0.4603099846 0.0105627563 -0.0961333048 0.0363475448 0.1867222731
833 0.2492954886 -0.1844196255 0.4639880282 0.0731406308 -0.1884517960 0.1939756462 0.0729229448
834 0.2545757606 -0.1892597100 0.4677141464 0.0274427482 0.0162358470 -0.1648609882 0.4423797249
835 0.2600124332 -0.1941909993 0.4714894368 0.0565576288 0.0227057711 -0.2367320780 0.5486219230
836 0.2656113344 -0.1992158511 0.4753150314 0.4026654118 0.4211859493 -0.4746238594 1.2872822902
837 0.2713785548 -0.2043367028 0.4791920979 0.0681343062 0.2215033418 -0.1380962554 0.5623846547
838 0.2773204617 -0.2095560741 0.4831218413 0.0157593962 0.1255226295 -0.0018616291 0.3474867041
839 0.2834437137 -0.2148765708 0.4871055051 0.0339217373 -0.0636616108 -0.1728263192 0.4583759768
840 0.2897552768 -0.2203008885 0.4911443732 0.6577614987 -0.7291177099 0.3551744133 0.2773823877
841 0.2962624405 -0.2258318163 0.4952397714 0.0357882067 0.0495925779 -0.1825617237 0.5352734637
842 0.3029728360 -0.2314722407 0.4993930695 0.2806415938 -0.5197912534 0.1022675253 0.2408365510
843 0.3098944552 -0.2372251500 0.5036056824 0.0101029967 0.0931424909 -0.0377819147 0.4022433085
844 0.3170356700 -0.2430936390 0.5078790729 0.1620321467 -0.3999450667 0.0455641346 0.2383374725
845 0.3244052546 -0.2490809130 0.5122147532 0.0191468222 -0.1080355235 0.0864589373 0.2011618166
846 0.3320124075 -0.2551902935 0.5166142871 0.0229333797 0.1496932890 0.0229194006 0.4076653562
847 0.3398667761 -0.2614252228 0.5210792924 0.0045122027 0.0667134617 0.0078432569 0.3710862244
848 0.3479784826 -0.2677892698 0.5256114435 0.2013273202 0.4427320170 -0.0729087191 0.8630668841
849 0.3563581511 -0.2742861358 0.5302124733 0.1518634338 0.3679921873 -0.1282387768 0.8460794931
850 0.3650169377 -0.2809196605 0.5348841763 0.0382751612 0.1920529801 0.0372936186 0.4712994819
851 0.3739665611 -0.2876938282 0.5396284113 0.0304635767 -0.0675069430 0.1609546190 0.1918761054
852 0.3832193368 -0.2946127750 0.5444471045 1.0753304109 0.9999694815 0.2745750298 1.7487741556
853 0.3927882126 -0.3016807959 0.5493422522 0.0731163217 0.2420422987 -0.1205481124 0.7443879041
854 0.4026868071 -0.3089023521 0.5543159243 1.0323591760 0.8907742546 0.4887539293 1.4435223358
855 0.4129294505 -0.3162820793 0.5593702681 0.1581211579 -0.3398846400 -0.2063966796 0.5869560991
856 0.4235312290 -0.3238247960 0.5645075115 0.0374498845 -0.1934263131 0.0060121464 0.3289208372
857 0.4345080314 -0.3315355127 0.5697299669 0.0036019283 -0.0584734642 0.0135196997 0.3839327437
858 0.4458765998 -0.3394194412 0.5750400358 0.0049738362 0.0702841273 0.0058290353 0.4918581771
859 0.4576545841 -0.3474820049 0.5804402126 0.0837630866 -0.2699667348 -0.1043122654 0.4748945732
860 0.4698605995 -0.3557288492 0.5859330895 0.1328409051 -0.1189306314 -0.3445234535 0.9218227742
861 0.4825142895 -0.3641658531 0.5915213613 0.0847352307 -0.2132633442 -0.1981261635 0.6463147807
862 0.4956363930 -0.3727991413 0.5972078308 0.1057349987 -0.1600390637 -0.2830591754 0.8201368529
863 0.5092488164 -0.3816350965 0.6029954141 0.0087333520 0.0693380535 -0.0626545000 0.6464665902
864 0.5233747115 -0.3906803738 0.6088871464 0.0141003580 -0.1107211524 0.0429090243 0.3987084003
865 0.5380385595 -0.3999419142 0.6148861885 0.0190462341 -0.0430005799 -0.1311380352 0.6839592585
866 0.5532662610 -0.4094269609 0.6209958330 0.0080734241 -0.0560930204 0.0701925718 0.4282291061
867 0.5690852338 -0.4191430752 0.6272195121 0.0616641130 -0.1074251534 0.2238837855 0.2598477711
868 0.5855245183 -0.4290981538 0.6335608042 0.0851516020 0.0905178991 0.2774132511 0.3968419220
869 0.6026148906 -0.4393004479 0.6400234426 0.1021079548 -0.0733359783 -0.3110141301 1.0384024577
870 0.6203889866 -0.4497585828 0.6466113236 0.0056367762 0.0625019074 -0.0415967284 0.7360411327
871 0.6388814342 -0.4604815789 0.6533285159 0.0679473560 -0.2584002197 -0.0343028047 0.5136737088
872 0.6581289983 -0.4714788748 0.6601792704 0.0799266081 0.2533646657 -0.1254310739 1.1425817712
873 0.6781707368 -0.4827603511 0.6671680300 0.0558599846 0.2180852687 -0.0910977508 1.0661515771
874 0.6990481705 -0.4943363569 0.6742994415 0.0143002972 -0.0784630879 -0.0902432325 0.7574760763
875 0.7208054675 -0.5062177367 0.6815783671 0.0057543312 -0.0447096164 -0.0612811670 0.7648300326
876 0.7434896436 -0.5184158611 0.6890098973 0.0532354245 0.0902432325 -0.2123477889 1.1829115707
877 0.7671507804 -0.5309426579 0.6965993644 0.3200744913 -0.3267311625 0.4618671224 0.0968015603
878 0.7918422630 -0.5438106471 0.7043523572 0.1008398883 -0.2258674886 0.2232123783 0.3325835313
879 0.8176210389 -0.5570329770 0.7122747373 0.0471777402 -0.1252784814 -0.1774346141 0.9779946745
880 0.8445479005 -0.5706234644 0.7203726552 0.0162151378 -0.1273232215 -0.0019837031 0.7183138137
881 0.8726877942 -0.5845966366 0.7286525692 0.0018510309 -0.0382091739 -0.0197759941 0.8586845740
882 0.9021101582 -0.5989677780 0.7371212648 0.0281153364 -0.0821863460 0.1461531419 0.6163063708
883 0.9328892918 -0.6137529789 0.7457858759 0.1204326801 0.3090609455 -0.1578417310 1.6681283909
884 0.9651047610 -0.6289691892 0.7546539075 0.0140499899 0.0100405896 -0.1181066317 1.1700444561
885 0.9988418434 -0.6446342762 0.7637332606 0.0045589654 -0.0402233955 0.0542313913 0.8687054152
886 1.0341920163 -0.6607670868 0.7730322589 0.0148995420 0.0792870876 -0.0928067873 1.2973574350
887 1.0712534941 -0.6773875149 0.7825596774 0.0212158331 -0.0336008789 0.1417279580 0.8251265253
888 1.1101318203 -0.6945165749 0.7923247739 0.0138162649 -0.0606097598 -0.1007110813 1.1993508889
889 1.1509405197 -0.7121764810 0.8023373228 0.0528420741 0.2148197882 -0.0818201239 1.6410564737
890 1.1938018189 -0.7303907330 0.8126076520 0.1654716341 0.3122959075 0.2606585894 1.3918431979
891 1.2388474427 -0.7491842106 0.8231466827 0.0219760856 -0.1480452895 0.0076601459 1.0263862943
892 1.2862194954 -0.7685832750 0.8339659734 0.0321706518 0.1213110752 0.1321146275 1.2845072662
893 1.3360714388 -0.7886158802 0.8450777670 0.2068221933 -0.4031189917 -0.2105166784 1.2628874842
894 1.3885691769 -0.8093116944 0.8564950427 0.0124434982 -0.0749229408 -0.0826441237 1.4213092152
895 1.4438922624 -0.8307022326 0.8682315724 0.0847460868 -0.2713095492 -0.1055330058 1.2611376278
896 1.5022352411 -0.8528210012 0.8803019828 0.0614905355 -0.0948820460 0.2291024506 0.9985322906
897 1.5638091496 -0.8757036575 0.8927218233 0.1186963467 -0.2442396313 -0.2429883724 1.6885844651
898 1.6288431905 -0.8993881836 0.9055076398 0.0555211972 0.2028565325 0.1198767052 1.8321593795
899 1.6975866057 -0.9239150778 0.9186770568 0.1249821072 0.3292947172 0.1286355174 2.1947004243
900 1.7703107773 -0.9493275656 0.9322488672 0.0363616431 -0.0038148137 -0.1906491287 2.1548942733
901 1.8473115866 -0.9756718319 0.9462431310 0.0832673786 -0.2858668783 -0.0393383587 1.4472017470
902 1.9289120686 -1.0029972769 0.9606812849 0.0325632347 0.0683004242 0.1670278024 1.7775646147
903 2.0154654044 -1.0313567998 0.9755862626 0.0008893304 0.0005493332 -0.0298165838 2.0756651508
904 2.1073583011 -1.0608071125 0.9909826291 0.0112803795 0.0360118412 0.0999176000 1.9970087032
905 2.2050148182 -1.0914090876 1.0068967284 0.0008627479 -0.0245979186 0.0160527360 2.1198578876
906 2.3089007068 -1.1232281456 1.0233568487 0.0730474807 -0.0893581957 -0.2550737022 2.7032717466
907 2.4195283432 -1.1563346853 1.0403934058 0.0392901514 0.1068758202 -0.1669362468 3.0533456713
908 2.5374623505 -1.1908045651 1.0580391478 0.0154682190 0.1053498947 -0.0661030915 2.9437121578
909 2.6633260178 -1.2267196398 1.0763293842 0.0040250689 -0.0598467971 -0.0210577715 2.5658508005
910 2.7978086516 -1.2641683633 1.0953022418 0.0282484621 0.0766014588 -0.1496017335 3.3474496233
911 2.9416740122 -1.3032464643 1.1149989532 0.0469457643 -0.0832239753 0.2000488296 2.3255886021
912 3.0957700249 -1.3440577074 1.1354641800 0.0182244175 0.1345866268 0.0105288858 3.4518684832
913 3.2610399862 -1.3867147512 1.1567463789 0.0031938090 0.0016479995 -0.0564897610 3.3994930587
914 3.4385355354 -1.4313401190 1.1788982141 0.0046437283 -0.0669576098 0.0126651814 3.2216391179
915 3.6294317126 -1.4780672991 1.2019770263 0.5536601964 -0.6579790643 0.3474532304 1.4027556308
916 3.8350444942 -1.5270419960 1.2260453648 0.1578757869 -0.3288369396 0.2230292673 2.4417366492
917 4.0568512808 -1.5784235561 1.2511715943 0.1100541143 0.3234046449 -0.0739158300 5.3728071881
918 4.2965149159 -1.6323865983 1.2774305889 0.0092243008 0.0858180486 -0.0431226539 4.6960880759
919 4.5559119440 -1.6891228841 1.3049045277 0.0173139010 0.1276284066 -0.0320139164 5.0879361786
920 4.8371659827 -1.7488434684 1.3336838102 0.1638334625 0.2658162175 -0.3052461318 6.7449450051
921 5.1426872864 -1.8117811836 1.3638681129 0.0308609702 0.1323282571 -0.1155430769 5.9682189856
922 5.4752198451 -1.8781935156 1.3955676132 0.1868247144 -0.2076784570 0.3790704062 3.8238871329
923 5.8378976959 -1.9483659499 1.4289044129 0.0237171532 -0.1335489975 0.0766930143 5.1220362373
924 6.2343125549 -2.0226158755 1.4640141990 0.0060123243 0.0237128819 0.0738242744 6.1200894098
925 6.6685954352 -2.1012971622 1.5010481908 0.0142393579 -0.0889614551 -0.0795312357 6.5477263217
926 7.1455156410 -2.1848055476 1.5401754317 0.0222275748 -0.1430707724 -0.0419324320 6.6717461844
927 7.6706014788 -2.2735850078 1.5815854991 0.1490176449 0.3065889462 0.2345652638 8.4717611473
928 8.2502882812 -2.3681353283 1.6254917250 0.0166888663 0.1237220374 -0.0371715445 8.9738022790
929 8.8921010116 -2.4690211450 1.6721350415 0.0476527837 0.2169255654 0.0244148076 9.9292917003
930 9.6048809595 -2.5768828025 1.7217885997 0.0325869402 -0.1711478011 -0.0574053163 8.9530918872
931 10.3990690773 -2.6924494681 1.7747633474 0.0105510628 -0.0096133305 0.1022675253 9.9948520161
932 11.2870626624 -2.8165550699 1.8314148085 0.0323213545 -0.0554216132 0.1710257271 10.3807498671
933 12.2836678296 -2.9501577929 1.8921513752 0.1386617005 -0.1929380169 -0.3184911649 12.4892013331
934 13.4066782276 -3.0943640970 1.9574445236 0.1512020137 0.3390911588 0.1903134251 14.9113673126
935 14.6776217715 -3.2504585290 2.0278414935 0.2911556269 0.4047364727 0.3568529313 16.1526532753
936 16.1227333369 -3.4199410282 2.1039811550 0.0345926173 0.0113528855 0.1856440931 15.4537950052
937 17.7742347977 -3.6045740177 2.1866140375 0.3277551471 0.2723166601 0.5035859249 17.8628649549
938 19.6720382380 -3.8064424149 2.2766278527 0.2502076163 -0.1698049867 -0.4705038606 20.7718644345
939 21.8660395703 -4.0280308934 2.3750803549 1.2114366232 -0.4598223823 -1.0000000000 24.1232793808
940 24.4192478300 -4.2723244717 2.4832421224 0.1507583567 0.0759300516 0.3807794427 23.3276667187
941 27.4121160259 -4.5429410845 2.6026529405 0.4150074846 -0.1159703360 0.6336863308 23.4748995182
942 30.9486296368 -4.8443086595 2.7351971133 0.6654603332 -0.3036591693 -0.7571337016 32.8138723134
943 35.1650154502 -5.1819051672 2.8832055578 0.2441865539 -0.1547898801 -0.4692831202 36.5110684461
944 40.2424397706 -5.5625894160 3.0495964913 0.1578670329 0.0231635487 0.3966490677 38.2387662150
945 46.4259239640 -5.9950653037 3.2380728787 0.0050722001 -0.0601214637 0.0381786554 45.4628814255
946 54.0532067194 -6.4905468714 3.4534052802 0.0375747704 -0.1326334422 0.1413617359 51.3926956130
947 63.5999967606 -7.0637333572 3.7018465417 0.0600729015 -0.1440778832 0.1982787561 60.1566191076
948 75.7531577460 -7.7342770348 3.9917560665 0.0099066377 -0.0014954070 -0.0995208594 76.5344585888
949 91.5333685498 -8.5290611173 4.3345686068 0.0128031560 -0.0628986480 0.0940580462 89.6578367707
950 112.5094363158 -9.4858621260 4.7463518667 0.1938718049 0.0995513779 -0.4289071322 118.6634577462
951 141.1915909250 -10.6594890649 5.2504174881 0.2648715110 -0.3259681997 -0.3982665487 138.6892848193
952 181.7970353296 -12.1326018452 5.8819221174 0.2006926540 -0.2689291055 0.3582873012 171.2572724571
953 241.8515252248 -14.0359753666 6.6964857003 0.1073662501 -0.1411786248 0.2956938383 234.0355129541
954 335.8574571456 -16.5894694067 7.7876159349 0.5582175094 0.5431684317 -0.5130161443 362.4277722146
955 494.7422412747 -20.1934540406 9.3255914121 0.0612241675 -0.1616260262 -0.1873531297 491.7702474534
956 794.4097211718 -25.6619066846 11.6565975518 0.0316002107 -0.1092867824 0.1402020325 785.5637496189
957 1464.6169333838 -34.9424806846 15.6089710420 0.0139338273 0.0896023438 -0.0768456069 1473.2916852520
958 3497.1611865563 -54.1444860538 23.7809969623 0.2854227444 0.4531388287 -0.2829981384 3559.9765030205
959 16352.5809071777 -117.4016000707 50.6896952843 0.0379160427 -0.1170079653 -0.1556443983 16340.9241127666
960 770104.3823054207 807.8299814857 -342.8047597661 0.0057834238 0.0098269601 0.0754112369 770140.2137248407
961 10063.7706130611 92.5912188555 -38.6087658947 0.0083320244 0.0224616230 -0.0884731590 10052.7877680227
962 2870.1530017658 49.5754069723 -20.3084225211 0.0421936495 0.1965086825 -0.0598162786 2848.2816510788
963 1348.4815346354 34.0675382936 -13.7070919326 0.1242075050 -0.3478194525 0.0568254646 1373.8622709108
964 786.1239328569 26.0764522077 -10.3025517770 0.0246124090 0.1290322581 -0.0892361217 777.5804187160
965 517.2837902373 21.2047191507 -8.2245775560 0.1086953919 -0.0343943602 -0.3278908658 513.4576034136
966 367.8793584973 17.9252961528 -6.8237171932 0.2453763585 0.4924771874 0.0533158361 351.1967603643
967 276.1786166541 15.5680682905 -5.8149691621 0.0030764142 -0.0490737632 0.0258491775 278.0102848034
968 215.7774088131 13.7927030468 -5.0535879803 0.3917348546 -0.5983153783 -0.1837214270 230.8170115587
969 173.8346932013 12.4080070660 -4.4582568176 0.0543935315 0.2331003754 -0.0075991089 168.0367069654
970 143.4901622361 11.2982990513 -3.9797739612 0.3809311020 -0.4243903928 -0.4481337931 149.8939300801
971 120.8051786186 10.3894809594 -3.5866229260 0.0184251857 0.1122470779 -0.0763267922 117.9437152026
972 103.3858805706 9.6318945553 -3.2576813604 0.0151757566 0.1201513718 0.0271919919 101.2636513300
973 89.7083641606 8.9910131830 -2.9782622625 0.1254514143 -0.2228766747 -0.2752769555 92.2018958793
974 78.7645751659 8.4420866359 -2.7378364446 0.6880523930 -0.5849177526 -0.5881527146 86.1079483698
975 69.8657670963 7.9669099583 -2.5286583029 0.1057468346 -0.0507217627 -0.3212073122 69.1552582903
976 62.5281669065 7.5517943305 -2.3449028331 0.3042749601 -0.4345530564 -0.3397625660 67.8023320751
977 56.4037533079 7.1862487635 -2.1821049511 0.0276240467 0.0802026429 0.1455732902 55.9139774624
978 51.2368813488 6.8620981276 -2.0367843863 0.1193670628 -0.1752677999 -0.2977385784 52.5487995194
979 46.8362766532 6.5728778371 -1.9061882363 0.0584637117 0.2311471908 -0.0709555345 43.5856266598
980 43.0564712175 6.3134089765 -1.7881102629 0.1242493323 0.2533341472 0.2450941496 40.8584271209
981 39.7852075877 6.0794940870 -1.6807615040 0.0928313413 -0.1647083956 -0.2563249611 41.0190841095
982 36.9347130159 5.8676954416 -1.5826759681 0.9192183260 -0.1092562639 -0.9525131993 36.1210568059
983 34.4355406541 5.6751708448 -1.4926407929 0.7228533013 0.1231421857 0.8412427137 36.2720344533
984 32.2321486908 5.4995502661 -1.4096437711 0.2054056695 0.3285622730 0.3121738334 29.7037726880
985 30.2796780811 5.3388419341 -1.3328334042 0.0202929786 0.1177098910 -0.0802331614 28.8292271796
986 28.5415709165 5.1913599970 -1.2614881284 0.0114424255 -0.1062349315 0.0125125889 29.6875898539
987 26.9877875064 5.0556681851 -1.1949923467 0.1898974785 0.0185552538 0.4353770562 28.0306110729
988 25.5934559096 4.9305354943 -1.1328175711 0.2457695562 -0.0791344951 0.4893948180 27.7283664372
989 24.3378378995 4.8149010002 -1.0745074489 0.0461300194 0.0463270974 0.2097231971 24.3885454189
990 23.2035292579 4.7078456831 -1.0196657699 0.0025100396 -0.0110782189 0.0488601337 23.4099903996
991 22.1758355269 4.6085696861 -0.9679467834 0.0626339994 -0.2348704489 0.0864284188 24.5706194084
992 21.2422805012 4.5163738243 -0.9190473223 0.1040610901 -0.1364482559 0.2923062838 23.1161308683
993 20.3922161086 4.4306444456 -0.8727003527 0.1666297438 0.3560289315 -0.1996826075 17.0554444724
994 19.6165104298 4.3508409568 -0.8286696557 0.0773211543 -0.1806390576 0.2114017151 21.6160595774
995 18.9072964456 4.2764854842 -0.7867454159 0.0056145228 0.0575579089 -0.0479750969 18.3451314697
996 18.2577683541 4.2071542541 -0.7467405413 0.0137572527 0.0604266488 -0.1005279702 17.6129405201
997 17.6620154253 4.1424703716 -0.7084875762 0.0333105363 0.1165196692 -0.1404766991 16.5309154149
998 17.1148856886 4.0820977384 -0.6718360979 0.0966320753 0.2786950285 -0.1376995148 14.7511740632
999 16.6118734806 4.0257359088 -0.6366505108 0.0216388172 0.1380352184 0.0508438368 15.5868651367
1000 16.1490262019 3.9731157186 -0.6028081688 0.0153950657 -0.0903653066 -0.0850245674 16.7799778998
1001 15.7228666261 3.9239955568 -0.5701977692 0.0840832436 -0.2693868831 0.1073030793 18.0434636877
1002 15.3303278743 3.8781581737 -0.5387179730 0.0669562490 0.2161931211 -0.1421857356 13.5672258612
1003 14.9686987573 3.8354079374 -0.5082762152 0.4832412062 -0.6083864864 0.3363139744 20.4606414696
1004 14.6355776521 3.7955684706 -0.4787876746 0.0564374250 0.2005066073 0.1274147771 13.2919512135
1005 14.3288334344 3.7584806058 -0.4501743777 0.3112779042 0.5365459151 -0.1529587695 10.4692002688
1006 14.0465722765 3.7240006145 -0.4223644160 0.0078877936 0.0886257515 -0.0057679983 13.3895029695
1007 13.7871093417 3.6919986674 -0.3952912614 0.0245678388 -0.1057466353 0.1156956694 14.6839770282
1008 13.5489445852 3.6623574948 -0.3688931624 0.0160522396 0.0304269539 0.1229895932 13.4328680991
1009 13.3307420159 3.6349712174 -0.3431126117 0.0027910759 0.0181279946 -0.0496230964 13.1676909939
1010 13.1313118858 3.6097443261 -0.3178958734 0.0314203875 0.1605883969 -0.0750450148 11.9556531634
1011 12.9495953703 3.5865907895 -0.2931925628 0.1543070614 0.3832209235 0.0863063448 10.4055979194
1012 12.7846513738 3.5654332748 -0.2689552693 0.0154077995 -0.1241187780 -0.0015259255 13.6843128044
1013 12.6356451610 3.5462024652 -0.2451392190 0.0370153289 -0.1489303262 -0.1217993713 13.6692190646
1014 12.5018385625 3.5288364654 -0.2217019687 0.0216851152 0.0645466475 -0.1323587756 12.0092861483
1015 12.3825815451 3.5132802823 -0.1986031293 0.0007980748 0.0139469588 0.0245674001 12.2951387941
1016 12.2773049736 3.4994853747 -0.1758041129 0.0121289928 0.0123294778 0.1094393750 12.2416200962
1017 12.1855144178 3.4874092631 -0.1532679006 0.0317670143 -0.1565294351 -0.0852381970 13.2829172769
1018 12.1067848842 3.4770151955 -0.1309588285 0.0422999618 0.0693075350 0.1936399426 11.7178358612
1019 12.0407563723 3.4682718617 -0.1088423880 0.0868969781 0.2659993286 -0.1270485549 10.2548808410
1020 11.9871301720 3.4611531549 -0.0868850390 0.0455716835 -0.1127353740 -0.1812799463 12.7815896159
1021 11.9456658358 3.4556379742 -0.0650540339 0.0072486885 -0.0480056154 0.0703146458 12.2938430822
1022 11.9161787699 3.4517100669 -0.0433172489 0.0354102129 0.0033265175 0.1881466109 11.9449246219
1023 11.8985384031 3.4493579088 -0.0216430227 0.0096819648 -0.0189214759 -0.0965605640 12.0345745278
