#int double real img int16 real16 img16 error
0 0.0000047346 0.0021759035 0.0000000000 0.0000006296 0.0007934812 0.0000000000 0.0000019111
1 0.0000047369 0.0021763977 0.0000136558 0.0000046234 0.0021362957 -0.0002441481 0.0000000681
2 0.0000047439 0.0021778818 0.0000273313 0.0000041893 0.0020447401 -0.0000915555 0.0000000319
3 0.0000047557 0.0021803602 0.0000410463 0.0000046094 0.0021362957 -0.0002136296 0.0000000668
4 0.0000047722 0.0021838400 0.0000548208 0.0000046960 0.0021668142 -0.0000305185 0.0000000076
5 0.0000047935 0.0021883316 0.0000686749 0.0000046960 0.0021668142 -0.0000305185 0.0000000103
6 0.0000048198 0.0021938483 0.0000826294 0.0000048283 0.0021973327 0.0000000000 0.0000000068
7 0.0000048511 0.0022004065 0.0000967055 0.0000046960 0.0021668142 0.0000305185 0.0000000055
8 0.0000048877 0.0022080260 0.0001109249 0.0000046988 0.0021668142 0.0000610370 0.0000000042
9 0.0000049296 0.0022167300 0.0001253101 0.0000048292 0.0021973327 0.0000305185 0.0000000094
10 0.0000049771 0.0022265453 0.0001398845 0.0000048320 0.0021973327 0.0000610370 0.0000000071
11 0.0000050303 0.0022375025 0.0001546724 0.0000049670 0.0022278512 0.0000610370 0.0000000089
12 0.0000050897 0.0022496363 0.0001696993 0.0000049717 0.0022278512 0.0000915555 0.0000000066
13 0.0000051553 0.0022629858 0.0001849920 0.0000049782 0.0022278512 0.0001220740 0.0000000052
14 0.0000052277 0.0022775947 0.0002005787 0.0000051151 0.0022583697 0.0001220740 0.0000000065
15 0.0000053071 0.0022935118 0.0002164894 0.0000052623 0.0022888882 0.0001525925 0.0000000041
16 0.0000053939 0.0023107914 0.0002327559 0.0000052846 0.0022888882 0.0002136296 0.0000000008
17 0.0000054887 0.0023294937 0.0002494119 0.0000054393 0.0023194067 0.0002441481 0.0000000001
18 0.0000055920 0.0023496855 0.0002664939 0.0000055818 0.0023499252 0.0002441481 0.0000000005
19 0.0000057044 0.0023714409 0.0002840408 0.0000055818 0.0023499252 0.0002441481 0.0000000021
20 0.0000058265 0.0023948418 0.0003020946 0.0000057420 0.0023804437 0.0002746666 0.0000000010
21 0.0000059591 0.0024199788 0.0003207006 0.0000059059 0.0024109622 0.0003051851 0.0000000003
22 0.0000061031 0.0024469524 0.0003399081 0.0000060540 0.0024414808 0.0003051851 0.0000000012
23 0.0000062594 0.0024758738 0.0003597705 0.0000060735 0.0024414808 0.0003357036 0.0000000018
24 0.0000064290 0.0025068665 0.0003803462 0.0000063753 0.0025025178 0.0003357036 0.0000000020
25 0.0000066133 0.0025400676 0.0004016993 0.0000063967 0.0025025178 0.0003662221 0.0000000027
26 0.0000068136 0.0025756295 0.0004238999 0.0000067059 0.0025635548 0.0003662221 0.0000000035
27 0.0000070314 0.0026137221 0.0004470254 0.0000069118 0.0025940733 0.0004272591 0.0000000008
28 0.0000072685 0.0026545349 0.0004711614 0.0000072322 0.0026551103 0.0004272591 0.0000000019
29 0.0000075271 0.0026982799 0.0004964028 0.0000072592 0.0026551103 0.0004577776 0.0000000034
30 0.0000078095 0.0027451951 0.0005228552 0.0000076159 0.0027161473 0.0004882962 0.0000000020
31 0.0000081183 0.0027955477 0.0005506367 0.0000079819 0.0027771844 0.0005188147 0.0000000013
32 0.0000084567 0.0028496392 0.0005798797 0.0000083573 0.0028382214 0.0005493332 0.0000000011
33 0.0000088284 0.0029078109 0.0006107331 0.0000087419 0.0028992584 0.0005798517 0.0000000010
34 0.0000092375 0.0029704498 0.0006433656 0.0000091741 0.0029602954 0.0006408887 0.0000000001
35 0.0000096891 0.0030379971 0.0006779684 0.0000095392 0.0030213324 0.0006408887 0.0000000017
36 0.0000101889 0.0031109576 0.0007147596 0.0000099937 0.0030823695 0.0007019257 0.0000000010
37 0.0000107440 0.0031899110 0.0007539892 0.0000106103 0.0031739250 0.0007324442 0.0000000007
38 0.0000113626 0.0032755267 0.0007959452 0.0000112455 0.0032654805 0.0007629627 0.0000000012
39 0.0000120546 0.0033685815 0.0008409610 0.0000117447 0.0033265175 0.0008239998 0.0000000021
40 0.0000128318 0.0034699816 0.0008894251 0.0000126230 0.0034485916 0.0008545183 0.0000000017
41 0.0000137090 0.0035807907 0.0009417927 0.0000135879 0.0035706656 0.0009155553 0.0000000008
42 0.0000147040 0.0037022655 0.0009986010 0.0000145901 0.0036927396 0.0009765923 0.0000000006
43 0.0000158388 0.0038359014 0.0010604888 0.0000153976 0.0037842952 0.0010376293 0.0000000032
44 0.0000171411 0.0039834918 0.0011282213 0.0000169474 0.0039674062 0.0010986663 0.0000000011
45 0.0000186459 0.0041472055 0.0012027235 0.0000183910 0.0041199988 0.0011902219 0.0000000009
46 0.0000203978 0.0043296912 0.0012851241 0.0000200824 0.0043031098 0.0012512589 0.0000000019
47 0.0000224547 0.0045342164 0.0013768151 0.0000222041 0.0045167394 0.0013428144 0.0000000015
48 0.0000248929 0.0047648601 0.0014795337 0.0000244338 0.0047303690 0.0014343699 0.0000000032
49 0.0000278141 0.0050267804 0.0015954755 0.0000274729 0.0050050356 0.0015564440 0.0000000020
50 0.0000313567 0.0053265966 0.0017274580 0.0000311192 0.0053102206 0.0017090365 0.0000000006
51 0.0000357135 0.0056729458 0.0018791564 0.0000352294 0.0056459243 0.0018311106 0.0000000030
52 0.0000411587 0.0060773146 0.0020554580 0.0000405709 0.0060426649 0.0020142216 0.0000000029
53 0.0000480934 0.0065553193 0.0022630061 0.0000476168 0.0065309610 0.0022278512 0.0000000018
54 0.0000571245 0.0071287448 0.0025110676 0.0000566744 0.0071108127 0.0024719993 0.0000000018
55 0.0000692048 0.0078289232 0.0028129699 0.0000687516 0.0078127384 0.0027771844 0.0000000015
56 0.0000859025 0.0087026073 0.0031885985 0.0000850023 0.0086672567 0.0031434065 0.0000000033
57 0.0001099487 0.0098227870 0.0036689975 0.0001091595 0.0097964415 0.0036317026 0.0000000021
58 0.0001464554 0.0113100973 0.0043054745 0.0001457609 0.0112918485 0.0042725913 0.0000000014
59 0.0002059344 0.0133792733 0.0051893576 0.0002052807 0.0133671072 0.0051576281 0.0000000012
60 0.0003129616 0.0164531290 0.0065004707 0.0003114421 0.0164189581 0.0064699240 0.0000000021
61 0.0005368402 0.0214951635 0.0086485903 0.0005343631 0.0214545122 0.0086062197 0.0000000034
62 0.0011426285 0.0312799671 0.0128137483 0.0011382295 0.0312204352 0.0127872555 0.0000000042
63 0.0040064592 0.0584211096 0.0243604844 0.0015648525 0.0312204352 0.0242927335 0.0007398813
64 0.3065840767 0.5097062599 0.2162951809 0.0005727108 0.0216376232 0.0102237007 0.2806764491
65 0.0065100797 -0.0740754018 -0.0319830355 0.0019532442 -0.0312509537 -0.0312509537 0.0018344693
66 0.0013922449 -0.0341628611 -0.0150047947 0.0012020755 -0.0312509537 -0.0150151067 0.0000084793
67 0.0005830745 -0.0220472148 -0.0098485949 0.0005826831 -0.0220343638 -0.0098574786 0.0000000002
68 0.0003162602 -0.0161915685 -0.0073548158 0.0003171580 -0.0162053285 -0.0073854793 0.0000000011
69 0.0001969604 -0.0127412081 -0.0058840504 0.0001974273 -0.0127567370 -0.0058900723 0.0000000003
70 0.0001337073 -0.0104672476 -0.0049136535 0.0001346588 -0.0104983673 -0.0049439985 0.0000000019
71 0.0000962828 -0.0088561017 -0.0042251968 0.0000963242 -0.0088503677 -0.0042420728 0.0000000003
72 0.0000723747 -0.0076551542 -0.0037112420 0.0000725405 -0.0076601459 -0.0037232582 0.0000000002
73 0.0000562094 -0.0067256829 -0.0033127895 0.0000561445 -0.0067140721 -0.0033265175 0.0000000003
74 0.0000447908 -0.0059851744 -0.0029947456 0.0000449083 -0.0059816279 -0.0030213324 0.0000000007
75 0.0000364401 -0.0053814738 -0.0027349279 0.0000367234 -0.0054017762 -0.0027466659 0.0000000005
76 0.0000301579 -0.0048799989 -0.0025186278 0.0000302596 -0.0048829615 -0.0025330363 0.0000000002
77 0.0000253196 -0.0044569144 -0.0023357073 0.0000253754 -0.0044557024 -0.0023499252 0.0000000002
78 0.0000215190 -0.0040952582 -0.0021789514 0.0000218027 -0.0041199988 -0.0021973327 0.0000000009
79 0.0000184825 -0.0037826305 -0.0020430859 0.0000188595 -0.0038148137 -0.0020752586 0.0000000021
80 0.0000160208 -0.0035097566 -0.0019241653 0.0000161324 -0.0035096286 -0.0019531846 0.0000000008
81 0.0000139994 -0.0032695611 -0.0018191797 0.0000142166 -0.0032959990 -0.0018311106 0.0000000008
82 0.0000123209 -0.0030565521 -0.0017257927 0.0000123398 -0.0030518509 -0.0017395550 0.0000000002
83 0.0000109130 -0.0028664020 -0.0016421630 0.0000109456 -0.0028687399 -0.0016479995 0.0000000000
84 0.0000097215 -0.0026956545 -0.0015668199 0.0000098959 -0.0027161473 -0.0015869625 0.0000000008
85 0.0000087050 -0.0025415157 -0.0014985744 0.0000089003 -0.0025635548 -0.0015259255 0.0000000012
86 0.0000078316 -0.0024017028 -0.0014364551 0.0000078702 -0.0024109622 -0.0014343699 0.0000000001
87 0.0000070761 -0.0022743325 -0.0013796602 0.0000071251 -0.0022888882 -0.0013733329 0.0000000003
88 0.0000064186 -0.0021578369 -0.0013275224 0.0000064982 -0.0021668142 -0.0013428144 0.0000000003
89 0.0000058433 -0.0020509007 -0.0012794815 0.0000058239 -0.0020447401 -0.0012817774 0.0000000000
90 0.0000053373 -0.0019524118 -0.0012350640 0.0000055007 -0.0019837031 -0.0012512589 0.0000000012
91 0.0000048902 -0.0018614237 -0.0011938668 0.0000049969 -0.0018921476 -0.0011902219 0.0000000010
92 0.0000044935 -0.0017771261 -0.0011555446 0.0000044781 -0.0017700735 -0.0011597034 0.0000000001
93 0.0000041399 -0.0016988208 -0.0011198000 0.0000041959 -0.0017090365 -0.0011291849 0.0000000002
94 0.0000038238 -0.0016259031 -0.0010863752 0.0000039230 -0.0016479995 -0.0010986663 0.0000000006
95 0.0000035400 -0.0015578470 -0.0010550459 0.0000035635 -0.0015564440 -0.0010681478 0.0000000002
96 0.0000032845 -0.0014941924 -0.0010256159 0.0000034051 -0.0015259255 -0.0010376293 0.0000000012
97 0.0000030537 -0.0014345352 -0.0009979130 0.0000031602 -0.0014648885 -0.0010071108 0.0000000010
98 0.0000028447 -0.0013785191 -0.0009717850 0.0000028398 -0.0013733329 -0.0009765923 0.0000000001
99 0.0000026548 -0.0013258289 -0.0009470974 0.0000026982 -0.0013428144 -0.0009460738 0.0000000003
100 0.0000024819 -0.0012761843 -0.0009237305 0.0000025380 -0.0012817774 -0.0009460738 0.0000000005
101 0.0000023241 -0.0012293358 -0.0009015777 0.0000024039 -0.0012512589 -0.0009155553 0.0000000007
102 0.0000021797 -0.0011850600 -0.0008805436 0.0000021999 -0.0011902219 -0.0008850368 0.0000000000
103 0.0000020473 -0.0011431566 -0.0008605426 0.0000021282 -0.0011597034 -0.0008850368 0.0000000009
104 0.0000019257 -0.0011034456 -0.0008414976 0.0000020053 -0.0011291849 -0.0008545183 0.0000000008
105 0.0000018137 -0.0010657645 -0.0008233391 0.0000018199 -0.0010681478 -0.0008239998 0.0000000000
106 0.0000017105 -0.0010299663 -0.0008060042 0.0000017557 -0.0010376293 -0.0008239998 0.0000000004
107 0.0000016151 -0.0009959179 -0.0007894359 0.0000016439 -0.0010071108 -0.0007934812 0.0000000001
108 0.0000015268 -0.0009634984 -0.0007735823 0.0000015833 -0.0009765923 -0.0007934812 0.0000000006
109 0.0000014449 -0.0009325974 -0.0007583962 0.0000014772 -0.0009460738 -0.0007629627 0.0000000002
110 0.0000013689 -0.0009031146 -0.0007438345 0.0000014204 -0.0009155553 -0.0007629627 0.0000000005
111 0.0000012982 -0.0008749579 -0.0007298576 0.0000013198 -0.0008850368 -0.0007324442 0.0000000001
112 0.0000012324 -0.0008480431 -0.0007164295 0.0000012667 -0.0008545183 -0.0007324442 0.0000000003
113 0.0000011711 -0.0008222929 -0.0007035168 0.0000011717 -0.0008239998 -0.0007019257 0.0000000000
114 0.0000011138 -0.0007976363 -0.0006910890 0.0000011717 -0.0008239998 -0.0007019257 0.0000000008
115 0.0000010603 -0.0007740078 -0.0006791179 0.0000011223 -0.0007934812 -0.0007019257 0.0000000009
116 0.0000010102 -0.0007513469 -0.0006675776 0.0000010329 -0.0007629627 -0.0006714072 0.0000000001
117 0.0000009632 -0.0007295979 -0.0006564439 0.0000009873 -0.0007324442 -0.0006714072 0.0000000002
118 0.0000009192 -0.0007087090 -0.0006456945 0.0000009472 -0.0007324442 -0.0006408887 0.0000000006
119 0.0000008778 -0.0006886326 -0.0006353089 0.0000009034 -0.0007019257 -0.0006408887 0.0000000002
120 0.0000008390 -0.0006693240 -0.0006252678 0.0000009034 -0.0007019257 -0.0006408887 0.0000000013
121 0.0000008024 -0.0006507421 -0.0006155533 0.0000008615 -0.0006714072 -0.0006408887 0.0000000011
122 0.0000007679 -0.0006328485 -0.0006061489 0.0000007833 -0.0006408887 -0.0006103702 0.0000000001
123 0.0000007354 -0.0006156073 -0.0005970391 0.0000007451 -0.0006103702 -0.0006103702 0.0000000002
124 0.0000007048 -0.0005989852 -0.0005882093 0.0000007451 -0.0006103702 -0.0006103702 0.0000000006
125 0.0000006758 -0.0005829510 -0.0005796460 0.0000006725 -0.0005798517 -0.0005798517 0.0000000000
126 0.0000006485 -0.0005674756 -0.0005713367 0.0000007088 -0.0005798517 -0.0006103702 0.0000000017
127 0.0000006226 -0.0005525317 -0.0005632694 0.0000006725 -0.0005798517 -0.0005798517 0.0000000010
128 0.0000005981 -0.0005380937 -0.0005554330 0.0001674406 -0.0000305185 0.0129398480 0.0001823802
129 0.0000005748 -0.0005241377 -0.0005478171 0.0000006380 -0.0005493332 -0.0005798517 0.0000000017
130 0.0000005528 -0.0005106412 -0.0005404118 0.0000006035 -0.0005493332 -0.0005493332 0.0000000016
131 0.0000005319 -0.0004975830 -0.0005332080 0.0000005709 -0.0005188147 -0.0005493332 0.0000000007
132 0.0000005121 -0.0004849433 -0.0005261970 0.0000005402 -0.0004882962 -0.0005493332 0.0000000005
133 0.0000004932 -0.0004727033 -0.0005193704 0.0000005076 -0.0004882962 -0.0005188147 0.0000000002
134 0.0000004753 -0.0004608454 -0.0005127208 0.0000005076 -0.0004882962 -0.0005188147 0.0000000008
135 0.0000004582 -0.0004493530 -0.0005062406 0.0000005076 -0.0004882962 -0.0005188147 0.0000000017
136 0.0000004420 -0.0004382103 -0.0004999231 0.0000004787 -0.0004577776 -0.0005188147 0.0000000007
137 0.0000004265 -0.0004274026 -0.0004937618 0.0000004787 -0.0004577776 -0.0005188147 0.0000000016
138 0.0000004117 -0.0004169158 -0.0004877504 0.0000004517 -0.0004272591 -0.0005188147 0.0000000011
139 0.0000003976 -0.0004067367 -0.0004818831 0.0000004517 -0.0004272591 -0.0005188147 0.0000000018
140 0.0000003842 -0.0003968527 -0.0004761544 0.0000003958 -0.0003967406 -0.0004882962 0.0000000001
141 0.0000003714 -0.0003872519 -0.0004705591 0.0000003921 -0.0004272591 -0.0004577776 0.0000000018
142 0.0000003591 -0.0003779231 -0.0004650921 0.0000003958 -0.0003967406 -0.0004882962 0.0000000009
143 0.0000003474 -0.0003688555 -0.0004597487 0.0000003670 -0.0003967406 -0.0004577776 0.0000000008
144 0.0000003362 -0.0003600391 -0.0004545244 0.0000003726 -0.0003662221 -0.0004882962 0.0000000012
145 0.0000003255 -0.0003514640 -0.0004494150 0.0000003437 -0.0003662221 -0.0004577776 0.0000000003
146 0.0000003152 -0.0003431213 -0.0004444163 0.0000003223 -0.0003357036 -0.0004577776 0.0000000002
147 0.0000003054 -0.0003350022 -0.0004395245 0.0000003223 -0.0003357036 -0.0004577776 0.0000000003
148 0.0000002960 -0.0003270983 -0.0004347359 0.0000003437 -0.0003662221 -0.0004577776 0.0000000021
149 0.0000002870 -0.0003194018 -0.0004300469 0.0000002952 -0.0003357036 -0.0004272591 0.0000000003
150 0.0000002783 -0.0003119052 -0.0004254542 0.0000002952 -0.0003357036 -0.0004272591 0.0000000006
151 0.0000002700 -0.0003046012 -0.0004209546 0.0000003027 -0.0003051851 -0.0004577776 0.0000000014
152 0.0000002620 -0.0002974831 -0.0004165450 0.0000002757 -0.0003051851 -0.0004272591 0.0000000002
153 0.0000002543 -0.0002905442 -0.0004122224 0.0000002757 -0.0003051851 -0.0004272591 0.0000000004
154 0.0000002470 -0.0002837785 -0.0004079842 0.0000002757 -0.0003051851 -0.0004272591 0.0000000008
155 0.0000002399 -0.0002771798 -0.0004038275 0.0000002580 -0.0002746666 -0.0004272591 0.0000000006
156 0.0000002331 -0.0002707426 -0.0003997498 0.0000002757 -0.0003051851 -0.0004272591 0.0000000019
157 0.0000002266 -0.0002644614 -0.0003957488 0.0000002328 -0.0002746666 -0.0003967406 0.0000000001
158 0.0000002203 -0.0002583309 -0.0003918219 0.0000002328 -0.0002746666 -0.0003967406 0.0000000003
159 0.0000002142 -0.0002523463 -0.0003879670 0.0000002328 -0.0002746666 -0.0003967406 0.0000000006
160 0.0000002084 -0.0002465027 -0.0003841818 0.0000002170 -0.0002441481 -0.0003967406 0.0000000002
161 0.0000002027 -0.0002407955 -0.0003804644 0.0000002170 -0.0002441481 -0.0003967406 0.0000000003
162 0.0000001973 -0.0002352204 -0.0003768127 0.0000002170 -0.0002441481 -0.0003967406 0.0000000005
163 0.0000001921 -0.0002297731 -0.0003732247 0.0000001937 -0.0002441481 -0.0003662221 0.0000000003
164 0.0000001871 -0.0002244497 -0.0003696988 0.0000002170 -0.0002441481 -0.0003967406 0.0000000011
165 0.0000001822 -0.0002192463 -0.0003662330 0.0000002030 -0.0002136296 -0.0003967406 0.0000000010
166 0.0000001775 -0.0002141592 -0.0003628257 0.0000001798 -0.0002136296 -0.0003662221 0.0000000000
167 0.0000001730 -0.0002091848 -0.0003594753 0.0000001798 -0.0002136296 -0.0003662221 0.0000000001
168 0.0000001686 -0.0002043196 -0.0003561802 0.0000001583 -0.0002136296 -0.0003357036 0.0000000005
169 0.0000001644 -0.0001995605 -0.0003529388 0.0000001798 -0.0002136296 -0.0003662221 0.0000000004
170 0.0000001603 -0.0001949042 -0.0003497497 0.0000001798 -0.0002136296 -0.0003662221 0.0000000006
171 0.0000001564 -0.0001903477 -0.0003466115 0.0000001798 -0.0002136296 -0.0003662221 0.0000000009
172 0.0000001526 -0.0001858881 -0.0003435229 0.0000001676 -0.0001831111 -0.0003662221 0.0000000005
173 0.0000001489 -0.0001815225 -0.0003404825 0.0000001676 -0.0001831111 -0.0003662221 0.0000000007
174 0.0000001453 -0.0001772483 -0.0003374891 0.0000001676 -0.0001831111 -0.0003662221 0.0000000009
175 0.0000001419 -0.0001730629 -0.0003345415 0.0000001676 -0.0001831111 -0.0003662221 0.0000000011
176 0.0000001385 -0.0001689636 -0.0003316384 0.0000001462 -0.0001831111 -0.0003357036 0.0000000002
177 0.0000001353 -0.0001649482 -0.0003287788 0.0000001676 -0.0001831111 -0.0003662221 0.0000000017
178 0.0000001322 -0.0001610142 -0.0003259616 0.0000001360 -0.0001525925 -0.0003357036 0.0000000002
179 0.0000001291 -0.0001571594 -0.0003231857 0.0000001360 -0.0001525925 -0.0003357036 0.0000000002
180 0.0000001262 -0.0001533817 -0.0003204500 0.0000001360 -0.0001525925 -0.0003357036 0.0000000002
181 0.0000001234 -0.0001496790 -0.0003177537 0.0000001462 -0.0001831111 -0.0003357036 0.0000000014
182 0.0000001206 -0.0001460491 -0.0003150957 0.0000001462 -0.0001831111 -0.0003357036 0.0000000018
183 0.0000001179 -0.0001424902 -0.0003124752 0.0000001360 -0.0001525925 -0.0003357036 0.0000000006
184 0.0000001154 -0.0001390005 -0.0003098911 0.0000001360 -0.0001525925 -0.0003357036 0.0000000009
185 0.0000001128 -0.0001355780 -0.0003073428 0.0000001360 -0.0001525925 -0.0003357036 0.0000000011
186 0.0000001104 -0.0001322209 -0.0003048293 0.0000001360 -0.0001525925 -0.0003357036 0.0000000014
187 0.0000001080 -0.0001289277 -0.0003023498 0.0000001164 -0.0001525925 -0.0003051851 0.0000000006
188 0.0000001057 -0.0001256967 -0.0002999035 0.0000001360 -0.0001525925 -0.0003357036 0.0000000020
189 0.0000001035 -0.0001225262 -0.0002974897 0.0000001080 -0.0001220740 -0.0003051851 0.0000000001
190 0.0000001013 -0.0001194148 -0.0002951077 0.0000001164 -0.0001525925 -0.0003051851 0.0000000012
191 0.0000000992 -0.0001163609 -0.0002927567 0.0000000838 -0.0000915555 -0.0002746666 0.0000000009
192 0.0000000972 -0.0001133631 -0.0002904360 0.0009846776 -0.0312509537 -0.0028382214 0.0009760408
193 0.0000000952 -0.0001104201 -0.0002881449 0.0000001360 -0.0001525925 -0.0003357036 0.0000000040
194 0.0000000933 -0.0001075304 -0.0002858829 0.0000001080 -0.0001220740 -0.0003051851 0.0000000006
195 0.0000000914 -0.0001046927 -0.0002836493 0.0000001080 -0.0001220740 -0.0003051851 0.0000000008
196 0.0000000896 -0.0001019059 -0.0002814434 0.0000001080 -0.0001220740 -0.0003051851 0.0000000010
197 0.0000000878 -0.0000991686 -0.0002792647 0.0000000903 -0.0001220740 -0.0002746666 0.0000000005
198 0.0000000861 -0.0000964797 -0.0002771126 0.0000000903 -0.0001220740 -0.0002746666 0.0000000007
199 0.0000000844 -0.0000938380 -0.0002749865 0.0000000903 -0.0001220740 -0.0002746666 0.0000000008
200 0.0000000828 -0.0000912424 -0.0002728859 0.0000001080 -0.0001220740 -0.0003051851 0.0000000020
201 0.0000000812 -0.0000886918 -0.0002708102 0.0000000903 -0.0001220740 -0.0002746666 0.0000000011
202 0.0000000797 -0.0000861853 -0.0002687590 0.0000001015 -0.0000915555 -0.0003051851 0.0000000014
203 0.0000000782 -0.0000837216 -0.0002667317 0.0000001080 -0.0001220740 -0.0003051851 0.0000000029
204 0.0000000767 -0.0000813000 -0.0002647278 0.0000000838 -0.0000915555 -0.0002746666 0.0000000002
205 0.0000000753 -0.0000789193 -0.0002627470 0.0000000838 -0.0000915555 -0.0002746666 0.0000000003
206 0.0000000739 -0.0000765788 -0.0002607886 0.0000000838 -0.0000915555 -0.0002746666 0.0000000004
207 0.0000000725 -0.0000742774 -0.0002588523 0.0000001080 -0.0001220740 -0.0003051851 0.0000000044
208 0.0000000712 -0.0000720143 -0.0002569376 0.0000000838 -0.0000915555 -0.0002746666 0.0000000007
209 0.0000000699 -0.0000697886 -0.0002550441 0.0000000838 -0.0000915555 -0.0002746666 0.0000000009
210 0.0000000687 -0.0000675995 -0.0002531715 0.0000000838 -0.0000915555 -0.0002746666 0.0000000010
211 0.0000000674 -0.0000654463 -0.0002513191 0.0000000838 -0.0000915555 -0.0002746666 0.0000000012
212 0.0000000663 -0.0000633281 -0.0002494868 0.0000000680 -0.0000915555 -0.0002441481 0.0000000008
213 0.0000000651 -0.0000612441 -0.0002476741 0.0000000633 -0.0000610370 -0.0002441481 0.0000000000
214 0.0000000640 -0.0000591937 -0.0002458806 0.0000000633 -0.0000610370 -0.0002441481 0.0000000000
215 0.0000000629 -0.0000571761 -0.0002441060 0.0000000838 -0.0000915555 -0.0002746666 0.0000000021
216 0.0000000618 -0.0000551905 -0.0002423500 0.0000000792 -0.0000610370 -0.0002746666 0.0000000011
217 0.0000000607 -0.0000532364 -0.0002406121 0.0000000633 -0.0000610370 -0.0002441481 0.0000000001
218 0.0000000597 -0.0000513131 -0.0002388920 0.0000000633 -0.0000610370 -0.0002441481 0.0000000001
219 0.0000000587 -0.0000494199 -0.0002371894 0.0000000633 -0.0000610370 -0.0002441481 0.0000000002
220 0.0000000577 -0.0000475562 -0.0002355040 0.0000000792 -0.0000610370 -0.0002746666 0.0000000017
221 0.0000000568 -0.0000457213 -0.0002338356 0.0000000633 -0.0000610370 -0.0002441481 0.0000000003
222 0.0000000558 -0.0000439148 -0.0002321836 0.0000000605 -0.0000305185 -0.0002441481 0.0000000003
223 0.0000000549 -0.0000421359 -0.0002305480 0.0000000633 -0.0000610370 -0.0002441481 0.0000000005
224 0.0000000540 -0.0000403843 -0.0002289283 0.0000000633 -0.0000610370 -0.0002441481 0.0000000007
225 0.0000000532 -0.0000386592 -0.0002273244 0.0000000633 -0.0000610370 -0.0002441481 0.0000000008
226 0.0000000523 -0.0000369601 -0.0002257358 0.0000000633 -0.0000610370 -0.0002441481 0.0000000009
227 0.0000000515 -0.0000352867 -0.0002241625 0.0000000494 -0.0000610370 -0.0002136296 0.0000000008
228 0.0000000507 -0.0000336382 -0.0002226040 0.0000000633 -0.0000610370 -0.0002441481 0.0000000012
229 0.0000000499 -0.0000320143 -0.0002210601 0.0000000633 -0.0000610370 -0.0002441481 0.0000000014
230 0.0000000491 -0.0000304145 -0.0002195307 0.0000000466 -0.0000305185 -0.0002136296 0.0000000000
231 0.0000000484 -0.0000288382 -0.0002180154 0.0000000633 -0.0000610370 -0.0002441481 0.0000000017
232 0.0000000476 -0.0000272851 -0.0002165139 0.0000000494 -0.0000610370 -0.0002136296 0.0000000011
233 0.0000000469 -0.0000257547 -0.0002150262 0.0000000633 -0.0000610370 -0.0002441481 0.0000000021
234 0.0000000462 -0.0000242465 -0.0002135518 0.0000000605 -0.0000305185 -0.0002441481 0.0000000010
235 0.0000000455 -0.0000227602 -0.0002120907 0.0000000605 -0.0000305185 -0.0002441481 0.0000000011
236 0.0000000448 -0.0000212953 -0.0002106426 0.0000000466 -0.0000305185 -0.0002136296 0.0000000001
237 0.0000000442 -0.0000198514 -0.0002092072 0.0000000466 -0.0000305185 -0.0002136296 0.0000000001
238 0.0000000435 -0.0000184281 -0.0002077844 0.0000000466 -0.0000305185 -0.0002136296 0.0000000002
239 0.0000000429 -0.0000170250 -0.0002063740 0.0000000605 -0.0000305185 -0.0002441481 0.0000000016
240 0.0000000423 -0.0000156418 -0.0002049757 0.0000000605 -0.0000305185 -0.0002441481 0.0000000018
241 0.0000000417 -0.0000142780 -0.0002035894 0.0000000466 -0.0000305185 -0.0002136296 0.0000000004
242 0.0000000411 -0.0000129334 -0.0002022149 0.0000000466 -0.0000305185 -0.0002136296 0.0000000004
243 0.0000000405 -0.0000116076 -0.0002008519 0.0000000605 -0.0000305185 -0.0002441481 0.0000000022
244 0.0000000399 -0.0000103003 -0.0001995004 0.0000000466 -0.0000305185 -0.0002136296 0.0000000006
245 0.0000000393 -0.0000090110 -0.0001981600 0.0000000456 0.0000000000 -0.0002136296 0.0000000003
246 0.0000000388 -0.0000077395 -0.0001968308 0.0000000466 -0.0000305185 -0.0002136296 0.0000000008
247 0.0000000383 -0.0000064855 -0.0001955123 0.0000000466 -0.0000305185 -0.0002136296 0.0000000009
248 0.0000000377 -0.0000052486 -0.0001942046 0.0000000345 -0.0000305185 -0.0001831111 0.0000000008
249 0.0000000372 -0.0000040285 -0.0001929074 0.0000000466 -0.0000305185 -0.0002136296 0.0000000011
250 0.0000000367 -0.0000028251 -0.0001916206 0.0000000466 -0.0000305185 -0.0002136296 0.0000000013
251 0.0000000362 -0.0000016378 -0.0001903440 0.0000000466 -0.0000305185 -0.0002136296 0.0000000014
252 0.0000000358 -0.0000004666 -0.0001890774 0.0000000456 0.0000000000 -0.0002136296 0.0000000006
253 0.0000000353 0.0000006889 -0.0001878207 0.0000000345 -0.0000305185 -0.0001831111 0.0000000010
254 0.0000000348 0.0000018291 -0.0001865738 0.0000000466 -0.0000305185 -0.0002136296 0.0000000018
255 0.0000000344 0.0000029540 -0.0001853365 0.0000000456 0.0000000000 -0.0002136296 0.0000000008
256 0.0000000339 0.0000040641 -0.0001841087 0.0000000000 0.0000000000 0.0000000000 0.0000000339
257 0.0000000335 0.0000051595 -0.0001828902 0.0000000456 0.0000000000 -0.0002136296 0.0000000010
258 0.0000000330 0.0000062404 -0.0001816809 0.0000000456 0.0000000000 -0.0002136296 0.0000000011
259 0.0000000326 0.0000073073 -0.0001804806 0.0000000335 0.0000000000 -0.0001831111 0.0000000001
260 0.0000000322 0.0000083602 -0.0001792892 0.0000000456 0.0000000000 -0.0002136296 0.0000000012
261 0.0000000318 0.0000093994 -0.0001781066 0.0000000345 -0.0000305185 -0.0001831111 0.0000000016
262 0.0000000314 0.0000104251 -0.0001769327 0.0000000456 0.0000000000 -0.0002136296 0.0000000015
263 0.0000000310 0.0000114376 -0.0001757673 0.0000000335 0.0000000000 -0.0001831111 0.0000000002
264 0.0000000306 0.0000124371 -0.0001746103 0.0000000335 0.0000000000 -0.0001831111 0.0000000002
265 0.0000000303 0.0000134237 -0.0001734616 0.0000000335 0.0000000000 -0.0001831111 0.0000000003
266 0.0000000299 0.0000143978 -0.0001723210 0.0000000335 0.0000000000 -0.0001831111 0.0000000003
267 0.0000000295 0.0000153595 -0.0001711885 0.0000000335 0.0000000000 -0.0001831111 0.0000000004
268 0.0000000292 0.0000163089 -0.0001700640 0.0000000335 0.0000000000 -0.0001831111 0.0000000004
269 0.0000000288 0.0000172463 -0.0001689472 0.0000000335 0.0000000000 -0.0001831111 0.0000000005
270 0.0000000285 0.0000181720 -0.0001678382 0.0000000335 0.0000000000 -0.0001831111 0.0000000006
271 0.0000000282 0.0000190860 -0.0001667368 0.0000000335 0.0000000000 -0.0001831111 0.0000000006
272 0.0000000278 0.0000199885 -0.0001656429 0.0000000335 0.0000000000 -0.0001831111 0.0000000007
273 0.0000000275 0.0000208798 -0.0001645564 0.0000000233 0.0000000000 -0.0001525925 0.0000000006
274 0.0000000272 0.0000217600 -0.0001634771 0.0000000233 0.0000000000 -0.0001525925 0.0000000006
275 0.0000000269 0.0000226293 -0.0001624051 0.0000000335 0.0000000000 -0.0001831111 0.0000000009
276 0.0000000266 0.0000234879 -0.0001613402 0.0000000335 0.0000000000 -0.0001831111 0.0000000010
277 0.0000000263 0.0000243358 -0.0001602822 0.0000000335 0.0000000000 -0.0001831111 0.0000000011
278 0.0000000260 0.0000251734 -0.0001592312 0.0000000335 0.0000000000 -0.0001831111 0.0000000012
279 0.0000000257 0.0000260006 -0.0001581869 0.0000000233 0.0000000000 -0.0001525925 0.0000000007
280 0.0000000254 0.0000268178 -0.0001571494 0.0000000242 0.0000305185 -0.0001525925 0.0000000000
281 0.0000000251 0.0000276251 -0.0001561185 0.0000000345 0.0000305185 -0.0001831111 0.0000000007
282 0.0000000249 0.0000284225 -0.0001550942 0.0000000233 0.0000000000 -0.0001525925 0.0000000008
283 0.0000000246 0.0000292103 -0.0001540762 0.0000000233 0.0000000000 -0.0001525925 0.0000000009
284 0.0000000243 0.0000299885 -0.0001530647 0.0000000242 0.0000305185 -0.0001525925 0.0000000000
285 0.0000000241 0.0000307574 -0.0001520594 0.0000000335 0.0000000000 -0.0001831111 0.0000000019
286 0.0000000238 0.0000315171 -0.0001510603 0.0000000242 0.0000305185 -0.0001525925 0.0000000000
287 0.0000000236 0.0000322676 -0.0001500673 0.0000000233 0.0000000000 -0.0001525925 0.0000000010
288 0.0000000233 0.0000330092 -0.0001490804 0.0000000242 0.0000305185 -0.0001525925 0.0000000000
289 0.0000000231 0.0000337420 -0.0001480994 0.0000000345 0.0000305185 -0.0001831111 0.0000000012
290 0.0000000228 0.0000344661 -0.0001471243 0.0000000242 0.0000305185 -0.0001525925 0.0000000000
291 0.0000000226 0.0000351816 -0.0001461550 0.0000000242 0.0000305185 -0.0001525925 0.0000000001
292 0.0000000224 0.0000358886 -0.0001451914 0.0000000233 0.0000000000 -0.0001525925 0.0000000013
293 0.0000000221 0.0000365873 -0.0001442335 0.0000000233 0.0000000000 -0.0001525925 0.0000000014
294 0.0000000219 0.0000372778 -0.0001432811 0.0000000242 0.0000305185 -0.0001525925 0.0000000001
295 0.0000000217 0.0000379602 -0.0001423342 0.0000000242 0.0000305185 -0.0001525925 0.0000000002
296 0.0000000215 0.0000386346 -0.0001413928 0.0000000242 0.0000305185 -0.0001525925 0.0000000002
297 0.0000000213 0.0000393012 -0.0001404567 0.0000000149 0.0000000000 -0.0001220740 0.0000000019
298 0.0000000211 0.0000399599 -0.0001395260 0.0000000242 0.0000305185 -0.0001525925 0.0000000003
299 0.0000000209 0.0000406110 -0.0001386004 0.0000000242 0.0000305185 -0.0001525925 0.0000000003
300 0.0000000207 0.0000412546 -0.0001376801 0.0000000242 0.0000305185 -0.0001525925 0.0000000003
301 0.0000000205 0.0000418907 -0.0001367648 0.0000000233 0.0000000000 -0.0001525925 0.0000000020
302 0.0000000203 0.0000425195 -0.0001358545 0.0000000233 0.0000000000 -0.0001525925 0.0000000021
303 0.0000000201 0.0000431411 -0.0001349493 0.0000000242 0.0000305185 -0.0001525925 0.0000000005
304 0.0000000199 0.0000437555 -0.0001340489 0.0000000242 0.0000305185 -0.0001525925 0.0000000005
305 0.0000000197 0.0000443628 -0.0001331534 0.0000000345 0.0000305185 -0.0001831111 0.0000000027
306 0.0000000195 0.0000449632 -0.0001322627 0.0000000242 0.0000305185 -0.0001525925 0.0000000006
307 0.0000000193 0.0000455568 -0.0001313767 0.0000000233 0.0000000000 -0.0001525925 0.0000000025
308 0.0000000192 0.0000461435 -0.0001304953 0.0000000242 0.0000305185 -0.0001525925 0.0000000007
309 0.0000000190 0.0000467236 -0.0001296186 0.0000000242 0.0000305185 -0.0001525925 0.0000000008
310 0.0000000188 0.0000472971 -0.0001287464 0.0000000242 0.0000305185 -0.0001525925 0.0000000009
311 0.0000000186 0.0000478641 -0.0001278788 0.0000000242 0.0000305185 -0.0001525925 0.0000000009
312 0.0000000185 0.0000484247 -0.0001270155 0.0000000242 0.0000305185 -0.0001525925 0.0000000010
313 0.0000000183 0.0000489790 -0.0001261567 0.0000000242 0.0000305185 -0.0001525925 0.0000000010
314 0.0000000182 0.0000495270 -0.0001253022 0.0000000158 0.0000305185 -0.0001220740 0.0000000004
315 0.0000000180 0.0000500688 -0.0001244520 0.0000000270 0.0000610370 -0.0001525925 0.0000000009
316 0.0000000178 0.0000506046 -0.0001236060 0.0000000242 0.0000305185 -0.0001525925 0.0000000012
317 0.0000000177 0.0000511343 -0.0001227642 0.0000000270 0.0000610370 -0.0001525925 0.0000000010
318 0.0000000175 0.0000516581 -0.0001219265 0.0000000242 0.0000305185 -0.0001525925 0.0000000014
319 0.0000000174 0.0000521760 -0.0001210929 0.0000000373 0.0000610370 -0.0001831111 0.0000000039
320 0.0000000172 0.0000526882 -0.0001202633 0.0015140970 -0.0232245857 0.0312204352 0.0015240709
321 0.0000000171 0.0000531946 -0.0001194377 0.0000000093 0.0000305185 -0.0000915555 0.0000000013
322 0.0000000170 0.0000536954 -0.0001186161 0.0000000242 0.0000305185 -0.0001525925 0.0000000017
323 0.0000000168 0.0000541906 -0.0001177983 0.0000000158 0.0000305185 -0.0001220740 0.0000000006
324 0.0000000167 0.0000546803 -0.0001169844 0.0000000158 0.0000305185 -0.0001220740 0.0000000006
325 0.0000000165 0.0000551646 -0.0001161743 0.0000000149 0.0000000000 -0.0001220740 0.0000000031
326 0.0000000164 0.0000556435 -0.0001153679 0.0000000158 0.0000305185 -0.0001220740 0.0000000007
327 0.0000000163 0.0000561171 -0.0001145652 0.0000000158 0.0000305185 -0.0001220740 0.0000000007
328 0.0000000161 0.0000565854 -0.0001137662 0.0000000158 0.0000305185 -0.0001220740 0.0000000007
329 0.0000000160 0.0000570486 -0.0001129708 0.0000000158 0.0000305185 -0.0001220740 0.0000000008
330 0.0000000159 0.0000575067 -0.0001121789 0.0000000158 0.0000305185 -0.0001220740 0.0000000008
331 0.0000000158 0.0000579597 -0.0001113907 0.0000000158 0.0000305185 -0.0001220740 0.0000000009
332 0.0000000156 0.0000584077 -0.0001106059 0.0000000158 0.0000305185 -0.0001220740 0.0000000009
333 0.0000000155 0.0000588508 -0.0001098245 0.0000000158 0.0000305185 -0.0001220740 0.0000000010
334 0.0000000154 0.0000592890 -0.0001090466 0.0000000158 0.0000305185 -0.0001220740 0.0000000010
335 0.0000000153 0.0000597224 -0.0001082720 0.0000000158 0.0000305185 -0.0001220740 0.0000000010
336 0.0000000152 0.0000601511 -0.0001075007 0.0000000186 0.0000610370 -0.0001220740 0.0000000002
337 0.0000000151 0.0000605750 -0.0001067328 0.0000000093 0.0000305185 -0.0000915555 0.0000000011
338 0.0000000149 0.0000609943 -0.0001059681 0.0000000158 0.0000305185 -0.0001220740 0.0000000012
339 0.0000000148 0.0000614090 -0.0001052066 0.0000000158 0.0000305185 -0.0001220740 0.0000000012
340 0.0000000147 0.0000618191 -0.0001044483 0.0000000158 0.0000305185 -0.0001220740 0.0000000013
341 0.0000000146 0.0000622248 -0.0001036931 0.0000000158 0.0000305185 -0.0001220740 0.0000000013
342 0.0000000145 0.0000626260 -0.0001029411 0.0000000093 0.0000305185 -0.0000915555 0.0000000012
343 0.0000000144 0.0000630228 -0.0001021921 0.0000000121 0.0000610370 -0.0000915555 0.0000000001
344 0.0000000143 0.0000634153 -0.0001014461 0.0000000158 0.0000305185 -0.0001220740 0.0000000015
345 0.0000000142 0.0000638034 -0.0001007032 0.0000000186 0.0000610370 -0.0001220740 0.0000000005
346 0.0000000141 0.0000641874 -0.0000999632 0.0000000158 0.0000305185 -0.0001220740 0.0000000016
347 0.0000000140 0.0000645671 -0.0000992261 0.0000000186 0.0000610370 -0.0001220740 0.0000000005
348 0.0000000139 0.0000649427 -0.0000984919 0.0000000158 0.0000305185 -0.0001220740 0.0000000017
349 0.0000000138 0.0000653142 -0.0000977606 0.0000000093 0.0000305185 -0.0000915555 0.0000000012
350 0.0000000137 0.0000656816 -0.0000970321 0.0000000093 0.0000305185 -0.0000915555 0.0000000013
351 0.0000000136 0.0000660450 -0.0000963064 0.0000000158 0.0000305185 -0.0001220740 0.0000000019
352 0.0000000135 0.0000664044 -0.0000955835 0.0000000186 0.0000610370 -0.0001220740 0.0000000007
353 0.0000000135 0.0000667599 -0.0000948632 0.0000000186 0.0000610370 -0.0001220740 0.0000000008
354 0.0000000134 0.0000671115 -0.0000941457 0.0000000093 0.0000305185 -0.0000915555 0.0000000013
355 0.0000000133 0.0000674593 -0.0000934309 0.0000000158 0.0000305185 -0.0001220740 0.0000000022
356 0.0000000132 0.0000678032 -0.0000927187 0.0000000158 0.0000305185 -0.0001220740 0.0000000023
357 0.0000000131 0.0000681434 -0.0000920091 0.0000000093 0.0000305185 -0.0000915555 0.0000000014
358 0.0000000130 0.0000684799 -0.0000913021 0.0000000186 0.0000610370 -0.0001220740 0.0000000010
359 0.0000000129 0.0000688126 -0.0000905976 0.0000000186 0.0000610370 -0.0001220740 0.0000000011
360 0.0000000129 0.0000691417 -0.0000898957 0.0000000121 0.0000610370 -0.0000915555 0.0000000001
361 0.0000000128 0.0000694672 -0.0000891962 0.0000000093 0.0000305185 -0.0000915555 0.0000000015
362 0.0000000127 0.0000697892 -0.0000884992 0.0000000121 0.0000610370 -0.0000915555 0.0000000001
363 0.0000000126 0.0000701076 -0.0000878046 0.0000000158 0.0000305185 -0.0001220740 0.0000000027
364 0.0000000125 0.0000704224 -0.0000871125 0.0000000121 0.0000610370 -0.0000915555 0.0000000001
365 0.0000000125 0.0000707338 -0.0000864227 0.0000000121 0.0000610370 -0.0000915555 0.0000000001
366 0.0000000124 0.0000710418 -0.0000857352 0.0000000121 0.0000610370 -0.0000915555 0.0000000001
367 0.0000000123 0.0000713464 -0.0000850501 0.0000000121 0.0000610370 -0.0000915555 0.0000000001
368 0.0000000123 0.0000716476 -0.0000843673 0.0000000121 0.0000610370 -0.0000915555 0.0000000002
369 0.0000000122 0.0000719455 -0.0000836867 0.0000000121 0.0000610370 -0.0000915555 0.0000000002
370 0.0000000121 0.0000722401 -0.0000830084 0.0000000075 0.0000610370 -0.0000610370 0.0000000006
371 0.0000000120 0.0000725314 -0.0000823323 0.0000000121 0.0000610370 -0.0000915555 0.0000000002
372 0.0000000120 0.0000728195 -0.0000816584 0.0000000121 0.0000610370 -0.0000915555 0.0000000002
373 0.0000000119 0.0000731044 -0.0000809866 0.0000000121 0.0000610370 -0.0000915555 0.0000000003
374 0.0000000118 0.0000733861 -0.0000803170 0.0000000121 0.0000610370 -0.0000915555 0.0000000003
375 0.0000000118 0.0000736646 -0.0000796495 0.0000000121 0.0000610370 -0.0000915555 0.0000000003
376 0.0000000117 0.0000739401 -0.0000789841 0.0000000121 0.0000610370 -0.0000915555 0.0000000003
377 0.0000000116 0.0000742124 -0.0000783207 0.0000000121 0.0000610370 -0.0000915555 0.0000000003
378 0.0000000116 0.0000744817 -0.0000776594 0.0000000121 0.0000610370 -0.0000915555 0.0000000004
379 0.0000000115 0.0000747480 -0.0000770002 0.0000000121 0.0000610370 -0.0000915555 0.0000000004
380 0.0000000115 0.0000750113 -0.0000763429 0.0000000121 0.0000610370 -0.0000915555 0.0000000004
381 0.0000000114 0.0000752716 -0.0000756876 0.0000000158 0.0000305185 -0.0001220740 0.0000000042
382 0.0000000113 0.0000755290 -0.0000750342 0.0000000121 0.0000610370 -0.0000915555 0.0000000005
383 0.0000000113 0.0000757834 -0.0000743827 0.0000000121 0.0000610370 -0.0000915555 0.0000000005
384 0.0000000112 0.0000760350 -0.0000737332 0.0001674406 -0.0000305185 0.0129398480 0.0001693646
385 0.0000000112 0.0000762837 -0.0000730855 0.0000000075 0.0000610370 -0.0000610370 0.0000000004
386 0.0000000111 0.0000765295 -0.0000724397 0.0000000121 0.0000610370 -0.0000915555 0.0000000006
387 0.0000000110 0.0000767725 -0.0000717957 0.0000000121 0.0000610370 -0.0000915555 0.0000000006
388 0.0000000110 0.0000770128 -0.0000711536 0.0000000121 0.0000610370 -0.0000915555 0.0000000007
389 0.0000000109 0.0000772503 -0.0000705132 0.0000000121 0.0000610370 -0.0000915555 0.0000000007
390 0.0000000109 0.0000774850 -0.0000698746 0.0000000121 0.0000610370 -0.0000915555 0.0000000007
391 0.0000000108 0.0000777170 -0.0000692378 0.0000000075 0.0000610370 -0.0000610370 0.0000000003
392 0.0000000108 0.0000779463 -0.0000686026 0.0000000121 0.0000610370 -0.0000915555 0.0000000008
393 0.0000000107 0.0000781730 -0.0000679692 0.0000000121 0.0000610370 -0.0000915555 0.0000000008
394 0.0000000107 0.0000783970 -0.0000673375 0.0000000075 0.0000610370 -0.0000610370 0.0000000003
395 0.0000000106 0.0000786183 -0.0000667074 0.0000000075 0.0000610370 -0.0000610370 0.0000000003
396 0.0000000106 0.0000788371 -0.0000660790 0.0000000121 0.0000610370 -0.0000915555 0.0000000010
397 0.0000000105 0.0000790533 -0.0000654522 0.0000000121 0.0000610370 -0.0000915555 0.0000000010
398 0.0000000105 0.0000792669 -0.0000648270 0.0000000047 0.0000305185 -0.0000610370 0.0000000024
399 0.0000000104 0.0000794780 -0.0000642034 0.0000000121 0.0000610370 -0.0000915555 0.0000000011
400 0.0000000104 0.0000796865 -0.0000635814 0.0000000121 0.0000610370 -0.0000915555 0.0000000011
401 0.0000000103 0.0000798926 -0.0000629609 0.0000000075 0.0000610370 -0.0000610370 0.0000000004
402 0.0000000103 0.0000800962 -0.0000623420 0.0000000121 0.0000610370 -0.0000915555 0.0000000012
403 0.0000000103 0.0000802973 -0.0000617245 0.0000000121 0.0000610370 -0.0000915555 0.0000000013
404 0.0000000102 0.0000804959 -0.0000611086 0.0000000075 0.0000610370 -0.0000610370 0.0000000004
405 0.0000000102 0.0000806922 -0.0000604941 0.0000000075 0.0000610370 -0.0000610370 0.0000000004
406 0.0000000101 0.0000808860 -0.0000598811 0.0000000121 0.0000610370 -0.0000915555 0.0000000014
407 0.0000000101 0.0000810775 -0.0000592695 0.0000000121 0.0000610370 -0.0000915555 0.0000000014
408 0.0000000100 0.0000812666 -0.0000586593 0.0000000075 0.0000610370 -0.0000610370 0.0000000004
409 0.0000000100 0.0000814533 -0.0000580505 0.0000000075 0.0000610370 -0.0000610370 0.0000000004
410 0.0000000100 0.0000816377 -0.0000574431 0.0000000075 0.0000610370 -0.0000610370 0.0000000004
411 0.0000000099 0.0000818198 -0.0000568371 0.0000000075 0.0000610370 -0.0000610370 0.0000000004
412 0.0000000099 0.0000819996 -0.0000562324 0.0000000075 0.0000610370 -0.0000610370 0.0000000005
413 0.0000000098 0.0000821771 -0.0000556290 0.0000000075 0.0000610370 -0.0000610370 0.0000000005
414 0.0000000098 0.0000823523 -0.0000550270 0.0000000121 0.0000610370 -0.0000915555 0.0000000018
415 0.0000000098 0.0000825253 -0.0000544262 0.0000000075 0.0000610370 -0.0000610370 0.0000000005
416 0.0000000097 0.0000826961 -0.0000538267 0.0000000075 0.0000610370 -0.0000610370 0.0000000005
417 0.0000000097 0.0000828646 -0.0000532285 0.0000000047 0.0000305185 -0.0000610370 0.0000000028
418 0.0000000097 0.0000830310 -0.0000526316 0.0000000075 0.0000610370 -0.0000610370 0.0000000006
419 0.0000000096 0.0000831951 -0.0000520358 0.0000000075 0.0000610370 -0.0000610370 0.0000000006
420 0.0000000096 0.0000833571 -0.0000514413 0.0000000075 0.0000610370 -0.0000610370 0.0000000006
421 0.0000000096 0.0000835170 -0.0000508479 0.0000000075 0.0000610370 -0.0000610370 0.0000000006
422 0.0000000095 0.0000836746 -0.0000502558 0.0000000075 0.0000610370 -0.0000610370 0.0000000006
423 0.0000000095 0.0000838302 -0.0000496647 0.0000000075 0.0000610370 -0.0000610370 0.0000000006
424 0.0000000095 0.0000839836 -0.0000490749 0.0000000075 0.0000610370 -0.0000610370 0.0000000007
425 0.0000000094 0.0000841350 -0.0000484862 0.0000000075 0.0000610370 -0.0000610370 0.0000000007
426 0.0000000094 0.0000842843 -0.0000478985 0.0000000075 0.0000610370 -0.0000610370 0.0000000007
427 0.0000000094 0.0000844314 -0.0000473120 0.0000000075 0.0000610370 -0.0000610370 0.0000000007
428 0.0000000093 0.0000845766 -0.0000467266 0.0000000075 0.0000610370 -0.0000610370 0.0000000008
429 0.0000000093 0.0000847197 -0.0000461422 0.0000000075 0.0000610370 -0.0000610370 0.0000000008
430 0.0000000093 0.0000848607 -0.0000455589 0.0000000075 0.0000610370 -0.0000610370 0.0000000008
431 0.0000000092 0.0000849997 -0.0000449766 0.0000000075 0.0000610370 -0.0000610370 0.0000000008
432 0.0000000092 0.0000851367 -0.0000443953 0.0000000075 0.0000610370 -0.0000610370 0.0000000009
433 0.0000000092 0.0000852718 -0.0000438151 0.0000000047 0.0000610370 -0.0000305185 0.0000000008
434 0.0000000092 0.0000854048 -0.0000432358 0.0000000075 0.0000610370 -0.0000610370 0.0000000009
435 0.0000000091 0.0000855358 -0.0000426575 0.0000000075 0.0000610370 -0.0000610370 0.0000000009
436 0.0000000091 0.0000856649 -0.0000420802 0.0000000075 0.0000610370 -0.0000610370 0.0000000010
437 0.0000000091 0.0000857921 -0.0000415038 0.0000000047 0.0000610370 -0.0000305185 0.0000000007
438 0.0000000091 0.0000859173 -0.0000409283 0.0000000121 0.0000915555 -0.0000610370 0.0000000004
439 0.0000000090 0.0000860406 -0.0000403538 0.0000000047 0.0000305185 -0.0000610370 0.0000000035
440 0.0000000090 0.0000861619 -0.0000397802 0.0000000075 0.0000610370 -0.0000610370 0.0000000011
441 0.0000000090 0.0000862814 -0.0000392074 0.0000000075 0.0000610370 -0.0000610370 0.0000000011
442 0.0000000090 0.0000863989 -0.0000386356 0.0000000121 0.0000915555 -0.0000610370 0.0000000005
443 0.0000000089 0.0000865146 -0.0000380646 0.0000000121 0.0000915555 -0.0000610370 0.0000000006
444 0.0000000089 0.0000866284 -0.0000374944 0.0000000047 0.0000610370 -0.0000305185 0.0000000007
445 0.0000000089 0.0000867403 -0.0000369251 0.0000000047 0.0000610370 -0.0000305185 0.0000000007
446 0.0000000089 0.0000868504 -0.0000363566 0.0000000075 0.0000610370 -0.0000610370 0.0000000013
447 0.0000000088 0.0000869586 -0.0000357889 0.0000000019 0.0000305185 -0.0000305185 0.0000000032
448 0.0000000088 0.0000870650 -0.0000352219 0.0001967092 -0.0091250343 0.0106509598 0.0001990573
449 0.0000000088 0.0000871695 -0.0000346558 0.0000000121 0.0000915555 -0.0000610370 0.0000000007
450 0.0000000088 0.0000872723 -0.0000340904 0.0000000121 0.0000915555 -0.0000610370 0.0000000007
451 0.0000000088 0.0000873732 -0.0000335258 0.0000000075 0.0000610370 -0.0000610370 0.0000000015
452 0.0000000087 0.0000874723 -0.0000329619 0.0000000047 0.0000610370 -0.0000305185 0.0000000007
453 0.0000000087 0.0000875696 -0.0000323987 0.0000000075 0.0000610370 -0.0000610370 0.0000000015
454 0.0000000087 0.0000876651 -0.0000318363 0.0000000047 0.0000610370 -0.0000305185 0.0000000007
455 0.0000000087 0.0000877589 -0.0000312745 0.0000000047 0.0000610370 -0.0000305185 0.0000000007
456 0.0000000087 0.0000878508 -0.0000307135 0.0000000075 0.0000610370 -0.0000610370 0.0000000016
457 0.0000000086 0.0000879410 -0.0000301531 0.0000000047 0.0000610370 -0.0000305185 0.0000000007
458 0.0000000086 0.0000880295 -0.0000295933 0.0000000047 0.0000610370 -0.0000305185 0.0000000007
459 0.0000000086 0.0000881162 -0.0000290342 0.0000000047 0.0000610370 -0.0000305185 0.0000000007
460 0.0000000086 0.0000882012 -0.0000284757 0.0000000047 0.0000610370 -0.0000305185 0.0000000007
461 0.0000000086 0.0000882844 -0.0000279179 0.0000000047 0.0000610370 -0.0000305185 0.0000000007
462 0.0000000086 0.0000883659 -0.0000273606 0.0000000093 0.0000915555 -0.0000305185 0.0000000000
463 0.0000000085 0.0000884457 -0.0000268040 0.0000000047 0.0000610370 -0.0000305185 0.0000000008
464 0.0000000085 0.0000885237 -0.0000262479 0.0000000047 0.0000610370 -0.0000305185 0.0000000008
465 0.0000000085 0.0000886001 -0.0000256924 0.0000000047 0.0000610370 -0.0000305185 0.0000000008
466 0.0000000085 0.0000886747 -0.0000251374 0.0000000047 0.0000610370 -0.0000305185 0.0000000008
467 0.0000000085 0.0000887477 -0.0000245830 0.0000000047 0.0000610370 -0.0000305185 0.0000000008
468 0.0000000085 0.0000888190 -0.0000240292 0.0000000075 0.0000610370 -0.0000610370 0.0000000021
469 0.0000000085 0.0000888885 -0.0000234758 0.0000000047 0.0000610370 -0.0000305185 0.0000000008
470 0.0000000084 0.0000889564 -0.0000229229 0.0000000037 0.0000610370 0.0000000000 0.0000000013
471 0.0000000084 0.0000890227 -0.0000223706 0.0000000093 0.0000915555 -0.0000305185 0.0000000001
472 0.0000000084 0.0000890872 -0.0000218187 0.0000000047 0.0000610370 -0.0000305185 0.0000000009
473 0.0000000084 0.0000891502 -0.0000212673 0.0000000047 0.0000610370 -0.0000305185 0.0000000009
474 0.0000000084 0.0000892114 -0.0000207163 0.0000000047 0.0000610370 -0.0000305185 0.0000000009
475 0.0000000084 0.0000892710 -0.0000201658 0.0000000047 0.0000610370 -0.0000305185 0.0000000009
476 0.0000000084 0.0000893290 -0.0000196157 0.0000000075 0.0000610370 -0.0000610370 0.0000000025
477 0.0000000084 0.0000893853 -0.0000190660 0.0000000047 0.0000610370 -0.0000305185 0.0000000009
478 0.0000000083 0.0000894399 -0.0000185168 0.0000000047 0.0000610370 -0.0000305185 0.0000000010
479 0.0000000083 0.0000894930 -0.0000179679 0.0000000093 0.0000915555 -0.0000305185 0.0000000002
480 0.0000000083 0.0000895444 -0.0000174194 0.0000000047 0.0000610370 -0.0000305185 0.0000000010
481 0.0000000083 0.0000895942 -0.0000168713 0.0000000047 0.0000610370 -0.0000305185 0.0000000010
482 0.0000000083 0.0000896423 -0.0000163236 0.0000000047 0.0000610370 -0.0000305185 0.0000000010
483 0.0000000083 0.0000896889 -0.0000157762 0.0000000037 0.0000610370 0.0000000000 0.0000000011
484 0.0000000083 0.0000897338 -0.0000152291 0.0000000047 0.0000610370 -0.0000305185 0.0000000011
485 0.0000000083 0.0000897772 -0.0000146824 0.0000000093 0.0000915555 -0.0000305185 0.0000000003
486 0.0000000083 0.0000898189 -0.0000141359 0.0000000047 0.0000610370 -0.0000305185 0.0000000011
487 0.0000000083 0.0000898590 -0.0000135898 0.0000000047 0.0000610370 -0.0000305185 0.0000000011
488 0.0000000083 0.0000898975 -0.0000130440 0.0000000047 0.0000610370 -0.0000305185 0.0000000011
489 0.0000000082 0.0000899344 -0.0000124984 0.0000000047 0.0000610370 -0.0000305185 0.0000000012
490 0.0000000082 0.0000899698 -0.0000119531 0.0000000047 0.0000610370 -0.0000305185 0.0000000012
491 0.0000000082 0.0000900035 -0.0000114080 0.0000000093 0.0000915555 -0.0000305185 0.0000000004
492 0.0000000082 0.0000900357 -0.0000108632 0.0000000047 0.0000610370 -0.0000305185 0.0000000012
493 0.0000000082 0.0000900662 -0.0000103186 0.0000000047 0.0000610370 -0.0000305185 0.0000000013
494 0.0000000082 0.0000900952 -0.0000097743 0.0000000093 0.0000915555 -0.0000305185 0.0000000004
495 0.0000000082 0.0000901226 -0.0000092301 0.0000000047 0.0000610370 -0.0000305185 0.0000000013
496 0.0000000082 0.0000901485 -0.0000086862 0.0000000047 0.0000610370 -0.0000305185 0.0000000013
497 0.0000000082 0.0000901727 -0.0000081424 0.0000000047 0.0000610370 -0.0000305185 0.0000000013
498 0.0000000082 0.0000901954 -0.0000075988 0.0000000047 0.0000610370 -0.0000305185 0.0000000014
499 0.0000000082 0.0000902165 -0.0000070554 0.0000000037 0.0000610370 0.0000000000 0.0000000009
500 0.0000000082 0.0000902360 -0.0000065121 0.0000000047 0.0000610370 -0.0000305185 0.0000000014
501 0.0000000082 0.0000902540 -0.0000059689 0.0000000037 0.0000610370 0.0000000000 0.0000000009
502 0.0000000082 0.0000902704 -0.0000054259 0.0000000047 0.0000610370 -0.0000305185 0.0000000015
503 0.0000000082 0.0000902852 -0.0000048830 0.0000000093 0.0000915555 -0.0000305185 0.0000000007
504 0.0000000082 0.0000902985 -0.0000043402 0.0000000047 0.0000610370 -0.0000305185 0.0000000015
505 0.0000000082 0.0000903102 -0.0000037974 0.0000000047 0.0000610370 -0.0000305185 0.0000000016
506 0.0000000082 0.0000903204 -0.0000032548 0.0000000037 0.0000610370 0.0000000000 0.0000000009
507 0.0000000082 0.0000903289 -0.0000027122 0.0000000037 0.0000610370 0.0000000000 0.0000000009
508 0.0000000082 0.0000903360 -0.0000021697 0.0000000047 0.0000610370 -0.0000305185 0.0000000017
509 0.0000000082 0.0000903414 -0.0000016272 0.0000000047 0.0000610370 -0.0000305185 0.0000000017
510 0.0000000082 0.0000903453 -0.0000010848 0.0000000084 0.0000915555 0.0000000000 0.0000000000
511 0.0000000082 0.0000903477 -0.0000005424 0.0000000084 0.0000915555 0.0000000000 0.0000000000
512 0.0000000082 0.0000903484 0.0000000000 0.0000006296 0.0007934812 0.0000000000 0.0000004944
513 0.0000000082 0.0000903477 0.0000005424 0.0000000037 0.0000610370 0.0000000000 0.0000000009
514 0.0000000082 0.0000903453 0.0000010848 0.0000000047 0.0000610370 -0.0000305185 0.0000000019
515 0.0000000082 0.0000903414 0.0000016272 0.0000000047 0.0000610370 -0.0000305185 0.0000000019
516 0.0000000082 0.0000903360 0.0000021697 0.0000000037 0.0000610370 0.0000000000 0.0000000009
517 0.0000000082 0.0000903289 0.0000027122 0.0000000047 0.0000610370 -0.0000305185 0.0000000020
518 0.0000000082 0.0000903204 0.0000032548 0.0000000037 0.0000610370 0.0000000000 0.0000000009
519 0.0000000082 0.0000903102 0.0000037974 0.0000000037 0.0000610370 0.0000000000 0.0000000009
520 0.0000000082 0.0000902985 0.0000043402 0.0000000084 0.0000915555 0.0000000000 0.0000000000
521 0.0000000082 0.0000902852 0.0000048830 0.0000000084 0.0000915555 0.0000000000 0.0000000000
522 0.0000000082 0.0000902704 0.0000054259 0.0000000037 0.0000610370 0.0000000000 0.0000000009
523 0.0000000082 0.0000902540 0.0000059689 0.0000000037 0.0000610370 0.0000000000 0.0000000009
524 0.0000000082 0.0000902360 0.0000065121 0.0000000037 0.0000610370 0.0000000000 0.0000000009
525 0.0000000082 0.0000902165 0.0000070554 0.0000000037 0.0000610370 0.0000000000 0.0000000009
526 0.0000000082 0.0000901954 0.0000075988 0.0000000093 0.0000915555 -0.0000305185 0.0000000015
527 0.0000000082 0.0000901727 0.0000081424 0.0000000037 0.0000610370 0.0000000000 0.0000000009
528 0.0000000082 0.0000901485 0.0000086862 0.0000000084 0.0000915555 0.0000000000 0.0000000001
529 0.0000000082 0.0000901226 0.0000092301 0.0000000037 0.0000610370 0.0000000000 0.0000000009
530 0.0000000082 0.0000900952 0.0000097743 0.0000000084 0.0000915555 0.0000000000 0.0000000001
531 0.0000000082 0.0000900662 0.0000103186 0.0000000047 0.0000610370 -0.0000305185 0.0000000025
532 0.0000000082 0.0000900357 0.0000108632 0.0000000037 0.0000610370 0.0000000000 0.0000000010
533 0.0000000082 0.0000900035 0.0000114080 0.0000000084 0.0000915555 0.0000000000 0.0000000001
534 0.0000000082 0.0000899698 0.0000119531 0.0000000037 0.0000610370 0.0000000000 0.0000000010
535 0.0000000082 0.0000899344 0.0000124984 0.0000000037 0.0000610370 0.0000000000 0.0000000010
536 0.0000000083 0.0000898975 0.0000130440 0.0000000037 0.0000610370 0.0000000000 0.0000000010
537 0.0000000083 0.0000898590 0.0000135898 0.0000000084 0.0000915555 0.0000000000 0.0000000002
538 0.0000000083 0.0000898189 0.0000141359 0.0000000084 0.0000915555 0.0000000000 0.0000000002
539 0.0000000083 0.0000897772 0.0000146824 0.0000000093 0.0000915555 0.0000305185 0.0000000003
540 0.0000000083 0.0000897338 0.0000152291 0.0000000037 0.0000610370 0.0000000000 0.0000000011
541 0.0000000083 0.0000896889 0.0000157762 0.0000000037 0.0000610370 0.0000000000 0.0000000011
542 0.0000000083 0.0000896423 0.0000163236 0.0000000037 0.0000610370 0.0000000000 0.0000000011
543 0.0000000083 0.0000895942 0.0000168713 0.0000000037 0.0000610370 0.0000000000 0.0000000011
544 0.0000000083 0.0000895444 0.0000174194 0.0000000037 0.0000610370 0.0000000000 0.0000000011
545 0.0000000083 0.0000894930 0.0000179679 0.0000000084 0.0000915555 0.0000000000 0.0000000003
546 0.0000000083 0.0000894399 0.0000185168 0.0000000037 0.0000610370 0.0000000000 0.0000000011
547 0.0000000084 0.0000893853 0.0000190660 0.0000000037 0.0000610370 0.0000000000 0.0000000012
548 0.0000000084 0.0000893290 0.0000196157 0.0000000037 0.0000610370 0.0000000000 0.0000000012
549 0.0000000084 0.0000892710 0.0000201658 0.0000000037 0.0000610370 0.0000000000 0.0000000012
550 0.0000000084 0.0000892114 0.0000207163 0.0000000037 0.0000610370 0.0000000000 0.0000000012
551 0.0000000084 0.0000891502 0.0000212673 0.0000000037 0.0000610370 0.0000000000 0.0000000012
552 0.0000000084 0.0000890872 0.0000218187 0.0000000037 0.0000610370 0.0000000000 0.0000000013
553 0.0000000084 0.0000890227 0.0000223706 0.0000000047 0.0000610370 0.0000305185 0.0000000008
554 0.0000000084 0.0000889564 0.0000229229 0.0000000037 0.0000610370 0.0000000000 0.0000000013
555 0.0000000085 0.0000888885 0.0000234758 0.0000000047 0.0000610370 0.0000305185 0.0000000008
556 0.0000000085 0.0000888190 0.0000240292 0.0000000084 0.0000915555 0.0000000000 0.0000000006
557 0.0000000085 0.0000887477 0.0000245830 0.0000000037 0.0000610370 0.0000000000 0.0000000014
558 0.0000000085 0.0000886747 0.0000251374 0.0000000047 0.0000610370 0.0000305185 0.0000000008
559 0.0000000085 0.0000886001 0.0000256924 0.0000000037 0.0000610370 0.0000000000 0.0000000014
560 0.0000000085 0.0000885237 0.0000262479 0.0000000037 0.0000610370 0.0000000000 0.0000000014
561 0.0000000085 0.0000884457 0.0000268040 0.0000000037 0.0000610370 0.0000000000 0.0000000015
562 0.0000000086 0.0000883659 0.0000273606 0.0000000037 0.0000610370 0.0000000000 0.0000000015
563 0.0000000086 0.0000882844 0.0000279179 0.0000000037 0.0000610370 0.0000000000 0.0000000015
564 0.0000000086 0.0000882012 0.0000284757 0.0000000047 0.0000610370 0.0000305185 0.0000000007
565 0.0000000086 0.0000881162 0.0000290342 0.0000000037 0.0000610370 0.0000000000 0.0000000016
566 0.0000000086 0.0000880295 0.0000295933 0.0000000037 0.0000610370 0.0000000000 0.0000000016
567 0.0000000086 0.0000879410 0.0000301531 0.0000000037 0.0000610370 0.0000000000 0.0000000016
568 0.0000000087 0.0000878508 0.0000307135 0.0000000047 0.0000610370 0.0000305185 0.0000000007
569 0.0000000087 0.0000877589 0.0000312745 0.0000000037 0.0000610370 0.0000000000 0.0000000017
570 0.0000000087 0.0000876651 0.0000318363 0.0000000037 0.0000610370 0.0000000000 0.0000000017
571 0.0000000087 0.0000875696 0.0000323987 0.0000000047 0.0000610370 0.0000305185 0.0000000007
572 0.0000000087 0.0000874723 0.0000329619 0.0000000037 0.0000610370 0.0000000000 0.0000000018
573 0.0000000088 0.0000873732 0.0000335258 0.0000000047 0.0000610370 0.0000305185 0.0000000007
574 0.0000000088 0.0000872723 0.0000340904 0.0000000093 0.0000915555 0.0000305185 0.0000000000
575 0.0000000088 0.0000871695 0.0000346558 0.0000000093 0.0000915555 0.0000305185 0.0000000000
576 0.0000000088 0.0000870650 0.0000352219 0.0005716928 0.0225226600 0.0080263680 0.0005672143
577 0.0000000088 0.0000869586 0.0000357889 0.0000000009 0.0000305185 0.0000000000 0.0000000045
578 0.0000000089 0.0000868504 0.0000363566 0.0000000047 0.0000610370 0.0000305185 0.0000000007
579 0.0000000089 0.0000867403 0.0000369251 0.0000000037 0.0000610370 0.0000000000 0.0000000020
580 0.0000000089 0.0000866284 0.0000374944 0.0000000037 0.0000610370 0.0000000000 0.0000000021
581 0.0000000089 0.0000865146 0.0000380646 0.0000000047 0.0000610370 0.0000305185 0.0000000007
582 0.0000000090 0.0000863989 0.0000386356 0.0000000047 0.0000610370 0.0000305185 0.0000000007
583 0.0000000090 0.0000862814 0.0000392074 0.0000000047 0.0000610370 0.0000305185 0.0000000007
584 0.0000000090 0.0000861619 0.0000397802 0.0000000047 0.0000610370 0.0000305185 0.0000000007
585 0.0000000090 0.0000860406 0.0000403538 0.0000000047 0.0000610370 0.0000305185 0.0000000007
586 0.0000000091 0.0000859173 0.0000409283 0.0000000047 0.0000610370 0.0000305185 0.0000000007
587 0.0000000091 0.0000857921 0.0000415038 0.0000000047 0.0000610370 0.0000305185 0.0000000007
588 0.0000000091 0.0000856649 0.0000420802 0.0000000047 0.0000610370 0.0000305185 0.0000000007
589 0.0000000091 0.0000855358 0.0000426575 0.0000000047 0.0000610370 0.0000305185 0.0000000007
590 0.0000000092 0.0000854048 0.0000432358 0.0000000047 0.0000610370 0.0000305185 0.0000000008
591 0.0000000092 0.0000852718 0.0000438151 0.0000000047 0.0000610370 0.0000305185 0.0000000008
592 0.0000000092 0.0000851367 0.0000443953 0.0000000047 0.0000610370 0.0000305185 0.0000000008
593 0.0000000092 0.0000849997 0.0000449766 0.0000000047 0.0000610370 0.0000305185 0.0000000008
594 0.0000000093 0.0000848607 0.0000455589 0.0000000047 0.0000610370 0.0000305185 0.0000000008
595 0.0000000093 0.0000847197 0.0000461422 0.0000000047 0.0000610370 0.0000305185 0.0000000008
596 0.0000000093 0.0000845766 0.0000467266 0.0000000047 0.0000610370 0.0000305185 0.0000000008
597 0.0000000094 0.0000844314 0.0000473120 0.0000000047 0.0000610370 0.0000305185 0.0000000008
598 0.0000000094 0.0000842843 0.0000478985 0.0000000047 0.0000610370 0.0000305185 0.0000000008
599 0.0000000094 0.0000841350 0.0000484862 0.0000000047 0.0000610370 0.0000305185 0.0000000009
600 0.0000000095 0.0000839836 0.0000490749 0.0000000047 0.0000610370 0.0000305185 0.0000000009
601 0.0000000095 0.0000838302 0.0000496647 0.0000000019 0.0000305185 0.0000305185 0.0000000032
602 0.0000000095 0.0000836746 0.0000502558 0.0000000047 0.0000610370 0.0000305185 0.0000000009
603 0.0000000096 0.0000835170 0.0000508479 0.0000000047 0.0000610370 0.0000305185 0.0000000009
604 0.0000000096 0.0000833571 0.0000514413 0.0000000047 0.0000610370 0.0000305185 0.0000000009
605 0.0000000096 0.0000831951 0.0000520358 0.0000000047 0.0000610370 0.0000305185 0.0000000010
606 0.0000000097 0.0000830310 0.0000526316 0.0000000047 0.0000610370 0.0000305185 0.0000000010
607 0.0000000097 0.0000828646 0.0000532285 0.0000000019 0.0000305185 0.0000305185 0.0000000033
608 0.0000000097 0.0000826961 0.0000538267 0.0000000047 0.0000610370 0.0000305185 0.0000000010
609 0.0000000098 0.0000825253 0.0000544262 0.0000000047 0.0000610370 0.0000305185 0.0000000010
610 0.0000000098 0.0000823523 0.0000550270 0.0000000047 0.0000610370 0.0000305185 0.0000000011
611 0.0000000098 0.0000821771 0.0000556290 0.0000000047 0.0000610370 0.0000305185 0.0000000011
612 0.0000000099 0.0000819996 0.0000562324 0.0000000047 0.0000610370 0.0000305185 0.0000000011
613 0.0000000099 0.0000818198 0.0000568371 0.0000000047 0.0000610370 0.0000305185 0.0000000011
614 0.0000000100 0.0000816377 0.0000574431 0.0000000047 0.0000610370 0.0000305185 0.0000000011
615 0.0000000100 0.0000814533 0.0000580505 0.0000000047 0.0000610370 0.0000305185 0.0000000012
616 0.0000000100 0.0000812666 0.0000586593 0.0000000047 0.0000610370 0.0000305185 0.0000000012
617 0.0000000101 0.0000810775 0.0000592695 0.0000000075 0.0000610370 0.0000610370 0.0000000004
618 0.0000000101 0.0000808860 0.0000598811 0.0000000075 0.0000610370 0.0000610370 0.0000000004
619 0.0000000102 0.0000806922 0.0000604941 0.0000000047 0.0000610370 0.0000305185 0.0000000013
620 0.0000000102 0.0000804959 0.0000611086 0.0000000047 0.0000610370 0.0000305185 0.0000000013
621 0.0000000103 0.0000802973 0.0000617245 0.0000000047 0.0000610370 0.0000305185 0.0000000013
622 0.0000000103 0.0000800962 0.0000623420 0.0000000075 0.0000610370 0.0000610370 0.0000000004
623 0.0000000103 0.0000798926 0.0000629609 0.0000000075 0.0000610370 0.0000610370 0.0000000004
624 0.0000000104 0.0000796865 0.0000635814 0.0000000075 0.0000610370 0.0000610370 0.0000000004
625 0.0000000104 0.0000794780 0.0000642034 0.0000000047 0.0000610370 0.0000305185 0.0000000015
626 0.0000000105 0.0000792669 0.0000648270 0.0000000047 0.0000610370 0.0000305185 0.0000000015
627 0.0000000105 0.0000790533 0.0000654522 0.0000000075 0.0000610370 0.0000610370 0.0000000003
628 0.0000000106 0.0000788371 0.0000660790 0.0000000047 0.0000610370 0.0000305185 0.0000000016
629 0.0000000106 0.0000786183 0.0000667074 0.0000000075 0.0000610370 0.0000610370 0.0000000003
630 0.0000000107 0.0000783970 0.0000673375 0.0000000075 0.0000610370 0.0000610370 0.0000000003
631 0.0000000107 0.0000781730 0.0000679692 0.0000000075 0.0000610370 0.0000610370 0.0000000003
632 0.0000000108 0.0000779463 0.0000686026 0.0000000075 0.0000610370 0.0000610370 0.0000000003
633 0.0000000108 0.0000777170 0.0000692378 0.0000000121 0.0000915555 0.0000610370 0.0000000003
634 0.0000000109 0.0000774850 0.0000698746 0.0000000075 0.0000610370 0.0000610370 0.0000000003
635 0.0000000109 0.0000772503 0.0000705132 0.0000000075 0.0000610370 0.0000610370 0.0000000004
636 0.0000000110 0.0000770128 0.0000711536 0.0000000075 0.0000610370 0.0000610370 0.0000000004
637 0.0000000110 0.0000767725 0.0000717957 0.0000000075 0.0000610370 0.0000610370 0.0000000004
638 0.0000000111 0.0000765295 0.0000724397 0.0000000075 0.0000610370 0.0000610370 0.0000000004
639 0.0000000112 0.0000762837 0.0000730855 0.0000000047 0.0000610370 0.0000305185 0.0000000020
640 0.0000000112 0.0000760350 0.0000737332 0.0009766230 -0.0000305185 -0.0312509537 0.0009812474
641 0.0000000113 0.0000757834 0.0000743827 0.0000000075 0.0000610370 0.0000610370 0.0000000004
642 0.0000000113 0.0000755290 0.0000750342 0.0000000075 0.0000610370 0.0000610370 0.0000000004
643 0.0000000114 0.0000752716 0.0000756876 0.0000000075 0.0000610370 0.0000610370 0.0000000004
644 0.0000000115 0.0000750113 0.0000763429 0.0000000075 0.0000610370 0.0000610370 0.0000000004
645 0.0000000115 0.0000747480 0.0000770002 0.0000000075 0.0000610370 0.0000610370 0.0000000004
646 0.0000000116 0.0000744817 0.0000776594 0.0000000075 0.0000610370 0.0000610370 0.0000000005
647 0.0000000116 0.0000742124 0.0000783207 0.0000000075 0.0000610370 0.0000610370 0.0000000005
648 0.0000000117 0.0000739401 0.0000789841 0.0000000075 0.0000610370 0.0000610370 0.0000000005
649 0.0000000118 0.0000736646 0.0000796495 0.0000000075 0.0000610370 0.0000610370 0.0000000005
650 0.0000000118 0.0000733861 0.0000803170 0.0000000075 0.0000610370 0.0000610370 0.0000000005
651 0.0000000119 0.0000731044 0.0000809866 0.0000000075 0.0000610370 0.0000610370 0.0000000005
652 0.0000000120 0.0000728195 0.0000816584 0.0000000075 0.0000610370 0.0000610370 0.0000000006
653 0.0000000120 0.0000725314 0.0000823323 0.0000000075 0.0000610370 0.0000610370 0.0000000006
654 0.0000000121 0.0000722401 0.0000830084 0.0000000075 0.0000610370 0.0000610370 0.0000000006
655 0.0000000122 0.0000719455 0.0000836867 0.0000000121 0.0000610370 0.0000915555 0.0000000002
656 0.0000000123 0.0000716476 0.0000843673 0.0000000075 0.0000610370 0.0000610370 0.0000000007
657 0.0000000123 0.0000713464 0.0000850501 0.0000000075 0.0000610370 0.0000610370 0.0000000007
658 0.0000000124 0.0000710418 0.0000857352 0.0000000075 0.0000610370 0.0000610370 0.0000000007
659 0.0000000125 0.0000707338 0.0000864227 0.0000000075 0.0000610370 0.0000610370 0.0000000007
660 0.0000000125 0.0000704224 0.0000871125 0.0000000075 0.0000610370 0.0000610370 0.0000000008
661 0.0000000126 0.0000701076 0.0000878046 0.0000000047 0.0000305185 0.0000610370 0.0000000023
662 0.0000000127 0.0000697892 0.0000884992 0.0000000075 0.0000610370 0.0000610370 0.0000000008
663 0.0000000128 0.0000694672 0.0000891962 0.0000000047 0.0000305185 0.0000610370 0.0000000023
664 0.0000000129 0.0000691417 0.0000898957 0.0000000075 0.0000610370 0.0000610370 0.0000000009
665 0.0000000129 0.0000688126 0.0000905976 0.0000000075 0.0000610370 0.0000610370 0.0000000009
666 0.0000000130 0.0000684799 0.0000913021 0.0000000121 0.0000610370 0.0000915555 0.0000000001
667 0.0000000131 0.0000681434 0.0000920091 0.0000000121 0.0000610370 0.0000915555 0.0000000001
668 0.0000000132 0.0000678032 0.0000927187 0.0000000121 0.0000610370 0.0000915555 0.0000000000
669 0.0000000133 0.0000674593 0.0000934309 0.0000000121 0.0000610370 0.0000915555 0.0000000000
670 0.0000000134 0.0000671115 0.0000941457 0.0000000093 0.0000305185 0.0000915555 0.0000000013
671 0.0000000135 0.0000667599 0.0000948632 0.0000000093 0.0000305185 0.0000915555 0.0000000013
672 0.0000000135 0.0000664044 0.0000955835 0.0000000121 0.0000610370 0.0000915555 0.0000000000
673 0.0000000136 0.0000660450 0.0000963064 0.0000000121 0.0000610370 0.0000915555 0.0000000000
674 0.0000000137 0.0000656816 0.0000970321 0.0000000093 0.0000305185 0.0000915555 0.0000000013
675 0.0000000138 0.0000653142 0.0000977606 0.0000000093 0.0000305185 0.0000915555 0.0000000012
676 0.0000000139 0.0000649427 0.0000984919 0.0000000093 0.0000305185 0.0000915555 0.0000000012
677 0.0000000140 0.0000645671 0.0000992261 0.0000000093 0.0000305185 0.0000915555 0.0000000012
678 0.0000000141 0.0000641874 0.0000999632 0.0000000093 0.0000305185 0.0000915555 0.0000000012
679 0.0000000142 0.0000638034 0.0001007032 0.0000000121 0.0000610370 0.0000915555 0.0000000001
680 0.0000000143 0.0000634153 0.0001014461 0.0000000093 0.0000305185 0.0000915555 0.0000000012
681 0.0000000144 0.0000630228 0.0001021921 0.0000000121 0.0000610370 0.0000915555 0.0000000001
682 0.0000000145 0.0000626260 0.0001029411 0.0000000121 0.0000610370 0.0000915555 0.0000000001
683 0.0000000146 0.0000622248 0.0001036931 0.0000000093 0.0000305185 0.0000915555 0.0000000012
684 0.0000000147 0.0000618191 0.0001044483 0.0000000093 0.0000305185 0.0000915555 0.0000000011
685 0.0000000148 0.0000614090 0.0001052066 0.0000000093 0.0000305185 0.0000915555 0.0000000011
686 0.0000000149 0.0000609943 0.0001059681 0.0000000093 0.0000305185 0.0000915555 0.0000000011
687 0.0000000151 0.0000605750 0.0001067328 0.0000000093 0.0000305185 0.0000915555 0.0000000011
688 0.0000000152 0.0000601511 0.0001075007 0.0000000121 0.0000610370 0.0000915555 0.0000000003
689 0.0000000153 0.0000597224 0.0001082720 0.0000000047 0.0000305185 0.0000610370 0.0000000031
690 0.0000000154 0.0000592890 0.0001090466 0.0000000093 0.0000305185 0.0000915555 0.0000000011
691 0.0000000155 0.0000588508 0.0001098245 0.0000000093 0.0000305185 0.0000915555 0.0000000011
692 0.0000000156 0.0000584077 0.0001106059 0.0000000093 0.0000305185 0.0000915555 0.0000000011
693 0.0000000158 0.0000579597 0.0001113907 0.0000000093 0.0000305185 0.0000915555 0.0000000011
694 0.0000000159 0.0000575067 0.0001121789 0.0000000093 0.0000305185 0.0000915555 0.0000000012
695 0.0000000160 0.0000570486 0.0001129708 0.0000000093 0.0000305185 0.0000915555 0.0000000012
696 0.0000000161 0.0000565854 0.0001137662 0.0000000093 0.0000305185 0.0000915555 0.0000000012
697 0.0000000163 0.0000561171 0.0001145652 0.0000000047 0.0000305185 0.0000610370 0.0000000035
698 0.0000000164 0.0000556435 0.0001153679 0.0000000093 0.0000305185 0.0000915555 0.0000000012
699 0.0000000165 0.0000551646 0.0001161743 0.0000000093 0.0000305185 0.0000915555 0.0000000012
700 0.0000000167 0.0000546803 0.0001169844 0.0000000093 0.0000305185 0.0000915555 0.0000000012
701 0.0000000168 0.0000541906 0.0001177983 0.0000000037 0.0000000000 0.0000610370 0.0000000062
702 0.0000000170 0.0000536954 0.0001186161 0.0000000158 0.0000305185 0.0001220740 0.0000000005
703 0.0000000171 0.0000531946 0.0001194377 0.0000000047 0.0000305185 0.0000610370 0.0000000039
704 0.0000000172 0.0000526882 0.0001202633 0.0009822886 -0.0023804437 -0.0312509537 0.0009900734
705 0.0000000174 0.0000521760 0.0001210929 0.0000000270 0.0000610370 0.0001525925 0.0000000011
706 0.0000000175 0.0000516581 0.0001219265 0.0000000186 0.0000610370 0.0001220740 0.0000000001
707 0.0000000177 0.0000511343 0.0001227642 0.0000000158 0.0000305185 0.0001220740 0.0000000004
708 0.0000000178 0.0000506046 0.0001236060 0.0000000158 0.0000305185 0.0001220740 0.0000000004
709 0.0000000180 0.0000500688 0.0001244520 0.0000000093 0.0000305185 0.0000915555 0.0000000015
710 0.0000000182 0.0000495270 0.0001253022 0.0000000093 0.0000305185 0.0000915555 0.0000000015
711 0.0000000183 0.0000489790 0.0001261567 0.0000000158 0.0000305185 0.0001220740 0.0000000004
712 0.0000000185 0.0000484247 0.0001270155 0.0000000158 0.0000305185 0.0001220740 0.0000000003
713 0.0000000186 0.0000478641 0.0001278788 0.0000000158 0.0000305185 0.0001220740 0.0000000003
714 0.0000000188 0.0000472971 0.0001287464 0.0000000158 0.0000305185 0.0001220740 0.0000000003
715 0.0000000190 0.0000467236 0.0001296186 0.0000000158 0.0000305185 0.0001220740 0.0000000003
716 0.0000000192 0.0000461435 0.0001304953 0.0000000158 0.0000305185 0.0001220740 0.0000000003
717 0.0000000193 0.0000455568 0.0001313767 0.0000000149 0.0000000000 0.0001220740 0.0000000022
718 0.0000000195 0.0000449632 0.0001322627 0.0000000158 0.0000305185 0.0001220740 0.0000000003
719 0.0000000197 0.0000443628 0.0001331534 0.0000000158 0.0000305185 0.0001220740 0.0000000003
720 0.0000000199 0.0000437555 0.0001340489 0.0000000158 0.0000305185 0.0001220740 0.0000000003
721 0.0000000201 0.0000431411 0.0001349493 0.0000000149 0.0000000000 0.0001220740 0.0000000020
722 0.0000000203 0.0000425195 0.0001358545 0.0000000158 0.0000305185 0.0001220740 0.0000000003
723 0.0000000205 0.0000418907 0.0001367648 0.0000000158 0.0000305185 0.0001220740 0.0000000003
724 0.0000000207 0.0000412546 0.0001376801 0.0000000158 0.0000305185 0.0001220740 0.0000000004
725 0.0000000209 0.0000406110 0.0001386004 0.0000000158 0.0000305185 0.0001220740 0.0000000004
726 0.0000000211 0.0000399599 0.0001395260 0.0000000158 0.0000305185 0.0001220740 0.0000000004
727 0.0000000213 0.0000393012 0.0001404567 0.0000000149 0.0000000000 0.0001220740 0.0000000019
728 0.0000000215 0.0000386346 0.0001413928 0.0000000158 0.0000305185 0.0001220740 0.0000000004
729 0.0000000217 0.0000379602 0.0001423342 0.0000000158 0.0000305185 0.0001220740 0.0000000005
730 0.0000000219 0.0000372778 0.0001432811 0.0000000158 0.0000305185 0.0001220740 0.0000000005
731 0.0000000221 0.0000365873 0.0001442335 0.0000000233 0.0000000000 0.0001525925 0.0000000014
732 0.0000000224 0.0000358886 0.0001451914 0.0000000149 0.0000000000 0.0001220740 0.0000000018
733 0.0000000226 0.0000351816 0.0001461550 0.0000000158 0.0000305185 0.0001220740 0.0000000006
734 0.0000000228 0.0000344661 0.0001471243 0.0000000158 0.0000305185 0.0001220740 0.0000000006
735 0.0000000231 0.0000337420 0.0001480994 0.0000000242 0.0000305185 0.0001525925 0.0000000000
736 0.0000000233 0.0000330092 0.0001490804 0.0000000158 0.0000305185 0.0001220740 0.0000000007
737 0.0000000236 0.0000322676 0.0001500673 0.0000000149 0.0000000000 0.0001220740 0.0000000018
738 0.0000000238 0.0000315171 0.0001510603 0.0000000158 0.0000305185 0.0001220740 0.0000000008
739 0.0000000241 0.0000307574 0.0001520594 0.0000000149 0.0000000000 0.0001220740 0.0000000018
740 0.0000000243 0.0000299885 0.0001530647 0.0000000158 0.0000305185 0.0001220740 0.0000000010
741 0.0000000246 0.0000292103 0.0001540762 0.0000000233 0.0000000000 0.0001525925 0.0000000009
742 0.0000000249 0.0000284225 0.0001550942 0.0000000149 0.0000000000 0.0001220740 0.0000000019
743 0.0000000251 0.0000276251 0.0001561185 0.0000000242 0.0000305185 0.0001525925 0.0000000000
744 0.0000000254 0.0000268178 0.0001571494 0.0000000158 0.0000305185 0.0001220740 0.0000000012
745 0.0000000257 0.0000260006 0.0001581869 0.0000000233 0.0000000000 0.0001525925 0.0000000007
746 0.0000000260 0.0000251734 0.0001592312 0.0000000242 0.0000305185 0.0001525925 0.0000000001
747 0.0000000263 0.0000243358 0.0001602822 0.0000000233 0.0000000000 0.0001525925 0.0000000007
748 0.0000000266 0.0000234879 0.0001613402 0.0000000233 0.0000000000 0.0001525925 0.0000000006
749 0.0000000269 0.0000226293 0.0001624051 0.0000000233 0.0000000000 0.0001525925 0.0000000006
750 0.0000000272 0.0000217600 0.0001634771 0.0000000233 0.0000000000 0.0001525925 0.0000000006
751 0.0000000275 0.0000208798 0.0001645564 0.0000000149 0.0000000000 0.0001220740 0.0000000022
752 0.0000000278 0.0000199885 0.0001656429 0.0000000233 0.0000000000 0.0001525925 0.0000000006
753 0.0000000282 0.0000190860 0.0001667368 0.0000000242 0.0000305185 0.0001525925 0.0000000003
754 0.0000000285 0.0000181720 0.0001678382 0.0000000233 0.0000000000 0.0001525925 0.0000000006
755 0.0000000288 0.0000172463 0.0001689472 0.0000000233 0.0000000000 0.0001525925 0.0000000006
756 0.0000000292 0.0000163089 0.0001700640 0.0000000233 0.0000000000 0.0001525925 0.0000000006
757 0.0000000295 0.0000153595 0.0001711885 0.0000000233 0.0000000000 0.0001525925 0.0000000006
758 0.0000000299 0.0000143978 0.0001723210 0.0000000233 0.0000000000 0.0001525925 0.0000000006
759 0.0000000303 0.0000134237 0.0001734616 0.0000000242 -0.0000305185 0.0001525925 0.0000000024
760 0.0000000306 0.0000124371 0.0001746103 0.0000000233 0.0000000000 0.0001525925 0.0000000006
761 0.0000000310 0.0000114376 0.0001757673 0.0000000242 -0.0000305185 0.0001525925 0.0000000023
762 0.0000000314 0.0000104251 0.0001769327 0.0000000335 0.0000000000 0.0001831111 0.0000000001
763 0.0000000318 0.0000093994 0.0001781066 0.0000000335 0.0000000000 0.0001831111 0.0000000001
764 0.0000000322 0.0000083602 0.0001792892 0.0000000335 0.0000000000 0.0001831111 0.0000000001
765 0.0000000326 0.0000073073 0.0001804806 0.0000000233 0.0000000000 0.0001525925 0.0000000008
766 0.0000000330 0.0000062404 0.0001816809 0.0000000233 0.0000000000 0.0001525925 0.0000000009
767 0.0000000335 0.0000051595 0.0001828902 0.0000000335 0.0000000000 0.0001831111 0.0000000000
768 0.0000000339 0.0000040641 0.0001841087 0.0000000009 0.0000000000 -0.0000305185 0.0000000461
769 0.0000000344 0.0000029540 0.0001853365 0.0000000233 0.0000000000 0.0001525925 0.0000000011
770 0.0000000348 0.0000018291 0.0001865738 0.0000000345 -0.0000305185 0.0001831111 0.0000000011
771 0.0000000353 0.0000006889 0.0001878207 0.0000000242 -0.0000305185 0.0001525925 0.0000000022
772 0.0000000358 -0.0000004666 0.0001890774 0.0000000345 -0.0000305185 0.0001831111 0.0000000009
773 0.0000000362 -0.0000016378 0.0001903440 0.0000000345 -0.0000305185 0.0001831111 0.0000000009
774 0.0000000367 -0.0000028251 0.0001916206 0.0000000345 -0.0000305185 0.0001831111 0.0000000008
775 0.0000000372 -0.0000040285 0.0001929074 0.0000000345 -0.0000305185 0.0001831111 0.0000000008
776 0.0000000377 -0.0000052486 0.0001942046 0.0000000242 -0.0000305185 0.0001525925 0.0000000024
777 0.0000000383 -0.0000064855 0.0001955123 0.0000000345 -0.0000305185 0.0001831111 0.0000000007
778 0.0000000388 -0.0000077395 0.0001968308 0.0000000345 -0.0000305185 0.0001831111 0.0000000007
779 0.0000000393 -0.0000090110 0.0001981600 0.0000000345 -0.0000305185 0.0001831111 0.0000000007
780 0.0000000399 -0.0000103003 0.0001995004 0.0000000345 -0.0000305185 0.0001831111 0.0000000007
781 0.0000000405 -0.0000116076 0.0002008519 0.0000000345 -0.0000305185 0.0001831111 0.0000000007
782 0.0000000411 -0.0000129334 0.0002022149 0.0000000345 -0.0000305185 0.0001831111 0.0000000007
783 0.0000000417 -0.0000142780 0.0002035894 0.0000000335 0.0000000000 0.0001831111 0.0000000006
784 0.0000000423 -0.0000156418 0.0002049757 0.0000000466 -0.0000305185 0.0002136296 0.0000000003
785 0.0000000429 -0.0000170250 0.0002063740 0.0000000345 -0.0000305185 0.0001831111 0.0000000007
786 0.0000000435 -0.0000184281 0.0002077844 0.0000000466 -0.0000305185 0.0002136296 0.0000000002
787 0.0000000442 -0.0000198514 0.0002092072 0.0000000466 -0.0000305185 0.0002136296 0.0000000001
788 0.0000000448 -0.0000212953 0.0002106426 0.0000000345 -0.0000305185 0.0001831111 0.0000000008
789 0.0000000455 -0.0000227602 0.0002120907 0.0000000494 -0.0000610370 0.0002136296 0.0000000015
790 0.0000000462 -0.0000242465 0.0002135518 0.0000000466 -0.0000305185 0.0002136296 0.0000000000
791 0.0000000469 -0.0000257547 0.0002150262 0.0000000373 -0.0000610370 0.0001831111 0.0000000023
792 0.0000000476 -0.0000272851 0.0002165139 0.0000000373 -0.0000610370 0.0001831111 0.0000000023
793 0.0000000484 -0.0000288382 0.0002180154 0.0000000494 -0.0000610370 0.0002136296 0.0000000011
794 0.0000000491 -0.0000304145 0.0002195307 0.0000000345 -0.0000305185 0.0001831111 0.0000000013
795 0.0000000499 -0.0000320143 0.0002210601 0.0000000373 -0.0000610370 0.0001831111 0.0000000023
796 0.0000000507 -0.0000336382 0.0002226040 0.0000000494 -0.0000610370 0.0002136296 0.0000000008
797 0.0000000515 -0.0000352867 0.0002241625 0.0000000373 -0.0000610370 0.0001831111 0.0000000023
798 0.0000000523 -0.0000369601 0.0002257358 0.0000000494 -0.0000610370 0.0002136296 0.0000000007
799 0.0000000532 -0.0000386592 0.0002273244 0.0000000494 -0.0000610370 0.0002136296 0.0000000007
800 0.0000000540 -0.0000403843 0.0002289283 0.0000000494 -0.0000610370 0.0002136296 0.0000000007
801 0.0000000549 -0.0000421359 0.0002305480 0.0000000494 -0.0000610370 0.0002136296 0.0000000006
802 0.0000000558 -0.0000439148 0.0002321836 0.0000000466 -0.0000305185 0.0002136296 0.0000000005
803 0.0000000568 -0.0000457213 0.0002338356 0.0000000494 -0.0000610370 0.0002136296 0.0000000006
804 0.0000000577 -0.0000475562 0.0002355040 0.0000000633 -0.0000610370 0.0002441481 0.0000000003
805 0.0000000587 -0.0000494199 0.0002371894 0.0000000494 -0.0000610370 0.0002136296 0.0000000007
806 0.0000000597 -0.0000513131 0.0002388920 0.0000000494 -0.0000610370 0.0002136296 0.0000000007
807 0.0000000607 -0.0000532364 0.0002406121 0.0000000494 -0.0000610370 0.0002136296 0.0000000008
808 0.0000000618 -0.0000551905 0.0002423500 0.0000000633 -0.0000610370 0.0002441481 0.0000000000
809 0.0000000629 -0.0000571761 0.0002441060 0.0000000494 -0.0000610370 0.0002136296 0.0000000009
810 0.0000000640 -0.0000591937 0.0002458806 0.0000000633 -0.0000610370 0.0002441481 0.0000000000
811 0.0000000651 -0.0000612441 0.0002476741 0.0000000633 -0.0000610370 0.0002441481 0.0000000000
812 0.0000000663 -0.0000633281 0.0002494868 0.0000000680 -0.0000915555 0.0002441481 0.0000000008
813 0.0000000674 -0.0000654463 0.0002513191 0.0000000680 -0.0000915555 0.0002441481 0.0000000007
814 0.0000000687 -0.0000675995 0.0002531715 0.0000000680 -0.0000915555 0.0002441481 0.0000000007
815 0.0000000699 -0.0000697886 0.0002550441 0.0000000633 -0.0000610370 0.0002441481 0.0000000002
816 0.0000000712 -0.0000720143 0.0002569376 0.0000000680 -0.0000915555 0.0002441481 0.0000000005
817 0.0000000725 -0.0000742774 0.0002588523 0.0000000680 -0.0000915555 0.0002441481 0.0000000005
818 0.0000000739 -0.0000765788 0.0002607886 0.0000000680 -0.0000915555 0.0002441481 0.0000000005
819 0.0000000753 -0.0000789193 0.0002627470 0.0000000680 -0.0000915555 0.0002441481 0.0000000005
820 0.0000000767 -0.0000813000 0.0002647278 0.0000000680 -0.0000915555 0.0002441481 0.0000000005
821 0.0000000782 -0.0000837216 0.0002667317 0.0000000838 -0.0000915555 0.0002746666 0.0000000001
822 0.0000000797 -0.0000861853 0.0002687590 0.0000000680 -0.0000915555 0.0002441481 0.0000000006
823 0.0000000812 -0.0000886918 0.0002708102 0.0000000903 -0.0001220740 0.0002746666 0.0000000011
824 0.0000000828 -0.0000912424 0.0002728859 0.0000000838 -0.0000915555 0.0002746666 0.0000000000
825 0.0000000844 -0.0000938380 0.0002749865 0.0000000680 -0.0000915555 0.0002441481 0.0000000010
826 0.0000000861 -0.0000964797 0.0002771126 0.0000000745 -0.0001220740 0.0002441481 0.0000000017
827 0.0000000878 -0.0000991686 0.0002792647 0.0000000903 -0.0001220740 0.0002746666 0.0000000005
828 0.0000000896 -0.0001019059 0.0002814434 0.0000000903 -0.0001220740 0.0002746666 0.0000000005
829 0.0000000914 -0.0001046927 0.0002836493 0.0000000987 -0.0001525925 0.0002746666 0.0000000024
830 0.0000000933 -0.0001075304 0.0002858829 0.0000000903 -0.0001220740 0.0002746666 0.0000000003
831 0.0000000952 -0.0001104201 0.0002881449 0.0000001164 -0.0001525925 0.0003051851 0.0000000021
832 0.0000000972 -0.0001133631 0.0002904360 0.0014168609 -0.0210272530 0.0312204352 0.0013940556
833 0.0000000992 -0.0001163609 0.0002927567 0.0000000745 -0.0001220740 0.0002441481 0.0000000024
834 0.0000001013 -0.0001194148 0.0002951077 0.0000000987 -0.0001525925 0.0002746666 0.0000000015
835 0.0000001035 -0.0001225262 0.0002974897 0.0000000903 -0.0001220740 0.0002746666 0.0000000005
836 0.0000001057 -0.0001256967 0.0002999035 0.0000001164 -0.0001525925 0.0003051851 0.0000000008
837 0.0000001080 -0.0001289277 0.0003023498 0.0000000987 -0.0001525925 0.0002746666 0.0000000013
838 0.0000001104 -0.0001322209 0.0003048293 0.0000001164 -0.0001525925 0.0003051851 0.0000000004
839 0.0000001128 -0.0001355780 0.0003073428 0.0000001164 -0.0001525925 0.0003051851 0.0000000003
840 0.0000001154 -0.0001390005 0.0003098911 0.0000001164 -0.0001525925 0.0003051851 0.0000000002
841 0.0000001179 -0.0001424902 0.0003124752 0.0000000987 -0.0001525925 0.0002746666 0.0000000015
842 0.0000001206 -0.0001460491 0.0003150957 0.0000000987 -0.0001525925 0.0002746666 0.0000000017
843 0.0000001234 -0.0001496790 0.0003177537 0.0000001267 -0.0001831111 0.0003051851 0.0000000013
844 0.0000001262 -0.0001533817 0.0003204500 0.0000001164 -0.0001525925 0.0003051851 0.0000000002
845 0.0000001291 -0.0001571594 0.0003231857 0.0000001267 -0.0001831111 0.0003051851 0.0000000010
846 0.0000001322 -0.0001610142 0.0003259616 0.0000001267 -0.0001831111 0.0003051851 0.0000000009
847 0.0000001353 -0.0001649482 0.0003287788 0.0000001267 -0.0001831111 0.0003051851 0.0000000009
848 0.0000001385 -0.0001689636 0.0003316384 0.0000001267 -0.0001831111 0.0003051851 0.0000000009
849 0.0000001419 -0.0001730629 0.0003345415 0.0000001267 -0.0001831111 0.0003051851 0.0000000010
850 0.0000001453 -0.0001772483 0.0003374891 0.0000001267 -0.0001831111 0.0003051851 0.0000000011
851 0.0000001489 -0.0001815225 0.0003404825 0.0000001462 -0.0001831111 0.0003357036 0.0000000000
852 0.0000001526 -0.0001858881 0.0003435229 0.0000001462 -0.0001831111 0.0003357036 0.0000000001
853 0.0000001564 -0.0001903477 0.0003466115 0.0000001583 -0.0002136296 0.0003357036 0.0000000007
854 0.0000001603 -0.0001949042 0.0003497497 0.0000001583 -0.0002136296 0.0003357036 0.0000000005
855 0.0000001644 -0.0001995605 0.0003529388 0.0000001583 -0.0002136296 0.0003357036 0.0000000005
856 0.0000001686 -0.0002043196 0.0003561802 0.0000001583 -0.0002136296 0.0003357036 0.0000000005
857 0.0000001730 -0.0002091848 0.0003594753 0.0000001583 -0.0002136296 0.0003357036 0.0000000006
858 0.0000001775 -0.0002141592 0.0003628257 0.0000001583 -0.0002136296 0.0003357036 0.0000000007
859 0.0000001822 -0.0002192463 0.0003662330 0.0000001937 -0.0002441481 0.0003662221 0.0000000006
860 0.0000001871 -0.0002244497 0.0003696988 0.0000001937 -0.0002441481 0.0003662221 0.0000000004
861 0.0000001921 -0.0002297731 0.0003732247 0.0000001937 -0.0002441481 0.0003662221 0.0000000003
862 0.0000001973 -0.0002352204 0.0003768127 0.0000001937 -0.0002441481 0.0003662221 0.0000000002
863 0.0000002027 -0.0002407955 0.0003804644 0.0000001937 -0.0002441481 0.0003662221 0.0000000002
864 0.0000002084 -0.0002465027 0.0003841818 0.0000001937 -0.0002441481 0.0003662221 0.0000000003
865 0.0000002142 -0.0002523463 0.0003879670 0.0000002328 -0.0002746666 0.0003967406 0.0000000006
866 0.0000002203 -0.0002583309 0.0003918219 0.0000002096 -0.0002746666 0.0003662221 0.0000000009
867 0.0000002266 -0.0002644614 0.0003957488 0.0000002096 -0.0002746666 0.0003662221 0.0000000010
868 0.0000002331 -0.0002707426 0.0003997498 0.0000002096 -0.0002746666 0.0003662221 0.0000000011
869 0.0000002399 -0.0002771798 0.0004038275 0.0000002505 -0.0003051851 0.0003967406 0.0000000008
870 0.0000002470 -0.0002837785 0.0004079842 0.0000002505 -0.0003051851 0.0003967406 0.0000000006
871 0.0000002543 -0.0002905442 0.0004122224 0.0000002757 -0.0003051851 0.0004272591 0.0000000004
872 0.0000002620 -0.0002974831 0.0004165450 0.0000002505 -0.0003051851 0.0003967406 0.0000000005
873 0.0000002700 -0.0003046012 0.0004209546 0.0000002701 -0.0003357036 0.0003967406 0.0000000016
874 0.0000002783 -0.0003119052 0.0004254542 0.0000002701 -0.0003357036 0.0003967406 0.0000000014
875 0.0000002870 -0.0003194018 0.0004300469 0.0000002701 -0.0003357036 0.0003967406 0.0000000014
876 0.0000002960 -0.0003270983 0.0004347359 0.0000003167 -0.0003662221 0.0004272591 0.0000000016
877 0.0000003054 -0.0003350022 0.0004395245 0.0000002952 -0.0003357036 0.0004272591 0.0000000002
878 0.0000003152 -0.0003431213 0.0004444163 0.0000002952 -0.0003357036 0.0004272591 0.0000000003
879 0.0000003255 -0.0003514640 0.0004494150 0.0000003167 -0.0003662221 0.0004272591 0.0000000007
880 0.0000003362 -0.0003600391 0.0004545244 0.0000003437 -0.0003662221 0.0004577776 0.0000000000
881 0.0000003474 -0.0003688555 0.0004597487 0.0000003400 -0.0003967406 0.0004272591 0.0000000018
882 0.0000003591 -0.0003779231 0.0004650921 0.0000003670 -0.0003967406 0.0004577776 0.0000000004
883 0.0000003714 -0.0003872519 0.0004705591 0.0000003921 -0.0004272591 0.0004577776 0.0000000018
884 0.0000003842 -0.0003968527 0.0004761544 0.0000003670 -0.0003967406 0.0004577776 0.0000000003
885 0.0000003976 -0.0004067367 0.0004818831 0.0000004210 -0.0004272591 0.0004882962 0.0000000005
886 0.0000004117 -0.0004169158 0.0004877504 0.0000004210 -0.0004272591 0.0004882962 0.0000000001
887 0.0000004265 -0.0004274026 0.0004937618 0.0000004210 -0.0004272591 0.0004882962 0.0000000000
888 0.0000004420 -0.0004382103 0.0004999231 0.0000004480 -0.0004577776 0.0004882962 0.0000000005
889 0.0000004582 -0.0004493530 0.0005062406 0.0000004769 -0.0004882962 0.0004882962 0.0000000018
890 0.0000004753 -0.0004608454 0.0005127208 0.0000004769 -0.0004882962 0.0004882962 0.0000000014
891 0.0000004932 -0.0004727033 0.0005193704 0.0000004769 -0.0004882962 0.0004882962 0.0000000012
892 0.0000005121 -0.0004849433 0.0005261970 0.0000005383 -0.0005188147 0.0005188147 0.0000000012
893 0.0000005319 -0.0004975830 0.0005332080 0.0000005709 -0.0005188147 0.0005493332 0.0000000007
894 0.0000005528 -0.0005106412 0.0005404118 0.0000005709 -0.0005493332 0.0005188147 0.0000000020
895 0.0000005748 -0.0005241377 0.0005478171 0.0000005709 -0.0005493332 0.0005188147 0.0000000015
896 0.0000005981 -0.0005380937 0.0005554330 0.0009766230 -0.0000305185 -0.0312509537 0.0010119039
897 0.0000006226 -0.0005525317 0.0005632694 0.0000005709 -0.0005493332 0.0005188147 0.0000000020
898 0.0000006485 -0.0005674756 0.0005713367 0.0000006380 -0.0005798517 0.0005493332 0.0000000006
899 0.0000006758 -0.0005829510 0.0005796460 0.0000006725 -0.0005798517 0.0005798517 0.0000000000
900 0.0000007048 -0.0005989852 0.0005882093 0.0000007088 -0.0006103702 0.0005798517 0.0000000002
901 0.0000007354 -0.0006156073 0.0005970391 0.0000007088 -0.0006103702 0.0005798517 0.0000000003
902 0.0000007679 -0.0006328485 0.0006061489 0.0000007470 -0.0006408887 0.0005798517 0.0000000008
903 0.0000008024 -0.0006507421 0.0006155533 0.0000007870 -0.0006714072 0.0005798517 0.0000000017
904 0.0000008390 -0.0006693240 0.0006252678 0.0000008233 -0.0006714072 0.0006103702 0.0000000002
905 0.0000008778 -0.0006886326 0.0006353089 0.0000009090 -0.0007324442 0.0006103702 0.0000000025
906 0.0000009192 -0.0007087090 0.0006456945 0.0000009090 -0.0007324442 0.0006103702 0.0000000018
907 0.0000009632 -0.0007295979 0.0006564439 0.0000009472 -0.0007324442 0.0006408887 0.0000000003
908 0.0000010102 -0.0007513469 0.0006675776 0.0000009929 -0.0007629627 0.0006408887 0.0000000008
909 0.0000010603 -0.0007740078 0.0006791179 0.0000010404 -0.0007934812 0.0006408887 0.0000000018
910 0.0000011138 -0.0007976363 0.0006910890 0.0000010804 -0.0007934812 0.0006714072 0.0000000004
911 0.0000011711 -0.0008222929 0.0007035168 0.0000011298 -0.0008239998 0.0006714072 0.0000000010
912 0.0000012324 -0.0008480431 0.0007164295 0.0000012229 -0.0008545183 0.0007019257 0.0000000003
913 0.0000012982 -0.0008749579 0.0007298576 0.0000012760 -0.0008850368 0.0007019257 0.0000000009
914 0.0000013689 -0.0009031146 0.0007438345 0.0000013309 -0.0009155553 0.0007019257 0.0000000019
915 0.0000014449 -0.0009325974 0.0007583962 0.0000014315 -0.0009460738 0.0007324442 0.0000000009
916 0.0000015268 -0.0009634984 0.0007735823 0.0000015358 -0.0009765923 0.0007629627 0.0000000003
917 0.0000016151 -0.0009959179 0.0007894359 0.0000015833 -0.0009765923 0.0007934812 0.0000000004
918 0.0000017105 -0.0010299663 0.0008060042 0.0000017706 -0.0010681478 0.0007934812 0.0000000016
919 0.0000018137 -0.0010657645 0.0008233391 0.0000017706 -0.0010681478 0.0007934812 0.0000000009
920 0.0000019257 -0.0011034456 0.0008414976 0.0000019540 -0.0011291849 0.0008239998 0.0000000010
921 0.0000020473 -0.0011431566 0.0008605426 0.0000020239 -0.0011597034 0.0008239998 0.0000000016
922 0.0000021797 -0.0011850600 0.0008805436 0.0000022204 -0.0012207404 0.0008545183 0.0000000020
923 0.0000023241 -0.0012293358 0.0009015777 0.0000023489 -0.0012512589 0.0008850368 0.0000000008
924 0.0000024819 -0.0012761843 0.0009237305 0.0000025604 -0.0013122959 0.0009155553 0.0000000014
925 0.0000026548 -0.0013258289 0.0009470974 0.0000026414 -0.0013428144 0.0009155553 0.0000000013
926 0.0000028447 -0.0013785191 0.0009717850 0.0000028659 -0.0014038514 0.0009460738 0.0000000013
927 0.0000030537 -0.0014345352 0.0009979130 0.0000030996 -0.0014648885 0.0009765923 0.0000000014
928 0.0000032845 -0.0014941924 0.0010256159 0.0000033427 -0.0015259255 0.0010071108 0.0000000013
929 0.0000035400 -0.0015578470 0.0010550459 0.0000034368 -0.0015564440 0.0010071108 0.0000000023
930 0.0000038238 -0.0016259031 0.0010863752 0.0000038568 -0.0016479995 0.0010681478 0.0000000008
931 0.0000041399 -0.0016988208 0.0011198000 0.0000041279 -0.0017090365 0.0010986663 0.0000000006
932 0.0000044935 -0.0017771261 0.0011555446 0.0000044082 -0.0017700735 0.0011291849 0.0000000007
933 0.0000048902 -0.0018614237 0.0011938668 0.0000049251 -0.0018921476 0.0011597034 0.0000000021
934 0.0000053373 -0.0019524118 0.0012350640 0.0000054253 -0.0019837031 0.0012207404 0.0000000012
935 0.0000058433 -0.0020509007 0.0012794815 0.0000058723 -0.0020752586 0.0012512589 0.0000000014
936 0.0000064186 -0.0021578369 0.0013275224 0.0000064172 -0.0021668142 0.0013122959 0.0000000003
937 0.0000070761 -0.0022743325 0.0013796602 0.0000072657 -0.0023194067 0.0013733329 0.0000000021
938 0.0000078316 -0.0024017028 0.0014364551 0.0000077835 -0.0024109622 0.0014038514 0.0000000011
939 0.0000087050 -0.0025415157 0.0014985744 0.0000088081 -0.0025635548 0.0014954070 0.0000000005
940 0.0000097215 -0.0026956545 0.0015668199 0.0000098000 -0.0027161473 0.0015564440 0.0000000005
941 0.0000109130 -0.0028664020 0.0016421630 0.0000108459 -0.0028687399 0.0016174810 0.0000000006
942 0.0000123209 -0.0030565521 0.0017257927 0.0000124218 -0.0030823695 0.0017090365 0.0000000009
943 0.0000139994 -0.0032695611 0.0018191797 0.0000139055 -0.0032654805 0.0018005921 0.0000000004
944 0.0000160208 -0.0035097566 0.0019241653 0.0000160141 -0.0035096286 0.0019226661 0.0000000000
945 0.0000184825 -0.0037826305 0.0020430859 0.0000187338 -0.0038148137 0.0020447401 0.0000000010
946 0.0000215190 -0.0040952582 0.0021789514 0.0000216695 -0.0041199988 0.0021668142 0.0000000008
947 0.0000253196 -0.0044569144 0.0023357073 0.0000252329 -0.0044557024 0.0023194067 0.0000000003
948 0.0000301579 -0.0048799989 0.0025186278 0.0000301059 -0.0048829615 0.0025025178 0.0000000003
949 0.0000364401 -0.0053814738 0.0027349279 0.0000365566 -0.0054017762 0.0027161473 0.0000000008
950 0.0000447908 -0.0059851744 0.0029947456 0.0000450909 -0.0060121464 0.0029908139 0.0000000007
951 0.0000562094 -0.0067256829 0.0033127895 0.0000563531 -0.0067445906 0.0032959990 0.0000000006
952 0.0000723747 -0.0076551542 0.0037112420 0.0000723142 -0.0076601459 0.0036927396 0.0000000004
953 0.0000962828 -0.0088561017 0.0042251968 0.0000966073 -0.0088808863 0.0042115543 0.0000000008
954 0.0001337073 -0.0104672476 0.0049136535 0.0001343580 -0.0104983673 0.0049134800 0.0000000010
955 0.0001969604 -0.0127412081 0.0058840504 0.0001970687 -0.0127567370 0.0058595538 0.0000000008
956 0.0003162602 -0.0161915685 0.0073548158 0.0003167081 -0.0162053285 0.0073549608 0.0000000002
957 0.0005830745 -0.0220472148 0.0098485949 0.0005820823 -0.0220343638 0.0098269601 0.0000000006
958 0.0013922449 -0.0341628611 0.0150047947 0.0012011600 -0.0312509537 0.0149845882 0.0000084796
959 0.0065100797 -0.0740754018 0.0319830355 0.0019513377 -0.0312509537 0.0312204352 0.0018345149
960 0.3065840767 0.5097062599 -0.2162951809 0.0010593323 0.0090945158 -0.0312509537 0.2848534843
961 0.0040064592 0.0584211096 -0.0243604844 0.0015678217 0.0312204352 -0.0243537706 0.0007398767
962 0.0011426285 0.0312799671 -0.0128137483 0.0011390109 0.0312204352 -0.0128177740 0.0000000036
963 0.0005368402 0.0214951635 -0.0086485903 0.0005354174 0.0214545122 -0.0086672567 0.0000000020
964 0.0003129616 0.0164531290 -0.0065004707 0.0003118379 0.0164189581 -0.0065004425 0.0000000012
965 0.0002059344 0.0133792733 -0.0051893576 0.0002055964 0.0133671072 -0.0051881466 0.0000000001
966 0.0001464554 0.0113100973 -0.0043054745 0.0001460226 0.0112918485 -0.0043031098 0.0000000003
967 0.0001099487 0.0098227870 -0.0036689975 0.0001093821 0.0097964415 -0.0036622211 0.0000000007
968 0.0000859025 0.0087026073 -0.0031885985 0.0000853898 0.0086672567 -0.0032044435 0.0000000015
969 0.0000692048 0.0078289232 -0.0028129699 0.0000684461 0.0077822199 -0.0028077029 0.0000000022
970 0.0000571245 0.0071287448 -0.0025110676 0.0000569799 0.0071108127 -0.0025330363 0.0000000008
971 0.0000480934 0.0065553193 -0.0022630061 0.0000478925 0.0065309610 -0.0022888882 0.0000000013
972 0.0000411587 0.0060773146 -0.0020554580 0.0000408205 0.0060426649 -0.0020752586 0.0000000016
973 0.0000357135 0.0056729458 -0.0018791564 0.0000354567 0.0056459243 -0.0018921476 0.0000000009
974 0.0000313567 0.0053265966 -0.0017274580 0.0000309013 0.0052797021 -0.0017395550 0.0000000023
975 0.0000278141 0.0050267804 -0.0015954755 0.0000275688 0.0050050356 -0.0015869625 0.0000000005
976 0.0000248929 0.0047648601 -0.0014795337 0.0000245223 0.0047303690 -0.0014648885 0.0000000014
977 0.0000224547 0.0045342164 -0.0013768151 0.0000222870 0.0045167394 -0.0013733329 0.0000000003
978 0.0000203978 0.0043296912 -0.0012851241 0.0000202389 0.0043031098 -0.0013122959 0.0000000014
979 0.0000186459 0.0041472055 -0.0012027235 0.0000184646 0.0041199988 -0.0012207404 0.0000000011
980 0.0000171411 0.0039834918 -0.0011282213 0.0000170154 0.0039674062 -0.0011291849 0.0000000003
981 0.0000158388 0.0038359014 -0.0010604888 0.0000156937 0.0038148137 -0.0010681478 0.0000000005
982 0.0000147040 0.0037022655 -0.0009986010 0.0000146506 0.0036927396 -0.0010071108 0.0000000002
983 0.0000137090 0.0035807907 -0.0009417927 0.0000136447 0.0035706656 -0.0009460738 0.0000000001
984 0.0000128318 0.0034699816 -0.0008894251 0.0000126761 0.0034485916 -0.0008850368 0.0000000005
985 0.0000120546 0.0033685815 -0.0008409610 0.0000117959 0.0033265175 -0.0008545183 0.0000000020
986 0.0000113626 0.0032755267 -0.0007959452 0.0000113423 0.0032654805 -0.0008239998 0.0000000009
987 0.0000107440 0.0031899110 -0.0007539892 0.0000106559 0.0031739250 -0.0007629627 0.0000000003
988 0.0000101889 0.0031109576 -0.0007147596 0.0000100375 0.0030823695 -0.0007324442 0.0000000011
989 0.0000096891 0.0030379971 -0.0006779684 0.0000095792 0.0030213324 -0.0006714072 0.0000000003
990 0.0000092375 0.0029704498 -0.0006433656 0.0000092141 0.0029602954 -0.0006714072 0.0000000009
991 0.0000088284 0.0029078109 -0.0006107331 0.0000087783 0.0028992584 -0.0006103702 0.0000000001
992 0.0000084567 0.0028496392 -0.0005798797 0.0000084281 0.0028382214 -0.0006103702 0.0000000011
993 0.0000081183 0.0027955477 -0.0005506367 0.0000080145 0.0027771844 -0.0005493332 0.0000000003
994 0.0000078095 0.0027451951 -0.0005228552 0.0000076466 0.0027161473 -0.0005188147 0.0000000009
995 0.0000075271 0.0026982799 -0.0004964028 0.0000074818 0.0026856288 -0.0005188147 0.0000000007
996 0.0000072685 0.0026545349 -0.0004711614 0.0000072880 0.0026551103 -0.0004882962 0.0000000003
997 0.0000070314 0.0026137221 -0.0004470254 0.0000067814 0.0025635548 -0.0004577776 0.0000000026
998 0.0000068136 0.0025756295 -0.0004238999 0.0000067544 0.0025635548 -0.0004272591 0.0000000002
999 0.0000066133 0.0025400676 -0.0004016993 0.0000065988 0.0025330363 -0.0004272591 0.0000000007
1000 0.0000064290 0.0025068665 -0.0003803462 0.0000064200 0.0025025178 -0.0003967406 0.0000000003
1001 0.0000062594 0.0024758738 -0.0003597705 0.0000060949 0.0024414808 -0.0003662221 0.0000000012
1002 0.0000061031 0.0024469524 -0.0003399081 0.0000059254 0.0024109622 -0.0003357036 0.0000000013
1003 0.0000059591 0.0024199788 -0.0003207006 0.0000059254 0.0024109622 -0.0003357036 0.0000000003
1004 0.0000058265 0.0023948418 -0.0003020946 0.0000057597 0.0023804437 -0.0003051851 0.0000000002
1005 0.0000057044 0.0023714409 -0.0002840408 0.0000056153 0.0023499252 -0.0003051851 0.0000000009
1006 0.0000055920 0.0023496855 -0.0002664939 0.0000055976 0.0023499252 -0.0002746666 0.0000000001
1007 0.0000054887 0.0023294937 -0.0002494119 0.0000054551 0.0023194067 -0.0002746666 0.0000000007
1008 0.0000053939 0.0023107914 -0.0002327559 0.0000052986 0.0022888882 -0.0002441481 0.0000000006
1009 0.0000053071 0.0022935118 -0.0002164894 0.0000051459 0.0022583697 -0.0002136296 0.0000000012
1010 0.0000052277 0.0022775947 -0.0002005787 0.0000051459 0.0022583697 -0.0002136296 0.0000000005
1011 0.0000051553 0.0022629858 -0.0001849920 0.0000050090 0.0022278512 -0.0002136296 0.0000000021
1012 0.0000050897 0.0022496363 -0.0001696993 0.0000049969 0.0022278512 -0.0001831111 0.0000000007
1013 0.0000050303 0.0022375025 -0.0001546724 0.0000048618 0.0021973327 -0.0001831111 0.0000000024
1014 0.0000049771 0.0022265453 -0.0001398845 0.0000049866 0.0022278512 -0.0001525925 0.0000000002
1015 0.0000049296 0.0022167300 -0.0001253101 0.0000048432 0.0021973327 -0.0001220740 0.0000000004
1016 0.0000048877 0.0022080260 -0.0001109249 0.0000048432 0.0021973327 -0.0001220740 0.0000000002
1017 0.0000048511 0.0022004065 -0.0000967055 0.0000047100 0.0021668142 -0.0001220740 0.0000000018
1018 0.0000048198 0.0021938483 -0.0000826294 0.0000047035 0.0021668142 -0.0000915555 0.0000000008
1019 0.0000047935 0.0021883316 -0.0000686749 0.0000047035 0.0021668142 -0.0000915555 0.0000000010
1020 0.0000047722 0.0021838400 -0.0000548208 0.0000046988 0.0021668142 -0.0000610370 0.0000000003
1021 0.0000047557 0.0021803602 -0.0000410463 0.0000046988 0.0021668142 -0.0000610370 0.0000000006
1022 0.0000047439 0.0021778818 -0.0000273313 0.0000045647 0.0021362957 -0.0000305185 0.0000000017
1023 0.0000047369 0.0021763977 -0.0000136558 0.0000045647 0.0021362957 -0.0000305185 0.0000000019
