#int double real img int16 real16 img16 error
0 5.9604528246 2.4414038635 0.0000000000 0.0006556175 0.0256050295 0.0000000000 5.8360840065
1 5.9633955465 2.4419583903 0.0153220867 0.0227623700 0.1429486984 -0.0482497635 5.2894869439
2 5.9722366731 2.4436235908 0.0306662637 0.0295359228 0.0567033906 -0.1622363964 5.7345994783
3 5.9870152141 2.4464043362 0.0460547290 0.0029095446 -0.0521866512 0.0136417737 6.2440075219
4 6.0077966101 2.4503087852 0.0615098971 0.1474243267 -0.3234351634 -0.2069154942 7.7657076830
5 6.0346733770 2.4553484436 0.0770545097 0.1148957561 -0.1789910581 0.2878505814 6.9841795940
6 6.0677660242 2.4615382499 0.0927117506 0.0277454399 -0.0889309366 -0.1408429212 6.5594408559
7 6.1072242614 2.4688966862 0.1085053641 0.0959442739 -0.2837000641 0.1243324076 7.5770393652
8 6.1532285161 2.4774459185 0.1244597806 0.0512796730 -0.2085940123 0.0881374554 7.2161298210
9 6.2059917897 2.4872119652 0.1406002481 0.0232343568 0.1221655934 -0.0911587878 5.6471565915
10 6.2657618844 2.4982248995 0.1569529741 0.0335586083 0.0854823450 0.1620227668 5.8213523367
11 6.3328240433 2.5105190858 0.1735452767 0.0542573219 -0.1099887082 0.2053285318 6.8680712736
12 6.4075040549 2.5241334564 0.1904057491 0.0749168169 -0.2721335490 -0.0293282876 7.8673922123
13 6.4901718803 2.5391118298 0.2075644388 0.0459024433 0.2017578661 0.0720847194 5.4815783056
14 6.5812458780 2.5555032783 0.2250530435 0.0312883318 -0.1098055971 0.1386761071 7.1113323766
15 6.6811977131 2.5733625497 0.2429051270 0.1819255692 -0.4130069887 0.1065401166 8.9369984364
16 6.7905580552 2.5927505494 0.2611563592 0.0112991831 0.1044648579 0.0196539201 6.2498891103
17 6.9099231907 2.6137348926 0.2798447821 0.3307385593 -0.5693838313 0.0808740501 10.1718341624
18 7.0399627012 2.6363905361 0.2990111078 0.0086097803 -0.0437635426 0.0818201239 7.2303978088
19 7.1814283901 2.6608005006 0.3186990529 0.1230267133 -0.3481246376 0.0428479873 9.1297242974
20 7.3351646760 2.6870566981 0.3389557159 0.0123485311 -0.0675984985 0.0881984924 7.6510044371
21 7.5021207212 2.7152608807 0.3598320038 0.4459627906 -0.6666158025 -0.0398266549 11.5968169437
22 7.6833646179 2.7455257302 0.3813831179 0.0162970135 -0.0364391003 -0.1223487045 7.9930740672
23 7.8801000290 2.7779761124 0.4036691070 0.0475718850 -0.2167424543 0.0243842891 9.1121962669
24 8.0936857679 2.8127505239 0.4267555019 0.0052816850 -0.0183721427 0.0703146458 8.1423056370
25 8.3256589151 2.8500027657 0.4507140452 0.0806592200 0.2619708853 0.1096835231 6.8142108308
26 8.5777622121 2.8899038854 0.4756235333 0.0448795419 0.1666920988 0.1307412946 7.5348261933
27 8.8519766513 2.9326444365 0.5015707929 0.0462099662 0.1506698813 -0.1533249916 8.1682709145
28 9.1505604136 2.9784371185 0.5286518183 0.0235298900 -0.0691854610 0.1369060335 9.4414681466
29 9.4760956010 3.0275198705 0.5569731006 0.0344317159 0.1170079653 0.1440168462 8.6416124181
30 9.8315445957 3.0801595139 0.5866531894 0.0147739064 0.0705587939 0.0989715262 9.2955298984
31 10.2203183790 3.1366560573 0.6178245358 0.0179879180 -0.0239570299 -0.1319620350 10.5516549891
32 10.6463598003 3.1973478096 0.6506356775 0.0111981359 0.0434278390 0.0964995270 10.2542780543
33 11.1142456611 3.2626174813 0.6852538448 0.2019397981 -0.0270699179 0.4485610523 10.8780666625
34 11.6293126392 3.3328995049 0.7218680833 0.0457561562 -0.1333658864 -0.1672414319 12.8055114928
35 12.1978136493 3.4086888653 0.7606930187 0.0367345590 0.0645771661 -0.1804559465 12.0688444320
36 12.8271133663 3.4905518179 0.8019734239 0.0900870942 -0.2790612506 -0.1105075228 15.0426041649
37 13.5259345621 3.5791389789 0.8459897942 0.1343618207 -0.1649525437 -0.3273415326 15.3949277322
38 14.3046709710 3.6752014251 0.8930652026 0.0181077390 -0.0724814600 0.1133762627 14.6530418502
39 15.1757880926 3.7796106408 0.9435737898 0.0217533173 -0.0253303629 0.1452986236 15.1148192821
40 16.1543414362 3.8933834269 0.9979513653 0.3636253385 -0.2213202307 0.5609302042 17.1217736852
41 17.2586533589 4.0177132752 1.0567087569 0.0225435918 0.0244758446 0.1481368450 16.7714480965
42 18.5112066412 4.1540102520 1.1204487797 0.0787335744 0.1567430647 -0.2327341533 17.8092490166
43 19.9398381302 4.3039522101 1.1898880213 0.0144491381 0.1186864834 -0.0190435499 18.9779647475
44 21.5793536992 4.4695512700 1.2658851227 0.0454184809 -0.0995208594 0.1884517960 22.0372826974
45 23.4737439292 4.6532411560 1.3494779261 0.0952479458 -0.2199163793 0.2165288247 25.0312380303
46 25.6792708229 4.8579934415 1.4419329200 0.0208789122 0.0961943419 -0.1078218940 25.0764706482
47 28.2688410865 5.0874745176 1.5448120012 0.0182672359 0.0505691702 -0.1253395184 28.1598215774
48 31.3383189957 5.3462609608 1.6600640755 0.2130031243 -0.3540757469 0.2960295419 34.3544287903
49 35.0158305363 5.6401403195 1.7901529857 0.1019242076 -0.0153202918 0.3188879055 34.1488556621
50 39.4757995353 5.9765396453 1.9382397693 2.0000610380 1.0000000000 -1.0000305185 33.3993791255
51 44.9606868669 6.3651498802 2.1084482135 0.3274637147 0.4089785455 -0.4002502518 41.7695449586
52 51.8156834793 6.8188591461 2.3062617859 0.7298569234 -0.6197393719 0.5880306406 58.2850661810
53 60.5460132798 7.3551892471 2.5391345806 0.0904400060 0.2346568194 0.1880855739 56.2294134871
54 71.9154374639 7.9985831841 2.8174641987 0.0611139658 -0.1420331431 0.2023377178 73.1085206976
55 87.1237289940 8.7841962950 3.1562041197 0.0407246509 0.1594286935 -0.1237220374 85.1445317757
56 108.1448826023 9.7644859773 3.5776663067 0.1941264673 0.4254585406 -0.1145054476 100.8495657256
57 138.4171968680 11.0213483173 4.1166829047 0.0057074372 0.0610980560 -0.0444349498 137.4419875889
58 184.3764379939 12.6901378452 4.8308218207 1.0033199429 1.0000000000 -0.0576189459 160.5561759686
59 259.2560318292 15.0117915318 5.8225550091 0.1205626894 -0.2273628956 -0.2624286630 269.2588539526
60 393.9952791967 18.4607144121 7.2936480989 0.3423474550 0.5785393841 -0.0874050111 374.2521287449
61 675.8417299418 24.1179701193 9.7038779498 0.0059169613 -0.0343638417 0.0688192389 676.1695921271
62 1438.4840430424 35.0967003752 14.3772621113 0.0246213885 -0.1556138798 0.0201422163 1448.8525520141
63 5043.8333534199 65.5495630598 27.3329130554 0.0208277646 -0.1405682546 0.0326853236 5060.4957863098
64 385966.4849718934 571.8998298919 242.6871845431 0.6087212391 -0.7374797815 -0.2546464431 386934.2216729393
65 8195.7047875332 -83.1139678500 -35.8855560882 0.1217723129 0.2670064394 0.2246772668 8256.3358264034
66 1752.7325406382 -38.3313606495 -16.8356565479 0.0378654110 0.1506698813 -0.1231421857 1760.1748100750
67 734.0473091658 -24.7373818966 -11.0503052477 0.0631162304 0.2497634816 -0.0271004364 745.8684784606
68 398.1480105206 -18.1672386566 -8.2522390970 0.0018674949 -0.0113834040 -0.0416882839 397.0482246066
69 247.9584952631 -14.2958706602 -6.6020131271 0.0581544453 0.2050843837 0.1268654439 255.5555040072
70 168.3274698398 -11.7444449317 -5.5132098715 1.3572225446 0.9147007660 0.7214880825 199.1254283727
71 121.2128968759 -9.9367095905 -4.7407488217 0.0014355211 -0.0233771783 -0.0298165838 120.4670420656
72 91.1143532185 -8.5892243299 -4.1640819671 0.0734310647 -0.2433240761 -0.1192663350 86.0145845450
73 70.7634228671 -7.5463403472 -3.7170109269 0.6319946291 0.4447157201 0.6589556566 83.0060606112
74 56.3882931441 -6.7154761034 -3.3601597952 1.3403104164 0.5833613086 1.0000000000 72.2840210064
75 45.8753557680 -6.0381128627 -3.0686395723 0.1361931958 -0.0499893185 -0.3656422620 43.1638180403
76 37.9665155692 -5.4754488221 -2.8259468796 0.5302674846 0.0303659169 0.7275612659 42.9414160802
77 31.8755064351 -5.0007402523 -2.6207066536 0.5093050034 -0.0689413129 -0.7103183081 27.9722244093
78 27.0907771443 -4.5949552960 -2.4448237099 1.0132329950 -0.1385845515 -0.9970091861 21.9554071072
79 23.2680804001 -4.2441812089 -2.2923800440 0.0873529675 0.0259712516 0.2944120609 24.9256954296
80 20.1689970630 -3.9380117273 -2.1589489801 0.0412821727 0.0937223426 -0.1802728355 20.1700388957
81 17.6242568140 -3.6685079182 -2.0411532201 0.0046410730 0.0586260567 0.0346995453 18.2006923705
82 15.5110580722 -3.4295078937 -1.9363712658 0.1763620152 0.0910977508 0.4099551378 17.8999116965
83 13.7386025989 -3.2161559895 -1.8425371774 0.5735122879 0.0876186407 -0.7522202216 12.1037178713
84 12.2386152672 -3.0245740993 -1.7580007922 0.1645897137 0.0060121464 -0.4056520280 11.0133001723
85 10.9589798826 -2.8516274903 -1.6814281248 0.0000491042 0.0061342204 -0.0033875546 10.9826221509
86 9.8593744243 -2.6947548612 -1.6117290909 0.0779637241 0.0503860591 -0.2746360668 9.3236164276
87 8.9082195681 -2.5518429803 -1.5480041899 0.0516698986 -0.1572313608 -0.1641590625 7.6491921449
88 8.0805081196 -2.4211328338 -1.4895045891 0.0772149677 -0.0856349376 -0.2643513291 6.9555509335
89 7.3562366519 -2.3011484129 -1.4356018367 0.3664318231 -0.5579393902 0.2348094119 5.8290514363
90 6.7192559730 -2.1906420178 -1.3857645986 0.1879176546 -0.4040345470 0.1570787683 5.5723319097
91 6.1564174983 -2.0885517728 -1.3395405895 0.4331483043 0.3201391644 -0.5750297555 6.3862688459
92 5.6569317116 -1.9939682882 -1.2965423931 0.2228448802 0.0677510910 -0.4671773431 4.9385331850
93 5.2118806631 -1.9061082506 -1.2564362300 0.3443506872 -0.4659566027 0.3567003388 4.6762463586
94 4.8138437174 -1.8242933169 -1.2189329807 0.0143449726 -0.1183812983 -0.0181890316 4.3519218464
95 4.4566075071 -1.7479331112 -1.1837809536 0.1198873537 -0.3460798975 0.0107730338 3.3921516616
96 4.1349391603 -1.6765114225 -1.1507600143 0.0856573578 -0.2916653951 0.0242622150 3.2984757591
97 3.8444075354 -1.6095749217 -1.1196767867 0.0039637440 -0.0615558336 -0.0132145146 3.6206218568
98 3.5812412170 -1.5467238771 -1.0903607041 0.1631286886 -0.4038819544 0.0028382214 2.5011715509
99 3.3422148983 -1.4876044677 -1.0626607388 0.1688950635 0.4109317301 -0.0054933317 4.7220426212
100 3.1245578630 -1.4319023825 -1.0364426805 0.1711934136 -0.4136173589 0.0106814783 2.1333733932
101 2.9258797964 -1.3793374606 -1.0115868554 0.0185006228 0.1320841090 0.0324716941 3.3744534160
102 2.7441102877 -1.3296591816 -0.9879862086 0.0100374406 -0.0091860714 -0.0997650075 2.5325861371
103 2.5774492145 -1.2826428511 -0.9655446810 0.1507559463 -0.3791009247 -0.0838953825 1.5936934982
104 2.4243258375 -1.2380863610 -0.9441758312 0.0638475877 -0.1684621723 0.1883297220 2.4266647330
105 2.2833649039 -1.1958074251 -0.9238016594 0.1476296037 0.3554185614 0.1459700308 3.5507135303
106 2.1533584249 -1.1556412108 -0.9043516003 0.0132939976 0.0305490280 -0.1111789300 2.0361701673
107 2.0332420707 -1.1174383025 -0.8857616557 0.0108391264 0.0386974700 -0.0966521195 1.9593437847
108 1.9220753409 -1.0810629437 -0.8679736475 0.1202357157 -0.2643208106 0.2244331187 1.8604202548
109 1.8190248397 -1.0463915135 -0.8509345687 0.0409181216 -0.1490524003 -0.1367534410 1.3152721673
110 1.7233501127 -1.0133112033 -0.8345960209 0.0144617984 0.0863368633 0.0837122715 2.0525159902
111 1.6343916094 -0.9817188623 -0.8189137225 0.0033477819 0.0061952574 -0.0575273904 1.5556834546
112 1.5515604147 -0.9515199879 -0.8038470796 0.0520068493 -0.2186346019 -0.0648518326 1.0832349640
113 1.4743294604 -0.9226278404 -0.7893588085 0.0040574287 -0.0578020569 0.0267647328 1.4139812704
114 1.4022259783 -0.8949626635 -0.7754146047 0.0062884727 -0.0695211646 -0.0381481368 1.2249155128
115 1.3348249991 -0.8684509976 -0.7619828501 0.0196455433 -0.1292458876 -0.0542313913 1.0473363220
116 1.2717437359 -0.8430250719 -0.7490343544 0.0542847128 -0.2136295663 0.0929898984 1.1051435446
117 1.2126367170 -0.8186222658 -0.7365421257 0.0807280648 0.0604266488 -0.2776268807 0.9833301963
118 1.1571915580 -0.7951846306 -0.7244811669 0.0330710479 -0.0771507920 -0.1646778771 0.8289523167
119 1.1051252769 -0.7726584626 -0.7128282942 0.0057055828 -0.0755333110 -0.0005493332 0.9933247954
120 1.0561810772 -0.7509939233 -0.7015619747 0.0158174947 -0.1140781884 -0.0529496139 0.8263596479
121 1.0101255305 -0.7301446986 -0.6906621819 0.0838865372 0.0097354045 0.2894680624 1.5080778629
122 0.9667461036 -0.7100676939 -0.6801102658 0.0502295017 0.0763878292 -0.2106997894 0.8388584852
123 0.9258489837 -0.6907227603 -0.6698888356 0.0672229551 -0.2031922361 0.1610461745 0.9281390031
124 0.8872571611 -0.6720724481 -0.6599816555 0.1055310555 -0.0526139103 0.3205664235 1.3452034154
125 0.8508087348 -0.6540817844 -0.6503735496 0.0437854775 0.1747795038 -0.1150547807 0.9735772194
126 0.8163554127 -0.6367180731 -0.6410503163 0.0149278783 -0.0204474013 -0.1204565569 0.6508074032
127 0.7837611816 -0.6199507127 -0.6319986514 0.0108966037 -0.1043733024 -0.0016785180 0.6631235366
128 0.7529011247 -0.6037510327 -0.6232060777 0.0025122144 0.0089419233 0.0493179113 0.8276811741
129 0.7236603687 -0.5880921436 -0.6146608815 0.1264774703 -0.2355723746 0.2664265877 0.9005853160
130 0.6959331444 -0.5729488023 -0.6063520548 0.0108573777 0.1026947844 0.0176396985 0.8458599644
131 0.6696219484 -0.5582972879 -0.5982692426 0.1433964544 0.3545640431 -0.1329691458 1.0498199897
132 0.6446367907 -0.5441152895 -0.5904026952 0.3606790594 -0.2953276162 0.5229346599 1.3014153726
133 0.6208945227 -0.5303818036 -0.5827432240 0.1759451437 0.3669240394 0.2032532731 1.4229482694
134 0.5983182311 -0.5170770404 -0.5752821616 0.0175102200 0.0958891568 0.0911893063 0.8199117764
135 0.5768366951 -0.5041823375 -0.5680113253 0.0474047956 -0.1526841029 0.1552171392 0.6466104208
136 0.5563838960 -0.4916800814 -0.5609229836 0.1685571916 0.3655507065 0.1868953520 1.2940768868
137 0.5368985752 -0.4795536356 -0.5540098247 0.0295170717 -0.0640278329 -0.1594286935 0.3283559618
138 0.5183238357 -0.4677872735 -0.5472649289 0.1605762368 0.3937803278 -0.0742515336 0.9660404038
139 0.5006067803 -0.4563661183 -0.5406817422 0.0611642864 0.2447584460 -0.0354625080 0.7468221293
140 0.4836981853 -0.4452760860 -0.5342540525 0.0022701526 0.0395214698 0.0266121403 0.5495995562
141 0.4675522034 -0.4345038341 -0.5279759669 0.0447861953 -0.1243934446 -0.1712088382 0.2234512378
142 0.4521260946 -0.4240367134 -0.5218418920 0.0079792393 0.0412610248 -0.0792260506 0.4124107683
143 0.4373799814 -0.4138627245 -0.5158465147 0.0067042898 0.0066835536 -0.0816064943 0.3654235672
144 0.4232766259 -0.4039704761 -0.5099847845 0.0127018042 0.1068453017 -0.0358592486 0.4857277825
145 0.4097812266 -0.3943491478 -0.5042518976 0.0653178781 0.1637012848 0.1962645344 0.8021435570
146 0.3968612333 -0.3849884551 -0.4986432820 0.0000393387 -0.0034791101 -0.0052186651 0.3890172329
147 0.3844861774 -0.3758786164 -0.4931545834 0.1115405092 0.2214423048 0.2500076296 0.9090823578
148 0.3726275177 -0.3670103234 -0.4877816522 0.0008958501 -0.0267952513 -0.0133365886 0.3408444136
149 0.3612584982 -0.3583747127 -0.4825205317 0.0953180228 0.2938932463 0.0945768609 0.7584948908
150 0.3503540188 -0.3499633399 -0.4773674470 0.0930091602 -0.0012512589 -0.3049714652 0.1513204900
151 0.3398905155 -0.3417681554 -0.4723187943 0.1451548168 -0.0425122837 -0.3786126286 0.0983349223
152 0.3298458520 -0.3337814818 -0.4673711314 0.0698548909 0.0581682791 0.2578203681 0.6795273259
153 0.3201992186 -0.3259959926 -0.4625211687 0.0034894028 0.0465407270 0.0363780633 0.3876840510
154 0.3109310400 -0.3184046927 -0.4577657607 0.0216743335 0.0871913816 -0.1186254463 0.2795243283
155 0.3020228900 -0.3110009002 -0.4531018981 0.1304058350 0.2101809748 -0.2936490982 0.2970557422
156 0.2934574135 -0.3037782291 -0.4485267005 0.0315153584 0.1764580218 -0.0194402905 0.4147420039
157 0.2852182540 -0.2967305731 -0.4440374095 0.0469810133 -0.1256141850 -0.1766411328 0.1007815870
158 0.2772899868 -0.2898520910 -0.4396313821 0.0794345287 -0.1169164098 0.2564470351 0.5144319128
159 0.2696580572 -0.2831371922 -0.4353060850 0.0740323548 0.0268562883 -0.2707602161 0.1231713009
160 0.2623087238 -0.2765805236 -0.4310590885 0.3381035697 -0.2801904355 0.5095065157 0.8846766872
161 0.2552290055 -0.2701769578 -0.4268880614 0.0464371566 -0.0932950835 0.1942503128 0.4171000774
162 0.2484066327 -0.2639215805 -0.4227907663 0.0474581944 0.1067232276 -0.1899166845 0.1916079118
163 0.2418300019 -0.2578096805 -0.4187650541 0.0214938760 -0.0166020692 0.1456648457 0.3767622236
164 0.2354881340 -0.2518367392 -0.4148088606 0.0615831128 0.2411572619 -0.0585345012 0.3699745043
165 0.2293706350 -0.2459984205 -0.4109202016 0.1622101296 0.3225501267 0.2411877804 0.7484922706
166 0.2234676596 -0.2402905625 -0.4070971692 0.1344990436 -0.2638325144 0.2547379986 0.4385800128
167 0.2177698782 -0.2347091686 -0.4033379283 0.0954874417 -0.3061311686 0.0420850246 0.2035027090
168 0.2122684450 -0.2292503992 -0.3996407130 0.0925108108 0.2825403607 -0.1126133000 0.3443145178
169 0.2069549690 -0.2239105647 -0.3960038232 0.0013500950 0.0111697745 0.0350047304 0.2410311391
170 0.2018214869 -0.2186861180 -0.3924256218 0.5505101221 0.6350596637 -0.3836787011 0.7289583683
171 0.1968604377 -0.2135736477 -0.3889045316 0.0210824112 -0.0884121220 -0.1151768548 0.0905922486
172 0.1920646393 -0.2085698721 -0.3854390325 0.1854462207 0.2765282144 -0.3301187170 0.2383804908
173 0.1874272662 -0.2036716329 -0.3820276589 0.0401948375 -0.1229895932 0.1583300272 0.2984960205
174 0.1829418292 -0.1988758894 -0.3786689977 0.1261400577 -0.3245033113 0.1443525498 0.2893337883
175 0.1786021559 -0.1941797136 -0.3753616853 0.0306281189 -0.1121250038 -0.1343729972 0.0648085232
176 0.1744023730 -0.1895802847 -0.3721044057 0.7437326811 0.8619647816 -0.0273751030 1.2245853186
177 0.1703368893 -0.1850748844 -0.3688958884 0.0033349428 0.0173345134 0.0550859096 0.2207301294
178 0.1664003800 -0.1806608925 -0.3657349067 0.3093737036 0.5290993988 0.1715445418 0.7924288768
179 0.1625877721 -0.1763357823 -0.3626202752 0.2368736421 -0.4862514115 -0.0208136235 0.2128794844
180 0.1588942304 -0.1720971169 -0.3595508486 0.4212517289 -0.5893734550 -0.2718283639 0.1818147766
181 0.1553151447 -0.1679425449 -0.3565255199 0.0724029214 -0.2466505936 -0.1075472274 0.0681851470
182 0.1518461176 -0.1638697970 -0.3535432183 0.5628968165 -0.7112643818 -0.2387462996 0.3128191641
183 0.1484829530 -0.1598766823 -0.3506029084 0.0452058050 0.0939970092 0.1907101657 0.3574716955
184 0.1452216456 -0.1559610853 -0.3477035885 0.9610671956 0.7943357646 0.5745414594 1.7536000314
185 0.1420583708 -0.1521209625 -0.3448442889 0.0422423280 -0.1954710532 -0.0635090182 0.0810287649
186 0.1389894750 -0.1483543392 -0.3420240709 0.0944013098 0.2828455458 0.1199987793 0.3993984549
187 0.1360114672 -0.1446593073 -0.3392420257 0.1072485079 -0.1741386151 -0.2773522141 0.0046993784
188 0.1331210099 -0.1410340220 -0.3364972728 0.6174077017 0.5291604358 0.5808587909 1.2907027587
189 0.1303149121 -0.1374766993 -0.3337889592 0.0723001167 -0.1271095920 -0.2369457076 0.0094860923
190 0.1275901212 -0.1339856139 -0.3311162582 0.1920063683 -0.1937620167 -0.3930173650 0.0074049654
191 0.1249437163 -0.1305590964 -0.3284783686 0.0064266344 -0.0735496078 -0.0318918424 0.0912136493
192 0.1223729015 -0.1271955315 -0.3258745131 0.2495667081 -0.2442701498 -0.4357737968 0.0257843188
193 0.1198750000 -0.1238933557 -0.3233039382 0.0466405308 -0.0709250160 0.2039857173 0.2808400258
194 0.1174474477 -0.1206510549 -0.3207659126 0.0566059339 0.1874752037 0.1464888455 0.3132688002
195 0.1150877882 -0.1174671631 -0.3182597270 0.1427941751 0.0731223487 -0.3707388531 0.0390784207
196 0.1127936672 -0.1143402604 -0.3157846926 0.8224180128 -0.2323068941 -0.8766136662 0.3284452643
197 0.1105628277 -0.1112689707 -0.3133401409 0.1164163596 -0.3059785760 0.1509750664 0.2535004421
198 0.1083931055 -0.1082519609 -0.3109254226 0.1630357369 -0.1185949278 0.3859675893 0.4857668471
199 0.1062824244 -0.1052879386 -0.3085399072 0.1091918423 0.0777001251 -0.3211767937 0.0336443224
200 0.1042287924 -0.1023756508 -0.3061829821 0.3404345460 0.2338328196 -0.5345622120 0.1651932082
201 0.1022302976 -0.0995138824 -0.3038540519 1.1074723966 -0.3278298288 1.0000000000 1.7521635601
202 0.1002851046 -0.0967014549 -0.3015525380 1.0795189396 -0.2819910276 1.0000000000 1.7283712350
203 0.0983914505 -0.0939372252 -0.2992778779 0.2997324206 0.3182470168 -0.4454786828 0.1912705247
204 0.0965476422 -0.0912200838 -0.2970295246 0.0256305651 0.0491042817 -0.1523789178 0.0406147256
205 0.0947520528 -0.0885489540 -0.2948069462 0.1508693325 0.2191534165 -0.3206884976 0.0953506036
206 0.0930031187 -0.0859227908 -0.2926096251 0.2236643609 -0.3262123478 0.3424176763 0.4609987448
207 0.0912993367 -0.0833405793 -0.2904370578 0.4592804610 0.4275643178 -0.5258033998 0.3164211287
208 0.0896392614 -0.0808013340 -0.2882887543 0.0070336824 -0.0282906583 -0.0789513840 0.0465795057
209 0.0880215027 -0.0783040980 -0.2861642376 0.4151800590 -0.3809930723 0.5196386608 0.7409389263
210 0.0864447228 -0.0758479413 -0.2840630434 0.0243205939 -0.1544846950 -0.0213324381 0.0752111100
211 0.0849076348 -0.0734319604 -0.2819847193 0.8540487085 0.7013763848 -0.6017639698 0.7025867408
212 0.0834089996 -0.0710552773 -0.2799288252 0.0334715532 0.1732840968 -0.0586870937 0.1086496335
213 0.0819476245 -0.0687170385 -0.2778949318 0.0594899204 0.2437208167 -0.0094912564 0.1696579463
214 0.0805223608 -0.0664164142 -0.2758826213 0.3422842404 0.5745719779 -0.1102328562 0.4383059635
215 0.0791321020 -0.0641525977 -0.2738914862 0.0115325635 -0.0574968719 -0.0907010102 0.0336030492
216 0.0777757821 -0.0619248042 -0.2719211296 0.0141086863 0.0027771844 -0.1187475204 0.0276485019
217 0.0764523738 -0.0597322706 -0.2699711644 0.1615817791 0.3976561785 0.0587481307 0.3172605684
218 0.0751608868 -0.0575742544 -0.2680412133 0.3855638252 0.5992614521 -0.1626331370 0.4425440078
219 0.0739003664 -0.0554500329 -0.2661309081 0.2320170535 0.4461806085 -0.1814935759 0.2587967785
220 0.0726698920 -0.0533589032 -0.2642398900 0.0063162846 0.0398571734 -0.0687582018 0.0469023273
221 0.0714685757 -0.0513001808 -0.2623678088 0.4146735749 0.6412549211 0.0588702048 0.5828264305
222 0.0702955606 -0.0492731994 -0.2605143229 0.0342988314 0.1083712271 -0.1501815851 0.0370250782
223 0.0691500202 -0.0472773103 -0.2586790988 0.1176340404 0.3023773919 0.1618701743 0.2991201019
224 0.0680311567 -0.0453118819 -0.2568618112 0.0253182195 0.0523087252 0.1502731407 0.1752886519
225 0.0669381997 -0.0433762987 -0.2550621423 0.0738732277 0.2672505875 -0.0495010224 0.1387444365
226 0.0658704057 -0.0414699616 -0.2532797821 0.0244760896 -0.0071413312 -0.1562852870 0.0105863869
227 0.0648270564 -0.0395922864 -0.2515144276 0.0418721224 -0.0190130314 0.2037415693 0.2076815284
228 0.0638074582 -0.0377427043 -0.2497657832 0.1410440619 -0.1754203925 0.3320719016 0.3574902372
229 0.0628109407 -0.0359206607 -0.2480335598 0.0430925657 -0.1548814356 -0.1382183294 0.0262110508
230 0.0618368563 -0.0341256151 -0.2463174753 0.0122442687 0.0277413251 0.1071199683 0.1287455448
231 0.0608845790 -0.0323570407 -0.2446172539 0.0382296800 -0.1922360912 -0.0357066561 0.0692049487
232 0.0599535038 -0.0306144237 -0.2429326261 0.0483550457 0.0935392315 0.1990112003 0.2107284758
233 0.0590430455 -0.0288972633 -0.2412633284 0.0237249684 0.1449629200 0.0520645772 0.1162686235
234 0.0581526383 -0.0272050709 -0.2396091034 0.0353358385 0.1417889950 0.1234168523 0.1603468389
235 0.0572817351 -0.0255373700 -0.2379696994 0.1271584195 0.0852076785 0.3462630085 0.3535923227
236 0.0564298063 -0.0238936958 -0.2363448701 0.0022706518 -0.0052186651 0.0473647267 0.0808398921
237 0.0555963398 -0.0222735948 -0.2347343750 0.0140231261 -0.0072328867 0.1181981872 0.1247876164
238 0.0547808398 -0.0206766245 -0.2331379785 0.2246984827 -0.1560106204 -0.4476149785 0.0643156740
239 0.0539828265 -0.0191023530 -0.2315554504 0.0896019238 -0.0463576159 -0.2957243568 0.0048604979
240 0.0532018353 -0.0175503589 -0.2299865653 0.0642815993 0.1647389142 0.1927243873 0.2119139285
241 0.0524374165 -0.0160202306 -0.2284311027 0.1149257102 -0.1430402539 0.3073519089 0.3031975219
242 0.0516891345 -0.0145115665 -0.2268888470 0.1627168699 -0.0647907956 -0.3981444746 0.0318564909
243 0.0509565674 -0.0130239743 -0.2253595870 0.2238461690 0.1856135746 -0.4351939451 0.0834873337
244 0.0502393064 -0.0115570711 -0.2238431159 0.1845282624 0.0554216132 0.4259773553 0.4267527889
245 0.0495369557 -0.0101104828 -0.2223392314 0.0150641401 0.0250556963 0.1201513718 0.1185364735
246 0.0488491314 -0.0086838441 -0.2208477355 0.0018612062 -0.0431226539 -0.0012817774 0.0493952416
247 0.0481754616 -0.0072767979 -0.2193684340 0.0026158657 0.0203863643 -0.0469069491 0.0305082143
248 0.0475155858 -0.0058889958 -0.2179011369 0.1086195590 -0.2520218513 0.2123783074 0.2457217828
249 0.0468691543 -0.0045200968 -0.2164456583 0.0637613205 0.2190313425 -0.1256447035 0.0582200594
250 0.0462358282 -0.0031697681 -0.2150018157 0.0367907473 -0.1525009919 -0.1163365581 0.0320346474
251 0.0456152788 -0.0018376843 -0.2135694306 0.0303486827 0.0651570177 -0.1615649892 0.0071927520
252 0.0450071871 -0.0005235273 -0.2121483279 0.0151230163 0.0814844203 0.0921048616 0.0992953068
253 0.0444112439 0.0007730138 -0.2107383362 0.0395802473 0.1515854366 -0.1288491470 0.0294502262
254 0.0438271489 0.0020522430 -0.2093392873 0.0526535852 -0.2256843776 0.0414746544 0.1147716017
255 0.0432546109 0.0033144575 -0.2079510166 0.0285345344 0.1654713584 0.0339671010 0.0848192362
256 0.0426933472 0.0045599479 -0.2065733625 0.0055162250 0.0596942045 -0.0441908017 0.0294078823
257 0.0421430834 0.0057889985 -0.2052061668 0.0221859086 0.1489303262 -0.0023804437 0.0616277136
258 0.0416035530 0.0070018872 -0.2038492741 0.0200446878 -0.1203955199 -0.0744956816 0.0329624512
259 0.0410744973 0.0081988859 -0.2025025322 0.0077005789 -0.0594500565 -0.0645466475 0.0236082055
260 0.0405556651 0.0093802608 -0.2011657918 0.1232563756 0.2562944426 0.2399365215 0.2555378640
261 0.0400468124 0.0105462720 -0.1998389066 0.0825093680 0.0251472518 -0.2861415448 0.0076613340
262 0.0395477022 0.0116971742 -0.1985217327 0.0129827585 -0.0749534593 0.0858180486 0.0883574436
263 0.0390581043 0.0128332167 -0.1972141294 0.0233900341 -0.1528977325 0.0035096286 0.0677567745
264 0.0385777948 0.0139546433 -0.1959159583 0.1508955825 -0.2032532731 -0.3310342723 0.0654362377
265 0.0381065563 0.0150616928 -0.1946270838 0.0018270572 -0.0269173254 -0.0332041383 0.0278196053
266 0.0376441776 0.0161545988 -0.1933473727 0.0071755445 -0.0077517014 -0.0843531602 0.0124512495
267 0.0371904531 0.0172335900 -0.1920766943 0.0210411362 -0.0933866390 0.1109958190 0.1040897834
268 0.0367451832 0.0182988904 -0.1908149204 0.0804250274 0.0806299020 -0.2718894009 0.0104582264
269 0.0363081738 0.0193507194 -0.1895619251 0.0059826533 0.0621662038 0.0460219123 0.0573329101
270 0.0358792359 0.0203892915 -0.1883175847 0.0247042105 0.1497238075 -0.0478225043 0.0364662846
271 0.0354581860 0.0214148172 -0.1870817778 0.0243047120 0.1540574358 -0.0238959929 0.0442236647
272 0.0350448454 0.0224275024 -0.1858543854 0.0359271015 -0.0266731773 -0.1876583148 0.0024141309
273 0.0346390405 0.0234275487 -0.1846352903 0.0360595772 0.1863765374 0.0363780633 0.0753992754
274 0.0342406020 0.0244151539 -0.1834243776 0.0019724325 0.0315866573 -0.0312204352 0.0232174705
275 0.0338493656 0.0253905115 -0.1822215343 0.0090486864 0.0802026429 -0.0511490219 0.0201843733
276 0.0334651712 0.0263538112 -0.1810266496 0.1205348403 0.3313699759 -0.1035798212 0.0990328719
277 0.0330878630 0.0273052389 -0.1798396146 0.0153115517 0.1167332987 0.0410473952 0.0567884490
278 0.0327172894 0.0282449766 -0.1786603220 0.0016005504 -0.0388195441 -0.0096743675 0.0330539027
279 0.0323533026 0.0291732029 -0.1774886668 0.0426378141 -0.1113010041 0.1739249855 0.1432245578
280 0.0319957590 0.0300900926 -0.1763245455 0.0778483476 0.0451368755 -0.2753379925 0.0100300684
281 0.0316445187 0.0309958173 -0.1751678566 0.1587731672 0.1966307566 -0.3465681936 0.0568130086
282 0.0312994453 0.0318905449 -0.1740185002 0.0148030185 -0.1068453017 -0.0581987976 0.0326618387
283 0.0309604061 0.0327744404 -0.1728763781 0.0330337303 0.0440382092 0.1763359478 0.1220761210
284 0.0306272717 0.0336476651 -0.1717413939 0.0150072868 0.1190832240 -0.0287484359 0.0277462208
285 0.0302999164 0.0345103774 -0.1706134527 0.0122172429 0.1101718192 -0.0089114048 0.0318722061
286 0.0299782172 0.0353627328 -0.1694924611 0.0877917590 -0.1886349071 0.2284920804 0.2085666380
287 0.0296620548 0.0362048834 -0.1683783275 0.0174254654 -0.1038544877 -0.0814844203 0.0271671786
288 0.0293513124 0.0370369786 -0.1672709617 0.0041594809 -0.0596942045 0.0244148076 0.0461003560
289 0.0290458767 0.0378591650 -0.1661702750 0.0592556971 -0.2312997833 -0.0758690146 0.0806008571
290 0.0287456368 0.0386715861 -0.1650761801 0.4636080410 -0.6799523911 0.0356761376 0.5567219137
291 0.0284504850 0.0394743829 -0.1639885912 0.0233849711 -0.1279335917 -0.0837733085 0.0344599216
292 0.0281603159 0.0402676937 -0.1629074239 0.2271319275 -0.4741966002 -0.0476393933 0.2779602286
293 0.0278750271 0.0410516542 -0.1618325950 0.0014164586 -0.0348826563 0.0141300699 0.0367288790
294 0.0275945186 0.0418263974 -0.1607640230 0.1165820222 0.3414410840 -0.0000915555 0.1155846023
295 0.0273186928 0.0425920539 -0.1597016273 0.0804795429 -0.2578508866 -0.1182897427 0.0919809046
296 0.0270474546 0.0433487518 -0.1586453289 0.0990896969 -0.2115848262 -0.2330698569 0.0705301396
297 0.0267807113 0.0440966169 -0.1575950497 0.0309766187 -0.1737723930 0.0279244362 0.0818843851
298 0.0265183724 0.0448357727 -0.1565507133 0.0164471742 -0.1267738884 0.0193792535 0.0604012290
299 0.0262603495 0.0455663402 -0.1555122442 0.0566488304 -0.0743125706 0.2261116367 0.1600077397
300 0.0260065565 0.0462884384 -0.1544795680 0.1639461184 -0.1457564013 -0.3777581103 0.0867345279
301 0.0257569093 0.0470021840 -0.1534526117 0.0416002183 0.1223181860 -0.1632129887 0.0057677651
302 0.0255113261 0.0477076915 -0.1524313033 0.0984753245 -0.2003540147 -0.2415234840 0.0694720267
303 0.0252697266 0.0484050734 -0.1514155719 0.0939470202 -0.1926328318 -0.2384105960 0.0656674060
304 0.0250320327 0.0490944402 -0.1504053477 0.7102018158 -0.5406964324 -0.6464125492 0.5938764173
305 0.0247981682 0.0497759003 -0.1494005621 0.0051414119 0.0248420667 -0.0672627949 0.0073683089
306 0.0245680586 0.0504495601 -0.1484011472 0.6516746632 -0.5110934782 -0.6248664815 0.5423497987
307 0.0243416312 0.0511155243 -0.1474070364 0.7161172542 0.5285805841 0.6608478042 0.8812487708
308 0.0241188151 0.0517738955 -0.1464181642 0.7429880246 0.5757316813 0.6414990692 0.8953453279
309 0.0238995408 0.0524247746 -0.1454344657 0.2402628675 -0.4116336558 -0.2661214026 0.2299155635
310 0.0236837408 0.0530682605 -0.1444558773 0.0055474467 0.0701620533 0.0249946593 0.0290056821
311 0.0234713488 0.0537044507 -0.1434823362 0.0401733935 0.0470595416 0.1948301645 0.1144995029
312 0.0232623004 0.0543334407 -0.1425137805 0.4361874196 -0.1269875179 0.6481215857 0.6579815724
313 0.0230565324 0.0549553243 -0.1415501493 0.2105019756 -0.0763573107 -0.4524063845 0.1138746070
314 0.0228539833 0.0555701937 -0.1405913825 0.0231172517 -0.0003357036 -0.1520432142 0.0032566138
315 0.0226545927 0.0561781397 -0.1396374210 0.0834635410 0.1632129887 0.2383800775 0.1543536881
316 0.0224583019 0.0567792511 -0.1386882063 0.1372157079 -0.0307016205 0.3691518906 0.2655544670
317 0.0222650534 0.0573736156 -0.1377436810 0.5864619965 0.1436201056 -0.7522202216 0.3850198759
318 0.0220747910 0.0579613190 -0.1368037884 1.0087301760 0.4231696524 -0.9108554338 0.7325330765
319 0.0218874598 0.0585424458 -0.1358684727 0.0272535645 -0.0019837031 0.1650746178 0.0942301584
320 0.0217030061 0.0591170791 -0.1349376786 0.2112144194 0.1246070742 -0.4423657949 0.0988009861
321 0.0215213775 0.0596853003 -0.1340113520 0.8839395614 -0.2874233222 0.8951689199 1.1796964281
322 0.0213425227 0.0602471897 -0.1330894393 0.1326982206 -0.2488174078 0.2660603656 0.2548414922
323 0.0211663915 0.0608028261 -0.1321718876 0.9404379508 0.6675923948 -0.7033906064 0.6944844053
324 0.0209929350 0.0613522870 -0.1312586450 0.5712812309 0.5989562670 -0.4610126041 0.3977557129
325 0.0208221051 0.0618956484 -0.1303496599 1.5258660164 -0.7370525224 0.9912717063 1.8963526688
326 0.0206538551 0.0624329853 -0.1294448819 0.0380767298 0.1678823206 -0.0994598224 0.0120186661
327 0.0204881391 0.0629643712 -0.1285442609 0.2881461118 -0.4757225257 0.2486648152 0.4324702600
328 0.0203249122 0.0634898785 -0.1276477477 0.0120220267 0.0456862087 0.0996734519 0.0519918984
329 0.0201641306 0.0640095783 -0.1267552935 1.6269515606 -1.0000000000 0.7918027284 1.9758652224
330 0.0200057514 0.0645235406 -0.1258668506 0.0002463359 -0.0043641469 0.0150761437 0.0246104411
331 0.0198497326 0.0650318341 -0.1249823715 0.3340428150 -0.5167699210 0.2588274789 0.4858032834
332 0.0196960333 0.0655345264 -0.1241018096 0.0154525206 0.1207617420 0.0294808802 0.0266376879
333 0.0195446132 0.0660316840 -0.1232251188 1.0502470116 -1.0000000000 0.2241584521 1.2570988965
334 0.0193954330 0.0665233723 -0.1223522536 0.0370859498 -0.1760307627 0.0780968657 0.0990123578
335 0.0192484543 0.0670096556 -0.1214831691 0.0565779114 0.2322763756 0.0512405774 0.0571465814
336 0.0191036395 0.0674905972 -0.1206178212 0.1011099613 0.2843714713 0.1422772912 0.1161511536
337 0.0189609517 0.0679662593 -0.1197561660 0.0041860848 0.0519425031 0.0385753960 0.0253256443
338 0.0188203549 0.0684367030 -0.1188981605 0.0069929131 0.0735801263 -0.0397350993 0.0062932451
339 0.0186818138 0.0689019886 -0.1180437620 0.0398850468 0.1991332743 0.0151982177 0.0347136130
340 0.0185452938 0.0693621751 -0.1171929285 0.0690469565 0.2585528123 -0.0468764306 0.0407375071
341 0.0184107613 0.0698173210 -0.1163456185 0.0694801597 0.2493972594 0.0853297525 0.0729219096
342 0.0182781829 0.0702674833 -0.1155017910 0.0596092227 0.1151158177 -0.2153080844 0.0119726693
343 0.0181475265 0.0707127186 -0.1146614056 0.0124299709 0.1030915250 0.0424512467 0.0257327726
344 0.0180187602 0.0711530822 -0.1138244222 0.0491928392 -0.0321054720 0.2194586016 0.1217399030
345 0.0178918530 0.0715886287 -0.1129908015 0.1629636361 0.3278908658 0.2354808191 0.1871233071
346 0.0177667744 0.0720194117 -0.1121605043 0.0436276897 -0.1007110813 -0.1829889828 0.0348524966
347 0.0176434947 0.0724454841 -0.1113334924 0.4463151724 -0.5588854640 -0.3660084841 0.4634381175
348 0.0175219847 0.0728668977 -0.1105097275 0.0164642269 0.0505081332 0.1179540391 0.0526956070
349 0.0174022158 0.0732837038 -0.1096891722 0.0087631646 -0.0143742180 -0.0925016022 0.0079793238
350 0.0172841600 0.0736959527 -0.1088717894 0.0671370475 0.0341807306 -0.2568437757 0.0234571615
351 0.0171677899 0.0741036937 -0.1080575424 0.1374328506 -0.2677083651 -0.2564470351 0.1388549251
352 0.0170530787 0.0745069757 -0.1072463950 0.0013034739 -0.0114444411 0.0342417676 0.0274065462
353 0.0169400000 0.0749058466 -0.1064383113 0.0422076733 0.0890224921 0.1851557970 0.0852264037
354 0.0168285281 0.0753003536 -0.1056332562 0.0253162758 0.1569261757 0.0262764367 0.0240629419
355 0.0167186377 0.0756905431 -0.1048311945 0.1037259471 0.0109561449 -0.3218787194 0.0513001704
356 0.0166103040 0.0760764608 -0.1040320919 0.1957065190 0.0085451827 0.4423047578 0.3030444269
357 0.0165035029 0.0764581517 -0.1032359141 0.0714191510 -0.1912900174 0.1866206854 0.1557059304
358 0.0163982106 0.0768356601 -0.1024426274 0.0418509875 -0.1558580279 0.1325113681 0.1093497324
359 0.0162944037 0.0772090295 -0.1016521986 0.1569534447 -0.3059785760 0.2516556291 0.2716591621
360 0.0161920595 0.0775783028 -0.1008645945 0.0293114362 0.0892666402 -0.1460921049 0.0021821449
361 0.0160911556 0.0779435223 -0.1000797828 0.0289109486 -0.1547288430 0.0704977569 0.0832331266
362 0.0159916700 0.0783047294 -0.0992977311 0.0980041630 -0.2064577166 -0.2353282266 0.0995939464
363 0.0158935814 0.0786619653 -0.0985184076 0.0361396171 0.1719718009 -0.0810266427 0.0090126873
364 0.0157968686 0.0790152700 -0.0977417808 0.0278198786 -0.0057985168 0.1666920988 0.0771186551
365 0.0157015110 0.0793646832 -0.0969678196 0.0372653410 -0.1919003876 -0.0209662160 0.0793609824
366 0.0156074883 0.0797102441 -0.0961964932 0.0564260733 -0.2349620045 0.0349131748 0.1162083690
367 0.0155147808 0.0800519909 -0.0954277712 0.1898664384 -0.3827631458 0.2082277902 0.3064045507
368 0.0154233689 0.0803899615 -0.0946616234 0.0152006980 0.0216681417 0.1213721122 0.0501188270
369 0.0153332336 0.0807241933 -0.0938980201 0.0111169345 0.0353404340 0.0993377483 0.0393997478
370 0.0152443561 0.0810547227 -0.0931369318 0.0193143625 0.0176396985 -0.1378521073 0.0060209122
371 0.0151567183 0.0813815860 -0.0923783294 0.0954870002 -0.3084810938 -0.0180669576 0.1575150891
372 0.0150703020 0.0817048187 -0.0916221840 0.0399819764 0.1011383404 -0.1724906156 0.0069173650
373 0.0149850897 0.0820244558 -0.0908684671 0.2074375743 -0.2309945982 -0.3925290689 0.1889800469
374 0.0149010640 0.0823405317 -0.0901171505 0.0141874391 0.0235297708 -0.1167638173 0.0041687504
375 0.0148182080 0.0826530803 -0.0893682063 0.1173851805 -0.2721945860 -0.2080751976 0.1400082161
376 0.0147365051 0.0829621351 -0.0886216068 0.0585906065 -0.2402417066 -0.0295724357 0.1079475279
377 0.0146559389 0.0832677290 -0.0878773247 0.0141401353 0.0409558397 0.1116367077 0.0415961451
378 0.0145764935 0.0835698942 -0.0871353330 0.0287250471 -0.1224097415 0.1172215949 0.0841893643
379 0.0144981532 0.0838686628 -0.0863956049 0.0815658070 0.0386669515 0.2829676199 0.1384723865
380 0.0144209025 0.0841640662 -0.0856581139 0.2027291207 -0.2954496902 -0.3397625660 0.2086756766
381 0.0143447264 0.0844561351 -0.0849228337 0.0602737517 -0.2454603717 0.0047914060 0.1168935463
382 0.0142696101 0.0847449002 -0.0841897383 0.0484940298 -0.0542924284 0.2134159368 0.1079005166
383 0.0141955391 0.0850303913 -0.0834588022 0.0845462519 -0.1065401166 0.2705465865 0.1620190747
384 0.0141224990 0.0853126380 -0.0827299997 0.0431012154 -0.1809137242 -0.1018402661 0.0712416782
385 0.0140504760 0.0855916693 -0.0820033058 0.0395068816 0.0491042817 -0.1926023133 0.0135634699
386 0.0139794563 0.0858675139 -0.0812786954 0.0048446427 -0.0643024995 0.0266426588 0.0341980516
387 0.0139094264 0.0861402000 -0.0805561438 0.0008927868 -0.0271614734 0.0124515519 0.0214877007
388 0.0138403731 0.0864097553 -0.0798356267 0.0699348852 -0.1146885586 -0.2382885220 0.0655478519
389 0.0137722835 0.0866762071 -0.0791171197 0.0696475435 0.0626850185 -0.2563554796 0.0319890133
390 0.0137051449 0.0869395824 -0.0784005989 0.0665058153 -0.0768761254 0.2461622974 0.1321766598
391 0.0136389448 0.0871999077 -0.0776860405 0.1095327718 -0.2010559404 0.2628864406 0.1990810488
392 0.0135736709 0.0874572090 -0.0769734209 0.0092171776 -0.0579546495 0.0765404218 0.0447111085
393 0.0135093113 0.0877115120 -0.0762627169 0.0142983525 0.1168553728 0.0253608814 0.0111767203
394 0.0134458542 0.0879628421 -0.0755539052 0.0500673253 -0.0915555284 -0.2041688284 0.0487686438
395 0.0133832880 0.0882112241 -0.0748469631 0.0038177690 0.0377819147 0.0488906522 0.0178541127
396 0.0133216013 0.0884566827 -0.0741418679 0.0066531347 0.0344248787 0.0739463485 0.0248495557
397 0.0132607830 0.0886992419 -0.0734385970 0.0274865686 -0.1556138798 0.0571916868 0.0767531725
398 0.0132008223 0.0889389255 -0.0727371282 0.0131443203 -0.0745872372 0.0870693075 0.0522789028
399 0.0131417083 0.0891757570 -0.0720374395 0.0622817442 -0.0391857662 0.2464674825 0.1179220660
400 0.0130834306 0.0894097594 -0.0713395089 0.1387293913 0.3724173711 0.0058900723 0.0860577165
401 0.0130259788 0.0896409554 -0.0706433149 0.1196794707 0.1532334361 -0.3101596118 0.0614120601
402 0.0129693428 0.0898693674 -0.0699488358 0.0246290416 0.0267647328 -0.1546372875 0.0111543288
403 0.0129135127 0.0900950174 -0.0692560505 0.0098243177 -0.0773949400 0.0619220557 0.0452605814
404 0.0128584786 0.0903179270 -0.0685649377 0.0819055975 0.1548203986 -0.2406994842 0.0337908710
405 0.0128042311 0.0905381176 -0.0678754766 0.0689064374 0.0708639790 -0.2527542955 0.0345672494
406 0.0127507606 0.0907556103 -0.0671876464 0.0974034037 -0.2479628895 0.1895199438 0.1806290090
407 0.0126980581 0.0909704256 -0.0665014265 0.0039620527 -0.0595416120 0.0204168828 0.0302086660
408 0.0126461143 0.0911825839 -0.0658167966 0.0331592356 -0.1554612873 0.0948210089 0.0866377038
409 0.0125949205 0.0913921054 -0.0651337364 0.0029265599 -0.0462965789 0.0279854732 0.0276293610
410 0.0125444680 0.0915990096 -0.0644522258 0.0077337910 -0.0872219001 -0.0112308115 0.0348094367
411 0.0124947481 0.0918033161 -0.0637722449 0.0433338740 0.0838648640 0.1905270547 0.0647311528
412 0.0124457524 0.0920050439 -0.0630937740 0.0788814449 -0.1330912198 -0.2473220008 0.0846083675
413 0.0123974728 0.0922042119 -0.0624167935 0.0019491284 0.0406811731 -0.0171514023 0.0047035792
414 0.0123499011 0.0924008385 -0.0617412841 0.0255065799 0.1403546251 0.0762047182 0.0213286652
415 0.0123030294 0.0925949421 -0.0610672263 0.0477382359 0.0715964232 0.2064271981 0.0719942049
416 0.0122568499 0.0927865405 -0.0603946011 0.0222993702 0.1491439558 -0.0074465163 0.0059796580
417 0.0122113550 0.0929756514 -0.0597233896 0.0081811865 0.0812097537 0.0398266549 0.0100486477
418 0.0121665371 0.0931622921 -0.0590535729 0.2386560909 0.3718680380 0.3168126469 0.2189523079
419 0.0121223890 0.0933464799 -0.0583851323 0.0079546136 0.0368053224 -0.0812402722 0.0037192599
420 0.0120789033 0.0935282314 -0.0577180493 0.5753736078 -0.5771050142 -0.4922635578 0.6385787492
421 0.0120360730 0.0937075633 -0.0570523055 0.1098946891 0.1703238014 0.2844019898 0.1224610837
422 0.0119938911 0.0938844919 -0.0563878826 0.0426235025 -0.1644947661 -0.1247596667 0.0714345418
423 0.0119523509 0.0940590331 -0.0557247626 0.0460880905 -0.0189519944 -0.2138431959 0.0377729313
424 0.0119114455 0.0942312027 -0.0550629274 0.2396508581 -0.3781243324 -0.3109225745 0.2885839106
425 0.0118711686 0.0944010163 -0.0544023591 0.1248948555 0.3100375378 0.1696218757 0.0966859672
426 0.0118315135 0.0945684890 -0.0537430401 0.0480307384 -0.1412396619 -0.1675771355 0.0685636853
427 0.0117924740 0.0947336359 -0.0530849527 0.0856889576 -0.0192571795 0.2920926542 0.1321414863
428 0.0117540439 0.0948964718 -0.0524280795 0.0979449645 -0.2278206732 -0.2145756401 0.1304381871
429 0.0117162171 0.0950570111 -0.0517724030 0.4669063247 0.0321970275 0.6825464644 0.5431755766
430 0.0116789876 0.0952152681 -0.0511179060 0.3216744381 0.1490524003 0.5472273934 0.3609155341
431 0.0116423496 0.0953712569 -0.0504645715 0.1598829058 0.0002746666 0.3998535112 0.2118297370
432 0.0116062974 0.0955249912 -0.0498123823 0.5479792429 -0.0424817652 0.7390362255 0.6413279908
433 0.0115708253 0.0956764846 -0.0491613216 0.6270672193 -0.0161442915 -0.7917111728 0.5638841675
434 0.0115359277 0.0958257505 -0.0485113727 0.0447942434 -0.1039460433 0.1843623157 0.0941389243
435 0.0115015994 0.0959728019 -0.0478625187 0.1446884015 0.0230414747 -0.3796807764 0.1154223346
436 0.0114678349 0.0961176517 -0.0472147433 0.1930404677 -0.4376964629 -0.0382396924 0.2850380604
437 0.0114346292 0.0962603125 -0.0465680298 0.4101311070 0.2564165166 -0.5868404187 0.3175442639
438 0.0114019770 0.0964007968 -0.0459223620 0.0028803784 -0.0529496139 0.0087588122 0.0252955760
439 0.0113698733 0.0965391169 -0.0452777235 0.6350100351 0.1863765374 -0.7747734001 0.5402347042
440 0.0113383134 0.0966752846 -0.0446340983 0.0996352198 0.0684224982 -0.3081453902 0.0702364209
441 0.0113072923 0.0968093118 -0.0439914703 0.1102003110 0.0564592425 -0.3271279031 0.0817943677
442 0.0112768054 0.0969412101 -0.0433498234 0.2805784323 -0.0537430952 -0.5269631031 0.2565875642
443 0.0112468481 0.0970709909 -0.0427091419 0.3803788769 -0.5180516984 0.3346659749 0.5207879016
444 0.0112174158 0.0971986652 -0.0420694099 0.1774073126 -0.4211554308 0.0059511093 0.2709969391
445 0.0111885041 0.0973242440 -0.0414306118 0.6948983652 0.6165654469 -0.5610217597 0.5395863878
446 0.0111601087 0.0974477382 -0.0407927320 0.0765027549 0.1899777215 -0.2010254219 0.0342363127
447 0.0111322253 0.0975691582 -0.0401557549 0.2687022643 -0.5016937773 0.1304055910 0.3882072385
448 0.0111048498 0.0976885144 -0.0395196652 0.0246250851 -0.0771813105 0.1366313669 0.0616086418
449 0.0110779781 0.0978058169 -0.0388844475 0.8061447439 -0.8887295145 0.1276894436 1.0009988213
450 0.0110516062 0.0979210758 -0.0382500865 0.1395319367 -0.3733634449 0.0114749596 0.2245816797
451 0.0110257302 0.0980343008 -0.0376165671 0.3645611894 0.5864741966 -0.1435590686 0.2497973455
452 0.0110003464 0.0981455014 -0.0369838742 0.0510192407 -0.1928159429 0.1176488540 0.1085698427
453 0.0109754509 0.0982546871 -0.0363519927 1.0274312931 -1.0000000000 0.1656239509 1.2469576395
454 0.0109510401 0.0983618670 -0.0357209077 0.0947982609 -0.1990112003 -0.2349314859 0.1281155956
455 0.0109271105 0.0984670503 -0.0350906044 0.7291724964 -0.6895962401 -0.5036164434 0.8405602114
456 0.0109036585 0.0985702456 -0.0344610680 0.0354931932 -0.1444746239 -0.1209143345 0.0665449759
457 0.0108806808 0.0986714617 -0.0338322837 0.0335771269 0.0574053163 -0.1740165410 0.0213545208
458 0.0108581739 0.0987707070 -0.0332042368 0.1699144238 -0.3823358867 -0.1540574358 0.2460690502
459 0.0108361347 0.0988679898 -0.0325769129 1.2070254166 -1.0000000000 -0.4550004578 1.3859525104
460 0.0108145599 0.0989633183 -0.0319502974 0.0553619118 -0.1460005493 -0.1845149083 0.0832832570
461 0.0107934464 0.0990567004 -0.0313243757 0.0580369387 -0.1922055727 -0.1452375866 0.0978099313
462 0.0107727912 0.0991481438 -0.0306991337 0.0288080470 -0.1192052980 -0.1208227790 0.0558004970
463 0.0107525914 0.0992376561 -0.0300745568 2.0000000000 -1.0000000000 -1.0000000000 2.1490787900
464 0.0107328439 0.0993252448 -0.0294506309 0.0015474543 0.0290536210 -0.0265205847 0.0049466863
465 0.0107135461 0.0994109170 -0.0288273418 0.0400618338 0.1954405347 0.0431836909 0.0144072763
466 0.0106946950 0.0994946800 -0.0282046752 0.0240361618 -0.0031739250 -0.1550035096 0.0266187868
467 0.0106762882 0.0995765405 -0.0275826172 0.0848871731 0.0222174749 -0.2905056917 0.0751129681
468 0.0106583229 0.0996565053 -0.0269611537 0.0479651833 -0.0763573107 0.2052674947 0.0849110086
469 0.0106407965 0.0997345811 -0.0263402707 0.0029909620 0.0487685781 0.0247505112 0.0052078014
470 0.0106237067 0.0998107742 -0.0257199543 0.1544040850 0.3647877438 0.1460615864 0.0997216921
471 0.0106070509 0.0998850908 -0.0251001906 0.0225212033 0.0497756890 0.1415753655 0.0302916931
472 0.0105908269 0.0999575371 -0.0244809657 0.0575755846 0.0952787866 0.2202215644 0.0599012190
473 0.0105750323 0.1000281190 -0.0238622661 0.0124736786 0.0800195318 0.0779137547 0.0107587020
474 0.0105596650 0.1000968423 -0.0232440778 0.0517141466 0.0298471023 0.2254402295 0.0667789107
475 0.0105447227 0.1001637125 -0.0226263872 0.1212052332 0.0662862026 0.3417767876 0.1339373595
476 0.0105302034 0.1002287352 -0.0220091807 0.0112507523 0.1013519700 -0.0312814722 0.0000872370
477 0.0105161050 0.1002919156 -0.0213924447 0.0053810558 -0.0413220618 0.0606097598 0.0267788801
478 0.0105024256 0.1003532588 -0.0207761656 0.1073546600 -0.1066011536 0.3098239082 0.1521265376
479 0.0104891633 0.1004127699 -0.0201603299 0.0717938272 0.0357982116 0.2655415510 0.0858006059
480 0.0104763161 0.1004704537 -0.0195449243 0.0210899144 0.0924405652 -0.1120029298 0.0086129619
481 0.0104638824 0.1005263149 -0.0189299351 0.0007738124 -0.0188604389 0.0204474013 0.0158037716
482 0.0104518604 0.1005803579 -0.0183153491 0.2360032466 0.2468031861 -0.4184392834 0.1814802783
483 0.0104402484 0.1006325872 -0.0177011529 0.0468905447 0.0024109622 -0.2165288247 0.0491799307
484 0.0104290448 0.1006830069 -0.0170873331 0.2260772930 0.2462843715 0.4067201758 0.2008125620
485 0.0104182481 0.1007316212 -0.0164738766 0.0342323309 -0.0302438429 -0.1825312052 0.0447296086
486 0.0104078568 0.1007784340 -0.0158607699 0.5151519948 0.5746940519 -0.4299752800 0.3960868404
487 0.0103978694 0.1008234491 -0.0152480000 0.0418898698 0.1090121158 -0.1732230598 0.0250231738
488 0.0103882846 0.1008666700 -0.0146355535 0.0724060416 -0.2341074862 -0.1326639607 0.1261383902
489 0.0103791010 0.1009081003 -0.0140234175 0.0133698445 -0.1108127079 0.0330210273 0.0470388804
490 0.0103703173 0.1009477433 -0.0134115786 0.1659067922 0.3919186987 -0.1109347819 0.0941748720
491 0.0103619325 0.1009856022 -0.0128000238 0.0049922608 0.0022583697 0.0706198309 0.0167059386
492 0.0103539452 0.1010216801 -0.0121887400 0.0546877728 -0.1740165410 -0.1562242500 0.0963922512
493 0.0103463545 0.1010559797 -0.0115777142 0.0048573318 -0.0250556963 -0.0650349437 0.0187618302
494 0.0103391593 0.1010885040 -0.0109669333 0.1179152593 0.3083285012 -0.1511581774 0.0626020014
495 0.0103323585 0.1011192554 -0.0103563843 0.0248377656 0.1539963988 -0.0335093234 0.0033320509
496 0.0103259513 0.1011482365 -0.0097460542 0.0250453375 -0.1573839534 -0.0166020692 0.0668858981
497 0.0103199368 0.1011754495 -0.0091359300 0.0264093054 0.0213019196 -0.1611072115 0.0294750512
498 0.0103143142 0.1012008967 -0.0085259988 0.0307576654 -0.0831324198 0.1544236579 0.0605313622
499 0.0103090826 0.1012245801 -0.0079162476 0.1221409799 0.1615344707 0.3099154637 0.1046542796
500 0.0103042414 0.1012465016 -0.0073066635 0.0085829231 0.0532547990 -0.0758079775 0.0069956335
501 0.0102997900 0.1012666630 -0.0066972336 0.0371996489 0.1565599536 -0.1126438185 0.0142820268
502 0.0102957276 0.1012850657 -0.0060879449 0.0014952598 0.0353709525 0.0156254769 0.0048161430
503 0.0102920538 0.1013017115 -0.0054787847 0.0468665328 0.1837824641 0.1144138920 0.0211773285
504 0.0102887681 0.1013166014 -0.0048697401 0.0511354917 0.0304879910 0.2240668966 0.0574286756
505 0.0102858700 0.1013297368 -0.0042607981 0.0681401143 0.0863368633 -0.2463454085 0.0588297449
506 0.0102833591 0.1013411187 -0.0036519459 0.0621309287 0.0906704917 0.2321848201 0.0557328425
507 0.0102812350 0.1013507480 -0.0030431707 0.0141198843 -0.0450453200 -0.1099581896 0.0328626300
508 0.0102794976 0.1013586255 -0.0024344596 0.0335944422 0.1500289926 0.1052888577 0.0139731177
509 0.0102781464 0.1013647518 -0.0018257998 0.1231978934 -0.0231635487 -0.3502304147 0.1368930733
510 0.0102771815 0.1013691273 -0.0012171785 0.0457227206 -0.0950651570 0.1915341655 0.0757395087
511 0.0102766026 0.1013717525 -0.0006085828 0.0463774869 -0.2092959380 0.0507217627 0.0991492183
512 0.0102764096 0.1013726276 0.0000000000 0.0004434297 0.0210577715 0.0000000000 0.0064504761
513 0.0102766026 0.1013717525 0.0006085828 0.0532406775 -0.1721854305 -0.1535996582 0.0986137140
514 0.0102771815 0.1013691273 0.0012171785 0.0503986020 -0.0342417676 -0.2218695639 0.0681580095
515 0.0102781464 0.1013647518 0.0018257998 0.0607111489 0.0120548112 0.2461012604 0.0676467661
516 0.0102794976 0.1013586255 0.0024344596 0.1050978942 0.3048493912 -0.1102938932 0.0541161732
517 0.0102812350 0.1013507480 0.0030431707 0.0126428730 -0.1116061892 -0.0136722922 0.0456300638
518 0.0102833591 0.1013411187 0.0036519459 0.0724152883 0.0879848628 -0.2543107395 0.0667231366
519 0.0102858700 0.1013297368 0.0042607981 0.0348451404 -0.0114749596 0.1863155004 0.0458688142
520 0.0102887681 0.1013166014 0.0048697401 0.0511373536 0.0305185095 -0.2240668966 0.0574243534
521 0.0102920538 0.1013017115 0.0054787847 0.0230611230 0.0956450087 -0.1179540391 0.0152676603
522 0.0102957276 0.1012850657 0.0060879449 0.0025762970 0.0473036897 -0.0184026612 0.0035137788
523 0.0102997900 0.1012666630 0.0066972336 0.1010158417 0.3154087954 0.0391552477 0.0469103756
524 0.0103042414 0.1012465016 0.0073066635 0.0346227195 0.1352580340 -0.1277809992 0.0194054609
525 0.0103090826 0.1012245801 0.0079162476 0.1074868517 0.1547898801 -0.2890102847 0.0910346069
526 0.0103143142 0.1012008967 0.0085259988 0.0253086189 -0.1123081149 -0.1126743370 0.0602756194
527 0.0103199368 0.1011754495 0.0091359300 0.0267919934 0.0322885830 0.1604663228 0.0276462882
528 0.0103259513 0.1011482365 0.0097460542 0.0250463518 -0.1573839534 0.0166325877 0.0668863175
529 0.0103323585 0.1011192554 0.0103563843 0.0244211270 0.1168248543 0.1037934507 0.0089771512
530 0.0103391593 0.1010885040 0.0109669333 0.1330444627 0.3035676138 0.2022156438 0.0775738592
531 0.0103463545 0.1010559797 0.0115777142 0.0173601990 -0.0184026612 0.1304666280 0.0284049407
532 0.0103539452 0.1010216801 0.0121887400 0.1222497678 -0.3295693838 -0.1167638173 0.2020374263
533 0.0103619325 0.1009856022 0.0128000238 0.0013822639 0.0153202918 0.0338755455 0.0077827230
534 0.0103703173 0.1009477433 0.0134115786 0.1880816323 0.4160588397 0.1223792230 0.1111689506
535 0.0103791010 0.1009081003 0.0140234175 0.0320987483 -0.0678731651 -0.1658070620 0.0608261169
536 0.0103882846 0.1008666700 0.0146355535 0.0724489176 -0.2341990417 0.1326639607 0.1261997361
537 0.0103978694 0.1008234491 0.0152480000 0.0612678986 0.2428357799 0.0479445784 0.0212365683
538 0.0104078568 0.1007784340 0.0158607699 0.5301742581 0.5480819117 0.4793542283 0.4149065871
539 0.0104182481 0.1007316212 0.0164738766 0.0022198544 -0.0469679861 -0.0037232582 0.0222230983
540 0.0104290448 0.1006830069 0.0170873331 0.1070076905 0.0330210273 -0.3254493851 0.1219095468
541 0.0104402484 0.1006325872 0.0177011529 0.0413485111 -0.0366222114 0.2000183111 0.0520784259
542 0.0104518604 0.1005803579 0.0183153491 0.1833356171 0.2438734092 0.3519394513 0.1318379401
543 0.0104638824 0.1005263149 0.0189299351 0.0013166445 -0.0267036958 0.0245674001 0.0162192566
544 0.0104763161 0.1004704537 0.0195449243 0.0210774376 0.0924100467 0.1119724113 0.0086078105
545 0.0104891633 0.1004127699 0.0201603299 0.1105927859 0.0428479873 -0.3297830134 0.1257740477
546 0.0105024256 0.1003532588 0.0207761656 0.1070984441 -0.1387371441 -0.2963957640 0.1577622537
547 0.0105161050 0.1002919156 0.0213924447 0.0187424508 -0.1078524125 -0.0843226417 0.0544997408
548 0.0105302034 0.1002287352 0.0220091807 0.0294388852 0.1358989227 0.1047395245 0.0081166721
549 0.0105447227 0.1001637125 0.0226263872 0.2251848406 0.2310251167 -0.4145023957 0.2082062799
550 0.0105596650 0.1000968423 0.0232440778 0.0458485649 0.0291146580 -0.2121341594 0.0604413850
551 0.0105750323 0.1000281190 0.0238622661 0.0068205232 0.0773644215 -0.0289010285 0.0032976084
552 0.0105908269 0.0999575371 0.0244809657 0.0576082881 0.0953093051 -0.2202826014 0.0599308099
553 0.0106070509 0.0998850908 0.0251001906 0.0565319600 0.1376689962 -0.1938535722 0.0493683737
554 0.0106237067 0.0998107742 0.0257199543 0.0893418305 0.2667012543 -0.1349528489 0.0536681820
555 0.0106407965 0.0997345811 0.0263402707 0.0957995264 0.3001800592 -0.0754417554 0.0505379705
556 0.0106583229 0.0996565053 0.0269611537 0.0678617398 0.0643940550 -0.2524185919 0.0792964826
557 0.0106762882 0.0995765405 0.0275826172 0.0632952378 -0.0996124149 0.2310251167 0.0810650906
558 0.0106946950 0.0994946800 0.0282046752 0.0084418303 0.0275582141 0.0876491592 0.0087085018
559 0.0107135461 0.0994109170 0.0288273418 0.0490675984 0.2113711966 -0.0662556841 0.0215758860
560 0.0107328439 0.0993252448 0.0294506309 0.0015424481 0.0290231025 0.0264595477 0.0049513378
561 0.0107525914 0.0992376561 0.0300745568 1.9999389639 -1.0000000000 0.9999694815 2.1490195895
562 0.0107727912 0.0991481438 0.0306991337 0.0749399776 -0.1593371380 0.2226020081 0.1036413541
563 0.0107934464 0.0990567004 0.0313243757 0.0396628383 -0.1268044069 0.1535691397 0.0659570221
564 0.0108145599 0.0989633183 0.0319502974 0.0355278946 -0.1827143162 0.0462965789 0.0795481056
565 0.0108361347 0.0988679898 0.0325769129 1.1936235177 -0.8674886319 0.6641438032 1.3327218572
566 0.0108581739 0.0987707070 0.0332042368 0.1730094917 -0.3919186987 0.1393169958 0.2520360105
567 0.0108806808 0.0986714617 0.0338322837 0.0283071260 0.1639149144 0.0379345073 0.0042735364
568 0.0109036585 0.0985702456 0.0344610680 0.0355065250 -0.1444441053 0.1210058901 0.0665459810
569 0.0109271105 0.0984670503 0.0350906044 0.5936930111 -0.7348246712 0.2317880795 0.7330649897
570 0.0109510401 0.0983618670 0.0357209077 0.0745685183 -0.1979125340 0.1881466109 0.1110121157
571 0.0109754509 0.0982546871 0.0363519927 1.0147682539 -1.0000000000 0.1215247047 1.2134177486
572 0.0110003464 0.0981455014 0.0369838742 0.0345061518 -0.1535386212 -0.1045564135 0.0833785506
573 0.0110257302 0.0980343008 0.0376165671 0.4420620459 0.6226081118 0.2332834864 0.3134632266
574 0.0110516062 0.0979210758 0.0382500865 0.1049241435 -0.3237708670 -0.0098269601 0.1801354971
575 0.0110779781 0.0978058169 0.0388844475 0.7272271848 -0.8446302683 -0.1175878170 0.9126693442
576 0.0111048498 0.0976885144 0.0395196652 0.0246334256 -0.0771813105 -0.1366618854 0.0616193944
577 0.0111322253 0.0975691582 0.0401557549 0.3945891935 -0.6094241157 -0.1522873623 0.5368738427
578 0.0111601087 0.0974477382 0.0407927320 0.0570075139 0.1330607013 0.1982482376 0.0260605194
579 0.0111885041 0.0973242440 0.0414306118 0.8237946009 0.5862910855 0.6928617206 0.6634510616
580 0.0112174158 0.0971986652 0.0420694099 0.0727298561 -0.2695089572 0.0097354045 0.1355199682
581 0.0112468481 0.0970709909 0.0427091419 0.6574782029 -0.7603381451 -0.2817163610 0.8404023333
582 0.0112768054 0.0969412101 0.0433498234 0.2428181107 -0.0679952391 0.4880520035 0.2249640613
583 0.0113072923 0.0968093118 0.0439914703 0.0556201731 0.0848719749 0.2200384533 0.0311350403
584 0.0113383134 0.0966752846 0.0446340983 0.0996059633 0.0684835353 0.3080843532 0.0702008115
585 0.0113698733 0.0965391169 0.0452777235 0.6402471667 0.2783593249 0.7501754814 0.5299394371
586 0.0114019770 0.0964007968 0.0459223620 0.0005455592 -0.0169377728 -0.0160832545 0.0166903278
587 0.0114346292 0.0962603125 0.0465680298 0.4346806889 0.1524399548 0.6414380322 0.3570264719
588 0.0114678349 0.0961176517 0.0472147433 0.0754010178 -0.2374645222 -0.1378826258 0.1455381028
589 0.0115015994 0.0959728019 0.0478625187 0.1508410139 0.0389416181 0.3864253670 0.1178773581
590 0.0115359277 0.0958257505 0.0485113727 0.0353290488 -0.0567949461 -0.1791741691 0.0751337830
591 0.0115708253 0.0956764846 0.0491613216 0.6073919706 -0.0900601215 0.7741325114 0.5600813128
592 0.0116062974 0.0955249912 0.0498123823 0.5480217604 -0.0424512467 -0.7390667440 0.6413677181
593 0.0116423496 0.0953712569 0.0504645715 0.2161227768 0.0801416059 -0.4579302347 0.2586972212
594 0.0116789876 0.0952152681 0.0511179060 0.3837466704 0.1228675192 -0.6071657460 0.4341020135
595 0.0117162171 0.0950570111 0.0517724030 0.4108847970 0.1187780389 -0.6299020356 0.4652427273
596 0.0117540439 0.0948964718 0.0524280795 0.0174496486 -0.1170384838 0.0612506485 0.0449942631
597 0.0117924740 0.0947336359 0.0530849527 0.2896009283 -0.0166325877 -0.5378887295 0.3616523289
598 0.0118315135 0.0945684890 0.0537430401 0.0451043368 -0.1162450026 0.1777397992 0.0598175245
599 0.0118711686 0.0944010163 0.0544023591 0.1672098489 0.3221839045 -0.2518082217 0.1456499640
600 0.0119114455 0.0942312027 0.0550629274 0.2396780442 -0.3781853694 0.3108920560 0.2886259607
601 0.0119523509 0.0940590331 0.0557247626 0.0288559832 -0.1616260262 0.0522782067 0.0653867283
602 0.0119938911 0.0938844919 0.0563878826 0.0280556862 -0.1255226295 0.1109042634 0.0511115207
603 0.0120360730 0.0937075633 0.0570523055 0.0833465859 0.2179937132 -0.1892757958 0.0761245805
604 0.0120789033 0.0935282314 0.0577180493 0.3206021745 -0.4624164556 0.3267616810 0.3814589708
605 0.0121223890 0.0933464799 0.0583851323 0.0081512185 0.0400708029 0.0809045686 0.0033454228
606 0.0121665371 0.0931622921 0.0590535729 0.1536639318 0.2934049501 -0.2599566637 0.1418646531
607 0.0122113550 0.0929756514 0.0597233896 0.0102802773 0.1013519700 -0.0028382214 0.0039841179
608 0.0122568499 0.0927865405 0.0603946011 0.0222911805 0.1491134373 0.0075075533 0.0059697591
609 0.0123030294 0.0925949421 0.0610672263 0.0151687601 -0.0566728721 -0.1093478195 0.0513221682
610 0.0123499011 0.0924008385 0.0617412841 0.0474851746 0.1980956450 -0.0907925657 0.0344379674
611 0.0123974728 0.0922042119 0.0624167935 0.0129816744 0.1066927091 -0.0399792474 0.0106948658
612 0.0124457524 0.0920050439 0.0630937740 0.0006986510 0.0057985168 0.0257881405 0.0088232756
613 0.0124947481 0.0918033161 0.0637722449 0.0256814286 -0.1542405469 0.0434888760 0.0609489976
614 0.0125444680 0.0915990096 0.0644522258 0.0183498259 -0.1151463363 0.0713522752 0.0427912487
615 0.0125949205 0.0913921054 0.0651337364 0.0099072859 0.0385448775 -0.0917691580 0.0274113478
616 0.0126461143 0.0911825839 0.0658167966 0.0331592356 -0.1554612873 -0.0948210089 0.0866377038
617 0.0126980581 0.0909704256 0.0665014265 0.0240072676 0.1460310678 -0.0517899106 0.0170245148
618 0.0127507606 0.0907556103 0.0671876464 0.0906880957 -0.2378307443 -0.1847285379 0.1714307563
619 0.0128042311 0.0905381176 0.0678754766 0.0824641076 0.1068453017 0.2665486618 0.0397369588
620 0.0128584786 0.0903179270 0.0685649377 0.0292405191 0.1594286935 -0.0618305002 0.0217792683
621 0.0129135127 0.0900950174 0.0692560505 0.0169868797 0.0220648824 -0.1284524064 0.0437167332
622 0.0129693428 0.0898693674 0.0699488358 0.0049370598 0.0441908017 0.0546281320 0.0023212553
623 0.0130259788 0.0896409554 0.0706433149 0.0568508969 0.0844752342 0.2229682302 0.0232295645
624 0.0130834306 0.0894097594 0.0713395089 0.1387301140 0.3724173711 -0.0059511093 0.0860671480
625 0.0131417083 0.0891757570 0.0720374395 0.0938702689 0.0427564318 -0.3033845027 0.1430963884
626 0.0132008223 0.0889389255 0.0727371282 0.0255813454 -0.0549333171 -0.1502121036 0.0704055822
627 0.0132607830 0.0886992419 0.0734385970 0.0478072754 -0.2095706046 -0.0623493149 0.1074032583
628 0.0133216013 0.0884566827 0.0741418679 0.0435495442 -0.0412610248 -0.2045655690 0.0945045190
629 0.0133832880 0.0882112241 0.0748469631 0.0303870481 -0.1696218757 -0.0401928770 0.0797120722
630 0.0134458542 0.0879628421 0.0755539052 0.0506410522 -0.1118198187 0.1952879421 0.0542493512
631 0.0135093113 0.0877115120 0.0762627169 0.0345151964 0.1406292917 -0.1214026307 0.0418718810
632 0.0135736709 0.0874572090 0.0769734209 0.0092231272 -0.0580462050 -0.0765099033 0.0447283743
633 0.0136389448 0.0871999077 0.0776860405 0.1265529465 -0.2892239143 -0.2071291238 0.2228145716
634 0.0137051449 0.0869395824 0.0784005989 0.0629944106 -0.0563676870 -0.2445753349 0.1248504273
635 0.0137722835 0.0866762071 0.0791171197 0.0350634883 -0.1223792230 0.1417279580 0.0476242899
636 0.0138403731 0.0864097553 0.0798356267 0.0305230369 -0.0552385022 0.1657460250 0.0274448254
637 0.0139094264 0.0861402000 0.0805561438 0.0003912921 -0.0164494766 -0.0109866634 0.0189047273
638 0.0139794563 0.0858675139 0.0812786954 0.0013826290 -0.0355235450 0.0109866634 0.0196767590
639 0.0140504760 0.0855916693 0.0820033058 0.0545989155 0.0025940733 0.2336497085 0.0298852324
640 0.0141224990 0.0853126380 0.0827299997 0.0430901739 -0.1808832057 0.1018402661 0.0712254295
641 0.0141955391 0.0850303913 0.0834588022 0.0618253469 -0.1487777337 -0.1992248299 0.1345762751
642 0.0142696101 0.0847449002 0.0841897383 0.0137153564 -0.0423291726 -0.1091952269 0.0535455648
643 0.0143447264 0.0844561351 0.0849228337 0.0313001976 -0.1631519517 0.0684224982 0.0615820257
644 0.0144209025 0.0841640662 0.0856581139 0.0497107197 -0.2031006806 0.0919827876 0.0825610362
645 0.0144981532 0.0838686628 0.0863956049 0.0434531390 -0.0103457747 -0.2081972716 0.0956613232
646 0.0145764935 0.0835698942 0.0871353330 0.0269732323 -0.1032135990 -0.1277504807 0.0810639863
647 0.0146559389 0.0832677290 0.0878773247 0.0144678616 0.0509659108 -0.1089510788 0.0397848279
648 0.0147365051 0.0829621351 0.0886216068 0.0585942203 -0.2402417066 0.0296334727 0.1079403233
649 0.0148182080 0.0826530803 0.0893682063 0.0204002680 -0.1427655873 -0.0042725913 0.0595821747
650 0.0149010640 0.0823405317 0.0901171505 0.0233150534 0.0426648762 0.1466109195 0.0047657036
651 0.0149850897 0.0820244558 0.0908684671 0.0755553325 -0.2651448103 0.0724814600 0.1208645814
652 0.0150703020 0.0817048187 0.0916221840 0.0091234389 0.0032349620 -0.0954618976 0.0411579720
653 0.0151567183 0.0813815860 0.0923783294 0.1008157842 -0.3141575365 0.0460524308 0.1585972864
654 0.0152443561 0.0810547227 0.0931369318 0.0380719016 0.0571611682 0.1865596484 0.0092987059
655 0.0153332336 0.0807241933 0.0938980201 0.0312296624 0.0818506424 -0.1566209906 0.0627610436
656 0.0154233689 0.0803899615 0.0946616234 0.0152155181 0.0216681417 -0.1214331492 0.0501452029
657 0.0155147808 0.0800519909 0.0954277712 0.2427447823 -0.3989989929 -0.2890408032 0.3773059298
658 0.0156074883 0.0797102441 0.0961964932 0.0845559150 -0.2734458449 -0.0989104892 0.1627859578
659 0.0157015110 0.0793646832 0.0969678196 0.0526629419 -0.2241889706 -0.0490127262 0.1134551405
660 0.0157968686 0.0790152700 0.0977417808 0.0695086534 -0.1828669088 -0.1899166845 0.1513296682
661 0.0158935814 0.0786619653 0.0985184076 0.0895792102 0.2530899991 -0.1597643971 0.0971351462
662 0.0159916700 0.0783047294 0.0992977311 0.0990404893 -0.1979735710 0.2446363720 0.0974530198
663 0.0160911556 0.0779435223 0.1000797828 0.0287407977 -0.0618610187 -0.1578417310 0.0860688169
664 0.0161920595 0.0775783028 0.1008645945 0.0293114362 0.0892666402 0.1460921049 0.0021821449
665 0.0162944037 0.0772090295 0.1016521986 0.0708331569 -0.2652363659 -0.0219733268 0.1325521193
666 0.0163982106 0.0768356601 0.1024426274 0.0423319640 -0.1770378735 -0.1048310801 0.1074141608
667 0.0165035029 0.0764581517 0.1032359141 0.0466084736 -0.1903439436 -0.1018707846 0.1132521159
668 0.0166103040 0.0760764608 0.1040320919 0.1637794518 0.1017181921 -0.3917050691 0.2464128312
669 0.0167186377 0.0756905431 0.1048311945 0.0999375949 0.2074953459 0.2385021516 0.0352404308
670 0.0168285281 0.0753003536 0.1056332562 0.0043803892 0.0572527238 0.0332041383 0.0055716941
671 0.0169400000 0.0749058466 0.1064383113 0.0159443299 0.0272530290 -0.1232947783 0.0550480835
672 0.0170530787 0.0745069757 0.1072463950 0.0013013848 -0.0114444411 -0.0342112491 0.0273979111
673 0.0171677899 0.0741036937 0.1080575424 0.1415378048 -0.2706076235 0.2613605152 0.1423276937
674 0.0172841600 0.0736959527 0.1088717894 0.0707280032 0.1157261879 0.2394482253 0.0188167463
675 0.0174022158 0.0732837038 0.1096891722 0.0065929974 0.0509353923 0.0632343516 0.0026574974
676 0.0175219847 0.0728668977 0.1105097275 0.1857675903 0.2807397687 -0.3270363475 0.2346576983
677 0.0176434947 0.0724454841 0.1113334924 0.1339000837 -0.2419202246 0.2745445112 0.1254636355
678 0.0177667744 0.0720194117 0.1121605043 0.0601029879 -0.1279641102 0.2091128269 0.0493931619
679 0.0178918530 0.0715886287 0.1129908015 0.2425160616 0.4542374950 -0.1902218696 0.2383580788
680 0.0180187602 0.0711530822 0.1138244222 0.0491526623 -0.0321054720 -0.2193670461 0.1216788836
681 0.0181475265 0.0707127186 0.1146614056 0.1336316164 0.2251350444 -0.2880031739 0.1859850183
682 0.0182781829 0.0702674833 0.1155017910 0.0280046354 0.0217291787 0.1659291360 0.0048988841
683 0.0184107613 0.0698173210 0.1163456185 0.1059572174 0.3255104221 -0.0004272591 0.0790148669
684 0.0185452938 0.0693621751 0.1171929285 0.1642469176 0.2395702994 -0.3268837550 0.2261749064
685 0.0186818138 0.0689019886 0.1180437620 0.0057067815 -0.0402844325 -0.0639057588 0.0450273027
686 0.0188203549 0.0684367030 0.1188981605 0.0005188314 -0.0155949583 -0.0166020692 0.0254216323
687 0.0189609517 0.0679662593 0.1197561660 0.0113435028 0.0810266427 -0.0691244240 0.0358464509
688 0.0191036395 0.0674905972 0.1206178212 0.1011012901 0.2843409528 -0.1423078097 0.1161539641
689 0.0192484543 0.0670096556 0.1214831691 0.0441419984 0.1947386090 0.0788598285 0.0181314347
690 0.0193954330 0.0665233723 0.1223522536 0.0195455793 -0.1398052919 0.0002441481 0.0574819071
691 0.0195446132 0.0660316840 0.1232251188 1.0386996681 -1.0000000000 -0.1967223121 1.2387899097
692 0.0196960333 0.0655345264 0.1241018096 0.0409057417 -0.0248420667 -0.2007202368 0.1136772904
693 0.0198497326 0.0650318341 0.1249823715 0.3380697550 -0.5083773309 -0.2821741386 0.4945744941
694 0.0200057514 0.0645235406 0.1258668506 0.0004711858 -0.0114139225 -0.0184636982 0.0265978056
695 0.0201641306 0.0640095783 0.1267552935 1.9237505374 -1.0000000000 -0.9611194189 2.3155877728
696 0.0203249122 0.0634898785 0.1276477476 0.0120220267 0.0456862087 -0.0996734519 0.0519918984
697 0.0204881391 0.0629643712 0.1285442609 0.1446774708 -0.3372600482 -0.1758781701 0.2528526024
698 0.0206538551 0.0624329853 0.1294448819 0.0253320980 0.1590929899 -0.0046388134 0.0273215938
699 0.0208221051 0.0618956484 0.1303496599 0.9088910782 -0.5453047273 -0.7820062868 1.2010856699
700 0.0209929350 0.0613522870 0.1312586450 0.5884250500 0.6372875149 0.4269539476 0.4191370987
701 0.0211663915 0.0608028261 0.1321718876 1.0518640083 0.6370433668 0.8037659841 0.7830917911
702 0.0213425227 0.0602471897 0.1330894393 0.1108967258 -0.1684926908 -0.2872402112 0.2289989480
703 0.0215213775 0.0596853003 0.1340113520 0.6519564306 -0.2275460067 -0.7747123630 0.9082806140
704 0.0217030062 0.0591170790 0.1349376787 0.2111874196 0.1246070742 0.4423352763 0.0987822225
705 0.0218874598 0.0585424458 0.1358684727 0.0985641595 0.0556962798 -0.3089693899 0.1978888247
706 0.0220747910 0.0579613190 0.1368037884 0.9997127849 0.3537705618 0.9351786859 0.7249055850
707 0.0222650534 0.0573736156 0.1377436810 0.7670564196 0.1476790674 0.8632770775 0.5345537841
708 0.0224583019 0.0567792511 0.1386882063 0.4156588439 0.1811883908 -0.6187322611 0.5891633985
709 0.0226545927 0.0561781397 0.1396374210 0.1388818916 0.1445661794 -0.3434858242 0.2412205156
710 0.0228539833 0.0555701937 0.1405913826 0.0246606629 0.0156559954 0.1562547685 0.0018384849
711 0.0230565324 0.0549553243 0.1415501493 0.1143190543 0.0749839778 0.3296914579 0.0357982989
712 0.0232623004 0.0543334407 0.1425137805 0.4361556130 -0.1270180364 -0.6480910672 0.6579443835
713 0.0234713488 0.0537044507 0.1434823362 0.0642466754 -0.0046998505 -0.2534257027 0.1609470537
714 0.0236837408 0.0530682605 0.1444558773 0.0110441565 0.1011688589 -0.0284432508 0.0322077761
715 0.0238995408 0.0524247746 0.1454344657 0.0495332053 -0.2190618610 0.0393078402 0.0849678539
716 0.0241188151 0.0517738955 0.1464181642 1.2600013308 0.5099032563 -1.0000000000 1.5241571184
717 0.0243416312 0.0511155243 0.1474070364 0.7028730985 0.5283974731 -0.6508987701 0.8650902194
718 0.0245680586 0.0504495601 0.1484011472 0.4720037866 -0.4356517228 0.5312356944 0.3828567478
719 0.0247981682 0.0497759003 0.1494005621 0.0129880581 0.0537430952 -0.1004974517 0.0624647559
720 0.0250320327 0.0490944402 0.1504053477 0.7100963603 -0.5406353954 0.6463820307 0.5937741490
721 0.0252697266 0.0484050734 0.1514155719 0.2086312702 -0.3183690909 0.3275246437 0.1655376927
722 0.0255113261 0.0477076915 0.1524313033 0.1424297487 -0.2517777032 0.2811365093 0.1062565317
723 0.0257569093 0.0470021840 0.1534526117 0.0506317319 0.0977507859 0.2026734214 0.0049981087
724 0.0260065565 0.0462884384 0.1544795680 0.1397878351 -0.3561510056 0.1137730033 0.1636145305
725 0.0262603495 0.0455663402 0.1555122442 0.0033492786 -0.0458998383 -0.0352488784 0.0447558677
726 0.0265183724 0.0448357727 0.1565507133 0.0118479519 -0.1051973022 -0.0279549547 0.0565522651
727 0.0267807113 0.0440966169 0.1575950497 0.0599891994 -0.2371288186 0.0613116855 0.0883582318
728 0.0270474546 0.0433487518 0.1586453289 0.0991297564 -0.2116458632 0.2331003754 0.0705658076
729 0.0273186928 0.0425920539 0.1597016273 0.0020350575 0.0385448775 0.0234382153 0.0185840971
730 0.0275945186 0.0418263974 0.1607640230 0.1376098611 0.3702810755 0.0224005860 0.1270269163
731 0.0278750271 0.0410516542 0.1618325950 0.0626033430 0.2349620045 0.0860011597 0.0433516305
732 0.0281603159 0.0402676937 0.1629074239 0.3756985500 -0.6128116703 -0.0126651814 0.4573383954
733 0.0284504850 0.0394743829 0.1639885912 0.0373993767 -0.1925717948 0.0177617725 0.0752277111
734 0.0287456368 0.0386715861 0.1650761801 0.3344967992 -0.5771355327 -0.0375682852 0.4202831868
735 0.0290458767 0.0378591650 0.1661702750 0.0529089238 -0.2214423048 0.0622272408 0.0780414066
736 0.0293513124 0.0370369786 0.1672709617 0.0041667717 -0.0597552416 -0.0244148076 0.0461121681
737 0.0296620548 0.0362048834 0.1683783275 0.0069469896 -0.0691854610 0.0464796899 0.0259664025
738 0.0299782172 0.0353627328 0.1694924611 0.1017387886 -0.1510666219 -0.2809228797 0.2376298836
739 0.0302999164 0.0345103774 0.1706134527 0.0173349418 0.1143223365 -0.0653096103 0.0620296404
740 0.0306272717 0.0336476651 0.1717413939 0.0254721561 0.0874355296 -0.1335184790 0.0960767244
741 0.0309604061 0.0327744404 0.1728763781 0.0390699743 -0.1134372997 0.1618701743 0.0214990095
742 0.0312994453 0.0318905449 0.1740185002 0.0208614181 -0.1236304819 0.0746787927 0.0340551673
743 0.0316445187 0.0309958173 0.1751678566 0.1676598867 0.3550523392 0.2039551988 0.1058413405
744 0.0319957590 0.0300900926 0.1763245455 0.0778174957 0.0451673940 0.2752769555 0.0100189045
745 0.0323533026 0.0291732029 0.1774886668 0.0538698867 -0.1884823145 -0.1354411451 0.1452989914
746 0.0327172894 0.0282449766 0.1786603220 0.0032273647 -0.0167241432 0.0542924284 0.0174895947
747 0.0330878630 0.0273052389 0.1798396146 0.0977024808 -0.2956022828 0.1015961180 0.1103913123
748 0.0334651712 0.0263538112 0.1810266496 0.0565198921 0.2252876370 -0.0759300516 0.1056014133
749 0.0338493656 0.0253905115 0.1822215343 0.0320383530 0.1134678182 0.1384319590 0.0096751389
750 0.0342406020 0.0244151539 0.1834243776 0.0201959950 0.0022888882 0.1420941801 0.0021977569
751 0.0346390405 0.0234275487 0.1846352903 0.0085856278 0.0710470901 0.0594805750 0.0179313235
752 0.0350448454 0.0224275024 0.1858543854 0.0359156483 -0.0266731773 0.1876277963 0.0024140217
753 0.0354581860 0.0214148172 0.1870817778 0.0418524992 0.1953184606 0.0608539079 0.0461759523
754 0.0358792359 0.0203892915 0.1883175847 0.0081243081 0.0618305002 0.0655842769 0.0167808386
755 0.0363081738 0.0193507194 0.1895619251 0.0060430924 0.0737022004 -0.0247199927 0.0488708238
756 0.0367451832 0.0182988904 0.1908149204 0.0457530314 -0.1057161168 0.1859492782 0.0154033965
757 0.0371904531 0.0172335900 0.1920766943 0.0555359214 -0.2309945982 -0.0466628010 0.1186137800
758 0.0376441776 0.0161545988 0.1933473727 0.0064210881 -0.0265816218 0.0755943480 0.0156921594
759 0.0381065563 0.0150616928 0.1946270838 0.0429561326 0.0178533280 0.2064882351 0.0001484801
760 0.0385777948 0.0139546433 0.1959159583 0.1509001937 -0.2033143101 0.3310037538 0.0654545106
761 0.0390581043 0.0128332167 0.1972141294 0.0086486868 -0.0567949461 -0.0736411634 0.0782106707
762 0.0395477022 0.0116971742 0.1985217327 0.0115926794 -0.0861537523 -0.0645771661 0.0787958343
763 0.0400468124 0.0105462720 0.1998389066 0.0325424165 -0.1803949095 -0.0003051851 0.0765161922
764 0.0405556651 0.0093802608 0.2011657918 0.0917110734 0.2011474960 -0.2263863033 0.2195754665
765 0.0410744973 0.0081988859 0.2025025322 0.0100087690 -0.0942106388 0.0336619160 0.0389948644
766 0.0416035530 0.0070018872 0.2038492741 0.0149033905 -0.1180761132 0.0310068056 0.0455190251
767 0.0421430834 0.0057889985 0.2052061668 0.0311395179 0.1745963927 -0.0256050295 0.0817697447
768 0.0426933472 0.0045599479 0.2065733625 0.0055135287 0.0596942045 0.0441602832 0.0294177946
769 0.0432546109 0.0033144575 0.2079510166 0.0420766673 0.1773735771 -0.1030304880 0.1270060733
770 0.0438271489 0.0020522430 0.2093392873 0.0367021479 -0.1536606952 -0.1144138920 0.1290626403
771 0.0444112439 0.0007730138 0.2107383362 0.0239499794 0.1280861843 0.0868556780 0.0315555564
772 0.0450071871 -0.0005235273 0.2121483279 0.0260576584 -0.0019226661 -0.1614123966 0.1395495725
773 0.0456152788 -0.0018376843 0.2135694306 0.0409050069 0.1879940184 -0.0745872372 0.1190703405
774 0.0462358282 -0.0031697681 0.2150018157 0.0460478233 -0.1576586200 0.1455732902 0.0286871255
775 0.0468691543 -0.0045200968 0.2164456583 0.0505867714 0.2157353435 -0.0636005737 0.1269383511
776 0.0475155858 -0.0058889958 0.2179011369 0.1086714256 -0.2520218513 -0.2125003815 0.2458268496
777 0.0481754616 -0.0072767979 0.2193684340 0.0533228745 0.1574449904 0.1689199499 0.0296783171
778 0.0488491314 -0.0086838441 0.2208477355 0.0030623131 -0.0530411695 0.0157780694 0.0440211403
779 0.0495369557 -0.0101104828 0.2223392314 0.0131177732 0.0052186651 0.1144138920 0.0118828617
780 0.0502393064 -0.0115570711 0.2238431159 0.2174949120 -0.0081484420 -0.4662923063 0.4762985197
781 0.0509565674 -0.0130239743 0.2253595870 0.2041007026 0.2881252480 0.3479720450 0.1057246689
782 0.0516891345 -0.0145115665 0.2268888470 0.1587569724 -0.0763267922 0.3910641804 0.0307746622
783 0.0524374165 -0.0160202306 0.2284311027 0.0732198064 -0.1264381848 -0.2392345958 0.2309033302
784 0.0532018353 -0.0175503589 0.2299865653 0.0643151858 0.1647694327 -0.1927854244 0.2119766616
785 0.0539828265 -0.0191023530 0.2315554504 0.1128256526 -0.0809350871 0.3259987182 0.0127428178
786 0.0547808398 -0.0206766245 0.2331379785 0.2610113261 -0.1182287057 0.4970244453 0.0791524759
787 0.0555963398 -0.0222735948 0.2347343750 0.0650913657 0.0798364208 -0.2423169652 0.2380044365
788 0.0564298063 -0.0238936958 0.2363448701 0.0012066747 -0.0346995453 0.0016174810 0.0552137136
789 0.0572817351 -0.0255373700 0.2379696994 0.2311119315 0.1344340342 -0.4615619373 0.5149353609
790 0.0581526383 -0.0272050709 0.2396091034 0.0325231230 0.1255836665 -0.1294289987 0.1595335191
791 0.0590430455 -0.0288972633 0.2412633284 0.1536147410 0.3408307138 0.1935178686 0.1389784060
792 0.0599535038 -0.0306144237 0.2429326261 0.0484272267 0.0936002686 -0.1991637928 0.2108785334
793 0.0608845790 -0.0323570407 0.2446172539 0.0203039596 -0.1347087008 -0.0464491714 0.0951955263
794 0.0618368563 -0.0341256151 0.2463174753 0.0087064054 0.0222785119 -0.0906094546 0.1167011817
795 0.0628109407 -0.0359206607 0.2480335598 0.1340335532 -0.3368633076 0.1433759575 0.1015196905
796 0.0638074582 -0.0377427043 0.2497657832 0.1975920482 -0.0491653188 -0.4417859432 0.4783742663
797 0.0648270564 -0.0395922864 0.2515144276 0.0108874901 0.0090945158 -0.1039460433 0.1287225511
798 0.0658704057 -0.0414699616 0.2532797821 0.0402162798 -0.0010681478 0.2005371258 0.0044140943
799 0.0669381997 -0.0433762987 0.2550621423 0.0435870853 0.2085634938 -0.0093997009 0.1334137256
800 0.0680311567 -0.0453118819 0.2568618112 0.0253305864 0.0523392438 -0.1503036592 0.1753194626
801 0.0691500202 -0.0472773103 0.2586790988 0.0949936410 0.2951750237 -0.0886867885 0.2379366607
802 0.0702955606 -0.0492731994 0.2605143229 0.0262947057 0.0719931639 0.1452986236 0.0279801882
803 0.0714685757 -0.0513001808 0.2623678088 0.4902304190 0.6964629048 0.0719016083 0.5954270056
804 0.0726698920 -0.0533589032 0.2642398900 0.0226169268 0.0202337718 -0.1490218818 0.1762011738
805 0.0739003664 -0.0554500329 0.2661309081 0.1126671803 0.3189794610 -0.1044953764 0.2775612888
806 0.0751608868 -0.0575742544 0.2680412133 0.3602763738 0.5840632344 0.1383709220 0.4285130514
807 0.0764523738 -0.0597322706 0.2699711644 0.1185190670 0.3334452345 -0.0856349376 0.2810442504
808 0.0777757821 -0.0619248042 0.2719211296 0.0140726401 0.0028077029 0.1185949278 0.0276992216
809 0.0791321020 -0.0641525977 0.2738914862 0.0138548370 0.0588091678 0.1019623402 0.0446792270
810 0.0805223608 -0.0664164142 0.2758826213 0.3444750469 0.5791497543 0.0951872311 0.4494065020
811 0.0819476245 -0.0687170385 0.2778949318 0.3169637744 0.5521408734 0.1100192267 0.4136467992
812 0.0834089996 -0.0710552773 0.2799288252 0.0049396266 -0.0020142216 -0.0702536088 0.1273944044
813 0.0849076348 -0.0734319604 0.2819847193 0.5908881695 0.6495559557 0.4110538041 0.5393703554
814 0.0864447228 -0.0758479413 0.2840630434 0.0256119328 -0.1587878048 -0.0199591052 0.0993084878
815 0.0880215027 -0.0783040980 0.2861642376 0.2688231667 -0.2773522141 -0.4380626850 0.5641247880
816 0.0896392614 -0.0808013340 0.2882887543 0.0070157841 -0.0282296213 0.0788598285 0.0466242600
817 0.0912993367 -0.0833405793 0.2904370578 0.6101603246 0.5582445753 0.5463728751 0.4771346532
818 0.0930031187 -0.0859227908 0.2926096251 0.0962687721 -0.1790520951 -0.2533951842 0.3067943191
819 0.0947520528 -0.0885489540 0.2948069462 0.0510996662 0.1954405347 0.1135898923 0.1134896503
820 0.0965476422 -0.0912200838 0.2970295246 0.0499987282 0.0358592486 0.2207098605 0.0219738479
821 0.0983914505 -0.0939372252 0.2992778779 0.3760599262 0.3600878933 0.4963835566 0.2449894568
822 0.1002851046 -0.0967014549 0.3015525380 1.0840569927 -0.2899258400 -1.0000000000 1.7313746722
823 0.1022302976 -0.0995138824 0.3038540519 1.0004828271 0.0219733268 -1.0000000000 1.7147945307
824 0.1042287924 -0.1023756508 0.3061829821 0.3402999775 0.2338938566 0.5344096194 0.1651645796
825 0.1062824244 -0.1052879386 0.3085399072 0.1342123054 0.0051576281 0.3663136692 0.0155360308
826 0.1083931055 -0.1082519609 0.3109254226 0.1933460980 -0.0537430952 -0.4364146855 0.5614884536
827 0.1105628277 -0.1112689707 0.3133401409 0.2206935064 -0.2696920682 -0.3846552934 0.5122955041
828 0.1127936672 -0.1143402604 0.3157846926 0.5673166170 -0.1231727042 0.7430646687 0.1826461901
829 0.1150877882 -0.1174671631 0.3182597270 0.2640485479 0.0694601276 0.5091402936 0.0713772027
830 0.1174474477 -0.1206510549 0.3207659126 0.0308217294 0.1276894436 -0.1204870754 0.2563772026
831 0.1198750000 -0.1238933557 0.3233039382 0.0590954887 -0.0967131565 -0.2230292673 0.2992187346
832 0.1223729015 -0.1271955316 0.3258745131 0.2494571062 -0.2442091128 0.4356822413 0.0257499154
833 0.1249437163 -0.1305590964 0.3284783686 0.0458642894 -0.1509445479 0.1519211402 0.0315880215
834 0.1275901212 -0.1339856139 0.3311162582 0.2453066196 -0.1984008301 0.4538102359 0.0192031322
835 0.1303149121 -0.1374766993 0.3337889592 0.1962545053 -0.1116977447 0.4286935026 0.0096714269
836 0.1331210099 -0.1410340220 0.3364972728 1.0327639451 0.5351725822 -0.8639179662 1.8982521175
837 0.1360114672 -0.1446593073 0.3392420257 0.1030964688 -0.1377910703 0.2900173956 0.0024702369
838 0.1389894750 -0.1483543392 0.3420240709 0.0981005645 0.2882473220 -0.1225318155 0.4064331822
839 0.1420583708 -0.1521209625 0.3448442889 0.1206748527 -0.3035981323 0.1688283944 0.0539269281
840 0.1452216456 -0.1559610853 0.3477035885 0.9611507496 0.7943662832 -0.5745719779 1.7537143277
841 0.1484829530 -0.1598766823 0.3506029084 0.1052527602 0.2546159246 -0.2010559404 0.4761316067
842 0.1518461176 -0.1638697970 0.3535432183 0.5087287766 -0.6615497299 0.2666096988 0.2552427525
843 0.1553151447 -0.1679425449 0.3565255199 0.0416837332 0.1944029054 -0.0623798334 0.3067759203
844 0.1588942304 -0.1720971169 0.3595508486 0.8238075005 -0.8939481796 0.1570482498 0.5620762592
845 0.1625877721 -0.1763357823 0.3626202752 0.2845608897 -0.5334025086 -0.0065309610 0.2637692822
846 0.1664003800 -0.1806608925 0.3657349067 0.3085928491 0.5336161382 -0.1544236579 0.7807566089
847 0.1703368893 -0.1850748844 0.3688958884 0.0358110442 0.1155735954 -0.1498458815 0.3594825323
848 0.1744023730 -0.1895802847 0.3721044057 0.7437243499 0.8619647816 0.0272225105 1.2246905481
849 0.1786021559 -0.1941797136 0.3753616853 0.0194641646 0.0178228095 0.1383709220 0.1011096917
850 0.1829418292 -0.1988758894 0.3786689977 0.1598674030 -0.3603625599 -0.1732230598 0.3306627879
851 0.1874272662 -0.2036716329 0.3820276589 0.0263161302 -0.1338541826 -0.0916470840 0.2292422384
852 0.1920646393 -0.2085698721 0.3854390325 0.2594195698 0.1829889828 0.4753257851 0.1613979652
853 0.1968604377 -0.2135736477 0.3889045316 0.2680495443 0.2307809687 0.4634540849 0.2030086610
854 0.2018214869 -0.2186861180 0.3924256218 0.5640050192 0.6451612903 0.3844111454 0.7462965766
855 0.2069549690 -0.2239105647 0.3960038232 0.0792300853 0.2395702994 -0.1477706229 0.5105051596
856 0.2122684450 -0.2292503992 0.3996407130 0.0924866936 0.2825098422 0.1125827815 0.3443008007
857 0.2177698782 -0.2347091686 0.4033379283 0.0839396585 -0.2824488052 0.0645161290 0.1170792846
858 0.2234676596 -0.2402905625 0.4070971692 0.1550829032 -0.3064058351 -0.2473830378 0.4327155706
859 0.2293706350 -0.2459984205 0.4109202016 0.0035721428 0.0567033906 -0.0188909574 0.2763660188
860 0.2354881340 -0.2518367392 0.4148088606 0.1821199742 0.4036683248 0.1384624775 0.5060542124
861 0.2418300019 -0.2578096805 0.4187650541 0.0185610153 -0.0170598468 -0.1351664785 0.3648006252
862 0.2484066327 -0.2639215805 0.4227907663 0.0339388970 0.0576799829 0.1749626148 0.1648463582
863 0.2552290055 -0.2701769578 0.4268880614 0.0568685493 -0.2074648274 -0.1175878170 0.3003867935
864 0.2623087238 -0.2765805236 0.4310590885 0.3381315707 -0.2801293985 -0.5095675527 0.8847910726
865 0.2696580572 -0.2831371922 0.4353060850 0.0382765135 -0.0217291787 0.1944334239 0.1263537884
866 0.2772899868 -0.2898520910 0.4396313821 0.0870860183 -0.1706900235 -0.2407300027 0.4770912124
867 0.2852182540 -0.2967305731 0.4440374095 0.0466552279 -0.0962553789 0.1933652760 0.1030268220
868 0.2934574135 -0.3037782291 0.4485267005 0.1018935233 0.2796716208 -0.1538743248 0.7033007226
869 0.3020228900 -0.3110009002 0.4531018981 0.1649750552 -0.0005493332 0.4061708426 0.0985826994
870 0.3109310400 -0.3184046927 0.4577657607 0.0298966721 0.1119418928 0.1317789239 0.2914656013
871 0.3201992186 -0.3259959926 0.4625211687 0.0188727508 0.0755333110 0.1147495956 0.2821708486
872 0.3298458520 -0.3337814818 0.4673711314 0.0698741797 0.0581987976 -0.2578508866 0.6795955147
873 0.3398905155 -0.3417681554 0.4723187943 0.1538320690 0.0627765740 0.3871578112 0.1709088312
874 0.3503540188 -0.3499633399 0.4773674470 0.0937436563 -0.0204779199 0.3054902799 0.1381024026
875 0.3612584982 -0.3583747127 0.4825205317 0.0597395124 0.0414136174 -0.2408825953 0.6831427930
876 0.3726275177 -0.3670103234 0.4877816522 0.0196431841 -0.1309244057 -0.0500198370 0.3449670024
877 0.3844861774 -0.3758786164 0.4931545834 0.0867226621 0.2098147526 -0.2066408277 0.8327503399
878 0.3968612333 -0.3849884551 0.4986432820 0.0022952914 0.0478530229 0.0023194067 0.4336891343
879 0.4097812266 -0.3943491478 0.5042518976 0.0836718012 0.1732535783 -0.2316354869 0.8637030974
880 0.4232766259 -0.4039704761 0.5099847845 0.0126909099 0.1068147832 0.0357982116 0.4857544869
881 0.4373799814 -0.4138627245 0.5158465147 0.0028300532 0.0200201422 0.0492873928 0.4059317562
882 0.4521260946 -0.4240367134 0.5218418920 0.0059971782 0.0670796838 0.0386974700 0.4746238482
883 0.4675522034 -0.4345038341 0.5279759669 0.0386228637 -0.0604876858 0.1869869076 0.2561616178
884 0.4836981853 -0.4452760860 0.5342540525 0.0114798335 0.0379650258 0.1001922666 0.4219316061
885 0.5006067803 -0.4563661183 0.5406817422 0.2637810212 0.4688253426 -0.2097231971 1.4190868123
886 0.5183238357 -0.4677872735 0.5472649289 0.1720565611 0.4065981017 0.0820642720 0.9809614357
887 0.5368985752 -0.4795536356 0.5540098247 0.0239236446 -0.1404766991 0.0647297586 0.3543681519
888 0.5563838960 -0.4916800814 0.5609229836 0.1685016721 0.3654591510 -0.1869258705 1.2939655723
889 0.5768366951 -0.5041823375 0.5680113253 0.0259524275 -0.1472518082 -0.0653401288 0.5285334672
890 0.5983182311 -0.5170770404 0.5752821616 0.0157295864 0.0739158300 -0.1013214515 0.8070650220
891 0.6208945227 -0.5303818036 0.5827432240 0.1792602584 0.4206366161 0.0482192450 1.1901519188
892 0.6446367907 -0.5441152895 0.5904026952 0.2138067985 -0.0475173193 -0.4599444563 1.3498386827
893 0.6696219483 -0.5582972879 0.5982692426 0.1593750284 0.3766594440 0.1322977386 1.0912735330
894 0.6959331444 -0.5729488023 0.6063520548 0.0108536252 0.1002227851 -0.0284432508 0.8561250662
895 0.7236603687 -0.5880921436 0.6146608815 0.0609424290 -0.1763664663 -0.1727347636 0.7895099354
896 0.7529011247 -0.6037510327 0.6232060777 0.0025152255 0.0089419233 -0.0493484298 0.8277222239
897 0.7837611816 -0.6199507127 0.6319986514 0.0238196422 -0.1543015839 -0.0032654805 0.6203896285
898 0.8163554127 -0.6367180731 0.6410503163 0.0142922650 -0.0450148015 0.1107516709 0.6313294150
899 0.8508087348 -0.6540817844 0.6503735496 0.0368087713 0.1074556719 0.1589403974 0.8214458405
900 0.8872571611 -0.6720724481 0.6599816555 0.2652695304 0.1181981872 -0.5012970367 1.9730958779
901 0.9258489837 -0.6907227603 0.6698888356 0.0330813574 -0.1817377239 -0.0072634053 0.7176009246
902 0.9667461036 -0.7100676939 0.6801102658 0.0607293135 0.0524307993 0.2407910398 0.7744053345
903 1.0101255305 -0.7301446986 0.6906621819 0.0725576329 0.2530289621 -0.0923795282 1.5797847669
904 1.0561810772 -0.7509939233 0.7015619747 0.0158083225 -0.1141087069 0.0527970214 0.8265187435
905 1.1051252769 -0.7726584626 0.7128282942 0.0133894901 0.0316476943 0.1113010041 1.0087434749
906 1.1571915580 -0.7951846306 0.7244811669 0.0247527912 -0.0573137608 0.1465193640 0.8784932661
907 1.2126367170 -0.8186222658 0.7365421257 0.1981110687 -0.0461134678 0.4427014985 0.6831121572
908 1.2717437359 -0.8430250719 0.7490343544 0.0983711851 -0.1683095798 -0.2646565142 1.4828101723
909 1.3348249991 -0.8684509976 0.7619828501 0.0301933323 -0.1692861721 0.0391857662 1.0112670779
910 1.4022259783 -0.8949626635 0.7754146047 0.0032295591 -0.0480361339 0.0303659169 1.2723820937
911 1.4743294604 -0.9226278404 0.7893588085 0.0087019198 -0.0590227973 -0.0722373119 1.4881615451
912 1.5515604147 -0.9515199879 0.8038470796 0.0519989363 -0.2186346019 0.0647907956 1.0833251799
913 1.6343916094 -0.9817188623 0.8189137225 0.0102585082 0.0616168706 0.0803857540 1.6339730119
914 1.7233501127 -1.0133112033 0.8345960209 0.0193321974 0.0686971648 -0.1208838160 2.0836838274
915 1.8190248397 -1.0463915135 0.8509345687 0.0355466814 -0.1504562517 0.1136204108 1.3463321608
916 1.9220753409 -1.0810629437 0.8679736475 0.1449397091 -0.2203436384 -0.3104647969 2.1295548897
917 2.0332420707 -1.1174383025 0.8857616557 0.0754262023 -0.2679219947 -0.0603656117 1.6168347635
918 2.1533584249 -1.1556412108 0.9043516003 0.0109823725 -0.0118106632 0.1041291543 1.9487042846
919 2.2833649039 -1.1958074251 0.9238016594 0.0331691222 0.1648609882 -0.0773949400 2.8538131617
920 2.4243258375 -1.2380863610 0.9441758312 0.0638385226 -0.1684011353 -0.1883602405 2.4268644357
921 2.5774492145 -1.2826428511 0.9655446810 0.1107951617 -0.2768944365 0.1847285379 1.6212037229
922 2.7441102877 -1.3296591816 0.9879862086 0.0125110801 0.0007629627 0.1118503372 2.5376371473
923 2.9258797964 -1.3793374606 1.0115868554 0.0370250889 0.1762749107 -0.0771507920 3.6052795148
924 3.1245578629 -1.4319023825 1.0364426805 0.1018091227 -0.2862331004 -0.1409955138 2.6989188053
925 3.3422148983 -1.4876044677 1.0626607388 0.2041583262 0.4512161626 0.0237128819 4.8384380862
926 3.5812412170 -1.5467238771 1.0903607041 0.0975461506 -0.3003631703 0.0856044191 2.5629502038
927 3.8444075354 -1.6095749217 1.1196767867 0.0011859142 0.0206915494 0.0275276955 3.8505584044
928 4.1349391603 -1.6765114225 1.1507600143 0.0856440074 -0.2916348766 -0.0243537706 3.2987754549
929 4.4566075071 -1.7479331112 1.1837809536 0.1199010068 -0.3321024201 -0.0980254524 3.6476042082
930 4.8138437174 -1.8242933169 1.2189329807 0.0063238763 -0.0690939055 -0.0393688772 4.6640485395
931 5.2118806631 -1.9061082506 1.2564362300 0.3353837024 -0.4540238655 -0.3595080416 4.7198249507
932 5.6569317116 -1.9939682882 1.2965423931 0.0634843953 0.1010467849 0.2308114872 5.5248705204
933 6.1564174983 -2.0885517728 1.3395405895 0.3231772160 0.2156743065 0.5259865108 5.9713280630
934 6.7192559730 -2.1906420178 1.3857645986 0.1818717410 -0.3942991424 -0.1624805445 5.6239107490
935 7.3562366519 -2.3011484129 1.4356018367 0.1680387914 -0.3027741325 -0.2763451033 6.9242620901
936 8.0805081196 -2.4211328338 1.4895045891 0.0771883834 -0.0855739006 0.2643208106 6.9559108215
937 8.9082195681 -2.5518429803 1.5480041899 0.0220849769 -0.1158482620 0.0930814539 8.0508704355
938 9.8593744243 -2.6947548612 1.6117290909 0.1021995495 0.0303048799 0.3182470168 9.0990464685
939 10.9589798826 -2.8516274903 1.6814281248 0.0168851126 -0.0220648824 -0.1280556658 11.2806561409
940 12.2386152672 -3.0245740993 1.7580007922 0.0828787502 -0.0163274026 0.2874233222 11.2121462832
941 13.7386025989 -3.2161559895 1.8425371774 0.3976087899 0.1560411390 0.6109500412 12.8885203471
942 15.5110580722 -3.4295078937 1.9363712658 0.1532871748 -0.0083315531 -0.3914304025 17.1231081610
943 17.6242568139 -3.6685079182 2.0411532201 0.0066252017 0.0274361400 -0.0766319773 18.1450166239
944 20.1689970630 -3.9380117273 2.1589489801 0.0412826151 0.0937833796 0.1802423170 20.1706518429
945 23.2680804001 -4.2441812089 2.2923800440 0.0167943441 -0.0467848750 -0.1208532975 23.4418311443
946 27.0907771444 -4.5949552960 2.4448237099 1.0158870147 -0.1262855922 0.9999694815 22.0566126626
947 31.8755064351 -5.0007402523 2.6207066536 0.3517893986 -0.0230719932 0.5926694540 28.8901161808
948 37.9665155693 -5.4754488221 2.8259468796 0.6837589034 0.0723593860 -0.8237250893 44.0982813933
949 45.8753557680 -6.0381128627 3.0686395723 0.1678690895 -0.1806390576 0.3677480392 41.6048144518
950 56.3882931441 -6.7154761034 3.3601597952 1.3529230923 0.5940733055 -1.0000000000 72.4405059997
951 70.7634228671 -7.5463403472 3.7170109270 0.3198777858 0.3361003449 -0.4548783837 79.5375316848
952 91.1143532185 -8.5892243299 4.1640819671 0.0734019609 -0.2433240761 0.1191442610 86.0155720939
953 121.2128968760 -9.9367095905 4.7407488217 0.0413684585 -0.0362254707 0.2001403851 118.6367107792
954 168.3274698399 -11.7444449317 5.5132098715 1.2947158126 0.8930326243 -0.7051301614 198.3735917422
955 247.9584952630 -14.2958706602 6.6020131271 0.1612121668 0.2659993286 -0.3007599109 259.6963331839
956 398.1480105207 -18.1672386566 8.2522390970 0.0306315352 0.0578936125 -0.1651661733 403.0081577103
957 734.0473091663 -24.7373818966 11.0503052477 0.0200894387 0.1411481063 -0.0129093295 741.3359718886
958 1752.7325406388 -38.3313606495 16.8356565479 0.0331259704 0.1392559587 0.1171910764 1759.4954299382
959 8195.7047875346 -83.1139678500 35.8855560883 0.1370028429 0.2609942930 -0.2624591815 8258.0633202956
960 385966.4849718934 571.8998298919 -242.6871845432 0.6085845955 -0.7374187445 0.2545548875 386934.1072834674
961 5043.8333534195 65.5495630598 -27.3329130554 0.0048172480 0.0624408704 -0.0303048799 5033.9955858301
962 1438.4840430420 35.0967003752 -14.3772621113 0.0204102114 -0.1427655873 0.0053102206 1448.6783482064
963 675.8417299414 24.1179701193 -9.7038779499 0.0373585860 -0.1795098727 -0.0716574602 683.1472055241
964 393.9952791967 18.4607144121 -7.2936480989 0.2857854794 0.5292825098 -0.0751365703 373.6431587544
965 259.2560318293 15.0117915318 -5.8225550091 0.0749714023 0.0670186468 0.2654805139 260.4104131147
966 184.3764379938 12.6901378452 -4.8308218207 1.0001040425 0.9999694815 0.0128482925 160.1211765376
967 138.4171968679 11.0213483173 -4.1166829047 0.0179220173 0.1221655934 -0.0547502060 135.2914812958
968 108.1448826023 9.7644859773 -3.5776663067 0.1940775894 0.4254585406 0.1142918180 100.8479882571
969 87.1237289940 8.7841962950 -3.1562041197 0.0606471156 0.2268440809 0.0958586383 83.8041890970
970 71.9154374639 7.9985831841 -2.8174641987 0.0443023214 -0.1268349254 -0.1679738762 73.0422184231
971 60.5460132797 7.3551892471 -2.5391345806 0.0530302053 0.0901821955 -0.2118900113 58.1963947458
972 51.8156834793 6.8188591461 -2.3062617860 0.7197117864 -0.6029847102 -0.5967589343 58.0061662271
973 44.9606868669 6.3651498802 -2.1084482135 0.3914281961 0.5010223701 0.3747062593 40.5540475915
974 39.4757995352 5.9765396453 -1.9382397693 1.9511695857 0.9999694815 0.9753105258 33.2550259176
975 35.0158305362 5.6401403195 -1.7901529857 0.1073093652 -0.1262245552 -0.3022858364 35.4647125226
976 31.3383189957 5.3462609608 -1.6600640755 0.2130286645 -0.3539841914 -0.2961821345 34.3529687443
977 28.2688410866 5.0874745176 -1.5448120012 0.0081660861 0.0200811792 0.0881069369 28.3448995042
978 25.6792708229 4.8579934415 -1.4419329200 0.0208680933 0.0091250343 0.1441694388 26.0272455220
979 23.4737439292 4.6532411560 -1.3494779261 0.0352771598 -0.1188695944 -0.1454206977 24.2227948238
980 21.5793536992 4.4695512700 -1.2658851227 0.0623581341 0.1087984863 -0.2247688223 20.1000879919
981 19.9398381302 4.3039522101 -1.1898880213 0.0404486207 0.1439863277 0.1404156621 19.0750240328
982 18.5112066412 4.1540102520 -1.1204487797 0.0841607642 0.1874141667 0.2214423048 17.5345561861
983 17.2586533589 4.0177132752 -1.0567087570 0.0371798562 0.1385845515 0.1340678121 16.4655884924
984 16.1543414362 3.8933834269 -0.9979513653 0.3637290289 -0.2211676382 -0.5610827967 17.1203846132
985 15.1757880926 3.7796106408 -0.9435737898 0.0007332052 -0.0226142155 -0.0148930326 15.3193618065
986 14.3046709710 3.6752014251 -0.8930652026 0.0265991950 -0.0897549364 -0.1361735893 14.7477813180
987 13.5259345621 3.5791389789 -0.8459897942 0.0993655044 -0.1948606830 0.2477797784 15.4394053260
988 12.8271133663 3.4905518179 -0.8019734239 0.0434515780 -0.0748313852 -0.1945554979 13.0809139222
989 12.1978136493 3.4086888653 -0.7606930187 0.0370943695 0.0058290353 0.1925107578 12.4880524623
990 11.6293126392 3.3328995049 -0.7218680833 0.0128731883 -0.0815149388 0.0789208655 12.2994889337
991 11.1142456611 3.2626174813 -0.6852538448 0.1794230551 -0.0256965850 -0.4228034303 10.8818896186
992 10.6463598003 3.1973478096 -0.6506356775 0.0112270161 0.0434888760 -0.0966216010 10.2537577699
993 10.2203183790 3.1366560573 -0.6178245358 0.0013989654 -0.0213629566 0.0307016205 10.3936702680
994 9.8315445957 3.0801595139 -0.5866531894 0.0347452304 0.1178930021 -0.1443830683 8.9706257469
995 9.4760956010 3.0275198705 -0.5569731006 0.0278871707 0.0568559832 -0.1570177313 8.9848082290
996 9.1505604136 2.9784371185 -0.5286518183 0.1540644147 -0.0819421979 -0.3838618122 9.3868857061
997 8.8519766513 2.9326444365 -0.5015707929 0.0863704470 0.2555619984 -0.1451155126 7.2938307476
998 8.5777622121 2.8899038854 -0.4756235333 0.0470481043 0.1847285379 -0.1136814478 7.4489757341
999 8.3256589151 2.8500027657 -0.4507140452 0.0681245556 0.1569261757 -0.2085634938 7.3112984091
1000 8.0936857679 2.8127505239 -0.4267555019 0.0053084175 -0.0182805872 -0.0705282754 8.1416349886
1001 7.8801000290 2.7779761124 -0.4036691070 0.1119537818 -0.3343302713 0.0133060701 9.8603193245
1002 7.6833646179 2.7455257302 -0.3813831179 0.0068289112 0.0029908139 0.0825830866 7.7367624060
1003 7.5021207212 2.7152608807 -0.3598320038 0.2879926959 -0.5183568834 0.1389202551 10.7050376604
1004 7.3351646760 2.6870566981 -0.3389557159 0.0425075728 -0.0890530107 -0.1859492782 7.7301960849
1005 7.1814283901 2.6608005006 -0.3186990529 0.1057722026 -0.3169347209 -0.0729697562 8.9272899364
1006 7.0399627012 2.6363905361 -0.2990111078 0.0059061535 -0.0603045747 -0.0476393933 7.3353522594
1007 6.9099231907 2.6137348926 -0.2798447821 0.2477926054 -0.4910122990 -0.0818506424 9.6786568026
1008 6.7905580552 2.5927505494 -0.2611563592 0.0113152168 0.1044953764 -0.0198980682 6.2496193686
1009 6.6811977131 2.5733625497 -0.2429051270 0.3036993155 -0.5454573199 -0.0785851619 9.7540384300
1010 6.5812458780 2.5555032783 -0.2250530435 0.0295017645 -0.1022980438 -0.1379741813 7.0714905960
1011 6.4901718803 2.5391118298 -0.2075644388 0.0349206976 0.1789300211 -0.0538956877 5.5940722552
1012 6.4075040549 2.5241334564 -0.1904057491 0.0087001754 -0.0422986541 -0.0831324198 6.5980813451
1013 6.3328240433 2.5105190858 -0.1735452767 0.0011555904 -0.0091250343 -0.0327463607 6.3684308270
1014 6.2657618844 2.4982248995 -0.1569529741 0.0253397884 0.0824915311 -0.1361430708 5.8362007590
1015 6.2059917897 2.4872119652 -0.1406002481 0.1430347662 0.2696005127 0.2652363659 5.0825039116
1016 6.1532285161 2.4774459185 -0.1244597806 0.0511882264 -0.2082583087 -0.0884121220 7.2143066295
1017 6.1072242614 2.4688966862 -0.1085053641 0.0161864104 -0.1271401105 0.0046693319 6.7522155617
1018 6.0677660242 2.4615382499 -0.0927117506 0.0281479887 -0.0734885708 0.1508224738 6.4856699000
1019 6.0346733770 2.4553484436 -0.0770545097 0.0214366083 0.0135196997 -0.1457869198 5.9672517588
1020 6.0077966100 2.4503087852 -0.0615098971 0.0738917408 -0.1766106143 -0.2066408277 6.9217685184
1021 5.9870152141 2.4464043362 -0.0460547290 0.0083728346 -0.0727866451 0.0554521317 6.3566268429
1022 5.9722366731 2.4436235908 -0.0306662637 0.0341841655 0.0885647145 0.1622974334 5.5835372991
1023 5.9633955465 2.4419583903 -0.0153220867 0.0044918613 0.0652180548 0.0154423658 5.6498410743
