#int double real img int16 real16 img16 error
0 0.1189266690 0.3448574619 0.0000000000 0.0000311910 -0.0055848872 0.0000000000 0.1228098400
1 0.1189853840 0.3449357909 0.0021643023 0.0052180364 -0.0125431074 -0.0711386456 0.1331644849
2 0.1191617877 0.3451710067 0.0043317249 0.0004408973 0.0076296274 -0.0195623646 0.1145051103
3 0.1194566584 0.3455637974 0.0065054034 0.0003656083 0.0180364391 -0.0063478500 0.1074393766
4 0.1198713017 0.3461153155 0.0086885039 0.0106435330 -0.0922269356 0.0462355419 0.1935537092
5 0.1204075637 0.3468271862 0.0108842388 0.0076384149 -0.0863979003 0.0131839961 0.1876892645
6 0.1210678488 0.3477015195 0.0130958828 0.0022946004 -0.0102847377 0.0467848750 0.1292891086
7 0.1218551442 0.3487409263 0.0153267901 0.0111404872 -0.0962553789 0.0433057649 0.1988045347
8 0.1227730497 0.3499485375 0.0175804113 0.0328533072 -0.0323191015 0.1783501694 0.1719754629
9 0.1238258155 0.3513280282 0.0198603129 0.0042068285 -0.0632953887 0.0141605884 0.1719450647
10 0.1250183856 0.3528836465 0.0221701969 0.0043793553 -0.0654011658 -0.0101016266 0.1760036548
11 0.1263564516 0.3546202465 0.0245139219 0.0241181856 -0.0814844203 0.1322061831 0.2017849035
12 0.1278465137 0.3565433275 0.0268955269 0.0103244536 -0.0415051729 0.0927457503 0.1627788606
13 0.1294959537 0.3586590790 0.0293192563 0.0006507520 0.0240791040 0.0084231086 0.1123804086
14 0.1313131189 0.3609744326 0.0317895873 0.0020225835 0.0427259133 -0.0140385144 0.1033823350
15 0.1333074202 0.3634971217 0.0343112612 0.0018852796 0.0231330302 -0.0367442854 0.1208966055
16 0.1354894459 0.3662357495 0.0368893162 0.0372735157 -0.1908322398 -0.0292672506 0.3147014360
17 0.1378710934 0.3691998667 0.0395291261 0.0376986373 -0.1941587573 0.0010071108 0.3188568849
18 0.1404657228 0.3724000614 0.0422364416 0.0388873122 -0.1846064638 -0.0693380535 0.3227051372
19 0.1432883343 0.3758480606 0.0450174378 0.0031534719 -0.0368663594 -0.0423596912 0.1779679552
20 0.1463557765 0.3795568471 0.0478787675 0.0448205418 -0.2117069002 0.0008545183 0.3518040989
21 0.1496869876 0.3835407937 0.0508276215 0.0126591461 -0.0523697623 0.0995818964 0.1923949922
22 0.1533032787 0.3878158174 0.0538717973 0.0091641187 -0.0627460555 0.0722983489 0.2033455391
23 0.1572286663 0.3923995557 0.0570197769 0.0434797066 -0.1806390576 -0.1041596728 0.3543520673
24 0.1614902620 0.3973115719 0.0602808169 0.0191914204 -0.0684224982 0.1204565569 0.2205293437
25 0.1661187348 0.4025735909 0.0636650511 0.0013613638 -0.0299081393 -0.0216071047 0.1943117875
26 0.1711488569 0.4082097738 0.0671836098 0.0022476439 0.0381786554 0.0281075472 0.1384499673
27 0.1766201543 0.4142470372 0.0708487576 0.0153186889 -0.1235389264 -0.0075380718 0.2953582376
28 0.1825776835 0.4207154254 0.0746740541 0.0029418662 -0.0535905026 0.0083620716 0.2293633924
29 0.1890729645 0.4276485484 0.0786745416 0.0007600801 0.0246589557 0.0123294778 0.1668022794
30 0.1961651043 0.4350840957 0.0828669656 0.0410346437 -0.0845362712 -0.1840876492 0.3412700921
31 0.2039221611 0.4430644446 0.0872700353 0.0065769172 -0.0797753838 -0.0145878475 0.2837365144
32 0.2124228050 0.4516373824 0.0919047322 0.0047241995 -0.0307016205 0.0614947966 0.2335756780
33 0.2217583553 0.4608569686 0.0967946783 0.0163669154 -0.1254921110 -0.0248725852 0.3586081661
34 0.2320352926 0.4707845683 0.1019665770 0.0270896548 -0.1433149205 0.0809350871 0.3775605057
35 0.2433783790 0.4814901000 0.1074507449 0.0027655431 -0.0486159856 0.0200506607 0.2886512367
36 0.2559345591 0.4930535494 0.1132817571 0.0140442815 -0.1173741874 0.0163579211 0.3820162519
37 0.2698778751 0.5055668185 0.1194992347 0.0070962105 -0.0831019013 -0.0137943663 0.3642980457
38 0.2854157092 0.5191359997 0.1261488128 0.0043290748 -0.0169682913 -0.0635700552 0.3234010597
39 0.3027967808 0.5338841934 0.1332833404 0.0203908480 -0.1028168584 0.0990936003 0.4065571677
40 0.3223214869 0.5499550266 0.1409643771 0.0003498950 0.0180974761 0.0047303690 0.3014321590
41 0.3443554065 0.5675170845 0.1492640793 0.0077276718 -0.0691854610 -0.0542313913 0.4468005380
42 0.3693471302 0.5867695442 0.1582675968 0.0024372048 -0.0392773217 0.0299081393 0.4084108286
43 0.3978520759 0.6079494087 0.1680761504 0.0003293451 -0.0143742180 -0.0110782189 0.4193829844
44 0.4305647122 0.6313408977 0.1788110263 0.0163042233 -0.1183202612 0.0480056154 0.5791019087
45 0.4683627665 0.6572877837 0.1906188236 0.0108196485 -0.0052491836 0.1038850063 0.4464779882
46 0.5123688135 0.6862098128 0.2036784386 0.0400129810 -0.1683095798 0.1080965606 0.7393392876
47 0.5640375331 0.7186248763 0.2182104951 0.0039843089 0.0298165838 -0.0556352428 0.5494483521
48 0.6252816691 0.7551794330 0.2344902833 0.0115389006 -0.0988189337 0.0421155431 0.7663212511
49 0.6986576710 0.7966909958 0.2528658303 0.0235854794 -0.1014130070 0.1153294473 0.8255070565
50 0.7876457517 0.8442086636 0.2737836445 0.0101759209 0.0856349376 0.0533158361 0.6240401523
51 0.8970836416 0.8991013183 0.2978262262 0.0028855252 0.0449842830 -0.0293588061 0.8365659554
52 1.0338588057 0.9631894555 0.3257681360 0.0001304397 -0.0057679983 -0.0098574786 1.0515231005
53 1.2080517862 1.0389480959 0.3586622926 0.0024801935 0.0301828059 0.0396130253 1.1193998454
54 1.4349016224 1.1298299051 0.3979773961 0.0012589586 0.0173039949 -0.0309762871 1.4217151634
55 1.7383469320 1.2408007066 0.4458256818 0.0015107440 0.0011902219 0.0388500626 1.7022633085
56 2.1577740881 1.3792703047 0.5053587980 0.0023611176 0.0480361339 -0.0073244423 2.0350285223
57 2.7617861665 1.5568068291 0.5814969162 0.0110176942 -0.1043427839 0.0114139225 3.0844126563
58 3.6787935850 1.7925296153 0.6823717193 0.0004001523 0.0032044435 0.0197454756 3.6407581092
59 5.1728379024 2.1204719151 0.8224577556 0.0122618280 -0.0892666402 0.0655232398 5.4558943439
60 7.8612393286 2.6076452208 1.0302551777 0.0011629054 0.0326548051 -0.0098269601 7.7123464938
61 13.4848153464 3.4067538294 1.3707091933 0.0082937940 0.0842005676 0.0346995453 12.8242819565
62 28.7015300177 4.9575406972 2.0308422521 0.0724325291 -0.2500076296 -0.0996429334 31.6575267024
63 100.6377061306 9.2591218856 3.8608765895 0.0010844581 0.0309457686 0.0112613300 99.9787720913
64 7701.0438230542 80.7829981486 34.2804759766 0.0190609863 -0.1202429273 -0.0678426466 7725.1414088246
65 163.5258090718 -11.7401600071 -5.0689695284 0.0033507278 0.0226142155 -0.0532853175 163.5199455150
66 34.9716118656 -5.4144486054 -2.3780996962 0.0007011145 -0.0032654805 0.0262764367 35.0619273993
67 14.6461693338 -3.4942480685 -1.5608971042 0.0178786942 -0.0939664907 -0.0951261940 13.7103991693
68 7.9440972117 -2.5661906685 -1.1656597552 0.0177658063 -0.1045258950 -0.0827051607 7.2325841108
69 4.9474224127 -2.0193454041 -0.9325591412 0.0131120284 0.0841395306 0.0776696066 5.4452109934
70 3.3585745715 -1.6589469407 -0.7787615935 0.0714791914 0.2150944548 0.1587878048 4.3910300261
71 2.4185152522 -1.4035975367 -0.6696485700 0.0169540579 -0.0898159734 -0.0942716758 2.0570805664
72 1.8179703533 -1.2132601845 -0.5881922117 0.0248487047 -0.0799279763 0.1358684042 1.8087056697
73 1.4119159092 -1.0659489065 -0.5250417488 0.0008519402 0.0165410321 -0.0240485855 1.4227786170
74 1.1250943632 -0.9485862126 -0.4746351867 0.0128687912 -0.0550553911 -0.0991851558 0.9393600547
75 0.9153336855 -0.8529061117 -0.4334568607 0.0197521331 -0.1151768548 -0.0805383465 0.6687959342
76 0.7575315775 -0.7734277035 -0.3991756067 0.0191704643 -0.1381878109 0.0086367382 0.5698406297
77 0.6359999676 -0.7063733357 -0.3701846542 0.0277444555 -0.0653706473 -0.1532029176 0.4579655206
78 0.5405320672 -0.6490546871 -0.3453405280 0.0044276185 0.0404980621 0.0527970214 0.6339965022
79 0.4642592396 -0.5995065304 -0.3238072879 0.0276763288 0.1142307810 0.1209448531 0.7072254165
80 0.4024243977 -0.5562589416 -0.3049596491 0.0200076925 -0.0864284188 0.1119724113 0.3945730631
81 0.3516501545 -0.5181905167 -0.2883205558 0.0167039099 0.0092776269 -0.1289101840 0.3036343091
82 0.3094862964 -0.4844308659 -0.2735197113 0.0351576899 -0.0364085818 -0.1839350566 0.2087493774
83 0.2741211603 -0.4542941084 -0.2602652940 0.0049755006 -0.0104068117 0.0697653127 0.3059561336
84 0.2441924783 -0.4272324472 -0.2483242122 0.0314292542 -0.1761833552 0.0197149571 0.1348706429
85 0.2186603957 -0.4028030893 -0.2375080355 0.0007562149 0.0271309549 -0.0044862209 0.2391424485
86 0.1967203824 -0.3806442415 -0.2276627853 0.0273110707 0.1300088504 -0.1020233772 0.2765518411
87 0.1777423480 -0.3604574018 -0.2186614037 0.0172511978 -0.0622882778 0.1156346324 0.2006586662
88 0.1612273334 -0.3419941028 -0.2103981155 0.0124129639 -0.0627765740 0.0920438246 0.1694335555
89 0.1467762177 -0.3250458529 -0.2027841493 0.0087346709 0.0807824946 -0.0469985046 0.1889658147
90 0.1340667823 -0.3094364097 -0.1957444524 0.0010363468 0.0241096225 0.0213324381 0.1583753320
91 0.1228366783 -0.2950157793 -0.1892151375 0.0082970045 -0.0056154057 -0.0909146397 0.0934155641
92 0.1128706266 -0.2816555070 -0.1831414808 0.0009405833 0.0207831050 -0.0225531785 0.1172577168
93 0.1039906908 -0.2692449468 -0.1774763347 0.0018600169 -0.0415051729 0.0117191076 0.0876603200
94 0.0960488096 -0.2576882802 -0.1721788600 0.0123148813 -0.0738547929 -0.0828272347 0.0417784640
95 0.0889210101 -0.2469021145 -0.1672135042 0.0094317637 -0.0088503677 -0.0967131565 0.0616389331
96 0.0825028828 -0.2368135328 -0.1625491725 0.0011104697 -0.0211798456 0.0257271035 0.0819458432
97 0.0767060148 -0.2273585008 -0.1581585499 0.0137513924 -0.1049836726 0.0522476882 0.0592463836
98 0.0714551564 -0.2184805548 -0.1540175432 0.0049234365 -0.0207831050 -0.0670186468 0.0466530896
99 0.0666859544 -0.2101297162 -0.1501048191 0.0006299599 0.0066530351 -0.0242011780 0.0628464881
100 0.0623431255 -0.2022615876 -0.1464014199 0.0261222608 -0.1447798090 0.0718405713 0.0509337216
101 0.0583789770 -0.1948365950 -0.1428904413 0.0017050670 -0.0412915433 -0.0002746666 0.0439153421
102 0.0547521985 -0.1878193516 -0.1395567613 0.0001290342 0.0113223670 0.0009155553 0.0593898958
103 0.0514268729 -0.1811781184 -0.1363868113 0.0072675331 -0.0655232398 0.0545365764 0.0498277909
104 0.0483716598 -0.1748843468 -0.1333683810 0.0017950736 0.0423596912 0.0008545183 0.0652107587
105 0.0455591194 -0.1689122884 -0.1304904528 0.0161898043 -0.1259804071 -0.0178533280 0.0145302683
106 0.0429651492 -0.1632386598 -0.1277430589 0.0020458531 -0.0403454695 -0.0204474013 0.0266150944
107 0.0405685128 -0.1578423556 -0.1251171594 0.0010383651 -0.0118411817 0.0299691763 0.0453681143
108 0.0383504449 -0.1527041996 -0.1226045365 0.0017905630 -0.0397656178 0.0144657735 0.0315433931
109 0.0362943171 -0.1478067299 -0.1201977026 0.0030103980 -0.0498367260 0.0229499191 0.0300893633
110 0.0343853554 -0.1431340119 -0.1178898214 0.0041870097 -0.0620441298 0.0183721427 0.0251428918
111 0.0326103999 -0.1386714751 -0.1156746379 0.0153080404 0.0823389386 0.0923490097 0.0921194409
112 0.0309577002 -0.1344057707 -0.1135464180 0.0039445949 0.0566728721 -0.0270699179 0.0439892328
113 0.0294167401 -0.1303246464 -0.1114998953 0.0205702410 0.1429486984 0.0116580706 0.0898462056
114 0.0279780865 -0.1264168363 -0.1095302242 0.0046975220 -0.0385448775 0.0566728721 0.0353449504
115 0.0266332602 -0.1226719640 -0.1076329384 0.0209848147 -0.1163670766 0.0862758263 0.0376403606
116 0.0253746235 -0.1190804565 -0.1058039148 0.0043231289 -0.0397961364 0.0523392438 0.0312952620
117 0.0241952834 -0.1156334685 -0.1040393406 0.0056193119 0.0747398297 0.0057679983 0.0482996444
118 0.0230890071 -0.1123228146 -0.1023356849 0.0029631017 -0.0361339152 -0.0407116916 0.0096022649
119 0.0220501482 -0.1091409088 -0.1006896728 0.0110509854 -0.0752586444 -0.0733970153 0.0018928970
120 0.0210735830 -0.1060807113 -0.0990982629 0.0020725288 -0.0427259133 0.0157170324 0.0171963825
121 0.0201546540 -0.1031356800 -0.0975586263 0.0049129007 -0.0373241371 0.0593279824 0.0289445672
122 0.0192891207 -0.1002997277 -0.0960681285 0.0052428437 0.0250556963 -0.0679342021 0.0165055001
123 0.0184731159 -0.0975671832 -0.0946243131 0.0095534614 0.0454725791 -0.0865199744 0.0205260539
124 0.0177031078 -0.0949327566 -0.0932248867 0.0009653450 0.0003662221 0.0310678426 0.0245305779
125 0.0169758661 -0.0923915078 -0.0918677057 0.0034685250 -0.0025330363 -0.0588396863 0.0091653950
126 0.0162884319 -0.0899388184 -0.0905507640 0.0185150945 0.0813928648 0.1090426344 0.0691920703
127 0.0156380915 -0.0875703658 -0.0892721823 0.0081211983 0.0635700552 -0.0638752403 0.0234884315
128 0.0150223524 -0.0852821001 -0.0880301983 0.0003058324 -0.0103457747 0.0140995514 0.0160459386
129 0.0144389226 -0.0830702233 -0.0868231572 0.0015601062 -0.0353099155 0.0177007355 0.0132062912
130 0.0138856918 -0.0809311694 -0.0856495043 0.0002529068 0.0148319956 -0.0057374798 0.0155565154
131 0.0133607144 -0.0788615880 -0.0845077767 0.0002827342 0.0020142216 -0.0166936247 0.0111396558
132 0.0128621950 -0.0768583275 -0.0833965973 0.0113142938 -0.0730002747 -0.0773644215 0.0000512717
133 0.0123884744 -0.0749184211 -0.0823146683 0.0087976545 -0.0028382214 -0.0937528611 0.0053263874
134 0.0119380182 -0.0730390733 -0.0812607652 0.0008994536 -0.0222479934 -0.0201116977 0.0063189422
135 0.0115094052 -0.0712176481 -0.0802337323 0.0088549669 0.0604876858 -0.0720847194 0.0174127014
136 0.0111013182 -0.0694516575 -0.0792324774 0.0043583872 -0.0316171758 -0.0579546495 0.0018841940
137 0.0107125349 -0.0677387515 -0.0782559677 0.0016290767 -0.0355540635 0.0191045869 0.0105149317
138 0.0103419202 -0.0660767087 -0.0773032259 0.0034155332 0.0578630940 -0.0082094790 0.0201350205
139 0.0099884184 -0.0644634276 -0.0763733261 0.0085389061 -0.0480666524 -0.0789208655 0.0002753442
140 0.0096510476 -0.0628969189 -0.0754653907 0.0124558735 -0.1113925596 0.0068971831 0.0091354207
141 0.0093288929 -0.0613752979 -0.0745785876 0.0022972893 -0.0308847316 0.0366527299 0.0133020806
142 0.0090211016 -0.0598967778 -0.0737121265 0.0008531156 -0.0292062136 0.0003357036 0.0064249919
143 0.0087268779 -0.0584596637 -0.0728652569 0.0029633699 -0.0537125767 -0.0088503677 0.0041204409
144 0.0084454790 -0.0570623464 -0.0720372655 0.0080969898 -0.0805383465 -0.0401318400 0.0015690788
145 0.0081762104 -0.0557032977 -0.0712274737 0.0056170459 0.0531022065 -0.0528885769 0.0121749529
146 0.0079184226 -0.0543810647 -0.0704352357 0.0055099708 -0.0612506485 -0.0419324320 0.0008596010
147 0.0076715078 -0.0530942658 -0.0696599364 0.0023931608 -0.0487685781 -0.0038453322 0.0043502737
148 0.0074348964 -0.0518415861 -0.0689009897 0.0217802752 -0.1470076601 0.0130008850 0.0157644987
149 0.0072080547 -0.0506217737 -0.0681578367 0.0066112487 -0.0777001251 -0.0239570299 0.0026869484
150 0.0069904817 -0.0494336357 -0.0674299441 0.0061053495 0.0151066622 0.0766624958 0.0249280813
151 0.0067817074 -0.0482760351 -0.0667168030 0.0134441201 -0.0040284433 0.1158787805 0.0352989965
152 0.0065812900 -0.0471478875 -0.0660179270 0.0052117170 0.0661946471 -0.0288094729 0.0142309992
153 0.0063888143 -0.0460481579 -0.0653328516 0.0091722134 -0.0784936064 -0.0548722800 0.0011621307
154 0.0062038899 -0.0449758583 -0.0646611324 0.0032253418 0.0206915494 -0.0528885769 0.0044508015
155 0.0060261489 -0.0439300448 -0.0640023443 0.0098006942 -0.0749839778 -0.0646382031 0.0009647511
156 0.0058552452 -0.0429098154 -0.0633560804 0.0171916035 0.1311075167 -0.0015564440 0.0341012269
157 0.0056908523 -0.0419143075 -0.0627219512 0.0002685847 -0.0000610370 -0.0163884396 0.0038984906
158 0.0055326626 -0.0409426961 -0.0620995833 0.0061866627 -0.0704367199 -0.0350047304 0.0016040285
159 0.0053803856 -0.0399941914 -0.0614886188 0.0013881353 -0.0134891812 0.0347300638 0.0099605505
160 0.0052337471 -0.0390680374 -0.0608887146 0.0085767564 -0.0069582202 0.0923490097 0.0245128405
161 0.0050924882 -0.0381635097 -0.0602995414 0.0020921930 -0.0093691824 0.0447706534 0.0118688591
162 0.0049563639 -0.0372799141 -0.0597207831 0.0053717541 -0.0123905148 -0.0722373119 0.0007761457
163 0.0048251429 -0.0364165853 -0.0591521361 0.0129735379 -0.0960112308 0.0612811670 0.0180557023
164 0.0046986060 -0.0355728849 -0.0585933089 0.0109355353 -0.1014130070 0.0255134739 0.0114088726
165 0.0045765458 -0.0347482005 -0.0580440213 0.0192542373 -0.1079439680 -0.0871913816 0.0062071890
166 0.0044587660 -0.0339419441 -0.0575040036 0.0020196963 0.0418103580 -0.0164799951 0.0074213805
167 0.0043450803 -0.0331535513 -0.0569729967 0.0225191012 -0.0613116855 -0.1369670705 0.0071919324
168 0.0042353123 -0.0323824796 -0.0564507511 0.0055316384 -0.0740073855 0.0073854793 0.0058076971
169 0.0041292945 -0.0316282079 -0.0559370268 0.0050301195 -0.0600604266 0.0377208777 0.0095801941
170 0.0040268681 -0.0308902352 -0.0554315924 0.0011491825 -0.0319528794 0.0113223670 0.0044572203
171 0.0039278821 -0.0301680796 -0.0549342252 0.0060691105 -0.0766624958 -0.0138554033 0.0038492003
172 0.0038321934 -0.0294612775 -0.0544447105 0.0016251081 -0.0315561388 0.0250862148 0.0063295565
173 0.0037396656 -0.0287693828 -0.0539628411 0.0212063564 -0.0338450270 -0.1416364025 0.0077124155
174 0.0036501694 -0.0280919660 -0.0534884176 0.0261671197 0.1143223365 -0.1144444105 0.0239974666
175 0.0035635815 -0.0274286136 -0.0530212473 0.0025984182 0.0505386517 0.0066530351 0.0096399144
176 0.0034797848 -0.0267789270 -0.0525611444 0.0036504085 0.0551164281 -0.0247505112 0.0074802805
177 0.0033986678 -0.0261425223 -0.0521079292 0.0015118011 0.0387890255 0.0026856288 0.0072184399
178 0.0033201241 -0.0255190293 -0.0516614287 0.0215190465 -0.0470290231 -0.1389507736 0.0080821096
179 0.0032440525 -0.0249080913 -0.0512214753 0.0076302896 0.0120242927 0.0865199744 0.0203367080
180 0.0031703567 -0.0243093639 -0.0507879073 0.0082657996 0.0365306558 0.0832544939 0.0216688733
181 0.0030989446 -0.0237225150 -0.0503605682 0.0092732792 -0.0372325816 -0.0888088626 0.0016607932
182 0.0030297284 -0.0231472241 -0.0499393069 0.0007815130 -0.0001831111 -0.0279549547 0.0010106622
183 0.0029626244 -0.0225831816 -0.0495239771 0.0078508626 -0.0766930143 -0.0443739128 0.0029543972
184 0.0028975528 -0.0220300889 -0.0491144373 0.0179914376 0.1331827754 0.0159306619 0.0283218982
185 0.0028344371 -0.0214876571 -0.0487105505 0.0212106994 -0.0634784997 -0.1310769982 0.0085474626
186 0.0027732046 -0.0209556074 -0.0483121841 0.0209260177 0.0003967406 -0.1446577349 0.0097383879
187 0.0027137855 -0.0204336703 -0.0479192098 0.0238807220 -0.1143223365 -0.1039765618 0.0119575084
188 0.0026561133 -0.0199215851 -0.0475315031 0.0266091617 0.0243842891 -0.1612903226 0.0149040795
189 0.0026001243 -0.0194190999 -0.0471489437 0.0043037851 0.0303353984 0.0581682791 0.0135672275
190 0.0025457576 -0.0189259710 -0.0467714146 0.0125342965 -0.0818201239 -0.0764183477 0.0048346151
191 0.0024929549 -0.0184419625 -0.0463988028 0.0075466787 0.0776085696 0.0390331736 0.0165243273
192 0.0024416604 -0.0179668464 -0.0460309985 0.0110109407 -0.0578325755 -0.0875576037 0.0033137353
193 0.0023918207 -0.0175004016 -0.0456678951 0.0045049444 0.0657368694 0.0135502182 0.0104352282
194 0.0023433847 -0.0170424145 -0.0453093895 0.0156598718 0.0051271096 -0.1250343333 0.0068475545
195 0.0022963033 -0.0165926778 -0.0449553813 0.0324985048 0.0004577776 0.1802728355 0.0510184677
196 0.0022505295 -0.0161509911 -0.0446057734 0.0492676923 0.0009765923 0.2219611194 0.0713512625
197 0.0022060184 -0.0157171599 -0.0442604713 0.0412230217 0.0989104892 -0.1773125401 0.0308423509
198 0.0021627268 -0.0152909959 -0.0439193833 0.0141011263 0.0464491714 -0.1092867824 0.0080847451
199 0.0021206132 -0.0148723166 -0.0435824203 0.0159908132 0.0397045808 0.1200598163 0.0297574193
200 0.0020796378 -0.0144609450 -0.0432494958 0.0013371814 0.0183721427 -0.0316171758 0.0012133225
201 0.0020397626 -0.0140567095 -0.0429205256 0.0401789156 0.1443525498 -0.1390728477 0.0343387625
202 0.0020009509 -0.0136594436 -0.0425954282 0.0136333103 0.0625324259 -0.0986053041 0.0089423072
203 0.0019631675 -0.0132689857 -0.0422741239 0.0177719385 -0.0131229591 0.1326639607 0.0306033548
204 0.0019263787 -0.0128851793 -0.0419565355 0.0103293796 0.0799279763 0.0627765740 0.0195833061
205 0.0018905520 -0.0125078722 -0.0416425880 0.0132220867 0.0422681356 -0.1069368572 0.0072637526
206 0.0018556562 -0.0121369168 -0.0413322081 0.0007082395 -0.0266121403 -0.0001831111 0.0019027803
207 0.0018216613 -0.0117721697 -0.0410253249 0.0049238118 0.0574968719 0.0402233955 0.0113995547
208 0.0017885384 -0.0114134918 -0.0407218689 0.0129058080 -0.0423596912 -0.1054109317 0.0051423421
209 0.0017562599 -0.0110607478 -0.0404217730 0.0031766418 -0.0433057649 -0.0360728782 0.0010586540
210 0.0017247990 -0.0107138065 -0.0401249714 0.0001146342 -0.0105594043 -0.0017700735 0.0014711220
211 0.0016941300 -0.0103725401 -0.0398314003 0.0184223366 0.1326029237 -0.0289620655 0.0205601257
212 0.0016642283 -0.0100368247 -0.0395409975 0.0182365292 0.0373851741 -0.1297647023 0.0103891629
213 0.0016350701 -0.0097065397 -0.0392537025 0.0109376077 -0.1042207099 0.0086977752 0.0112322726
214 0.0016066323 -0.0093815679 -0.0389694560 0.0079881852 -0.0890530107 -0.0075991089 0.0073316375
215 0.0015788930 -0.0090617953 -0.0386882007 0.0309424445 0.1719718009 0.0369884335 0.0385001159
216 0.0015518309 -0.0087471111 -0.0384098805 0.0107374868 -0.0745872372 0.0719321268 0.0165102808
217 0.0015254254 -0.0084374075 -0.0381344406 0.0079723517 -0.0665913877 -0.0594805750 0.0038375429
218 0.0014996568 -0.0081325796 -0.0378618277 0.0011795743 -0.0044251839 0.0340586566 0.0051863008
219 0.0014745062 -0.0078325253 -0.0375919899 0.0234742671 0.1532029176 -0.0017700735 0.0272156236
220 0.0014499550 -0.0075371454 -0.0373248765 0.0011676452 0.0051271096 -0.0337839900 0.0001729212
221 0.0014259856 -0.0072463431 -0.0370604380 0.0195418724 -0.1325113681 -0.0445265053 0.0157470687
222 0.0014025808 -0.0069600244 -0.0367986262 0.0021215305 0.0459608753 0.0030213324 0.0043862507
223 0.0013797243 -0.0066780976 -0.0365393939 0.0022404900 0.0238349559 -0.0408948027 0.0009500160
224 0.0013574000 -0.0064004734 -0.0362826952 0.0132065914 -0.0733054598 0.0885036775 0.0200479160
225 0.0013355927 -0.0061270651 -0.0360284852 0.0140870020 0.0620136113 0.1011993774 0.0234746381
226 0.0013142874 -0.0058577878 -0.0357767201 0.0070971130 -0.0787682730 -0.0298776208 0.0053507382
227 0.0012934698 -0.0055925591 -0.0355273572 0.0002950349 0.0081179235 0.0151371807 0.0027548727
228 0.0012731262 -0.0053312987 -0.0352803546 0.0057460615 0.0097964415 0.0751670888 0.0124274863
229 0.0012532430 -0.0050739282 -0.0350356716 0.0058373693 0.0122684408 0.0754112369 0.0124992774
230 0.0012338075 -0.0048203713 -0.0347932682 0.0009183867 0.0302438429 -0.0019226661 0.0023099756
231 0.0012148071 -0.0045705535 -0.0345531055 0.0147243673 0.0748313852 -0.0955229347 0.0100219879
232 0.0011962297 -0.0043244023 -0.0343151455 0.0139750967 0.0280465102 0.1148411512 0.0232954768
233 0.0011780636 -0.0040818469 -0.0340793510 0.0209044050 0.0333262123 0.1406903287 0.0319438038
234 0.0011602977 -0.0038428184 -0.0338456855 0.0023834968 -0.0441908017 -0.0207525864 0.0017993890
235 0.0011429209 -0.0036072494 -0.0336141135 0.0072336477 -0.0651875362 0.0546281320 0.0115788256
236 0.0011259227 -0.0033750742 -0.0333846003 0.0000082632 -0.0001831111 0.0028687399 0.0013244933
237 0.0011092928 -0.0031462289 -0.0331571118 0.0002447376 -0.0118411817 -0.0102237007 0.0006015435
238 0.0010930215 -0.0029206508 -0.0329316148 0.0041649667 0.0560014649 0.0320749535 0.0076976696
239 0.0010770990 -0.0026982791 -0.0327080767 0.0071728584 -0.0321054720 -0.0783715323 0.0029499342
240 0.0010615162 -0.0024790541 -0.0324864658 0.0010221181 0.0054933317 0.0314951018 0.0041571999
241 0.0010462640 -0.0022629177 -0.0322667509 0.0026244372 -0.0390636921 0.0331431013 0.0056327458
242 0.0010313338 -0.0020498132 -0.0320489015 0.0074324311 -0.0853297525 -0.0122989593 0.0073256085
243 0.0010167172 -0.0018396853 -0.0318328878 0.0081720162 0.0503555406 0.0750755333 0.0141537521
244 0.0010024059 -0.0016324797 -0.0316186805 0.0045024316 0.0102237007 0.0663167211 0.0097319119
245 0.0009883922 -0.0014281437 -0.0314062512 0.0121250894 0.0758690146 -0.0798059023 0.0083173769
246 0.0009746683 -0.0012266256 -0.0311955718 0.0055137215 -0.0725119785 0.0159916990 0.0073082401
247 0.0009612268 -0.0010278750 -0.0309866149 0.0007944145 -0.0134281442 -0.0247810297 0.0001922760
248 0.0009480606 -0.0008318428 -0.0307793537 0.0001543352 -0.0123599963 -0.0012512589 0.0010048067
249 0.0009351626 -0.0006384806 -0.0305737619 0.0002436228 -0.0087282937 -0.0129398480 0.0003764000
250 0.0009225261 -0.0004477416 -0.0303698137 0.0004857628 0.0147709586 -0.0163579211 0.0004279420
251 0.0009101445 -0.0002595798 -0.0301674839 0.0027330342 0.0001525925 -0.0522782067 0.0004890539
252 0.0008980114 -0.0000739502 -0.0299667478 0.0026655530 0.0447096164 0.0258186590 0.0051175795
253 0.0008861208 0.0001091911 -0.0297675812 0.0037203513 0.0417188025 0.0444959868 0.0072464373
254 0.0008744666 0.0002898870 -0.0295699603 0.0024816605 -0.0222785119 0.0445570238 0.0060041424
255 0.0008630430 0.0004681796 -0.0293738618 0.0021383140 -0.0297860652 0.0353709525 0.0051072103
256 0.0008518443 0.0006441098 -0.0291792630 0.0006138200 0.0244148076 0.0042115543 0.0016799928
257 0.0008408651 0.0008177178 -0.0289861415 0.0022428846 0.0312509537 0.0355845820 0.0050955602
258 0.0008301000 0.0009890428 -0.0287944753 0.0006852578 -0.0010986663 0.0261543626 0.0030237333
259 0.0008195440 0.0011581234 -0.0286042430 0.0002481269 -0.0139774773 -0.0072634053 0.0006845178
260 0.0008091919 0.0013249971 -0.0284154234 0.0004091857 -0.0122684408 -0.0160832545 0.0003368639
261 0.0007990390 0.0014897005 -0.0282279958 0.0005332641 -0.0081484420 0.0216071047 0.0025764310
262 0.0007890804 0.0016522698 -0.0280419401 0.0006969261 0.0216071047 -0.0151676992 0.0005639415
263 0.0007793116 0.0018127400 -0.0278572362 0.0001452961 0.0114444411 0.0037842952 0.0010939562
264 0.0007697282 0.0019711458 -0.0276738647 0.0028857646 -0.0088808863 -0.0529801325 0.0007581738
265 0.0007603258 0.0021275207 -0.0274918063 0.0075304606 -0.0697653127 0.0516067995 0.0114251689
266 0.0007511001 0.0022818977 -0.0273110423 0.0058938519 -0.0765404218 0.0059511093 0.0073193288
267 0.0007420471 0.0024343093 -0.0271315542 0.0072620957 0.0850245674 -0.0057374798 0.0072788572
268 0.0007331628 0.0025847870 -0.0269533239 0.0209601211 0.1415753655 -0.0302743614 0.0193294102
269 0.0007244433 0.0027333618 -0.0267763336 0.0050230596 -0.0628070925 -0.0328379162 0.0043322939
270 0.0007158849 0.0028800640 -0.0266005659 0.0004962092 -0.0191656240 -0.0113528855 0.0007185041
271 0.0007074838 0.0030249233 -0.0264260035 0.0006875294 -0.0076296274 -0.0250862148 0.0001153145
272 0.0006992366 0.0031679689 -0.0262526297 0.0066915932 -0.0812097537 -0.0098269601 0.0073894027
273 0.0006911397 0.0033092292 -0.0260804280 0.0021416185 -0.0353404340 0.0298776208 0.0046250997
274 0.0006831898 0.0034487322 -0.0259093820 0.0002024390 0.0084536271 -0.0114444411 0.0002342835
275 0.0006753836 0.0035865051 -0.0257394759 0.0052448509 0.0233771783 0.0685445723 0.0092811525
276 0.0006677180 0.0037225748 -0.0255706939 0.0051875673 -0.0128788110 -0.0708639790 0.0023270877
277 0.0006601897 0.0038569675 -0.0254030208 0.0028494641 0.0234687338 0.0479445784 0.0057644917
278 0.0006527957 0.0039897090 -0.0252364413 0.0105874490 0.0133671072 0.1020233772 0.0162829970
279 0.0006455333 0.0041208244 -0.0250709406 0.0007453885 -0.0256660665 -0.0093081454 0.0011357246
280 0.0006383993 0.0042503386 -0.0249065041 0.0035924767 -0.0441297647 0.0405590991 0.0066263796
281 0.0006313912 0.0043782756 -0.0247431174 0.0013920490 0.0306100650 0.0213324381 0.0028110636
282 0.0006245060 0.0045046592 -0.0245807665 0.0029105467 0.0334482864 0.0423291726 0.0053146735
283 0.0006177413 0.0046295128 -0.0244194375 0.0037478428 0.0212714011 -0.0574053163 0.0013650207
284 0.0006110944 0.0047528590 -0.0242591167 0.0041113938 0.0062562944 -0.0638142033 0.0015668652
285 0.0006045628 0.0048747204 -0.0240997907 0.0057894638 -0.0448927274 0.0614337596 0.0097927871
286 0.0005981441 0.0049951188 -0.0239414465 0.0073274646 -0.0851161229 0.0090945158 0.0092114107
287 0.0005918358 0.0051140757 -0.0237840709 0.0040289509 0.0120548112 0.0623187963 0.0074618776
288 0.0005856357 0.0052316123 -0.0236276514 0.0049119731 0.0370189520 0.0595110935 0.0079224859
289 0.0005795414 0.0053477492 -0.0234721752 0.0004182192 0.0199591052 -0.0044557024 0.0005751180
290 0.0005735509 0.0054625067 -0.0233176302 0.0019147009 -0.0317392499 0.0301217689 0.0042397401
291 0.0005676618 0.0055759048 -0.0231640042 0.0148446232 0.0516373180 0.1103549303 0.0199489597
292 0.0005618722 0.0056879629 -0.0230112853 0.0006418657 -0.0101931822 0.0231940672 0.0023871454
293 0.0005561799 0.0057987003 -0.0228594616 0.0040842552 -0.0502945036 -0.0394299142 0.0034210274
294 0.0005505830 0.0059081357 -0.0227085218 0.0042475447 0.0464491714 0.0457167272 0.0063255903
295 0.0005450796 0.0060162875 -0.0225584545 0.0061138437 -0.0349436934 0.0699484237 0.0102352425
296 0.0005396677 0.0061231739 -0.0224092483 0.0070474063 -0.0834070864 0.0095217750 0.0090352578
297 0.0005343454 0.0062288127 -0.0222608925 0.0032713175 -0.0079348125 -0.0566423536 0.0013826931
298 0.0005291111 0.0063332212 -0.0221133760 0.0000202789 0.0037232582 0.0025330363 0.0006142575
299 0.0005239629 0.0064364166 -0.0219666884 0.0034966638 -0.0171819208 -0.0565813166 0.0017559984
300 0.0005188990 0.0065384157 -0.0218208190 0.0096835164 0.0455030976 0.0872524186 0.0134152176
301 0.0005139179 0.0066392350 -0.0216757575 0.0016582465 0.0401013215 0.0070802942 0.0019466217
302 0.0005090179 0.0067388905 -0.0215314939 0.0012921781 0.0334177679 -0.0132450331 0.0007804279
303 0.0005041973 0.0068373984 -0.0213880180 0.0164389781 -0.0932035279 0.0880458998 0.0219839693
304 0.0004994547 0.0069347740 -0.0212453201 0.0075319480 -0.0019837031 0.0867641224 0.0117455789
305 0.0004947885 0.0070310328 -0.0211033903 0.0113935440 0.0019226661 0.1067232276 0.0163657397
306 0.0004901972 0.0071261898 -0.0209622192 0.0135309731 -0.1137119663 -0.0245063631 0.0146144209
307 0.0004856794 0.0072202597 -0.0208217973 0.0030772944 0.0527054659 -0.0173039949 0.0020812789
308 0.0004812336 0.0073132571 -0.0206821154 0.0063178046 -0.0602435377 0.0518509476 0.0098249658
309 0.0004768585 0.0074051962 -0.0205431643 0.0019576226 0.0281685842 0.0341196936 0.0034191463
310 0.0004725528 0.0074960910 -0.0204049350 0.0212190445 -0.0272225105 0.1431012909 0.0279396672
311 0.0004683150 0.0075859553 -0.0202674187 0.0058954017 0.0386974700 -0.0663167211 0.0030884646
312 0.0004641439 0.0076748025 -0.0201306066 0.0017317072 -0.0187078463 -0.0371715445 0.0009864377
313 0.0004600383 0.0077626459 -0.0199944900 0.0066323193 -0.0780663472 0.0231940672 0.0092318675
314 0.0004559969 0.0078494985 -0.0198590606 0.0060938041 -0.0048219245 -0.0779137547 0.0035309125
315 0.0004520186 0.0079353731 -0.0197243100 0.0046489338 -0.0668660543 0.0133365886 0.0066882766
316 0.0004481020 0.0080202824 -0.0195902298 0.0059477443 -0.0767845698 0.0072023682 0.0079097063
317 0.0004442462 0.0081042386 -0.0194568121 0.0052649016 -0.0661641285 0.0297860652 0.0079406513
318 0.0004404500 0.0081872539 -0.0193240487 0.0156719722 -0.0073244423 0.1249732963 0.0210623365
319 0.0004367122 0.0082693403 -0.0191919319 0.0449529774 0.1020844142 -0.1858272042 0.0365685821
320 0.0004330319 0.0083505094 -0.0190604537 0.0267187944 0.0578020569 -0.1528977325 0.0203578727
321 0.0004294079 0.0084307728 -0.0189296066 0.0045944062 0.0002441481 -0.0677816095 0.0024535390
322 0.0004258393 0.0085101417 -0.0187993830 0.0027626548 -0.0524613178 -0.0032349620 0.0039597701
323 0.0004223250 0.0085886275 -0.0186697754 0.0301862306 0.1193884091 -0.1262245552 0.0238446223
324 0.0004188641 0.0086662409 -0.0185407764 0.0254287305 0.0946989349 -0.1282998138 0.0194486707
325 0.0004154556 0.0087429927 -0.0184123789 0.0084245318 -0.0148319956 -0.0905789361 0.0057637921
326 0.0004120986 0.0088188936 -0.0182845756 0.0015841050 -0.0286873989 0.0275887326 0.0035110824
327 0.0004087921 0.0088939538 -0.0181573595 0.0146558708 0.0970793786 -0.0723288675 0.0107112214
328 0.0004055353 0.0089681837 -0.0180307236 0.0163765300 -0.0856349376 0.0950956755 0.0217473327
329 0.0004023273 0.0090415933 -0.0179046611 0.0620677998 -0.2244026002 0.1082186346 0.0704032772
330 0.0003991672 0.0091141924 -0.0177791652 0.0084520540 0.0363475448 -0.0844447157 0.0051859511
331 0.0003960542 0.0091859907 -0.0176542292 0.0235301331 0.1446272164 -0.0511185034 0.0194641833
332 0.0003929875 0.0092569979 -0.0175298465 0.0117828485 -0.1026032289 -0.0354319895 0.0128331971
333 0.0003899663 0.0093272233 -0.0174060107 0.0141229942 -0.1181066317 -0.0131839961 0.0162572128
334 0.0003869898 0.0093966761 -0.0172827152 0.0117429454 -0.1074556719 -0.0140079958 0.0136651950
335 0.0003840572 0.0094653654 -0.0171599537 0.0276084117 0.1550645466 -0.0596942045 0.0230082841
336 0.0003811677 0.0095333003 -0.0170377201 0.0079283496 0.0378429518 -0.0805993835 0.0048415214
337 0.0003783207 0.0096004893 -0.0169160081 0.0116864367 -0.0417798395 -0.0997039705 0.0094937849
338 0.0003755154 0.0096669412 -0.0167948116 0.0026674567 0.0512405774 0.0064699240 0.0022696151
339 0.0003727512 0.0097326646 -0.0166741246 0.0049727884 -0.0646076846 -0.0282601398 0.0056607233
340 0.0003700273 0.0097976677 -0.0165539412 0.0006175390 -0.0248420667 0.0006408887 0.0014955734
341 0.0003673430 0.0098619587 -0.0164342554 0.0121585855 0.0672627949 0.0873744926 0.0140711122
342 0.0003646977 0.0099255458 -0.0163150616 0.0005560410 -0.0009765923 0.0235602893 0.0017089002
343 0.0003620908 0.0099884370 -0.0161963540 0.0064637294 0.0180669576 -0.0783410138 0.0039272212
344 0.0003595215 0.0100506400 -0.0160781270 0.0130676975 -0.0541398358 0.1006805628 0.0177530088
345 0.0003569894 0.0101121626 -0.0159603749 0.0128602719 0.0606402783 0.0958281198 0.0150497580
346 0.0003544938 0.0101730123 -0.0158430923 0.0069892500 0.0041505173 -0.0834986419 0.0046135438
347 0.0003520340 0.0102331966 -0.0157262738 0.0412925026 -0.1303140355 -0.1559190649 0.0394075431
348 0.0003496096 0.0102927229 -0.0156099139 0.0068560562 -0.0477309488 0.0676595355 0.0103005477
349 0.0003472199 0.0103515983 -0.0154940074 0.0064847292 0.0585955382 0.0552385022 0.0073305656
350 0.0003448643 0.0104098300 -0.0153785490 0.0015293399 0.0140385144 0.0365001373 0.0027045654
351 0.0003425424 0.0104674250 -0.0152635336 0.0205804163 -0.0283516953 -0.1406292917 0.0172234974
352 0.0003402537 0.0105243901 -0.0151489559 0.0109794955 -0.1004058962 0.0299691763 0.0143411743
353 0.0003379974 0.0105807321 -0.0150348111 0.0095150057 0.0036622211 0.0974761193 0.0127065752
354 0.0003357733 0.0106364577 -0.0149210940 0.0144916230 -0.0697042756 -0.0981475265 0.0133812725
355 0.0003335807 0.0106915734 -0.0148077998 0.0129612148 0.1138340403 0.0017395550 0.0109121834
356 0.0003314191 0.0107460857 -0.0146949236 0.0012642041 0.0074770348 0.0347605823 0.0024565338
357 0.0003292882 0.0108000010 -0.0145824605 0.0004248254 0.0013122959 0.0205694754 0.0013256751
358 0.0003271873 0.0108533255 -0.0144704057 0.0014971449 0.0274666585 0.0272530290 0.0020168478
359 0.0003251161 0.0109060653 -0.0143587547 0.0016074948 -0.0376903592 -0.0136722922 0.0023620837
360 0.0003230741 0.0109582265 -0.0142475027 0.0048456411 -0.0358592486 0.0596636860 0.0076547398
361 0.0003210608 0.0110098152 -0.0141366451 0.0003936121 0.0147709586 0.0132450331 0.0007639025
362 0.0003190758 0.0110608370 -0.0140261773 0.0015918634 0.0301828059 -0.0260933256 0.0005112658
363 0.0003171186 0.0111112979 -0.0139160950 0.0031568714 -0.0069277017 -0.0557573168 0.0020760934
364 0.0003151890 0.0111612035 -0.0138063935 0.0016475226 -0.0165105136 -0.0370799890 0.0013073842
365 0.0003132863 0.0112105595 -0.0136970686 0.0043259417 -0.0651570177 0.0089724418 0.0063459135
366 0.0003114103 0.0112593712 -0.0135881158 0.0113006817 -0.0813318278 0.0684530168 0.0153038776
367 0.0003095606 0.0113076443 -0.0134795310 0.0050782019 -0.0382091739 -0.0601519822 0.0046302330
368 0.0003077367 0.0113553839 -0.0133713097 0.0025231162 -0.0368358409 -0.0341502121 0.0027541569
369 0.0003059382 0.0114025954 -0.0132634479 0.0035824951 -0.0579241310 -0.0150761437 0.0048094809
370 0.0003041649 0.0114492839 -0.0131559413 0.0035961128 -0.0297555467 0.0520645772 0.0059515541
371 0.0003024163 0.0114954546 -0.0130487859 0.0009493550 0.0085451827 -0.0296029542 0.0002827446
372 0.0003006921 0.0115411124 -0.0129419775 0.0032460147 -0.0334177679 0.0461439863 0.0055124520
373 0.0002989918 0.0115862623 -0.0128355121 0.0061424137 0.0674459059 0.0399182104 0.0059032550
374 0.0002973153 0.0116309092 -0.0127293858 0.0018650407 0.0004577776 0.0431836909 0.0032511110
375 0.0002956621 0.0116750579 -0.0126235947 0.0043893835 0.0440687277 -0.0494705039 0.0024070446
376 0.0002940319 0.0117187131 -0.0125181347 0.0004991933 0.0092776269 0.0203253273 0.0010846519
377 0.0002924244 0.0117618793 -0.0124130021 0.0017372136 -0.0202337718 -0.0364391003 0.0016009751
378 0.0002908393 0.0118045613 -0.0123081929 0.0001141769 0.0022888882 -0.0104373302 0.0000940482
379 0.0002892762 0.0118467635 -0.0122037036 0.0050225660 -0.0159001434 -0.0690633869 0.0040029144
380 0.0002877348 0.0118884903 -0.0120995302 0.0200613837 -0.1194494461 0.0761131626 0.0250311327
381 0.0002862149 0.0119297462 -0.0119956691 0.0002615779 0.0157170324 0.0038148137 0.0002643149
382 0.0002847162 0.0119705353 -0.0118921166 0.0071956819 -0.0844752342 0.0077211829 0.0096864680
383 0.0002832382 0.0120108620 -0.0117888691 0.0029140422 -0.0533158361 0.0084536271 0.0046773361
384 0.0002817809 0.0120507304 -0.0116859231 0.0004235262 -0.0043641469 -0.0201116977 0.0003404419
385 0.0002803439 0.0120901446 -0.0115832748 0.0007805937 -0.0088808863 -0.0264900662 0.0006619966
386 0.0002789268 0.0121291087 -0.0114809209 0.0002349917 -0.0148930326 -0.0036317026 0.0007918064
387 0.0002775295 0.0121676267 -0.0113788578 0.0000092467 0.0029908139 -0.0005493332 0.0002014925
388 0.0002761517 0.0122057024 -0.0112770820 0.0120573893 0.0556352428 -0.0946684164 0.0088402396
389 0.0002747932 0.0122433397 -0.0111755902 0.0034861019 0.0317087313 -0.0498062075 0.0018712261
390 0.0002734536 0.0122805424 -0.0110743789 0.0003276602 -0.0084231086 0.0160222175 0.0011628667
391 0.0002721327 0.0123173143 -0.0109734449 0.0111819420 -0.0879238258 0.0587481307 0.0149093843
392 0.0002708303 0.0123536591 -0.0108727847 0.0291038606 -0.1705984680 -0.0001525925 0.0335864033
393 0.0002695462 0.0123895804 -0.0107723951 0.0012884712 0.0328379162 0.0144962920 0.0010566410
394 0.0002682801 0.0124250817 -0.0106722728 0.0028262410 -0.0087893307 0.0524307993 0.0044320490
395 0.0002670317 0.0124601666 -0.0105724146 0.0277712466 0.0093081454 0.1663869137 0.0313245391
396 0.0002658009 0.0124948385 -0.0104728172 0.0205918676 -0.1376384777 -0.0405896176 0.0234470343
397 0.0002645874 0.0125291009 -0.0103734775 0.0013138895 0.0361339152 0.0028687399 0.0007325436
398 0.0002633910 0.0125629571 -0.0102743925 0.0024040393 0.0050660726 0.0487685781 0.0035422757
399 0.0002622116 0.0125964105 -0.0101755588 0.0066650862 0.0288094729 -0.0763878292 0.0046469281
400 0.0002610488 0.0126294642 -0.0100769735 0.0087601525 0.0314951018 -0.0881374554 0.0064493511
401 0.0002599024 0.0126621215 -0.0099786335 0.0079272618 -0.0784936064 -0.0420239875 0.0093362714
402 0.0002587724 0.0126943856 -0.0098805357 0.0055644826 -0.0730307932 -0.0151982177 0.0073770840
403 0.0002576585 0.0127262595 -0.0097826771 0.0042992558 -0.0579851680 0.0306100650 0.0066316796
404 0.0002565604 0.0127577463 -0.0096850549 0.0008189852 0.0270088809 -0.0094607379 0.0002031452
405 0.0002554780 0.0127888490 -0.0095876659 0.0000558613 0.0006408887 -0.0074465163 0.0001521575
406 0.0002544111 0.0128195707 -0.0094905073 0.0079751347 0.0430921354 -0.0782189398 0.0056400256
407 0.0002533596 0.0128499142 -0.0093935762 0.0082446535 -0.0630817591 0.0653096103 0.0113461851
408 0.0002523232 0.0128798823 -0.0092968696 0.0012278049 -0.0350352489 0.0005798517 0.0023934094
409 0.0002513017 0.0129094780 -0.0092003848 0.0067748986 0.0156254769 -0.0808130131 0.0051357452
410 0.0002502950 0.0129387040 -0.0091041189 0.0319718051 0.1735892819 -0.0428785058 0.0269493174
411 0.0002493030 0.0129675631 -0.0090080690 0.0087955915 -0.0682699057 0.0643024995 0.0119739658
412 0.0002483254 0.0129960579 -0.0089122325 0.0119877147 -0.0863673818 -0.0672933134 0.0132814438
413 0.0002473621 0.0130241911 -0.0088166064 0.0000513376 0.0070802942 0.0010986663 0.0001336425
414 0.0002464129 0.0130519654 -0.0087211882 0.0002461599 -0.0156865139 0.0003051851 0.0009073756
415 0.0002454777 0.0130793832 -0.0086259750 0.0013490891 -0.0278939177 0.0238959929 0.0027364898
416 0.0002445563 0.0131064472 -0.0085309642 0.0175789120 -0.1063570055 -0.0791650136 0.0192606855
417 0.0002436486 0.0131331598 -0.0084361530 0.0016178061 0.0170293283 -0.0364391003 0.0007993452
418 0.0002427543 0.0131595235 -0.0083415389 0.0008630246 0.0276192511 -0.0100100711 0.0002118677
419 0.0002418735 0.0131855408 -0.0082471191 0.0018520480 -0.0088503677 -0.0421155431 0.0016326514
420 0.0002410058 0.0132112138 -0.0081528912 0.0279642294 -0.1138645589 -0.1224707785 0.0292168314
421 0.0002401512 0.0132365451 -0.0080588524 0.0033768856 -0.0284127323 -0.0506912442 0.0035521832
422 0.0002393096 0.0132615370 -0.0079650001 0.0246829601 -0.0983306375 -0.1225318155 0.0255783686
423 0.0002384808 0.0132861916 -0.0078713319 0.0024014128 -0.0434583575 0.0226447340 0.0041511741
424 0.0002376646 0.0133105112 -0.0077778452 0.0093677863 -0.0161442915 0.0954313791 0.0115197294
425 0.0002368610 0.0133344980 -0.0076845375 0.0027948768 -0.0138248848 0.0510269478 0.0041846706
426 0.0002360697 0.0133581541 -0.0075914062 0.0009520411 -0.0206915494 -0.0228888821 0.0013933951
427 0.0002352908 0.0133814817 -0.0074984489 0.0063880055 0.0292672506 0.0743736076 0.0069553913
428 0.0002345240 0.0134044829 -0.0074056631 0.0102775121 -0.1013214515 -0.0033875546 0.0131781852
429 0.0002337693 0.0134271597 -0.0073130463 0.0143412406 -0.0584429456 0.1045258950 0.0176732608
430 0.0002330264 0.0134495141 -0.0072205961 0.0130359859 0.0210577715 0.1122165593 0.0143231197
431 0.0002322954 0.0134715481 -0.0071283102 0.0106033374 -0.0007934812 0.1029694510 0.0123250081
432 0.0002315761 0.0134932637 -0.0070361860 0.0019890762 -0.0442518387 -0.0055543687 0.0033366926
433 0.0002308683 0.0135146627 -0.0069442213 0.0006589789 0.0166936247 0.0195013276 0.0007094729
434 0.0002301720 0.0135357470 -0.0068524135 0.0012302628 0.0214239937 -0.0277718436 0.0004998470
435 0.0002294871 0.0135565186 -0.0067607605 0.0067959441 -0.0103152562 0.0817896054 0.0084110289
436 0.0002288134 0.0135769792 -0.0066692598 0.0076681660 -0.0371715445 0.0792870876 0.0099639063
437 0.0002281508 0.0135971305 -0.0065779090 0.0010591367 0.0032654805 0.0323801386 0.0016244725
438 0.0002274993 0.0136169745 -0.0064867060 0.0108747954 -0.0832239753 0.0628376110 0.0141840305
439 0.0002268588 0.0136365127 -0.0063956484 0.0000492374 0.0068056276 0.0017090365 0.0001123469
440 0.0002262291 0.0136557469 -0.0063047340 0.0120973706 0.0081789605 -0.1096835231 0.0107171692
441 0.0002256101 0.0136746788 -0.0062139603 0.0183894012 -0.1024811548 0.0888088626 0.0225215146
442 0.0002250018 0.0136933099 -0.0061233253 0.0106695334 0.0524918363 0.0889614551 0.0105464411
443 0.0002244041 0.0137116419 -0.0060328266 0.0123530762 -0.0077517014 0.1108737449 0.0141278216
444 0.0002238169 0.0137296764 -0.0059424621 0.0243675457 -0.0778221992 0.1353190710 0.0283365667
445 0.0002232400 0.0137474149 -0.0058522295 0.0010484138 0.0318613239 -0.0057679983 0.0003281208
446 0.0002226734 0.0137648589 -0.0057621265 0.0005550174 -0.0229804376 -0.0051881466 0.0013505463
447 0.0002221171 0.0137820099 -0.0056721511 0.0370851600 0.1905575732 -0.0278023621 0.0317393460
448 0.0002215709 0.0137988694 -0.0055823011 0.0244971089 -0.1297952208 0.0874660482 0.0292772580
449 0.0002210347 0.0138154389 -0.0054925742 0.0038583268 0.0431836909 0.0446485794 0.0033766295
450 0.0002205085 0.0138317196 -0.0054029683 0.0039026744 0.0624713889 0.0000000000 0.0023950095
451 0.0002199922 0.0138477131 -0.0053134813 0.0235402982 0.1389202551 -0.0651264992 0.0192207379
452 0.0002194858 0.0138634206 -0.0052241111 0.0080804588 -0.0657368694 -0.0613116855 0.0094820222
453 0.0002189890 0.0138788434 -0.0051348554 0.0124319575 0.0984832301 0.0522782067 0.0104541619
454 0.0002185020 0.0138939830 -0.0050457123 0.0107634919 0.0943327128 0.0431836909 0.0087964646
455 0.0002180245 0.0139088405 -0.0049566796 0.0230521697 -0.1398358104 -0.0591448714 0.0265737778
456 0.0002175566 0.0139234173 -0.0048677552 0.0107172433 0.1019623402 0.0179143651 0.0082698769
457 0.0002170981 0.0139377144 -0.0047789371 0.0061280863 0.0222785119 0.0750450148 0.0064414322
458 0.0002166491 0.0139517332 -0.0046902231 0.0013057865 -0.0046998505 -0.0358287301 0.0013174882
459 0.0002162093 0.0139654748 -0.0046016113 0.0187059528 0.0212714011 -0.1351054415 0.0170846263
460 0.0002157788 0.0139789403 -0.0045130995 0.0047801978 0.0063173315 0.0688497574 0.0054408090
461 0.0002153576 0.0139921308 -0.0044246857 0.0076128802 0.0762962737 0.0423291726 0.0060677295
462 0.0002149454 0.0140050476 -0.0043363679 0.0013939406 0.0361644337 -0.0092776269 0.0005154544
463 0.0002145424 0.0140176915 -0.0042481441 0.0359943499 -0.1239661855 -0.1436201056 0.0384640940
464 0.0002141484 0.0140300637 -0.0041600122 0.0000413095 0.0010071108 -0.0063478500 0.0001743839
465 0.0002137633 0.0140421653 -0.0040719703 0.0107003807 0.0595721305 0.0845667898 0.0099298075
466 0.0002133872 0.0140539971 -0.0039840163 0.0036335170 -0.0517288736 -0.0309457686 0.0050543222
467 0.0002130200 0.0140655602 -0.0038961482 0.0183042675 -0.0232856227 -0.1332743309 0.0181338250
468 0.0002126615 0.0140768555 -0.0038083642 0.0042227346 -0.0041199988 -0.0648518326 0.0040574305
469 0.0002123118 0.0140878840 -0.0037206621 0.0031442419 -0.0116885891 0.0548417615 0.0040939840
470 0.0002119708 0.0140986466 -0.0036330401 0.0181294988 -0.0480056154 -0.1257972961 0.0187810448
471 0.0002116385 0.0141091441 -0.0035454962 0.0014057496 0.0110477004 0.0358287301 0.0015597021
472 0.0002113148 0.0141193774 -0.0034580283 0.0002801384 -0.0023499252 0.0165715506 0.0006724220
473 0.0002109996 0.0141293474 -0.0033706347 0.0001009327 -0.0032044435 -0.0095217750 0.0003382968
474 0.0002106930 0.0141390548 -0.0032833133 0.0045333533 -0.0022278512 0.0672933134 0.0052489358
475 0.0002103949 0.0141485005 -0.0031960621 0.0080873882 -0.0341502121 0.0831934568 0.0097959146
476 0.0002101052 0.0141576852 -0.0031088794 0.0004179472 0.0203253273 -0.0021973327 0.0000388707
477 0.0002098239 0.0141666096 -0.0030217631 0.0074073285 0.0583513901 -0.0632648701 0.0055815268
478 0.0002095509 0.0141752746 -0.0029347114 0.0063454256 -0.0383922849 0.0697958312 0.0080530801
479 0.0002092863 0.0141836807 -0.0028477223 0.0074771932 -0.0331431013 0.0798669393 0.0090815395
480 0.0002090300 0.0141918288 -0.0027607939 0.0026692310 0.0472731712 -0.0208441420 0.0014213827
481 0.0002087819 0.0141997194 -0.0026739244 0.0032488610 0.0190740684 0.0537125767 0.0032031968
482 0.0002085420 0.0142073532 -0.0025871118 0.0027317079 -0.0448927274 -0.0267647328 0.0040773769
483 0.0002083103 0.0142147308 -0.0025003543 0.0076082857 -0.0033570360 -0.0871608631 0.0074761687
484 0.0002080868 0.0142218527 -0.0024136500 0.0161777495 0.0804162725 -0.0985442671 0.0136227968
485 0.0002078714 0.0142287197 -0.0023269969 0.0026531814 0.0425122837 0.0290841395 0.0017866195
486 0.0002076640 0.0142353322 -0.0022403933 0.0111442621 -0.0894497513 0.0560625019 0.0141498241
487 0.0002074648 0.0142416907 -0.0021538372 0.0024985902 -0.0282601398 0.0412305063 0.0036886069
488 0.0002072735 0.0142477958 -0.0020673269 0.0040115201 0.0111392560 -0.0623493149 0.0036435811
489 0.0002070903 0.0142536480 -0.0019808604 0.0062130878 0.0708639790 0.0345164342 0.0045367821
490 0.0002069150 0.0142592478 -0.0018944358 0.0045242622 0.0180669576 -0.0647907956 0.0039704507
491 0.0002067477 0.0142645955 -0.0018080514 0.0040558230 0.0634479812 -0.0054933317 0.0024325867
492 0.0002065884 0.0142696916 -0.0017217053 0.0159674235 -0.0522476882 0.1150547807 0.0180613095
493 0.0002064369 0.0142745365 -0.0016353956 0.0021825945 0.0466933195 0.0015259255 0.0010609714
494 0.0002062933 0.0142791307 -0.0015491205 0.0002805920 0.0022278512 0.0166020692 0.0004746990
495 0.0002061577 0.0142834745 -0.0014628782 0.0001305021 0.0051576281 -0.0101931822 0.0001594993
496 0.0002060298 0.0142875682 -0.0013766667 0.0136165976 -0.1131321146 -0.0285958434 0.0169766591
497 0.0002059098 0.0142914121 -0.0012904844 0.0019251659 0.0436109500 0.0048219245 0.0008969968
498 0.0002057976 0.0142950066 -0.0012043293 0.0012361091 -0.0112918485 -0.0332956938 0.0016845428
499 0.0002056932 0.0142983520 -0.0011181997 0.0155561673 -0.0583513901 0.1102328562 0.0176770427
500 0.0002055966 0.0143014485 -0.0010320936 0.0103048285 0.0714438307 -0.0721152379 0.0083180652
501 0.0002055078 0.0143042963 -0.0009460094 0.0088522957 0.0352793970 -0.0872219001 0.0078834842
502 0.0002054268 0.0143068958 -0.0008599451 0.0008141085 0.0150151067 0.0242622150 0.0006316245
503 0.0002053535 0.0143092471 -0.0007738989 0.0175856477 -0.1167943358 -0.0628070925 0.0210362665
504 0.0002052879 0.0143113503 -0.0006878691 0.0063432126 -0.0681783502 -0.0411694693 0.0084433106
505 0.0002052301 0.0143132058 -0.0006018537 0.0114126400 0.1068147832 -0.0018005921 0.0085579788
506 0.0002051800 0.0143148135 -0.0005158511 0.0012494641 0.0194097720 0.0295419172 0.0009294280
507 0.0002051376 0.0143161737 -0.0004298593 0.0033186101 -0.0574663533 0.0040284433 0.0051726076
508 0.0002051029 0.0143172864 -0.0003438766 0.0067321893 -0.0560319834 -0.0599383526 0.0085005213
509 0.0002050760 0.0143181518 -0.0002579011 0.0050466095 -0.0699179052 0.0125736259 0.0072603614
510 0.0002050567 0.0143187698 -0.0001719310 0.0201450449 0.1325724052 0.0506912442 0.0165709849
511 0.0002050452 0.0143191406 -0.0000859646 0.0047462956 0.0013428144 -0.0688802759 0.0049010423
512 0.0002050413 0.0143192642 0.0000000000 0.0001962239 -0.0140079958 0.0000000000 0.0008024337
513 0.0002050452 0.0143191406 0.0000859646 0.0002288222 0.0124820704 -0.0085451827 0.0000778715
514 0.0002050567 0.0143187698 0.0001719310 0.0004135371 -0.0055543687 -0.0195623646 0.0007843841
515 0.0002050760 0.0143181518 0.0002579011 0.0004370572 0.0199285867 -0.0063173315 0.0000747107
516 0.0002051029 0.0143172864 0.0003438766 0.0089667101 0.0921658986 0.0217291787 0.0065177376
517 0.0002051376 0.0143161737 0.0004298593 0.0125719578 -0.1093173009 -0.0249336222 0.0159285422
518 0.0002051800 0.0143148135 0.0005158511 0.0001261768 0.0102847377 -0.0045167394 0.0000415685
519 0.0002052301 0.0143132058 0.0006018537 0.0269448532 0.1119724113 -0.1200292978 0.0240891951
520 0.0002052879 0.0143113503 0.0006878691 0.0082620899 -0.0827967162 0.0375072481 0.0107856433
521 0.0002053535 0.0143092471 0.0007738989 0.0149935341 -0.1028168584 0.0664998321 0.0180384229
522 0.0002054268 0.0143068958 0.0008599451 0.0049582486 0.0174871059 -0.0682088687 0.0047806148
523 0.0002055078 0.0143042963 0.0009460094 0.0032428890 -0.0505691702 -0.0261848811 0.0049446519
524 0.0002055966 0.0143014485 0.0010320936 0.0098188347 0.0367748039 0.0920133061 0.0087826327
525 0.0002056932 0.0142983520 0.0011181997 0.0018609752 0.0307016205 0.0303048799 0.0011209295
526 0.0002057976 0.0142950066 0.0012043293 0.0021307027 0.0444654683 -0.0123905148 0.0010950765
527 0.0002059098 0.0142914121 0.0012904844 0.0011374834 0.0330515458 -0.0067140721 0.0004160155
528 0.0002060298 0.0142875682 0.0013766667 0.0021626723 -0.0277413251 0.0373241371 0.0030586485
529 0.0002061577 0.0142834745 0.0014628782 0.0025491827 0.0195013276 -0.0465712455 0.0023345030
530 0.0002062933 0.0142791307 0.0015491205 0.0058777530 -0.0443128758 -0.0625629444 0.0075433801
531 0.0002064369 0.0142745365 0.0016353956 0.0116197574 0.0603350932 0.0893276772 0.0098115111
532 0.0002065884 0.0142696916 0.0017217053 0.0050781880 -0.0312204352 -0.0640583514 0.0063963675
533 0.0002067477 0.0142645955 0.0018080514 0.0036776709 0.0433973205 0.0423596912 0.0024931512
534 0.0002069150 0.0142592478 0.0018944358 0.0009092219 -0.0275582141 0.0122379223 0.0018556878
535 0.0002070903 0.0142536480 0.0019808604 0.0019426060 -0.0085146641 0.0432447279 0.0022211028
536 0.0002072735 0.0142477958 0.0020673269 0.0034323986 0.0104373302 0.0576494644 0.0031038937
537 0.0002074648 0.0142416907 0.0021538372 0.0031180832 -0.0419934690 -0.0368053224 0.0046802093
538 0.0002076640 0.0142353322 0.0022403933 0.0097130542 -0.0847193823 -0.0503555406 0.0125583678
539 0.0002078714 0.0142287197 0.0023269969 0.0011659091 0.0067140721 0.0334788049 0.0010269051
540 0.0002080868 0.0142218527 0.0024136500 0.0082918670 -0.0750450148 -0.0515762810 0.0108834863
541 0.0002083103 0.0142147308 0.0025003543 0.0014572456 -0.0157780694 -0.0347605823 0.0022879455
542 0.0002085420 0.0142073532 0.0025871118 0.0005558249 -0.0186162908 -0.0144657735 0.0013681925
543 0.0002087819 0.0141997194 0.0026739244 0.0240707495 0.1227759636 0.0948515275 0.0202855113
544 0.0002090300 0.0141918288 0.0027607939 0.0033254763 0.0549027985 0.0176396985 0.0018787649
545 0.0002092863 0.0141836807 0.0028477223 0.0042140411 -0.0476088748 -0.0441297647 0.0060252042
546 0.0002095509 0.0141752746 0.0029347114 0.0058215545 -0.0043641469 -0.0761741997 0.0066019300
547 0.0002098239 0.0141666096 0.0030217631 0.0065130990 0.0803247169 -0.0078127384 0.0044942816
548 0.0002101052 0.0141576852 0.0031088794 0.0008566390 -0.0253913999 -0.0145573290 0.0018762250
549 0.0002103949 0.0141485005 0.0031960621 0.0095167697 -0.0387890255 -0.0895107883 0.0113969418
550 0.0002106930 0.0141390548 0.0032833133 0.0015422200 0.0107119968 -0.0377819147 0.0016980977
551 0.0002109996 0.0141293474 0.0033706347 0.0018577527 -0.0107119968 0.0417493210 0.0020900159
552 0.0002113148 0.0141193774 0.0034580283 0.0002640023 0.0158085879 -0.0037537767 0.0000548636
553 0.0002116385 0.0141091441 0.0035454962 0.0019137845 -0.0313730277 0.0304879910 0.0027945260
554 0.0002119708 0.0140986466 0.0036330401 0.0279788054 -0.0504165777 0.1594897305 0.0284535221
555 0.0002123118 0.0140878840 0.0037206621 0.0030226354 0.0050050356 -0.0547502060 0.0035013406
556 0.0002126615 0.0140768555 0.0038083642 0.0037491198 -0.0291146580 0.0538651692 0.0043711906
557 0.0002130200 0.0140655602 0.0038961482 0.0024562357 -0.0271309549 0.0414746544 0.0031092970
558 0.0002133872 0.0140539971 0.0039840163 0.0109567559 0.0572222053 -0.0876491592 0.0102601330
559 0.0002137633 0.0140421653 0.0040719703 0.0135285115 0.0536820582 -0.1031830805 0.0130749670
560 0.0002141484 0.0140300637 0.0041600122 0.0118342047 0.0091250343 -0.1084017457 0.0126942086
561 0.0002145424 0.0140176915 0.0042481441 0.0223314953 -0.0648823511 0.1346171453 0.0232212932
562 0.0002149454 0.0140050476 0.0043363679 0.0116613146 -0.0885341960 -0.0618305002 0.0148923509
563 0.0002153576 0.0139921308 0.0044246857 0.0176701537 0.0901821955 -0.0976592303 0.0162260519
564 0.0002157788 0.0139789403 0.0045130995 0.0000188735 -0.0043336283 0.0003051851 0.0003530567
565 0.0002162093 0.0139654748 0.0046016113 0.0033211146 0.0415356914 0.0399487289 0.0020095356
566 0.0002166491 0.0139517332 0.0046902231 0.0035604176 -0.0433362835 0.0410168767 0.0046015426
567 0.0002170981 0.0139377144 0.0047789371 0.0032092000 -0.0460524308 0.0329905087 0.0043947103
568 0.0002175566 0.0139234173 0.0048677552 0.0070351605 0.0829187902 -0.0126346629 0.0050666961
569 0.0002180245 0.0139088405 0.0049566796 0.0064532020 -0.0775475326 0.0209662160 0.0086205734
570 0.0002185020 0.0138939830 0.0050457123 0.0104281943 0.1017181921 -0.0090334788 0.0079113153
571 0.0002189890 0.0138788434 0.0051348554 0.0024787853 0.0366832484 0.0336619160 0.0013338341
572 0.0002194858 0.0138634206 0.0052241111 0.0010881390 0.0326548051 -0.0046693319 0.0004509963
573 0.0002199922 0.0138477131 0.0053134813 0.0387900501 0.1657460250 0.1063875240 0.0332890593
574 0.0002205085 0.0138317196 0.0054029683 0.0099165541 0.0000000000 0.0995818964 0.0090609870
575 0.0002210347 0.0138154389 0.0054925742 0.0043617104 -0.0650654622 -0.0113223670 0.0065049388
576 0.0002215709 0.0137988694 0.0055823011 0.0245024485 -0.1297952208 -0.0874965667 0.0292829384
577 0.0002221171 0.0137820099 0.0056721511 0.0483632036 0.1781060213 0.1290017396 0.0422125681
578 0.0002226734 0.0137648589 0.0057621265 0.0036141294 0.0293588061 -0.0524613178 0.0036331407
579 0.0002232400 0.0137474149 0.0058522295 0.0015829054 -0.0263069552 0.0298471023 0.0021801065
580 0.0002238169 0.0137296764 0.0059424621 0.0217713898 -0.1455122532 -0.0244453261 0.0262814098
581 0.0002244041 0.0137116419 0.0060328266 0.0208862403 -0.0944242683 -0.1094088565 0.0250201573
582 0.0002250018 0.0136933099 0.0061233253 0.0023601574 0.0348521378 -0.0338450270 0.0020451652
583 0.0002256101 0.0136746788 0.0062139603 0.0185666473 -0.0820337535 -0.1087984863 0.0223879669
584 0.0002262291 0.0136557469 0.0063047340 0.0064035632 0.0154118473 0.0785241249 0.0052187243
585 0.0002268588 0.0136365127 0.0063956484 0.0029741599 -0.0492568743 -0.0234076968 0.0048438175
586 0.0002274993 0.0136169745 0.0064867060 0.0087951546 -0.0619525742 -0.0704062014 0.0116232759
587 0.0002281508 0.0135971305 0.0065779090 0.0001318396 -0.0106204413 0.0043641469 0.0005913915
588 0.0002288134 0.0135769792 0.0066692598 0.0020005406 0.0438856166 0.0086367382 0.0009224845
589 0.0002294871 0.0135565186 0.0067607605 0.0049774341 -0.0394299142 -0.0585039827 0.0070670488
590 0.0002301720 0.0135357470 0.0068524135 0.0021401581 -0.0169072542 0.0430616169 0.0022378827
591 0.0002308683 0.0135146627 0.0069442213 0.0169110310 -0.0164189581 0.1290017396 0.0157940594
592 0.0002315761 0.0134932637 0.0070361860 0.0123182342 -0.0259407331 -0.1079134495 0.0147684588
593 0.0002322954 0.0134715481 0.0071283102 0.0100234923 0.0383007294 -0.0925016022 0.0105426077
594 0.0002330264 0.0134495141 0.0072205961 0.0056312774 -0.0538651692 -0.0522476882 0.0080677434
595 0.0002337693 0.0134271597 0.0073130463 0.0305774192 0.0442823572 0.1691640980 0.0271478062
596 0.0002345240 0.0134044829 0.0074056631 0.0097463659 -0.0162053285 -0.0973845637 0.0118577326
597 0.0002352908 0.0133814817 0.0074984489 0.0038244646 0.0599993896 -0.0149845882 0.0026787163
598 0.0002360697 0.0133581541 0.0075914062 0.0040183527 0.0354930265 0.0525223548 0.0025087427
599 0.0002368610 0.0133344980 0.0076845375 0.0021480040 -0.0398571734 -0.0236518448 0.0038113228
600 0.0002376646 0.0133105112 0.0077778452 0.0096821520 -0.0228583636 -0.0957060457 0.0120171032
601 0.0002384808 0.0132861916 0.0078713319 0.0033446301 -0.0348216193 0.0461745048 0.0037814945
602 0.0002393096 0.0132615370 0.0079650001 0.0220553562 -0.0874965667 0.1199987793 0.0227037631
603 0.0002401512 0.0132365451 0.0080588524 0.0008922661 0.0261848811 -0.0143742180 0.0006709020
604 0.0002410058 0.0132112138 0.0081528912 0.0108667660 -0.0806299020 0.0660725730 0.0121608446
605 0.0002418735 0.0131855408 0.0082471191 0.0028063226 -0.0243842891 0.0470290231 0.0029155282
606 0.0002427543 0.0131595235 0.0083415389 0.0074954808 0.0464491714 -0.0730613117 0.0077346247
607 0.0002436486 0.0131331598 0.0084361530 0.0080540300 0.0852992340 -0.0278939177 0.0065278163
608 0.0002445563 0.0131064472 0.0085309642 0.0175740809 -0.1063570055 0.0791344951 0.0192563751
609 0.0002454777 0.0130793832 0.0086259750 0.0036793445 0.0573747978 0.0196844386 0.0020843734
610 0.0002464129 0.0130519654 0.0087211882 0.0001519750 0.0092776269 0.0081179235 0.0000146096
611 0.0002473621 0.0130241911 0.0088166064 0.0099394018 0.0757469405 -0.0648213141 0.0093566866
612 0.0002483254 0.0129960579 0.0089122325 0.0075534731 -0.0578936125 -0.0648213141 0.0104619813
613 0.0002493030 0.0129675631 0.0090080690 0.0008003315 -0.0085146641 -0.0269783624 0.0017565093
614 0.0002502950 0.0129387040 0.0091041189 0.0288963753 0.1632129887 0.0475173193 0.0240579346
615 0.0002513017 0.0129094780 0.0092003848 0.0008519002 0.0291756951 -0.0008239998 0.0003650781
616 0.0002523232 0.0128798823 0.0092968696 0.0024754016 -0.0496841334 0.0026245918 0.0039587754
617 0.0002533596 0.0128499142 0.0093935762 0.0089492756 -0.0920133061 0.0219733268 0.0111545451
618 0.0002544111 0.0128195707 0.0094905073 0.0005509016 -0.0065004425 0.0225531785 0.0005438963
619 0.0002554780 0.0127888490 0.0095876659 0.0098755920 0.0958891568 0.0260933256 0.0071780979
620 0.0002565604 0.0127577463 0.0096850549 0.0101088690 -0.0067751091 0.1003143406 0.0085951999
621 0.0002576585 0.0127262595 0.0097826771 0.0085604247 0.0919827876 -0.0099795526 0.0066721430
622 0.0002587724 0.0126943856 0.0098805357 0.0047044440 -0.0528885769 0.0436719871 0.0054429872
623 0.0002599024 0.0126621215 0.0099786335 0.0077202413 -0.0776390881 0.0411389508 0.0091252738
624 0.0002610488 0.0126294642 0.0100769735 0.0014381141 -0.0286263619 0.0248725852 0.0019209533
625 0.0002622116 0.0125964105 0.0101755588 0.0069372539 -0.0291146580 -0.0780358287 0.0095210621
626 0.0002633910 0.0125629571 0.0102743925 0.0063993934 0.0665608692 0.0443739128 0.0040785518
627 0.0002645874 0.0125291009 0.0103734775 0.0089723226 0.0744956816 0.0585039827 0.0061564026
628 0.0002658009 0.0124948385 0.0104728172 0.0097311127 -0.0978728599 0.0123294778 0.0121844760
629 0.0002670317 0.0124601666 0.0105724146 0.0051992142 0.0528580584 -0.0490432447 0.0051860165
630 0.0002682801 0.0124250817 0.0106722728 0.0076752305 -0.0209967345 -0.0850550859 0.0102807450
631 0.0002695462 0.0123895804 0.0107723951 0.0059878197 0.0772728660 -0.0040894803 0.0044307161
632 0.0002708303 0.0123536591 0.0108727847 0.0229570963 -0.1511581774 -0.0104068117 0.0271889419
633 0.0002721327 0.0123173143 0.0109734449 0.0040996137 -0.0575884274 0.0279854732 0.0051762218
634 0.0002734536 0.0122805424 0.0110743789 0.0012020904 0.0103762932 -0.0330820643 0.0019534176
635 0.0002747932 0.0122433397 0.0111755902 0.0001352847 -0.0065919980 -0.0095828120 0.0007856812
636 0.0002761517 0.0122057024 0.0112770820 0.0001872464 -0.0024719993 -0.0134586627 0.0008272920
637 0.0002775295 0.0121676267 0.0113788578 0.0126108774 0.1116977447 0.0115970336 0.0099062920
638 0.0002789268 0.0121291087 0.0114809209 0.0026087658 -0.0489211707 -0.0146794031 0.0044114992
639 0.0002803439 0.0120901446 0.0115832748 0.0000917157 0.0076906644 0.0057069613 0.0000538865
640 0.0002817809 0.0120507304 0.0116859231 0.0004222995 -0.0043641469 0.0200811792 0.0003399285
641 0.0002832382 0.0120108620 0.0117888691 0.0003949049 -0.0087893307 0.0178228095 0.0004690565
642 0.0002847162 0.0119705353 0.0118921166 0.0005986655 0.0242011780 0.0036011841 0.0002183282
643 0.0002862149 0.0119297462 0.0119956691 0.0002559701 0.0029908139 -0.0157170324 0.0008478983
644 0.0002877348 0.0118884903 0.0120995302 0.0023701930 -0.0098879971 -0.0476699118 0.0040466016
645 0.0002892762 0.0118467635 0.0122037036 0.0041597799 0.0426953948 -0.0483413190 0.0046173378
646 0.0002908393 0.0118045613 0.0123081929 0.0000286436 -0.0037537767 0.0038148137 0.0003141994
647 0.0002924244 0.0117618793 0.0124130021 0.0020515085 -0.0218512528 0.0396740623 0.0018730081
648 0.0002940319 0.0117187131 0.0125181347 0.0014411802 -0.0238044374 -0.0295724357 0.0030335103
649 0.0002956621 0.0116750579 0.0126235947 0.0035042257 -0.0579241310 0.0122074038 0.0048442203
650 0.0002973153 0.0116309092 0.0127293858 0.0003361916 -0.0183111057 -0.0009460738 0.0010835425
651 0.0002989918 0.0115862623 0.0128355121 0.0005993687 0.0244758446 0.0005493332 0.0003170915
652 0.0003006921 0.0115411124 0.0129419775 0.0015370759 -0.0192571795 -0.0341502121 0.0031662091
653 0.0003024163 0.0114954546 0.0130487859 0.0004358725 -0.0019837031 0.0207831050 0.0002415074
654 0.0003041649 0.0114492839 0.0131559413 0.0017508890 -0.0417493210 0.0028077029 0.0029371776
655 0.0003059382 0.0114025954 0.0132634479 0.0008207185 0.0108340709 0.0265205847 0.0001760749
656 0.0003077367 0.0113553839 0.0133713097 0.0019132182 0.0122379223 -0.0419934690 0.0030660376
657 0.0003095606 0.0113076443 0.0134795310 0.0046066548 -0.0369273965 -0.0569475387 0.0072865913
658 0.0003114103 0.0112593712 0.0135881158 0.0008148126 -0.0284737693 -0.0020142216 0.0018221554
659 0.0003132863 0.0112105595 0.0136970686 0.0097066025 0.0860011597 0.0480666524 0.0067749022
660 0.0003151890 0.0111612035 0.0138063935 0.0011957431 0.0281075472 0.0201422163 0.0003273212
661 0.0003171186 0.0111112979 0.0139160950 0.0158880374 -0.1029084140 -0.0727866451 0.0205178598
662 0.0003190758 0.0110608370 0.0140261773 0.0018474516 0.0088808863 0.0420545061 0.0007903394
663 0.0003210608 0.0110098152 0.0141366451 0.0139578308 -0.0072023682 -0.1179235206 0.0177715710
664 0.0003230741 0.0109582265 0.0142475027 0.0084998738 -0.0432447279 -0.0814233833 0.0120908787
665 0.0003251161 0.0109060653 0.0143587547 0.0089349957 -0.0760826441 -0.0560930204 0.0125304882
666 0.0003271873 0.0108533255 0.0144704057 0.0021241272 0.0334177679 -0.0317392499 0.0026444863
667 0.0003292882 0.0108000010 0.0145824605 0.0037281442 -0.0300302133 -0.0531632435 0.0062565868
668 0.0003314191 0.0107460857 0.0146949236 0.0001347007 -0.0102237007 -0.0054933317 0.0008472976
669 0.0003335807 0.0106915734 0.0148077998 0.0118713668 0.0251167333 0.1060213019 0.0085279882
670 0.0003357733 0.0106364577 0.0149210940 0.0028285863 -0.0428785058 -0.0314645833 0.0050154824
671 0.0003379974 0.0105807321 0.0150348111 0.0075970393 0.0616473891 -0.0616168706 0.0084832838
672 0.0003402537 0.0105243901 0.0151489559 0.0109813257 -0.1004058962 -0.0299996948 0.0143439291
673 0.0003425424 0.0104674250 0.0152635336 0.0250346592 -0.1455122532 -0.0621356853 0.0303202991
674 0.0003448643 0.0104098300 0.0153785490 0.0001196571 -0.0009765923 -0.0108951079 0.0008199557
675 0.0003472199 0.0103515983 0.0154940074 0.0118047619 0.0452284310 -0.0987884152 0.0142768656
676 0.0003496096 0.0102927229 0.0156099139 0.0054544336 -0.0453505051 -0.0582903531 0.0085574183
677 0.0003520340 0.0102331966 0.0157262738 0.0313986267 -0.1417279580 0.1063570055 0.0313061220
678 0.0003544938 0.0101730123 0.0158430923 0.0075294994 0.0095522935 0.0862453078 0.0049568572
679 0.0003569894 0.0101121626 0.0159603749 0.0103717676 0.0248725852 -0.0987578967 0.0133781519
680 0.0003595215 0.0100506400 0.0160781270 0.0152628536 -0.0598162786 -0.1080965606 0.0203007393
681 0.0003620908 0.0099884370 0.0161963540 0.0000279684 0.0003051851 0.0052797021 0.0002129387
682 0.0003646977 0.0099255458 0.0163150616 0.0042937756 0.0645466475 0.0112918485 0.0030086974
683 0.0003673430 0.0098619587 0.0164342554 0.0099371050 0.0624103519 -0.0777306436 0.0116283618
684 0.0003700273 0.0097976677 0.0165539412 0.0125393111 -0.1119724113 -0.0012207404 0.0151438914
685 0.0003727512 0.0097326646 0.0166741246 0.0076145642 0.0360423597 -0.0794701987 0.0099359310
686 0.0003755154 0.0096669412 0.0167948116 0.0136361892 0.0604876858 -0.0998870815 0.0161974122
687 0.0003783207 0.0096004893 0.0169160081 0.0084004211 -0.0914944914 -0.0054017762 0.0107182786
688 0.0003811677 0.0095333003 0.0170377201 0.0012896867 -0.0318918424 -0.0165105136 0.0028415264
689 0.0003840572 0.0094653654 0.0171599537 0.0106918520 0.0841700491 0.0600604266 0.0074212403
690 0.0003869898 0.0093966761 0.0172827152 0.0080257868 -0.0252998444 -0.0859401227 0.0118588028
691 0.0003899663 0.0093272233 0.0174060107 0.0001256440 0.0075991089 -0.0082399976 0.0006607041
692 0.0003929875 0.0092569979 0.0175298465 0.0090226450 -0.0280159917 0.0907620472 0.0067522310
693 0.0003960542 0.0091859907 0.0176542292 0.0127063931 0.1125522629 -0.0061952574 0.0112533842
694 0.0003991672 0.0091141924 0.0177791652 0.0100515082 0.0784630879 0.0624103519 0.0068012121
695 0.0004023273 0.0090415933 0.0179046611 0.0533876836 -0.1733146153 -0.1528061769 0.0623959770
696 0.0004055353 0.0089681837 0.0180307236 0.0150170328 -0.1143223365 -0.0441297647 0.0190644787
697 0.0004087921 0.0088939538 0.0181573595 0.0126914417 0.0845362712 0.0744651631 0.0088923289
698 0.0004120986 0.0088188936 0.0182845756 0.0111238118 -0.0043336283 -0.1053804132 0.0154660183
699 0.0004154556 0.0087429927 0.0184123789 0.0116206469 -0.0458388012 -0.0975676748 0.0164305451
700 0.0004188641 0.0086662409 0.0185407764 0.0016758161 0.0250862148 0.0323496200 0.0004602997
701 0.0004223250 0.0085886275 0.0186697754 0.0161669632 0.0400708029 0.1206701865 0.0113952112
702 0.0004258393 0.0085101417 0.0187993830 0.0034201417 0.0480361339 0.0333567309 0.0017742204
703 0.0004294079 0.0084307728 0.0189296066 0.0034981065 0.0282296213 0.0519730216 0.0014838617
704 0.0004330319 0.0083505094 0.0190604537 0.0267094629 0.0578020569 0.1528672140 0.0203497046
705 0.0004367122 0.0082693403 0.0191919319 0.0581644036 0.0477614673 0.2363963744 0.0487373980
706 0.0004404500 0.0081872539 0.0193240487 0.0325679549 -0.1301614429 -0.1250038148 0.0399708941
707 0.0004442462 0.0081042386 0.0194568121 0.0009179834 0.0149235511 -0.0263679922 0.0021464157
708 0.0004481020 0.0080202824 0.0195902298 0.0006927125 0.0248725852 -0.0086062197 0.0010790399
709 0.0004520186 0.0079353731 0.0197243100 0.0005505496 0.0233771783 -0.0020142216 0.0007110131
710 0.0004559969 0.0078494985 0.0198590606 0.0048033258 -0.0310068056 0.0619830927 0.0032842465
711 0.0004600383 0.0077626459 0.0199944900 0.0092754596 -0.0700704978 0.0660725730 0.0081811880
712 0.0004641439 0.0076748025 0.0201306066 0.0012697179 0.0052186651 0.0352488784 0.0002345948
713 0.0004683150 0.0075859553 0.0202674187 0.0130590124 0.0526139103 0.1014435255 0.0086170771
714 0.0004725528 0.0074960910 0.0204049350 0.0229352592 0.0018311106 -0.1514328440 0.0295603143
715 0.0004768585 0.0074051962 0.0205431643 0.0088575263 -0.0046998505 -0.0939970092 0.0132659835
716 0.0004812336 0.0073132571 0.0206821154 0.0134867391 0.0840479751 -0.0801416059 0.0160536397
717 0.0004856794 0.0072202597 0.0208217973 0.0073665127 0.0340891751 -0.0787682730 0.0106401207
718 0.0004901972 0.0071261898 0.0209622192 0.0023018195 -0.0344248787 -0.0334177679 0.0046836743
719 0.0004947885 0.0070310328 0.0211033903 0.0005033994 0.0128788110 0.0183721427 0.0000416562
720 0.0004994547 0.0069347740 0.0212453201 0.0063114004 -0.0114444411 -0.0786156804 0.0103100150
721 0.0005041973 0.0068373984 0.0213880180 0.0060287491 0.0253303629 0.0733970153 0.0030469255
722 0.0005090179 0.0067388905 0.0215314939 0.0022413031 -0.0472121342 0.0035096286 0.0032355007
723 0.0005139179 0.0066392350 0.0216757575 0.0023422795 0.0205999939 0.0437940611 0.0006841221
724 0.0005188990 0.0065384157 0.0218208190 0.0009209154 0.0188604389 -0.0237739189 0.0022307124
725 0.0005239629 0.0064364166 0.0219666884 0.0054508198 -0.0092776269 0.0732444227 0.0028763372
726 0.0005291111 0.0063332212 0.0221133760 0.0009839511 -0.0305795465 -0.0069887387 0.0022094855
727 0.0005343454 0.0062288127 0.0222608925 0.0008137062 0.0281991028 -0.0043031098 0.0011883399
728 0.0005396677 0.0061231739 0.0224092483 0.0038988958 -0.0624408704 0.0001831111 0.0051950294
729 0.0005450796 0.0060162875 0.0225584545 0.0073877360 0.0089724418 -0.0854823450 0.0116815532
730 0.0005505830 0.0059081357 0.0227085218 0.0004003534 0.0175481429 -0.0096133305 0.0011801919
731 0.0005561799 0.0057987003 0.0228594616 0.0042316488 0.0486770226 -0.0431531724 0.0061962184
732 0.0005618722 0.0056879629 0.0230112853 0.0306558553 0.1528366955 -0.0854213080 0.0334103768
733 0.0005676618 0.0055759048 0.0231640042 0.0008753970 0.0197454756 -0.0220343638 0.0022436692
734 0.0005735509 0.0054625067 0.0233176302 0.0088369019 0.0935697501 0.0090334788 0.0079669233
735 0.0005795414 0.0053477492 0.0234721752 0.0020588347 -0.0039979247 -0.0451979125 0.0048029226
736 0.0005856357 0.0052316123 0.0236276514 0.0038371724 0.0338450270 -0.0518814661 0.0065203543
737 0.0005918358 0.0051140757 0.0237840709 0.0014489553 0.0367748039 -0.0098269601 0.0021321031
738 0.0005981441 0.0049951188 0.0239414465 0.0122116071 -0.1096224860 -0.0139469588 0.0145727266
739 0.0006045628 0.0048747204 0.0240997907 0.0028211483 -0.0363170263 0.0387585070 0.0019116380
740 0.0006110944 0.0047528590 0.0242591167 0.0144102922 -0.0715659047 -0.0963774529 0.0203777356
741 0.0006177413 0.0046295128 0.0244194375 0.0122435981 0.1005279702 0.0462355419 0.0096724566
742 0.0006245060 0.0045046592 0.0245807665 0.0019309442 0.0260322886 -0.0354014710 0.0040613076
743 0.0006313912 0.0043782756 0.0247431174 0.0026461430 -0.0460829493 -0.0228583636 0.0048122362
744 0.0006383993 0.0042503386 0.0249065041 0.0035667631 -0.0414136174 -0.0430310984 0.0067007147
745 0.0006455333 0.0041208244 0.0250709406 0.0012399687 -0.0328684347 -0.0126346629 0.0027899178
746 0.0006527957 0.0039897090 0.0252364413 0.0071189623 -0.0463576159 -0.0704977569 0.0116998898
747 0.0006601897 0.0038569675 0.0254030208 0.0007334846 -0.0116580706 -0.0244453261 0.0027255741
748 0.0006677180 0.0037225748 0.0255706939 0.0222877251 0.0027161473 -0.1492660298 0.0305688929
749 0.0006753836 0.0035865051 0.0257394759 0.0017991270 -0.0365001373 0.0216071047 0.0016240154
750 0.0006831898 0.0034487322 0.0259093820 0.0009010584 0.0297250282 0.0041810358 0.0011625648
751 0.0006911397 0.0033092292 0.0260804280 0.0099492576 -0.0933561205 0.0351268044 0.0094260268
752 0.0006992366 0.0031679689 0.0262526297 0.0028589492 -0.0356761376 -0.0398266549 0.0058753365
753 0.0007074838 0.0030249233 0.0264260035 0.0008767652 0.0014954070 0.0295724357 0.0000122395
754 0.0007158849 0.0028800640 0.0266005659 0.0001404269 -0.0104678488 -0.0055543687 0.0012121066
755 0.0007244433 0.0027333618 0.0267763336 0.0089544913 0.0937223426 0.0130619221 0.0084670797
756 0.0007331628 0.0025847870 0.0269533239 0.0044061642 -0.0003967406 -0.0663777581 0.0087195804
757 0.0007420471 0.0024343093 0.0271315542 0.0046798612 0.0512710959 -0.0452894681 0.0076298362
758 0.0007511001 0.0022818977 0.0273110423 0.0136289915 -0.1116367077 0.0341502121 0.0130242229
759 0.0007603258 0.0021275207 0.0274918063 0.0029148916 -0.0146183660 -0.0519730216 0.0065950836
760 0.0007697282 0.0019711458 0.0276738647 0.0028139925 -0.0282601398 0.0448927274 0.0012104199
761 0.0007793116 0.0018127400 0.0278572362 0.0004207041 -0.0035401471 -0.0202032533 0.0023384641
762 0.0007890804 0.0016522698 0.0280419401 0.0004908928 -0.0220343638 0.0023194067 0.0012227053
763 0.0007990390 0.0014897005 0.0282279958 0.0005893210 0.0202642903 0.0133671072 0.0005733312
764 0.0008091919 0.0013249971 0.0284154234 0.0067292731 -0.0790429395 -0.0219428083 0.0089949567
765 0.0008195440 0.0011581234 0.0286042430 0.0070734663 0.0734580523 0.0409558397 0.0053798417
766 0.0008301000 0.0009890428 0.0287944753 0.0006022756 0.0112308115 0.0218207343 0.0001535269
767 0.0008408651 0.0008177178 0.0289861415 0.0088703924 -0.0145573290 -0.0930509354 0.0151294402
768 0.0008518443 0.0006441098 0.0291792630 0.0006140780 0.0244148076 -0.0042420728 0.0016820318
769 0.0008630430 0.0004681796 0.0293738618 0.0017129642 -0.0312814722 -0.0271004364 0.0041973868
770 0.0008744666 0.0002898870 0.0295699603 0.0001677917 -0.0010681478 0.0129093295 0.0002794209
771 0.0008861208 0.0001091911 0.0297675812 0.0002245491 -0.0139774773 -0.0054017762 0.0014353179
772 0.0008980114 -0.0000739502 0.0299667478 0.0068193524 0.0122379223 -0.0816675314 0.0126137945
773 0.0009101445 -0.0002595798 0.0301674839 0.0021338070 -0.0461745048 -0.0013122959 0.0030991569
774 0.0009225261 -0.0004477416 0.0303698137 0.0004957174 -0.0216071047 0.0053712577 0.0010726464
775 0.0009351626 -0.0006384806 0.0305737619 0.0021528016 -0.0266731773 -0.0379650258 0.0053753708
776 0.0009480606 -0.0008318428 0.0307793537 0.0004041330 0.0069582202 0.0188604389 0.0002027456
777 0.0009612268 -0.0010278750 0.0309866149 0.0011818283 -0.0141911069 0.0313119907 0.0001733765
778 0.0009746683 -0.0012266256 0.0311955718 0.0016904322 -0.0404065065 0.0075991089 0.0020918561
779 0.0009883922 -0.0014281437 0.0314062512 0.0011857773 0.0329294717 -0.0100711081 0.0029008171
780 0.0010024059 -0.0016324797 0.0316186805 0.0071169319 0.0767845698 -0.0349436934 0.0105797833
781 0.0010167172 -0.0018396853 0.0318328878 0.0003948611 -0.0185552538 -0.0071108127 0.0017960220
782 0.0010313338 -0.0020498132 0.0320489015 0.0001162548 0.0048219245 -0.0096438490 0.0017855062
783 0.0010462640 -0.0022629177 0.0322667509 0.0056166137 -0.0288094729 -0.0691854610 0.0109972709
784 0.0010615162 -0.0024790541 0.0324864658 0.0193794072 0.1022064882 -0.0945158238 0.0270886444
785 0.0010770990 -0.0026982791 0.0327080767 0.0059478803 0.0591143529 0.0495315409 0.0041038304
786 0.0010930215 -0.0029206508 0.0329316148 0.0113900047 -0.0003967406 -0.1067232276 0.0195098451
787 0.0011092928 -0.0031462289 0.0331571118 0.0013432075 -0.0093691824 -0.0354319895 0.0047431900
788 0.0011259227 -0.0033750742 0.0333846003 0.0009139179 0.0199591052 -0.0227057711 0.0036906137
789 0.0011429209 -0.0036072494 0.0336141135 0.0007946846 0.0163274026 -0.0229804376 0.0036003336
790 0.0011602977 -0.0038428184 0.0338456855 0.0001479869 -0.0118717002 -0.0026551103 0.0013967710
791 0.0011780636 -0.0040818469 0.0340793510 0.0019259809 -0.0352183599 0.0261848811 0.0010318051
792 0.0011962297 -0.0043244023 0.0343151455 0.0129985696 0.0189214759 -0.1124301889 0.0220745640
793 0.0012148071 -0.0045705535 0.0345531055 0.0004606826 0.0213629566 0.0020752586 0.0017273575
794 0.0012338075 -0.0048203713 0.0347932682 0.0015338822 0.0379039888 0.0098574786 0.0024471645
795 0.0012532430 -0.0050739282 0.0350356716 0.0121777710 0.0393688772 -0.1030915250 0.0210542854
796 0.0012731262 -0.0053312987 0.0352803546 0.0208613203 0.0200201422 -0.1430402539 0.0324409350
797 0.0012934698 -0.0055925591 0.0355273572 0.0038628030 -0.0436414686 0.0442518387 0.0015238361
798 0.0013142874 -0.0058577878 0.0357767201 0.0041872667 -0.0225836970 -0.0606402783 0.0095759936
799 0.0013355927 -0.0061270651 0.0360284852 0.0024982316 0.0477309488 0.0148319956 0.0033499768
800 0.0013574000 -0.0064004734 0.0362826952 0.0151024477 -0.0764793847 -0.0961943419 0.0224612192
801 0.0013797243 -0.0066780976 0.0365393939 0.0325667954 -0.0372325816 -0.1765800958 0.0463534934
802 0.0014025808 -0.0069600244 0.0367986262 0.0063126038 -0.0635395367 -0.0477004303 0.0103413318
803 0.0014259856 -0.0072463431 0.0370604380 0.0237373678 -0.1489303262 0.0394604328 0.0200801110
804 0.0014499550 -0.0075371454 0.0373248765 0.0258775371 -0.0896328623 -0.1335795160 0.0359480181
805 0.0014745062 -0.0078325253 0.0375919899 0.0129276209 0.0375988037 -0.1073030793 0.0230585868
806 0.0014996568 -0.0081325796 0.0378618277 0.0002927102 0.0170903653 -0.0007934812 0.0021304299
807 0.0015254254 -0.0084374075 0.0381344406 0.0159978237 -0.1015655995 -0.0753807184 0.0215585515
808 0.0015518309 -0.0087471111 0.0384098805 0.0103347220 -0.0659504990 -0.0773644215 0.0166759166
809 0.0015788930 -0.0090617953 0.0386882007 0.0356538897 0.1573534349 -0.1043733024 0.0481606225
810 0.0016066323 -0.0093815679 0.0389694560 0.0052938051 -0.0362559893 -0.0630817591 0.0111366850
811 0.0016350701 -0.0097065397 0.0392537025 0.0609808503 -0.2234870449 -0.1050447096 0.0665241361
812 0.0016642283 -0.0100368247 0.0395409975 0.0051851057 -0.0142216254 -0.0705893124 0.0121461977
813 0.0016941300 -0.0103725401 0.0398314003 0.0168970948 0.0860316782 0.0974456008 0.0126131694
814 0.0017247990 -0.0107138065 0.0401249714 0.0014241434 0.0018921476 -0.0376903592 0.0062141358
815 0.0017562599 -0.0110607478 0.0404217730 0.0096358922 -0.0263985107 -0.0945463424 0.0184516391
816 0.0017885384 -0.0114134918 0.0407218689 0.0124173777 -0.0967436750 -0.0552995392 0.0165013510
817 0.0018216613 -0.0117721697 0.0410253249 0.0114398168 0.0065919980 -0.1067537461 0.0221758965
818 0.0018556562 -0.0121369168 0.0413322081 0.0096512013 -0.0937223426 -0.0294503616 0.0116663539
819 0.0018905520 -0.0125078722 0.0416425880 0.0101214063 0.0620441298 0.0791955321 0.0069682246
820 0.0019263787 -0.0128851793 0.0419565355 0.0062823945 0.0786461989 -0.0098574786 0.0110626853
821 0.0019631675 -0.0132689857 0.0422741239 0.0447367260 -0.0539872433 -0.2045045320 0.0625576815
822 0.0020009509 -0.0136594436 0.0425954282 0.0110879239 0.0415051729 0.0967741935 0.0059784735
823 0.0020397626 -0.0140567095 0.0429205256 0.0188324593 0.0151982177 0.1363872188 0.0095918735
824 0.0020796378 -0.0144609450 0.0432494958 0.0009001633 -0.0023804437 0.0299081393 0.0003239303
825 0.0021206132 -0.0148723166 0.0435824203 0.0401044947 0.0098574786 -0.2000183111 0.0599528791
826 0.0021627268 -0.0152909959 0.0439193833 0.0059849473 0.0239875484 0.0735496078 0.0024207543
827 0.0022060184 -0.0157171599 0.0442604713 0.0290876546 -0.1010467849 0.1373943297 0.0159550605
828 0.0022505295 -0.0161509911 0.0446057734 0.0589396214 0.0002136296 -0.2427747429 0.0828553620
829 0.0022963033 -0.0165926778 0.0449553813 0.0235962536 0.0661336100 -0.1386455885 0.0405529548
830 0.0023433847 -0.0170424145 0.0453093895 0.0156715261 0.0072939238 0.1249732963 0.0069385954
831 0.0023918207 -0.0175004016 0.0456678951 0.0170634233 0.1137730033 -0.0641804254 0.0292993604
832 0.0024416604 -0.0179668464 0.0460309985 0.0110055974 -0.0578325755 0.0875270852 0.0033112016
833 0.0024929549 -0.0184419625 0.0463988028 0.0024597144 0.0489516892 -0.0079653310 0.0074973633
834 0.0025457576 -0.0189259710 0.0467714146 0.0015523906 0.0262764367 0.0293588061 0.0023464566
835 0.0026001243 -0.0194190999 0.0471489437 0.0034613943 -0.0056154057 -0.0585650197 0.0113659840
836 0.0026561133 -0.0199215851 0.0475315031 0.0154896231 -0.0947294534 0.0807214576 0.0066977902
837 0.0027137855 -0.0204336703 0.0479192098 0.0017309538 0.0369273965 -0.0191656240 0.0077906669
838 0.0027732046 -0.0209556074 0.0483121841 0.0102990269 0.0286568804 0.0973540452 0.0048665031
839 0.0028344371 -0.0214876571 0.0487105505 0.0057458482 -0.0714438307 0.0253303629 0.0030422525
840 0.0028975528 -0.0220300889 0.0491144373 0.0149973881 0.1069978942 -0.0595721305 0.0284609904
841 0.0029626244 -0.0225831816 0.0495239771 0.0015922155 0.0249641408 0.0311288797 0.0025991275
842 0.0030297284 -0.0231472241 0.0499393069 0.0048280064 -0.0642109439 0.0265511032 0.0022332372
843 0.0030989446 -0.0237225150 0.0503605682 0.0104308925 -0.0204168828 -0.1000701926 0.0226403410
844 0.0031703567 -0.0243093639 0.0507879073 0.0093652399 0.0912503433 -0.0322275460 0.0202456114
845 0.0032440525 -0.0249080913 0.0512214753 0.0006762420 -0.0066225166 -0.0251472518 0.0061665447
846 0.0033201241 -0.0255190293 0.0516614287 0.0149187163 -0.1189001129 0.0279549547 0.0092820237
847 0.0033986678 -0.0261425223 0.0521079292 0.0035685188 -0.0029602954 0.0596636860 0.0005945051
848 0.0034797848 -0.0267789270 0.0525611444 0.0019039724 0.0127872555 0.0417188025 0.0016830392
849 0.0035635815 -0.0274286136 0.0530212473 0.0151331692 0.0758690146 0.0968352306 0.0125900651
850 0.0036501694 -0.0280919660 0.0534884176 0.0013569500 -0.0307016205 -0.0203558458 0.0054597855
851 0.0037396656 -0.0287693828 0.0539628411 0.0019647160 0.0408337657 0.0172429579 0.0061929481
852 0.0038321934 -0.0294612775 0.0544447105 0.0037737976 0.0455946532 0.0411694693 0.0058096248
853 0.0039278821 -0.0301680796 0.0549342252 0.0153298729 -0.0324716941 0.1194799646 0.0041714591
854 0.0040268681 -0.0308902352 0.0554315924 0.0020781021 -0.0121158483 0.0439466536 0.0004843814
855 0.0041292945 -0.0316282079 0.0559370268 0.0122860588 -0.0926236763 -0.0608844264 0.0173676991
856 0.0042353123 -0.0323824796 0.0564507511 0.0058173884 -0.0752586444 -0.0123905148 0.0065774854
857 0.0043450803 -0.0331535513 0.0569729967 0.0245467151 0.0320749535 0.1533555101 0.0135443467
858 0.0044587660 -0.0339419441 0.0575040036 0.0031503816 0.0544145024 0.0137638478 0.0097200629
859 0.0045765458 -0.0347482005 0.0580440213 0.0019869601 0.0431531724 0.0111697745 0.0082658189
860 0.0046986060 -0.0355728849 0.0585933089 0.0070783718 0.0708639790 -0.0453505051 0.0221331225
861 0.0048251429 -0.0364165853 0.0591521361 0.0017141042 0.0076906644 -0.0406811731 0.0119121391
862 0.0049563639 -0.0372799141 0.0597207831 0.0035283428 -0.0145573290 0.0575884274 0.0005208628
863 0.0050924882 -0.0381635097 0.0602995414 0.0004906395 0.0161137730 0.0151982177 0.0049801528
864 0.0052337471 -0.0390680374 0.0608887146 0.0085823941 -0.0069582202 -0.0923795282 0.0245221946
865 0.0053803856 -0.0399941914 0.0614886188 0.0037960538 0.0608233894 0.0098269601 0.0128331116
866 0.0055326626 -0.0409426961 0.0620995833 0.0116065840 -0.1026947844 -0.0325632496 0.0127743723
867 0.0056908523 -0.0419143075 0.0627219512 0.0008075218 0.0284127323 -0.0004882962 0.0089414279
868 0.0058552452 -0.0429098154 0.0633560804 0.0005746769 0.0194097720 -0.0140690329 0.0098783791
869 0.0060261489 -0.0439300448 0.0640023443 0.0033231851 -0.0558183538 -0.0144047365 0.0062890022
870 0.0062038899 -0.0449758583 0.0646611324 0.0025852531 0.0138554033 0.0489211707 0.0037088637
871 0.0063888143 -0.0460481579 0.0653328516 0.0097238629 0.0268562883 0.0948820460 0.0061882132
872 0.0065812900 -0.0471478875 0.0660179270 0.0056456588 0.0644245735 0.0386669515 0.0131964899
873 0.0067817074 -0.0482760351 0.0667168030 0.0013676459 0.0172429579 0.0327158422 0.0054488038
874 0.0069904817 -0.0494336357 0.0674299441 0.0000845134 0.0090945158 0.0013428144 0.0077930532
875 0.0072080547 -0.0506217737 0.0681578367 0.0079968237 -0.0395519883 -0.0802026429 0.0221333721
876 0.0074348964 -0.0518415861 0.0689009897 0.0218710409 0.1476180303 -0.0089419233 0.0458436577
877 0.0076715078 -0.0530942658 0.0696599364 0.0101082804 0.0164494766 -0.0991851558 0.0333449973
878 0.0079184226 -0.0543810647 0.0704352357 0.0106093923 -0.0538041322 0.0878322703 0.0003029897
879 0.0081762104 -0.0557032977 0.0712274737 0.0105403874 0.0867336039 -0.0549333171 0.0362048161
880 0.0084454790 -0.0570623464 0.0720372655 0.0055068684 -0.0437940611 -0.0599078341 0.0175855567
881 0.0087268779 -0.0584596637 0.0728652569 0.0080581727 -0.0781884213 -0.0440992462 0.0140699189
882 0.0090211016 -0.0598967778 0.0737121265 0.0039082515 -0.0254524369 0.0571001312 0.0014623710
883 0.0093288929 -0.0613752979 0.0745785876 0.0039882682 0.0392162847 -0.0495010224 0.0255144161
884 0.0096510476 -0.0628969189 0.0754653907 0.0119570583 -0.0789513840 -0.0756553850 0.0230952347
885 0.0099884184 -0.0644634276 0.0763733261 0.0007706774 0.0238959929 0.0141300699 0.0116816101
886 0.0103419202 -0.0660767087 0.0773032259 0.0080602739 0.0790429395 0.0425733207 0.0222658786
887 0.0107125349 -0.0677387515 0.0782559677 0.0052108341 -0.0674459059 -0.0257271035 0.0108125649
888 0.0111013182 -0.0694516575 0.0792324774 0.0027478021 -0.0523392438 -0.0028992584 0.0070384567
889 0.0115094052 -0.0712176481 0.0802337323 0.0039455561 -0.0141911069 -0.0611896115 0.0232525886
890 0.0119380182 -0.0730390733 0.0812607652 0.0016670798 0.0290536210 0.0286873989 0.0131868771
891 0.0123884744 -0.0749184211 0.0823146683 0.0008021040 -0.0001220740 0.0283211768 0.0085097906
892 0.0128621950 -0.0768583275 0.0833965973 0.0174359415 -0.1285134434 0.0303353984 0.0054837418
893 0.0133607144 -0.0788615880 0.0845077767 0.0012983429 0.0323496200 0.0158696249 0.0170791287
894 0.0138856918 -0.0809311694 0.0856495043 0.0042346106 -0.0053712577 0.0648518326 0.0061418434
895 0.0144389226 -0.0830702233 0.0868231572 0.0113336777 -0.0274971770 -0.1028473769 0.0390632750
896 0.0150223524 -0.0852821001 0.0880301983 0.0003066939 -0.0103457747 -0.0141300699 0.0160521733
897 0.0156380915 -0.0875703658 0.0892721823 0.0066493496 0.0529496139 0.0620136113 0.0204888944
898 0.0162884319 -0.0899388184 0.0905507640 0.0006200938 -0.0242316965 0.0057374798 0.0115107190
899 0.0169758661 -0.0923915078 0.0918677057 0.0000042145 0.0020142216 0.0003967406 0.0172793792
900 0.0177031078 -0.0949327566 0.0932248867 0.0016613015 0.0272225105 -0.0303353984 0.0301890533
901 0.0184731159 -0.0975671832 0.0946243131 0.0049930142 0.0401623585 -0.0581377606 0.0423056778
902 0.0192891207 -0.1002997277 0.0960681285 0.0022357763 0.0344859157 -0.0323496200 0.0346582878
903 0.0201546540 -0.1031356800 0.0975586263 0.0059950602 0.0486770226 -0.0602130192 0.0479389888
904 0.0210735830 -0.1060807113 0.0990982629 0.0006116043 -0.0240485855 0.0057679983 0.0154398080
905 0.0220501482 -0.1091409088 0.1006896728 0.0072434272 -0.0228888821 0.0819727165 0.0077897366
906 0.0230890071 -0.1123228146 0.1023356849 0.0002146317 -0.0126346629 0.0074159978 0.0189474746
907 0.0241952834 -0.1156334685 0.1040393406 0.0008244654 0.0282296213 0.0052491836 0.0304560837
908 0.0253746235 -0.1190804565 0.1058039148 0.0021616143 0.0444654683 -0.0135807367 0.0409999645
909 0.0266332602 -0.1226719640 0.1076329384 0.0040455043 0.0231635487 -0.0592364269 0.0491133818
910 0.0279780865 -0.1264168363 0.1095302242 0.0024672250 -0.0098879971 0.0486770226 0.0172820825
911 0.0294167401 -0.1303246464 0.1114998953 0.0000359485 -0.0058290353 0.0014038514 0.0276202961
912 0.0309577002 -0.1344057707 0.1135464180 0.0005195328 -0.0157780694 0.0164494766 0.0235003476
913 0.0326103999 -0.1386714751 0.1156746379 0.0152646474 -0.0369579150 0.1178930021 0.0103505695
914 0.0343853554 -0.1431340119 0.1178898214 0.0039626813 0.0057679983 -0.0626850185 0.0547790814
915 0.0362943171 -0.1478067299 0.1201977026 0.0108121350 0.1013824885 0.0231025117 0.0715227427
916 0.0383504449 -0.1527041996 0.1226045365 0.0179531887 0.1041291543 -0.0843226417 0.1087822288
917 0.0405685128 -0.1578423556 0.1251171594 0.0057363472 -0.0700704978 -0.0287484359 0.0313785205
918 0.0429651492 -0.1632386598 0.1277430589 0.0064674624 -0.0692464980 -0.0408948027 0.0372732548
919 0.0455591194 -0.1689122884 0.1304904528 0.0037525743 -0.0469069491 0.0393993957 0.0231828835
920 0.0483716598 -0.1748843468 0.1333683810 0.0011697827 0.0333262123 0.0076906644 0.0591465254
921 0.0514268729 -0.1811781184 0.1363868113 0.0036499428 -0.0159916990 -0.0582598346 0.0651738699
922 0.0547521985 -0.1878193516 0.1395567613 0.0005016717 0.0222174749 0.0028382214 0.0628074276
923 0.0583789770 -0.1948365950 0.1428904413 0.0005118014 0.0151676992 -0.0167851802 0.0695981077
924 0.0623431255 -0.2022615876 0.1464014199 0.0019940135 -0.0253303629 -0.0367748039 0.0648581872
925 0.0666859544 -0.2101297162 0.1501048191 0.0026379133 0.0504470962 -0.0096438490 0.0934199121
926 0.0714551564 -0.2184805548 0.1540175432 0.0067313073 0.0567339091 0.0592669454 0.0847206769
927 0.0767060148 -0.2273585008 0.1581585499 0.0223831496 -0.1437726981 0.0413830988 0.0206230924
928 0.0825028828 -0.2368135328 0.1625491725 0.0011120409 -0.0211798456 -0.0257576220 0.0819573359
929 0.0889210101 -0.2469021145 0.1672135042 0.0090766883 0.0780968657 0.0545670949 0.1183135507
930 0.0960488096 -0.2576882802 0.1721788600 0.0223091618 0.0391552477 -0.1441389203 0.1881730181
931 0.1039906908 -0.2692449468 0.1774763347 0.0087302086 -0.0102847377 -0.0928678243 0.1401463542
932 0.1128706266 -0.2816555070 0.1831414808 0.0117240346 0.0522782067 -0.0948210089 0.1887748709
933 0.1228366783 -0.2950157793 0.1892151375 0.0119737021 0.0280159917 -0.1057771538 0.1913699770
934 0.1340667823 -0.3094364097 0.1957444524 0.0013884790 0.0251472518 -0.0274971770 0.1617830516
935 0.1467762177 -0.3250458529 0.2027841493 0.0017799601 -0.0413525803 -0.0083620716 0.1250645995
936 0.1612273334 -0.3419941028 0.2103981155 0.0105538784 -0.0650654622 -0.0795007172 0.1607308052
937 0.1777423480 -0.3604574018 0.2186614037 0.0156301896 -0.1157261879 -0.0473036897 0.1306307980
938 0.1967203824 -0.3806442415 0.2276627853 0.0060625806 0.0390636921 0.0673543504 0.2018535438
939 0.2186603957 -0.4028030893 0.2375080355 0.0099308750 0.0535905026 0.0840174566 0.2318544686
940 0.2441924783 -0.4272324472 0.2483242122 0.0020234563 -0.0052186651 -0.0446790979 0.2639465720
941 0.2741211603 -0.4542941084 0.2602652941 0.0067083702 -0.0315256203 -0.0755943480 0.2915348937
942 0.3094862964 -0.4844308659 0.2735197113 0.0087796528 0.0540482803 -0.0765404218 0.4125018877
943 0.3516501545 -0.5181905167 0.2883205558 0.0219135183 0.0263679922 0.1456648457 0.3168946212
944 0.4024243977 -0.5562589416 0.3049596491 0.0300550299 -0.0406811731 -0.1685232093 0.4900064526
945 0.4642592396 -0.5995065304 0.3238072879 0.0345799021 0.0178838466 -0.1850947600 0.6401521718
946 0.5405320672 -0.6490546871 0.3453405280 0.0254243968 -0.1594286935 0.0026245918 0.3571878266
947 0.6359999676 -0.7063733357 0.3701846542 0.0074715406 -0.0732444227 -0.0458998383 0.5739785253
948 0.7575315775 -0.7734277035 0.3991756067 0.0164978813 -0.0723288675 -0.1061433760 0.7468868521
949 0.9153336855 -0.8529061117 0.4334568607 0.0157993142 -0.0276192511 0.1226233711 0.7777158606
950 1.1250943632 -0.9485862126 0.4746351867 0.0166973949 -0.0884731590 0.0941801202 0.8845405226
951 1.4119159092 -1.0659489065 0.5250417488 0.0014672961 -0.0068361461 0.0376903592 1.3592312161
952 1.8179703533 -1.2132601845 0.5881922117 0.0141967827 -0.0402233955 -0.1121555223 1.8665022570
953 2.4185152522 -1.4035975367 0.6696485700 0.0201923748 -0.1264381848 0.0648518326 1.9969151037
954 3.3585745715 -1.6589469407 0.7787615935 0.0453805495 0.1935483871 -0.0889919736 4.1847351927
955 4.9474224127 -2.0193454041 0.9325591412 0.0134302277 0.0976287118 -0.0624408704 5.4716044304
956 7.9440972117 -2.5661906685 1.1656597552 0.0067758896 -0.0785546434 -0.0245979186 7.6050463233
957 14.6461693338 -3.4942480685 1.5608971042 0.0301209269 -0.1556138798 0.0768456069 13.3488870923
958 34.9716118656 -5.4144486054 2.3780996962 0.0004448501 0.0123599963 -0.0170903653 35.1871870306
959 163.5258090718 -11.7401600071 5.0689695284 0.0048869944 -0.0464796899 0.0522171697 161.9099635881
960 7701.0438230542 80.7829981486 -34.2804759766 0.0190453698 -0.1202124088 0.0677816095 7725.1322776987
961 100.6377061306 9.2591218856 -3.8608765895 0.0069446639 0.0703451643 -0.0446790979 98.9969809271
962 28.7015300177 4.9575406972 -2.0308422521 0.0351583959 -0.1875057222 0.0000000000 30.5958229113
963 13.4848153464 3.4067538294 -1.3707091933 0.0162930002 0.0955839717 0.0845973083 13.0817628398
964 7.8612393286 2.6076452208 -1.0302551777 0.0168402201 -0.0851771599 0.0979033784 8.5240341018
965 5.1728379024 2.1204719151 -0.8224577556 0.0009027348 0.0237739189 0.0183721427 5.1031374051
966 3.6787935850 1.7925296153 -0.6823717193 0.0002603839 0.0156254769 0.0040284433 3.6285335003
967 2.7617861665 1.5568068290 -0.5814969162 0.0129441175 -0.0798364208 0.0810571612 3.1175790327
968 2.1577740881 1.3792703047 -0.5053587980 0.0010821930 0.0326853236 0.0037232582 2.0724556511
969 1.7383469320 1.2408007066 -0.4458256818 0.0064016548 0.0127872555 0.0789819025 1.7834400367
970 1.4349016224 1.1298299051 -0.3979773961 0.0060554797 0.0690939055 0.0357982116 1.3133221389
971 1.2080517862 1.0389480959 -0.3586622926 0.0000581525 -0.0020142216 0.0073549608 1.2175711764
972 1.0338588057 0.9631894555 -0.3257681360 0.0071474820 -0.0748008667 -0.0393993957 1.1594309645
973 0.8970836416 0.8991013183 -0.2978262263 0.0063726712 0.0767540513 0.0219428083 0.7785072629
974 0.7876457517 0.8442086636 -0.2737836445 0.0009125516 -0.0299386578 0.0040284433 0.8413130956
975 0.6986576710 0.7966909958 -0.2528658303 0.0131240385 0.1041291543 -0.0477614673 0.5217097040
976 0.6252816691 0.7551794330 -0.2344902833 0.0190171472 -0.1356242561 -0.0249641408 0.8374324170
977 0.5640375331 0.7186248763 -0.2182104951 0.0264713911 0.1265907773 0.1022064882 0.4531714176
978 0.5123688135 0.6862098128 -0.2036784386 0.0364910918 0.0568254646 0.1823786126 0.5451647045
979 0.4683627665 0.6572877837 -0.1906188236 0.0205019457 0.1006195257 -0.1018707846 0.3177557639
980 0.4305647122 0.6313408977 -0.1788110263 0.0023034298 -0.0385448775 -0.0285958434 0.4713115529
981 0.3978520759 0.6079494087 -0.1680761504 0.0227389812 0.1481978820 -0.0278633992 0.2310310819
982 0.3693471302 0.5867695442 -0.1582675968 0.0003993476 0.0043641469 -0.0195013276 0.3584521243
983 0.3443554065 0.5675170845 -0.1492640793 0.0172271663 -0.0346690268 0.1265907773 0.4387240145
984 0.3223214869 0.5499550266 -0.1409643771 0.0010566472 0.0239265114 -0.0220038453 0.2908576069
985 0.3027967808 0.5338841934 -0.1332833404 0.0014539820 0.0044251839 0.0378734703 0.3096214966
986 0.2854157092 0.5191359997 -0.1261488128 0.0084069008 -0.0326853236 0.0856654561 0.3493720574
987 0.2698778751 0.5055668185 -0.1194992347 0.0008345998 -0.0139469588 -0.0252998444 0.2787680900
988 0.2559345591 0.4930535494 -0.1132817571 0.0049321803 0.0194708090 -0.0674764245 0.2263787405
989 0.2433783790 0.4814901000 -0.1074507449 0.0163016918 0.0762352367 -0.1024201178 0.1642568115
990 0.2320352926 0.4707845683 -0.1019665770 0.0101678691 0.0851466414 -0.0540177618 0.1510156995
991 0.2217583553 0.4608569686 -0.0967946783 0.0042244874 -0.0632953887 -0.0147709586 0.2814635842
992 0.2124228050 0.4516373824 -0.0919047322 0.0039357943 -0.0230414747 -0.0583513901 0.2264458441
993 0.2039221611 0.4430644446 -0.0872700353 0.0187896866 0.1150852992 -0.0744651631 0.1077342845
994 0.1961651043 0.4350840957 -0.0828669656 0.0114457217 0.1065095981 0.0100711081 0.1165986860
995 0.1890729645 0.4276485484 -0.0786745416 0.0119669030 0.0908230842 -0.0609759819 0.1137646324
996 0.1825776835 0.4207154254 -0.0746740541 0.0116628384 0.1077913755 0.0066225166 0.1045305934
997 0.1766201543 0.4142470372 -0.0708487576 0.0021149261 0.0251777703 -0.0384838404 0.1524223823
998 0.1711488569 0.4082097738 -0.0671836098 0.0016794354 0.0344553972 -0.0221869564 0.1417170329
999 0.1661187348 0.4025735909 -0.0636650511 0.0138055065 0.0954313791 -0.0685445723 0.0943601480
1000 0.1614902620 0.3973115719 -0.0602808169 0.0199642380 -0.0809350871 -0.1158177435 0.2318042170
1001 0.1572286663 0.3923995557 -0.0570197769 0.0082939980 -0.0257881405 0.0873439741 0.1957218419
1002 0.1533032787 0.3878158174 -0.0538717973 0.0063644732 0.0495010224 -0.0625629444 0.1145324366
1003 0.1496869876 0.3835407937 -0.0508276215 0.0130349912 0.0562761315 -0.0993377483 0.1094553916
1004 0.1463557765 0.3795568471 -0.0478787675 0.0186613463 -0.0349742119 -0.1320535905 0.1789213996
1005 0.1432883343 0.3758480606 -0.0450174378 0.0066378825 0.0141605884 -0.0802331614 0.1320579747
1006 0.1404657228 0.3724000614 -0.0422364416 0.0005876641 -0.0141911069 0.0196539201 0.1532831483
1007 0.1378710934 0.3691998667 -0.0395291261 0.0140903931 0.1182592242 0.0102542192 0.0654495875
1008 0.1354894459 0.3662357495 -0.0368893162 0.0166138017 -0.0542619098 -0.1169164098 0.1832226172
1009 0.1333074202 0.3634971217 -0.0343112612 0.0371567086 0.0161442915 -0.1920834986 0.1455460676
1010 0.1313131189 0.3609744326 -0.0317895873 0.0425477897 0.0546891690 -0.1988891263 0.1217329186
1011 0.1294959537 0.3586590790 -0.0293192563 0.0115494103 -0.0475478378 -0.0963774529 0.1695008609
1012 0.1278465137 0.3565433275 -0.0268955269 0.0319152852 -0.0164189581 -0.1778923917 0.1619009196
1013 0.1263564516 0.3546202465 -0.0245139219 0.0018818521 0.0214239937 -0.0377208777 0.1111941666
1014 0.1250183856 0.3528836465 -0.0221701969 0.0037107646 -0.0501724296 -0.0345469527 0.1626073846
1015 0.1238258155 0.3513280282 -0.0198603129 0.0138685562 0.1018707846 -0.0590838343 0.0637674010
1016 0.1227730497 0.3499485375 -0.0175804113 0.0276979247 -0.0206915494 -0.1651356548 0.1591466239
1017 0.1218551442 0.3487409263 -0.0153267901 0.0012043900 0.0346385083 -0.0021362957 0.0988343182
1018 0.1210678488 0.3477015195 -0.0130958828 0.0059285504 0.0545670949 0.0543229469 0.0904730895
1019 0.1204075637 0.3468271862 -0.0108842388 0.0059515778 0.0769676809 -0.0052491836 0.0728559064
1020 0.1198713017 0.3461153155 -0.0086885039 0.0352088431 -0.0234992523 -0.1861629078 0.1681120928
1021 0.1194566584 0.3455637974 -0.0065054034 0.0072305779 0.0473647267 -0.0706198309 0.0930333456
1022 0.1191617877 0.3451710067 -0.0043317249 0.0056425871 -0.0642719810 -0.0388805811 0.1688371836
1023 0.1189853840 0.3449357909 -0.0021643023 0.0035863594 0.0524002808 0.0289925840 0.0865477762
