#int double real img int16 real16 img16 error
0 1.4971980576 1.2236004485 0.0000000000 0.0072967999 -0.0854213080 0.0000000000 1.7135379591
1 1.4979372359 1.2238783703 0.0076792342 0.0663033903 0.1392559587 -0.2165898618 1.2267024031
2 1.5001580265 1.2247129475 0.0153695399 0.0089477407 0.0549027985 -0.0770287179 1.3769932226
3 1.5038702282 1.2261066216 0.0230820422 0.0001279659 -0.0086977752 0.0072328867 1.5249930940
4 1.5090902788 1.2280634816 0.0308279752 0.4627409631 -0.6471144749 -0.2097231971 3.5741572350
5 1.5158414174 1.2305892940 0.0386187366 0.1113429096 -0.3085726493 0.1269875179 2.3768285294
6 1.5241539146 1.2336915459 0.0464659458 0.0014924312 -0.0277108066 -0.0269173254 1.5965209994
7 1.5340653756 1.2373795003 0.0543815033 0.2527391615 -0.5015411847 -0.0345774712 3.0317588479
8 1.5456211220 1.2416642664 0.0623776531 0.2367336120 0.0202948088 0.4861293374 1.6713088418
9 1.5588746571 1.2465588843 0.0704670494 0.0776739441 -0.2287667470 0.1591845454 2.1844565126
10 1.5738882260 1.2520784263 0.0786628269 0.0034306504 -0.0174565874 -0.0559099094 1.6298289725
11 1.5907334788 1.2582401156 0.0869786771 0.0320983348 -0.1330912198 0.1199377422 1.9368891849
12 1.6094922495 1.2650634643 0.0954289307 0.0506282662 -0.0592059084 0.2170781579 1.7684879059
13 1.6302574684 1.2725704338 0.1040286469 0.0034962288 -0.0583819086 0.0093691824 1.7803945521
14 1.6531342223 1.2807856186 0.1127937123 0.0036730400 -0.0466933195 0.0386364330 1.7676996332
15 1.6782409882 1.2897364574 0.1217409486 0.0778724564 -0.1927854244 0.2017578661 2.2042738371
16 1.7057110641 1.2994534753 0.1308882332 0.0036930358 0.0239570299 -0.0558488723 1.6617619288
17 1.7356942305 1.3099705602 0.1402546322 0.0020928189 0.0149235511 0.0432447279 1.6865576773
18 1.7683586788 1.3213252795 0.1498605499 0.0030063447 0.0201422163 0.0509964293 1.7028514785
19 1.8038932532 1.3335592421 0.1597278967 0.0023197951 0.0473036897 -0.0090639973 1.6829440496
20 1.8425100623 1.3467185131 0.1698802776 0.0091845187 0.0584734642 0.0759300516 1.6684019511
21 1.8844475247 1.3608540894 0.1803432066 0.0232210120 -0.0942716758 0.1197241127 2.1210656669
22 1.9299739332 1.3760224456 0.1911443498 0.0035329801 -0.0384228034 -0.0453505051 2.0565851788
23 1.9793916342 1.3922861629 0.2023138030 0.0448300801 -0.1941892758 -0.0843836787 2.5990997635
24 2.0330419461 1.4097146539 0.2138844094 0.0366582008 0.0611590930 0.1814325388 1.8196552249
25 2.0913109662 1.4283850020 0.2258921255 0.0003283606 0.0089114048 0.0157780694 2.0590532097
26 2.1546364513 1.4483829338 0.2383764429 0.0165933077 -0.0832850124 -0.0982696005 2.4593372557
27 2.2235160042 1.4698039523 0.2513808782 0.0038436473 0.0522782067 -0.0333262123 2.0904373669
28 2.2985168544 1.4927546599 0.2649535424 0.0092882977 0.0666829432 0.0695822016 2.0718505020
29 2.3802875964 1.5173543086 0.2791478075 0.0045783120 0.0668050172 -0.0107425153 2.1881296460
30 2.4695723471 1.5437366259 0.2940230891 0.0103694513 0.0885952330 0.0502029481 2.1768847345
31 2.5672279062 1.5720519722 0.3096457699 0.0404074007 0.1851863155 -0.0781884213 2.0738117096
32 2.6742446727 1.6024699036 0.3260902953 0.0003695062 0.0107119968 -0.0159611805 2.6506924459
33 2.7917722873 1.6351822298 0.3434404788 0.0148797297 0.0841700491 0.0882900479 2.4707405271
34 2.9211512626 1.6704066828 0.3617910677 0.0031340405 0.0062257759 -0.0556352428 2.9437428155
35 3.0639522600 1.7083913427 0.3812496297 0.0108561902 -0.1038544877 0.0083925901 3.4232573220
36 3.2220252020 1.7494200095 0.4019388418 0.0194460520 -0.1041901914 -0.0926847133 3.6805232378
37 3.3975611500 1.7938187636 0.4239992847 0.0323118806 -0.1083407086 -0.1434369945 3.9401945887
38 3.5931708919 1.8419640353 0.4475928783 0.0151145417 0.0169377728 0.1217688528 3.4368821544
39 3.8119856197 1.8942926012 0.4729071374 0.0060465618 -0.0367748039 0.0685140538 3.8925550894
40 4.0577871064 1.9513140692 0.5001604840 0.0013427697 0.0288094729 -0.0226447340 3.9693492186
41 4.3351777198 2.0136266019 0.5296089386 0.0231554606 -0.1327555162 0.0743736076 4.8141954037
42 4.6498048793 2.0819369066 0.5615546243 0.0894709616 0.0314035463 -0.2974639119 4.9425999075
43 5.0086608846 2.1570859018 0.5963566857 0.0049858249 0.0641193884 -0.0295724357 4.7722960914
44 5.4204885758 2.2400820366 0.6344454627 0.0815061131 -0.0773339030 -0.2748191778 6.1971788236
45 5.8963378872 2.3321450624 0.6763411086 0.0047904066 0.0133976257 0.0679036836 5.7467857755
46 6.4503411951 2.4347642939 0.7226783712 0.0079348544 0.0445265053 0.0771507920 6.1299425416
47 7.1008118360 2.5497772796 0.7742400534 0.0114504717 -0.0692159795 0.0816064943 7.3388669384
48 7.8718298272 2.6794777412 0.8320029216 0.0300278681 -0.0798669393 0.1537827692 8.0739656409
49 8.7955789612 2.8267663240 0.8972018227 0.0187680488 0.1326639607 -0.0341807306 8.1256610046
50 9.9158725226 2.9953653715 0.9714210281 0.0651668298 -0.0452894681 0.2512283700 9.7642593181
51 11.2936139292 3.1901318601 1.0567273274 0.0016758282 0.0320139164 -0.0255134739 11.1449540980
52 13.0155112271 3.4175251519 1.1558689645 0.0091067243 0.0886562700 -0.0353099155 12.5002751569
53 15.2084709239 3.6863269516 1.2725818363 0.0040970012 -0.0390026551 0.0507522813 15.3709481400
54 18.0643411582 4.0087877790 1.4120770876 0.0447111485 0.1939756462 -0.0841700491 16.7915471023
55 21.8844912723 4.4025270407 1.5818492115 0.0127411401 -0.0495010224 0.1014435255 22.0121548697
56 27.1647663246 4.8938357147 1.7930806791 0.0496672848 -0.1916867580 0.1136814478 28.6829205990
57 34.7688278700 5.5237590740 2.0632289167 0.0132390192 0.1066621906 0.0431531724 33.4256446564
58 46.3132672887 6.3601350810 2.4211462245 0.7946123517 -0.8879665517 0.0782799768 58.0239995324
59 65.1221708639 7.5237182696 2.9181902377 0.0631194790 -0.1810357982 0.1741996521 66.8927195796
60 98.9671395893 9.2522743870 3.6554833137 0.1286618429 0.3149815363 0.1716055788 92.0126075712
61 169.7637671289 12.0876187248 4.8634597451 0.0552824204 0.2056947539 0.1138950774 163.7384817845
62 361.3308549661 17.5900181705 7.2057002247 0.2837907143 0.4887539293 0.2119205298 341.3661930689
63 1266.9536563251 32.8526041754 13.6989070812 0.0737542608 -0.2662434767 -0.0535599841 1285.9884201842
64 96950.3976618345 286.6288936555 121.6317186580 0.1263596061 -0.3203527940 -0.1540574358 97171.6452966557
65 2058.6679652463 -41.6556596225 -17.9853825830 0.3233477730 0.4831385235 0.2998748741 2110.0289494673
66 440.2665086894 -19.2111886051 -8.4378161315 0.4648556880 0.5480208747 0.4056215094 468.6327485741
67 184.3843475980 -12.3980599999 -5.5382719178 0.0115960137 -0.0745567186 0.0777001251 183.4078751113
68 100.0102585359 -9.1051880850 -4.1359168843 0.2079120786 0.4009521775 0.2171391949 109.3157999179
69 62.2843579829 -7.1649078685 -3.3088446955 0.0086485825 0.0184026612 -0.0911587878 61.9534527667
70 42.2819487541 -5.8861658658 -2.7631504039 0.0529483324 0.0721152379 0.2185125278 44.3914275490
71 30.4473030986 -4.9801519910 -2.3760027873 0.0032051243 -0.0538651692 0.0174260689 29.9968035401
72 22.8868907565 -4.3048095809 -2.0869847217 0.0024589162 -0.0495620594 -0.0015869625 22.4560152835
73 17.7749681747 -3.7821294426 -1.8629184238 0.1813475328 -0.2555925169 -0.3406170843 14.7538640573
74 14.1640988445 -3.3657108907 -1.6840691923 0.0218369999 0.0161748100 -0.1468855861 13.8000843321
75 11.5233683694 -3.0262250820 -1.5379629783 0.0892960858 -0.1135593738 0.2764061403 11.7755568264
76 9.5367575310 -2.7442250480 -1.4163284990 0.0069212109 -0.0403454695 -0.0727561266 9.1161514946
77 8.0067652112 -2.5063071731 -1.3134647179 0.2165673978 0.1289101840 0.4471572008 10.0441600601
78 6.8048955528 -2.3029329334 -1.2253144319 0.2389232794 -0.0291146580 0.4879299295 8.1054557912
79 5.8446775444 -2.1271294391 -1.1489116127 0.0464085065 0.1316263314 -0.1705374310 6.0591936701
80 5.0662230060 -1.9736812036 -1.0820376669 0.0137234334 0.0272835475 0.1139255959 5.4341880609
81 4.4270131556 -1.8386093351 -1.0229999358 0.0251496296 -0.1493881039 -0.0532242805 3.7939331894
82 3.8962016310 -1.7188255740 -0.9704845580 0.0295957518 -0.1327860347 0.1093783380 3.6816252941
83 3.4509809456 -1.6118963233 -0.9234561108 0.1678683639 0.0463576159 -0.4070863979 3.0164438072
84 3.0742011630 -1.5158779257 -0.8810875537 0.0551177199 0.0564592425 -0.2278817103 2.8989220446
85 2.7527712870 -1.4291992932 -0.8427103104 0.0070855956 -0.0717184973 0.0440687277 2.6291311738
86 2.4765628840 -1.3505767342 -0.8077780444 0.0019264885 -0.0435804315 0.0052186651 2.3692029849
87 2.2376435862 -1.2789511240 -0.7758399376 0.0064287878 0.0801416059 -0.0024719993 2.4452310163
88 2.0297318705 -1.2134408672 -0.7465206845 0.0078214599 0.0596331675 0.0653096103 2.2797859253
89 1.8478031033 -1.1533062072 -0.7195053131 0.0094001154 0.0409253212 0.0878933073 2.0780814758
90 1.6878007908 -1.0979218128 -0.6945275256 0.0128097986 -0.0613727226 0.0950956755 1.6979388163
91 1.5464221581 -1.0467554853 -0.6713606424 0.0028340758 -0.0285653249 -0.0449232459 1.4291350144
92 1.4209570010 -0.9993514503 -0.6498104953 0.0009668398 -0.0290536210 -0.0110782189 1.3494567984
93 1.3091652320 -0.9553171211 -0.6297097984 0.0015985498 -0.0342112491 -0.0206915494 1.2193392549
94 1.2091828717 -0.9143125208 -0.6109136486 0.0096725848 -0.0397961364 0.0899380474 1.2559720065
95 1.1194491928 -0.8760417606 -0.5932959013 0.0138205995 -0.0727866451 -0.0923184912 0.8961971460
96 1.0386497572 -0.8402461220 -0.5767462281 0.0002200598 0.0144352550 -0.0034180731 1.0591854295
97 0.9656715125 -0.8066984023 -0.5611677113 0.0313140677 -0.1768852809 0.0050660726 0.7172852659
98 0.8995671221 -0.7751982612 -0.5464748649 0.0084763947 0.0061647389 -0.0918607135 0.8172021645
99 0.8395264254 -0.7455683679 -0.5325919960 0.0035540414 0.0347605823 -0.0484328745 0.8433233254
100 0.7848534500 -0.7176511939 -0.5194518398 0.0051702297 -0.0715048677 -0.0075685904 0.6795295360
101 0.7349477761 -0.6913063261 -0.5069944176 0.0027960793 -0.0341807306 -0.0403454695 0.6495752891
102 0.6892893398 -0.6664082069 -0.4951660748 0.0002027073 0.0128482925 0.0061342204 0.7126913779
103 0.6474259710 -0.6428442223 -0.4839186676 0.0257539375 0.1411175878 0.0764183477 0.9285736904
104 0.6089631177 -0.6205130783 -0.4732088729 0.0310225366 0.0018616291 -0.1761223182 0.4756106973
105 0.5735553320 -0.5993234153 -0.4629975981 0.0391892728 -0.1724906156 -0.0971404157 0.3160377169
106 0.5408991810 -0.5791926215 -0.4532494768 0.0002130121 -0.0111392560 0.0094302194 0.5367571274
107 0.5107273169 -0.5600458116 -0.4439324339 0.0071314577 -0.0082094790 -0.0840479751 0.4340401616
108 0.4828034969 -0.5418149461 -0.4350173112 0.0297294765 -0.1704458754 -0.0260322886 0.3051837354
109 0.4569183813 -0.5244380679 -0.4264775425 0.0141050977 0.0664693136 0.0984221931 0.6246912660
110 0.4328859765 -0.5078586388 -0.4182888709 0.0020101785 0.0183111057 0.0409253212 0.4877322742
111 0.4105406107 -0.4920249608 -0.4104291032 0.0155550245 -0.1242103336 0.0112613300 0.3131104214
112 0.3897343553 -0.4768896705 -0.4028778941 0.0122648410 0.0735496078 0.0827967162 0.5388632262
113 0.3703348167 -0.4624092950 -0.3956165576 0.0099947387 -0.0559404279 0.0828577532 0.3941546060
114 0.3522232409 -0.4485438615 -0.3886279007 0.0003928344 -0.0195013276 -0.0035401471 0.3323700739
115 0.3352928804 -0.4352565530 -0.3818960767 0.0040341787 0.0008850368 -0.0635090182 0.2915898054
116 0.3194475834 -0.4225134036 -0.3754064560 0.0574449800 -0.2396313364 0.0046693319 0.1779034551
117 0.3046005716 -0.4102830288 -0.3691455104 0.0215979893 0.0753196814 -0.1261940367 0.2948354107
118 0.2906733773 -0.3985363852 -0.3631007119 0.0007258845 -0.0148319956 0.0224921415 0.2959109072
119 0.2775949188 -0.3872465574 -0.3572604408 0.0308442855 0.1738639485 -0.0248115482 0.4253672660
120 0.2653006917 -0.3763885669 -0.3516139053 0.0389656700 0.1372112186 0.1419110691 0.5073516400
121 0.2537320614 -0.3659392017 -0.3461510683 0.0111699607 0.0970793786 -0.0417798395 0.3070280507
122 0.2428356420 -0.3558768632 -0.3408625827 0.0016459728 -0.0045472579 0.0403149510 0.2687288037
123 0.2325627500 -0.3461814295 -0.3357397324 0.0921754257 0.0247810297 0.3025910215 0.5450792974
124 0.2228689224 -0.3368341311 -0.3307743802 0.0180712839 -0.1333658864 0.0168767357 0.1622606250
125 0.2137134917 -0.3278174401 -0.3259589201 0.0071510343 0.0575579089 -0.0619525742 0.2182135103
126 0.2050592084 -0.3191149697 -0.3212862346 0.0104679493 0.0466933195 -0.0910367138 0.1868305463
127 0.1968719078 -0.3107113827 -0.3167496558 0.0441412840 0.0157170324 -0.2095095676 0.1180559467
128 0.1891202120 -0.3025923099 -0.3123429301 0.0010087966 0.0216986602 0.0231940672 0.2177497098
129 0.1817752661 -0.2947442746 -0.3080601868 0.0158023542 -0.1233558153 0.0242011780 0.1397716185
130 0.1748105023 -0.2871546252 -0.3038959090 0.0111092050 -0.1050752281 0.0082705161 0.1306007838
131 0.1682014286 -0.2798114733 -0.2998449067 0.0056926069 0.0436719871 0.0615253151 0.2352299863
132 0.1619254408 -0.2727036367 -0.2959022935 0.0119975314 -0.0316476943 -0.1048615986 0.0946045145
133 0.1559616527 -0.2658205889 -0.2920634643 0.0212407271 -0.1407513657 -0.0378124332 0.0802858974
134 0.1502907446 -0.2591524114 -0.2883240751 0.0032202490 -0.0284432508 0.0491042817 0.1670846128
135 0.1448948268 -0.2526897510 -0.2846800248 0.0175065597 -0.0331736198 0.1280861843 0.2185632752
136 0.1397573159 -0.2464237798 -0.2811274384 0.0054649442 -0.0285042879 0.0682088687 0.1695247604
137 0.1348628246 -0.2403461600 -0.2776626514 0.0214913985 0.0736716819 0.1267433699 0.2621514351
138 0.1301970610 -0.2344490096 -0.2742821958 0.0068459265 0.0206915494 0.0801110874 0.1906913040
139 0.1257467379 -0.2287248724 -0.2709827867 0.0087597371 0.0296334727 -0.0887783441 0.0999474934
140 0.1214994909 -0.2231666898 -0.2677613106 0.0400604637 -0.1518906217 -0.1303445540 0.0239636429
141 0.1174438036 -0.2177677746 -0.2646148143 0.0000802970 -0.0043336283 -0.0078432569 0.1114857674
142 0.1135689402 -0.2125217874 -0.2615404943 0.0021563688 0.0409253212 0.0219428083 0.1445982197
143 0.1098648841 -0.2074227140 -0.2585356877 0.0074792916 -0.0861537523 -0.0075380718 0.0777059642
144 0.1063222813 -0.2024648454 -0.2555978633 0.0011055567 -0.0271919919 0.0191351054 0.1061987773
145 0.1029323903 -0.1976427585 -0.2527246136 0.0237104184 -0.0997039705 -0.1173436689 0.0279200064
146 0.0996870347 -0.1929512988 -0.2499136471 0.0280534508 0.1586352123 0.0537430952 0.2158204919
147 0.0965785612 -0.1883855639 -0.2471627814 0.0032817061 0.0461745048 0.0339060640 0.1340181217
148 0.0935998006 -0.1839408887 -0.2444699369 0.0062744508 0.0280770287 0.0740684225 0.1464182837
149 0.0907440320 -0.1796128308 -0.2418331305 0.0369805400 -0.0037537767 -0.1922666097 0.0333832469
150 0.0880049506 -0.1753971582 -0.2392504702 0.0002390534 -0.0146183660 0.0050355541 0.0855254817
151 0.0853766374 -0.1712898364 -0.2367201499 0.0004102847 0.0045167394 0.0197454756 0.0966825692
152 0.0828535320 -0.1672870175 -0.2342404444 0.0049768567 0.0421765801 0.0565507981 0.1284345454
153 0.0804304073 -0.1633850297 -0.2318097050 0.0075201251 -0.0805078280 0.0322275460 0.0765843005
154 0.0781023460 -0.1595803671 -0.2294263552 0.0254270009 -0.0112308115 0.1590624714 0.1729311591
155 0.0758647199 -0.1558696808 -0.2270888869 0.0046060633 -0.0582903531 0.0347605823 0.0780868697
156 0.0737131695 -0.1522497703 -0.2247958562 0.0274791222 0.1337015900 0.0979949339 0.1859620747
157 0.0716435862 -0.1487175751 -0.2225458809 0.0035952410 -0.0577715384 -0.0160527360 0.0509106005
158 0.0696520955 -0.1452701677 -0.2203376362 0.0052235903 0.0109256264 0.0714438307 0.1095335505
159 0.0677350415 -0.1419047461 -0.2181698525 0.0149478573 0.0144657735 -0.1214026307 0.0338156346
160 0.0658889724 -0.1386186275 -0.2160413121 0.0163925703 -0.0539262062 -0.1161229286 0.0171564896
161 0.0641106276 -0.1354092421 -0.2139508466 0.0099777653 0.0308542131 0.0950041200 0.1230967079
162 0.0623969250 -0.1322741268 -0.2118973345 0.0045781816 0.0211493271 -0.0642719810 0.0453320012
163 0.0607449501 -0.1292109206 -0.2098796990 0.0027184078 0.0365916929 -0.0371410260 0.0573291558
164 0.0591519449 -0.1262173586 -0.2078969053 0.0024214114 -0.0459608753 0.0175786615 0.0572803343
165 0.0576152986 -0.1232912678 -0.2059479591 0.0071010947 0.0842616047 -0.0010376293 0.0850664381
166 0.0561325382 -0.1204305623 -0.2040319040 0.1016603245 -0.1666920988 0.2717978454 0.2285540802
167 0.0547013202 -0.1176332389 -0.2021478205 0.0416720034 0.0186468093 0.2032837916 0.1829470437
168 0.0533194227 -0.1148973734 -0.2002948234 0.0430493562 0.1930906095 -0.0759300516 0.1103231940
169 0.0519847379 -0.1122211165 -0.1984720607 0.0701396890 0.1422467727 -0.2233954894 0.0653750839
170 0.0506952654 -0.1096026905 -0.1966787118 0.0048230636 -0.0329599902 0.0611285745 0.0723387004
171 0.0494491062 -0.1070403857 -0.1949139863 0.0248086851 -0.0451979125 -0.1508835108 0.0057631743
172 0.0482444561 -0.1045325572 -0.1931771224 0.0338845380 -0.1538438063 0.1010773034 0.0890172664
173 0.0470796007 -0.1020776222 -0.1914673856 0.0024931546 -0.0375072481 -0.0329599902 0.0292939276
174 0.0459529099 -0.0996740568 -0.1897840674 0.0639313327 -0.2528153325 0.0039674062 0.0609918839
175 0.0448628332 -0.0973203935 -0.1881264847 0.0030196150 0.0195318461 0.0513626514 0.0710094922
176 0.0438078954 -0.0950152184 -0.1864939777 0.1613730710 -0.3965575121 -0.0641499069 0.1058958265
177 0.0427866921 -0.0927571693 -0.1848859098 0.0341328670 0.1741080966 0.0617999817 0.1320709992
178 0.0417978857 -0.0905449329 -0.1833016661 0.0046974652 -0.0563371685 0.0390331736 0.0506029521
179 0.0408402019 -0.0883772429 -0.1817406526 0.0167858312 0.1139866329 0.0615863521 0.1001591695
180 0.0399124261 -0.0862528779 -0.1802022952 0.2551030360 0.4565263833 0.2160710471 0.4516418882
181 0.0390134005 -0.0841706595 -0.1786860390 0.0001073042 0.0063173315 0.0082094790 0.0431180112
182 0.0381420202 -0.0821294502 -0.1771913475 0.1311515644 0.2931608020 0.2126224555 0.2927975745
183 0.0372972315 -0.0801281521 -0.1757177018 0.0040734307 -0.0369579150 -0.0520340587 0.0171613130
184 0.0364780281 -0.0781657049 -0.1742645996 0.3624070467 0.4212164678 0.4300973540 0.6146359255
185 0.0356834494 -0.0762410844 -0.1728315552 0.0195756079 -0.1059297464 -0.0914029359 0.0075120367
186 0.0349125776 -0.0743533009 -0.1714180979 0.5655145934 -0.6020996735 -0.4505447554 0.3564279247
187 0.0341645359 -0.0725013981 -0.1700237724 0.0217822916 -0.1474959563 0.0052186651 0.0363340957
188 0.0334384859 -0.0706844513 -0.1686481373 0.2081508247 -0.1758781701 -0.4209723197 0.0747332115
189 0.0327336260 -0.0689015666 -0.1672907651 0.1584198755 0.1615039521 0.3637806330 0.3351235329
190 0.0320491894 -0.0671518792 -0.1659512415 0.0447558659 0.2092349010 -0.0312509537 0.0945338198
191 0.0313844426 -0.0654345524 -0.1646291648 0.1500602394 -0.3116245003 -0.2301095614 0.0648971728
192 0.0307386831 -0.0637487766 -0.1633241457 0.1171085720 -0.0804467910 -0.3326212348 0.0289403280
193 0.0301112386 -0.0620937682 -0.1620358064 0.2296504566 0.0909756767 0.4705038606 0.4235366853
194 0.0295014650 -0.0604687684 -0.1607637804 0.1301370194 0.0178838466 0.3603015229 0.2776481825
195 0.0289087454 -0.0588730425 -0.1595077121 0.2904813529 -0.2699667348 -0.4664754173 0.1387897190
196 0.0283324882 -0.0573058788 -0.1582672565 0.0003846346 -0.0194708090 -0.0023499252 0.0257417067
197 0.0277721267 -0.0557665876 -0.1570420784 0.0818286349 0.1101107822 -0.2640156255 0.0389586416
198 0.0272271171 -0.0542545008 -0.1558318524 0.0007042588 0.0027161473 -0.0263985107 0.0199986447
199 0.0266969380 -0.0527689707 -0.1546362626 0.1430536807 -0.1144749290 -0.3604846339 0.0461811773
200 0.0261810889 -0.0513093692 -0.1534550018 0.0066097026 -0.0775475326 -0.0244148076 0.0173398129
201 0.0256790898 -0.0498750874 -0.1522877717 0.0001138080 -0.0010071108 -0.0106204413 0.0224577116
202 0.0251904793 -0.0484655347 -0.1511342823 0.0432343589 0.0856044191 -0.1894894253 0.0194458695
203 0.0247148149 -0.0470801380 -0.1499942517 0.0660654331 -0.2461928159 0.0738547929 0.0897542533
204 0.0242516712 -0.0457183414 -0.1488674058 0.0644554469 -0.2506790368 -0.0401928770 0.0538190399
205 0.0238006396 -0.0443796053 -0.1477534778 0.0500482404 0.1207007050 -0.1883602405 0.0289004180
206 0.0233613272 -0.0430634058 -0.1466522085 0.0133154491 0.0167546617 -0.1141697439 0.0046333117
207 0.0229333565 -0.0417692344 -0.1455633455 0.0468733132 -0.0883205664 0.1976683859 0.1199750480
208 0.0225163645 -0.0404965971 -0.1444866433 0.0110672315 -0.0559099094 0.0891140477 0.0548068530
209 0.0221100018 -0.0392450143 -0.1434218626 0.0294771174 0.0710776086 -0.1562852870 0.0123365488
210 0.0217139326 -0.0380140199 -0.1423687709 0.1135067303 0.2064882351 -0.2662129582 0.0751187354
211 0.0213278336 -0.0368031611 -0.1413271414 0.0036759655 -0.0606097598 -0.0015564440 0.0201026020
212 0.0209513934 -0.0356119979 -0.1402967535 0.1282912954 -0.3524582659 0.0637531663 0.1420279274
213 0.0205843126 -0.0344401024 -0.1392773921 0.0748042085 -0.2717368084 0.0310373241 0.0853168292
214 0.0202263026 -0.0332870589 -0.1382688478 0.0084899006 -0.0822168645 -0.0415967284 0.0117396245
215 0.0198770853 -0.0321524630 -0.1372709163 0.0086995309 -0.0612811670 -0.0703146458 0.0053316236
216 0.0195363932 -0.0310359213 -0.1362833987 0.0001286468 -0.0083925901 -0.0076296274 0.0170645133
217 0.0192039680 -0.0299370515 -0.1353061011 0.0080623230 -0.0009460738 -0.0897854549 0.0029126060
218 0.0188795612 -0.0288554813 -0.1343388342 0.0136652147 0.1142612995 -0.0246894742 0.0325053951
219 0.0185629328 -0.0277908486 -0.1333814136 0.0129390033 0.1114230781 -0.0228888821 0.0315891169
220 0.0182538516 -0.0267428011 -0.1324336595 0.0195999727 -0.0956755272 0.1022064882 0.0598077197
221 0.0179520945 -0.0257109957 -0.1314953963 0.0030381718 0.0079958495 -0.0545365764 0.0070588114
222 0.0176574465 -0.0246950985 -0.1305664528 0.0028593693 0.0485549486 -0.0224005860 0.0170654241
223 0.0173696998 -0.0236947844 -0.1296466619 0.0158121933 0.0057679983 -0.1256141850 0.0008843164
224 0.0170886539 -0.0227097367 -0.1287358606 0.0083565308 -0.0845973083 0.0346385083 0.0305212559
225 0.0168141156 -0.0217396472 -0.1278338895 0.0626363325 0.2445142979 0.0533768731 0.1037285037
226 0.0165458978 -0.0207842153 -0.1269405933 0.0519893543 -0.1677297281 -0.1544541765 0.0223499810
227 0.0162838203 -0.0198431485 -0.1260558202 0.0001364750 -0.0116275521 0.0011291849 0.0162435215
228 0.0160277088 -0.0189161616 -0.1251794219 0.0111640921 -0.0972319712 0.0413525803 0.0338662738
229 0.0157773950 -0.0180029766 -0.1243112537 0.0232936400 -0.1264992218 -0.0853907895 0.0132862378
230 0.0155327160 -0.0171033226 -0.1234511741 0.0017259625 0.0380565813 -0.0166631062 0.0144463064
231 0.0152935148 -0.0162169357 -0.1225990448 0.0691240905 -0.2404553362 -0.1063264870 0.0505476564
232 0.0150596393 -0.0153435583 -0.1217547308 0.0041769657 0.0136417737 -0.0631733146 0.0042719318
233 0.0148309425 -0.0144829395 -0.1209181001 0.0311865805 0.0297250282 -0.1740775781 0.0047802745
234 0.0146072823 -0.0136348342 -0.1200890237 0.0019344564 0.0372936186 0.0233161412 0.0231587486
235 0.0143885213 -0.0127990038 -0.1192673753 0.0407296850 0.1562852870 -0.1276894436 0.0286604286
236 0.0141745265 -0.0119752153 -0.1184530316 0.0113988705 -0.0444349498 0.0970793786 0.0475078542
237 0.0139651692 -0.0111632414 -0.1176458720 0.0326815311 -0.0113223670 0.1804254280 0.0888465252
238 0.0137603248 -0.0103628602 -0.1168457785 0.0100653848 0.0256660665 0.0969878231 0.0470228927
239 0.0135598729 -0.0095738555 -0.1160526356 0.0094378400 -0.0173650319 0.0955839717 0.0448507560
240 0.0133636968 -0.0087960158 -0.1152663304 0.0044718804 -0.0083620716 -0.0663472396 0.0023932658
241 0.0131716835 -0.0080291350 -0.1144867525 0.0378783907 0.0739463485 -0.1800286874 0.0110157251
242 0.0129837236 -0.0072730118 -0.1137137936 0.0012476479 0.0112613300 -0.0334788049 0.0067811752
243 0.0127997110 -0.0065274496 -0.1129473480 0.0048207621 0.0029602954 -0.0693685720 0.0019891270
244 0.0126195432 -0.0057922565 -0.1121873120 0.0005794111 -0.0010376293 0.0240485855 0.0185828262
245 0.0124431207 -0.0050672449 -0.1114335843 0.0023283936 0.0161442915 -0.0454725791 0.0048007835
246 0.0122703470 -0.0043522318 -0.1106860656 0.0247382617 0.0905484176 -0.1286049989 0.0093272214
247 0.0121011288 -0.0036470382 -0.1099446586 0.0044425923 0.0561845759 -0.0358592486 0.0090684700
248 0.0119353755 -0.0029514895 -0.1092092680 0.0230734815 -0.1292458876 0.0798059023 0.0516770096
249 0.0117729993 -0.0022654148 -0.1084798007 0.0077081753 -0.0143742180 -0.0866115299 0.0006248444
250 0.0116139149 -0.0015886473 -0.1077561652 0.0068479569 0.0669881283 -0.0485854671 0.0082039457
251 0.0114580400 -0.0009210239 -0.1070382721 0.0025630705 0.0356456191 -0.0359508042 0.0063905475
252 0.0113052943 -0.0002623852 -0.1063260336 0.0041841159 -0.0616168706 -0.0196844386 0.0112711389
253 0.0111556001 0.0003874247 -0.1056193637 0.0043094348 0.0643024995 0.0132145146 0.0182066274
254 0.0110088821 0.0010285580 -0.1049181783 0.0009457394 0.0029602954 0.0306100650 0.0183716363
255 0.0108650670 0.0016611638 -0.1042223947 0.0051078012 0.0711081271 -0.0071718497 0.0142416890
256 0.0107240840 0.0022853877 -0.1035319321 0.0001370339 -0.0116885891 0.0006408887 0.0110472486
257 0.0105858639 0.0029013721 -0.1028467110 0.0226608339 -0.1451460311 -0.0399182104 0.0258780298
258 0.0104503400 0.0035092565 -0.1021666537 0.0033408328 0.0556047243 0.0157780694 0.0166248955
259 0.0103174472 0.0041091770 -0.1014916839 0.0152716961 0.1230811487 0.0110782189 0.0268263131
260 0.0101871225 0.0047012670 -0.1008217267 0.0312957391 0.0121463668 -0.1764885403 0.0057808962
261 0.0100593045 0.0052856569 -0.1001567087 0.0426993997 -0.0803552355 0.1903744621 0.0917427237
262 0.0099339337 0.0058624744 -0.0994965580 0.0013711069 0.0064088870 -0.0364696188 0.0039726936
263 0.0098109522 0.0064318444 -0.0988412039 0.0309466720 0.1290322581 -0.1195715201 0.0154606074
264 0.0096903039 0.0069938891 -0.0981905772 0.0184380946 -0.0779137547 0.1112094485 0.0510576787
265 0.0095719342 0.0075487281 -0.0975446097 0.0012137485 0.0346995453 -0.0031128880 0.0096545169
266 0.0094557899 0.0080964787 -0.0969032348 0.0097491824 0.0965910825 0.0204779199 0.0216096304
267 0.0093418195 0.0086372553 -0.0962663871 0.0025834835 -0.0430005799 -0.0271004364 0.0074503947
268 0.0092299727 0.0091711703 -0.0956340021 0.0135192331 -0.0938749351 0.0686056093 0.0375931498
269 0.0091202009 0.0096983335 -0.0950060168 0.0068429797 0.0370189520 -0.0739768670 0.0011886413
270 0.0090124566 0.0102188526 -0.0943823693 0.0036008293 -0.0021362957 0.0599688711 0.0239769551
271 0.0089066936 0.0107328330 -0.0937629987 0.0014912297 -0.0023499252 -0.0385448775 0.0032201995
272 0.0088028672 0.0112403779 -0.0931478453 0.0100753534 0.0025025178 -0.1003448592 0.0001281472
273 0.0087009336 0.0117415883 -0.0925368504 0.0143338669 -0.0459913938 0.1105380413 0.0445725089
274 0.0086008504 0.0122365635 -0.0919299564 0.0075872748 -0.0307016205 -0.0815149388 0.0019521602
275 0.0085025762 0.0127254002 -0.0913271067 0.0020114005 -0.0401928770 -0.0198980682 0.0079024516
276 0.0084060710 0.0132081937 -0.0907282457 0.0090406877 -0.0074465163 -0.0947904904 0.0004431189
277 0.0083112954 0.0136850371 -0.0901333189 0.0157512745 -0.1157567064 -0.0484939116 0.0184890052
278 0.0082182115 0.0141560217 -0.0895422725 0.0049751401 -0.0601519822 0.0368358409 0.0214931070
279 0.0081267822 0.0146212368 -0.0889550539 0.0099373043 -0.0940580462 -0.0330210273 0.0149398019
280 0.0080369713 0.0150807703 -0.0883716112 0.0223723000 -0.0754417554 0.1291543321 0.0555118637
281 0.0079487437 0.0155347079 -0.0877918935 0.0050253815 0.0632648701 0.0319833979 0.0166242888
282 0.0078620652 0.0159831340 -0.0872158507 0.0368364976 0.1219214454 -0.1482284005 0.0149454570
283 0.0077769024 0.0164261311 -0.0866434337 0.0036079674 -0.0536515397 -0.0270088809 0.0084671598
284 0.0076932228 0.0168637802 -0.0860745941 0.0185174481 -0.0692159795 -0.1171605579 0.0083760622
285 0.0076109949 0.0172961606 -0.0855092844 0.0017598312 0.0213629566 0.0361033967 0.0148061830
286 0.0075301877 0.0177233502 -0.0849474577 0.0142139499 0.1080660421 -0.0503555406 0.0093584027
287 0.0074507713 0.0181454254 -0.0843890682 0.0201337156 -0.1377300333 0.0341196936 0.0383414852
288 0.0073727163 0.0185624609 -0.0838340706 0.0028175690 -0.0297250282 0.0439771722 0.0186673954
289 0.0072959944 0.0189745302 -0.0832824204 0.0404189237 0.0763573107 -0.1859797967 0.0138395346
290 0.0072205775 0.0193817052 -0.0827340741 0.0186207381 -0.1298257393 -0.0420239875 0.0239201727
291 0.0071464387 0.0197840568 -0.0821889884 0.0175934564 0.1275368511 -0.0364391003 0.0137037169
292 0.0070735515 0.0201816540 -0.0816471211 0.0309707743 -0.1744132817 0.0234687338 0.0489165319
293 0.0070018902 0.0205745650 -0.0811084306 0.0518341185 -0.2245551927 -0.0375377667 0.0619870009
294 0.0069314297 0.0209628564 -0.0805728760 0.0115931125 0.0691244240 -0.0825525681 0.0023234558
295 0.0068621454 0.0213465936 -0.0800404168 0.0013895529 0.0231635487 0.0292062136 0.0119381276
296 0.0067940134 0.0217258410 -0.0795110135 0.0213898977 -0.1174657430 -0.0871303446 0.0194323513
297 0.0067270105 0.0221006615 -0.0789846270 0.0742028802 0.2654194769 0.0612811670 0.0788785389
298 0.0066611140 0.0224711169 -0.0784612189 0.0075846790 0.0777916807 0.0391552477 0.0168939980
299 0.0065963015 0.0228372680 -0.0779407515 0.0296152847 0.0376903592 -0.1679128391 0.0083155909
300 0.0065325516 0.0231991744 -0.0774231874 0.0062706517 -0.0724814600 0.0318918424 0.0211045595
301 0.0064698431 0.0235568946 -0.0769084900 0.0117361724 0.1063570055 0.0205999939 0.0163637628
302 0.0064081554 0.0239104859 -0.0763966232 0.0093173716 0.0854518265 0.0448927274 0.0184984432
303 0.0063474683 0.0242600048 -0.0758875516 0.0311526038 0.1752983184 0.0205694754 0.0321165302
304 0.0062877623 0.0246055067 -0.0753812402 0.1382630105 0.3033539842 0.2150334178 0.1620413873
305 0.0062290182 0.0249470458 -0.0748776544 0.0983771497 -0.1550950652 -0.2726218451 0.0715179267
306 0.0061712173 0.0252846755 -0.0743767604 0.0220705777 0.1460005493 0.0274666585 0.0249444042
307 0.0061143413 0.0256184482 -0.0738785248 0.0997837040 -0.2360301523 -0.2099368267 0.0869718517
308 0.0060583724 0.0259484155 -0.0733829147 0.0801782016 -0.0743125706 -0.2732322153 0.0499920083
309 0.0060032932 0.0262746277 -0.0728898975 0.0165516229 -0.0923795282 -0.0895413068 0.0143560781
310 0.0059490867 0.0265971347 -0.0723994415 0.0321262734 0.1750846889 0.0383617664 0.0343165989
311 0.0058957363 0.0269159851 -0.0719115152 0.0825379958 0.2024292734 -0.2038636433 0.0482162785
312 0.0058432257 0.0272312268 -0.0714260874 0.0504051971 0.0163579211 -0.2239143040 0.0233708850
313 0.0057915391 0.0275429069 -0.0709431278 0.1282560921 0.1347087008 0.3318277535 0.1737088902
314 0.0057406611 0.0278510717 -0.0704626061 0.1158770649 0.0494094668 0.3368022706 0.1663294442
315 0.0056905764 0.0281557664 -0.0699844927 0.4138035659 0.2505264443 -0.5924863430 0.3224569019
316 0.0056412704 0.0284570358 -0.0695087585 0.1596553186 -0.0268868068 -0.3986632893 0.1114056461
317 0.0055927286 0.0287549237 -0.0690353744 0.2328387537 -0.1627246925 0.4542680136 0.3105108793
318 0.0055449368 0.0290494731 -0.0685643123 0.2103873768 -0.0431226539 0.4566484573 0.2810572692
319 0.0054978813 0.0293407265 -0.0680955440 0.0022937910 -0.0254219184 -0.0405896176 0.0037555233
320 0.0054515487 0.0296287253 -0.0676290419 0.0241310591 0.0801110874 -0.1330912198 0.0068337656
321 0.0054059256 0.0299135105 -0.0671647788 0.2998217445 -0.1908322398 0.5132297739 0.3855865230
322 0.0053609993 0.0301951223 -0.0667027279 0.0327281373 0.1158482620 -0.1389507736 0.0125562404
323 0.0053167572 0.0304736002 -0.0662428627 0.0431946076 0.0273140660 -0.2060304575 0.0195505543
324 0.0052731869 0.0307489830 -0.0657851572 0.0193378444 0.0518509476 0.1290322581 0.0383991182
325 0.0052302763 0.0310213088 -0.0653295855 0.0513016126 -0.1736503189 0.1454206977 0.0863061570
326 0.0051880138 0.0312906152 -0.0648761223 0.0294748513 0.1691640980 0.0292977691 0.0278778191
327 0.0051463878 0.0315569390 -0.0644247425 0.0584485898 -0.1877193518 0.1523483993 0.0950726867
328 0.0051053871 0.0318203166 -0.0639754215 0.0357489584 0.1649525437 -0.0924100467 0.0185327178
329 0.0050650006 0.0320807835 -0.0635281349 0.1338948606 -0.3034760582 0.2044434950 0.1844071885
330 0.0050252175 0.0323383748 -0.0630828587 0.0030275066 -0.0155949583 0.0527665029 0.0157186790
331 0.0049860274 0.0325931250 -0.0626395690 0.0213714480 -0.1342509232 0.0578630940 0.0423578282
332 0.0049474199 0.0328450680 -0.0621982426 0.0220079229 0.1279335917 -0.0751060518 0.0092084389
333 0.0049093849 0.0330942370 -0.0617588564 0.0935139995 0.3057954649 0.0017700735 0.0784018847
334 0.0048719125 0.0333406649 -0.0613213875 0.0226145974 -0.1330912198 0.0700094607 0.0449473640
335 0.0048349931 0.0335843839 -0.0608858135 0.1920540615 -0.4139530625 0.1438642537 0.2422123560
336 0.0047986173 0.0338254257 -0.0604521121 0.0293696762 -0.1668141728 -0.0392773217 0.0407046202
337 0.0047627757 0.0340638215 -0.0600202616 0.0081031369 -0.0484939116 0.0758384960 0.0252733813
338 0.0047274594 0.0342996019 -0.0595902401 0.0110328691 0.1048921171 -0.0055238502 0.0079064777
339 0.0046926595 0.0345327970 -0.0591620265 0.0820643064 -0.2185125278 -0.1852473525 0.0799294459
340 0.0046583672 0.0347634367 -0.0587355996 0.0101979015 0.0828272347 0.0577715384 0.0158840419
341 0.0046245741 0.0349915500 -0.0583109387 0.0543335925 0.2125003815 0.0957976012 0.0552588274
342 0.0045912720 0.0352171656 -0.0578880231 0.0073978545 0.0571916868 0.0642414624 0.0153984908
343 0.0045584526 0.0354403118 -0.0574668327 0.0085520236 0.0848109378 0.0368663594 0.0113362098
344 0.0045261079 0.0356610164 -0.0570473473 0.0343979432 -0.1812799463 -0.0391857662 0.0473824174
345 0.0044942303 0.0358793068 -0.0566295472 0.0129236811 -0.0098574786 0.1132541887 0.0309523372
346 0.0044628120 0.0360952097 -0.0562134129 0.0120836467 -0.1098971526 -0.0025025178 0.0241986301
347 0.0044318455 0.0363087517 -0.0557989250 0.0163368579 -0.1120334483 0.0615253151 0.0357703856
348 0.0044013236 0.0365199589 -0.0553860646 0.0109957248 -0.1047395245 -0.0050355541 0.0224894156
349 0.0043712390 0.0367288568 -0.0549748128 0.0049004277 -0.0104678488 -0.0692159795 0.0024303398
350 0.0043415847 0.0369354706 -0.0545651510 0.0285934609 0.0507827998 0.1612903226 0.0467853340
351 0.0043123538 0.0371398253 -0.0541570607 0.0344792731 -0.1523789178 -0.1061128574 0.0386167588
352 0.0042835397 0.0373419451 -0.0537505240 0.0284481508 0.0699484237 0.1534775842 0.0440066713
353 0.0042551356 0.0375418541 -0.0533455228 0.0708028451 0.0120242927 0.2658162175 0.1025153624
354 0.0042271351 0.0377395759 -0.0529420394 0.0000371509 0.0051271096 0.0032959990 0.0042262899
355 0.0041995319 0.0379351339 -0.0525400564 0.0005775530 0.0130619221 -0.0201727348 0.0016663202
356 0.0041723197 0.0381285509 -0.0521395563 0.0372766665 0.1137424848 0.1560106204 0.0490439631
357 0.0041454925 0.0383198495 -0.0517405222 0.0077740983 0.0854823450 -0.0216071047 0.0031323238
358 0.0041190443 0.0385090519 -0.0513429370 0.0050402277 0.0490432447 -0.0513321329 0.0001109693
359 0.0040929692 0.0386961799 -0.0509467842 0.0068470591 0.0297555467 -0.0772118290 0.0007697875
360 0.0040672615 0.0388812550 -0.0505520471 0.0415092132 -0.0804773095 -0.1871700186 0.0329109370
361 0.0040419155 0.0390642983 -0.0501587095 0.0033294029 0.0526444288 0.0236213263 0.0056279136
362 0.0040169259 0.0392453307 -0.0497667551 0.0027049279 -0.0031739250 0.0519119846 0.0121379594
363 0.0039922871 0.0394243728 -0.0493761681 0.0336415327 -0.1834162420 0.0001220740 0.0521080155
364 0.0039679940 0.0396014446 -0.0489869327 0.0456720526 0.2066103092 0.0546281320 0.0386280425
365 0.0039440412 0.0397765660 -0.0485990333 0.0103488445 -0.1000396741 -0.0184636982 0.0204567194
366 0.0039204238 0.0399497567 -0.0482124543 0.0291113684 0.1272316660 -0.1136814478 0.0119043208
367 0.0038971367 0.0401210359 -0.0478271807 0.0095977653 -0.0138248848 -0.0969878231 0.0053269311
368 0.0038741751 0.0402904224 -0.0474431972 0.0023474655 0.0481276894 -0.0055848872 0.0018135409
369 0.0038515341 0.0404579351 -0.0470604889 0.0010408882 -0.0252998444 0.0200201422 0.0088238966
370 0.0038292091 0.0406235923 -0.0466790412 0.0314994755 -0.1731009857 0.0391857662 0.0530509604
371 0.0038071955 0.0407874120 -0.0462988393 0.0106435218 -0.0461134678 0.0922879727 0.0267580674
372 0.0037854887 0.0409494121 -0.0459198689 0.0167537136 -0.0499282815 -0.1194189276 0.0136608668
373 0.0037640843 0.0411096101 -0.0455421156 0.0251498643 -0.1188085574 -0.1050447096 0.0291143790
374 0.0037429780 0.0412680233 -0.0451655654 0.0069695681 -0.0611590930 0.0568254646 0.0208934843
375 0.0037221656 0.0414246687 -0.0447902041 0.0018736560 -0.0369273965 -0.0225836970 0.0066321751
376 0.0037016427 0.0415795630 -0.0444160180 0.0055284969 -0.0563371685 -0.0485244301 0.0096045654
377 0.0036814054 0.0417327227 -0.0440429933 0.0491219714 0.0320444349 0.2193060091 0.0694465600
378 0.0036614496 0.0418841641 -0.0436711165 0.0039102447 -0.0590838343 0.0204779199 0.0143096356
379 0.0036417714 0.0420339031 -0.0433003742 0.1477348682 0.0299996948 0.3831904050 0.1820392069
380 0.0036223669 0.0421819555 -0.0429307531 0.0330346170 -0.0498672445 -0.1747795038 0.0258571483
381 0.0036032324 0.0423283367 -0.0425622401 0.0215622718 0.1066316721 0.1009552293 0.0247321830
382 0.0035843640 0.0424730621 -0.0421948221 0.0037623342 -0.0319833979 -0.0523392438 0.0056466737
383 0.0035657582 0.0426161466 -0.0418284862 0.0382961731 -0.1837824641 0.0672322764 0.0631505808
384 0.0035474114 0.0427576050 -0.0414632197 0.0161259228 0.0537430952 0.1150547807 0.0246185654
385 0.0035293200 0.0428974520 -0.0410990100 0.0039553262 0.0562150945 -0.0281991028 0.0003437672
386 0.0035114807 0.0430357018 -0.0407358445 0.0068153819 0.0532547990 0.0630817591 0.0108825248
387 0.0034938899 0.0431723685 -0.0403737109 0.0036233360 0.0561235389 -0.0217596973 0.0005142143
388 0.0034765445 0.0433074662 -0.0400125969 0.0787397867 -0.2120731223 0.1837519456 0.1152898155
389 0.0034594412 0.0434410085 -0.0396524904 0.0001111098 -0.0102542192 0.0024414808 0.0046550799
390 0.0034425768 0.0435730088 -0.0392933793 0.0207697285 -0.0423291726 -0.1377605518 0.0170749688
391 0.0034259480 0.0437034805 -0.0389352517 0.0303010696 0.0043946654 0.1740165410 0.0468936490
392 0.0034095520 0.0438324366 -0.0385780959 0.0093456623 -0.0711081271 0.0654927213 0.0240420682
393 0.0033933856 0.0439598901 -0.0382219001 0.0078250494 -0.0857875301 0.0215765862 0.0204102520
394 0.0033774459 0.0440858535 -0.0378666528 0.0066030647 -0.0209051790 0.0785241249 0.0177706474
395 0.0033617299 0.0442103394 -0.0375123424 0.0489850456 -0.1040375988 -0.1953489792 0.0468898551
396 0.0033462350 0.0443333601 -0.0371589577 0.0510589063 -0.1476790674 0.1710257271 0.0802096353
397 0.0033309581 0.0444549277 -0.0368064873 0.0039140075 -0.0381786554 -0.0495620594 0.0069910137
398 0.0033158966 0.0445750540 -0.0364549201 0.0256728115 0.0654622028 -0.1462446974 0.0124900682
399 0.0033010479 0.0446937509 -0.0361042450 0.0148513636 0.1208838160 -0.0154423658 0.0062318393
400 0.0032864092 0.0448110300 -0.0357544511 0.0128035174 -0.1067232276 0.0375988037 0.0283433312
401 0.0032719779 0.0449269024 -0.0354055276 0.0151606636 -0.0020447401 0.1231116672 0.0273340362
402 0.0032577516 0.0450413796 -0.0350574635 0.0252230680 0.1288796655 -0.0928067873 0.0103638426
403 0.0032437277 0.0451544725 -0.0347102483 0.0005443726 0.0196539201 0.0125736259 0.0028860429
404 0.0032299038 0.0452661920 -0.0343638714 0.0108182560 0.0963469344 0.0391857662 0.0080187914
405 0.0032162774 0.0453765487 -0.0340183223 0.0181816970 0.0495620594 0.1254005554 0.0254318971
406 0.0032028463 0.0454855533 -0.0336735906 0.0039451081 -0.0186773278 0.0599688711 0.0128857859
407 0.0031896080 0.0455932159 -0.0333296660 0.0061533109 0.0576799829 -0.0531632435 0.0005394607
408 0.0031765603 0.0456995470 -0.0329865382 0.0031048502 0.0390636921 -0.0397350993 0.0000895776
409 0.0031637010 0.0458045565 -0.0326441972 0.0100826638 0.0845667898 -0.0541398358 0.0019645732
410 0.0031510279 0.0459082542 -0.0323026327 0.0026725234 0.0417493210 -0.0304879910 0.0000205897
411 0.0031385388 0.0460106500 -0.0319618350 0.0522043400 -0.2109134190 0.0878627888 0.0803679177
412 0.0031262317 0.0461117534 -0.0316217941 0.0141367339 -0.1105990783 -0.0436414686 0.0247027574
413 0.0031141044 0.0462115739 -0.0312825001 0.0191063398 0.1287270730 -0.0503555406 0.0071725885
414 0.0031021549 0.0463101206 -0.0309439434 0.0118966593 -0.1051057466 -0.0291451765 0.0229300004
415 0.0030903813 0.0464074029 -0.0306061142 0.0039099019 -0.0095217750 0.0617999817 0.0116669595
416 0.0030787815 0.0465034295 -0.0302690031 0.0191603095 -0.1304055910 -0.0464186529 0.0315576127
417 0.0030673537 0.0465982095 -0.0299326004 0.0353492653 0.1806085391 0.0522476882 0.0247123683
418 0.0030560960 0.0466917515 -0.0295968968 0.1078695229 0.2931913205 0.1480147710 0.0923079421
419 0.0030450064 0.0467840640 -0.0292618829 0.0003796386 -0.0121158483 0.0152592547 0.0054513314
420 0.0030340833 0.0468751556 -0.0289275495 0.0239782980 0.0707724235 0.1377300333 0.0283458293
421 0.0030233248 0.0469650344 -0.0285938872 0.0391244786 -0.1972716453 -0.0144352550 0.0598520226
422 0.0030127292 0.0470537088 -0.0282608869 0.0010521011 0.0151371807 0.0286873989 0.0042617720
423 0.0030022948 0.0471411866 -0.0279285396 0.0002029336 0.0008239998 -0.0142216254 0.0023331613
424 0.0029920198 0.0472274758 -0.0275968363 0.0082281942 -0.0219428083 -0.0880153813 0.0084349288
425 0.0029819027 0.0473125842 -0.0272657679 0.0040072385 -0.0071413312 -0.0628986480 0.0042349311
426 0.0029719418 0.0473965194 -0.0269353256 0.0006704414 -0.0065309610 -0.0250556963 0.0029117062
427 0.0029621355 0.0474792889 -0.0266055006 0.0351935843 -0.0451979125 -0.1820734275 0.0327593400
428 0.0029524823 0.0475609002 -0.0262762841 0.1960109459 0.1728263192 0.4076052126 0.2039445783
429 0.0029429807 0.0476413604 -0.0259476674 0.0121273387 0.0242316965 -0.1074251534 0.0071865931
430 0.0029336290 0.0477206768 -0.0256196419 0.0033562118 -0.0118717002 0.0567033906 0.0103283331
431 0.0029244260 0.0477988564 -0.0252921990 0.1388349231 -0.0510574664 -0.3690908536 0.1279700875
432 0.0029153701 0.0478759061 -0.0249653301 0.0074556038 0.0052797021 -0.0861842708 0.0055621953
433 0.0029064599 0.0479518327 -0.0246390268 0.0010376498 0.0289925840 0.0140385144 0.0018554053
434 0.0028976940 0.0480266428 -0.0243132807 0.0349396307 -0.0057069613 -0.1868343150 0.0293003868
435 0.0028890711 0.0481003431 -0.0239880834 0.1743296429 -0.0991241188 0.4055909909 0.2062132232
436 0.0028805899 0.0481729399 -0.0236634266 0.0022419420 -0.0031739250 0.0472426527 0.0076641726
437 0.0028722490 0.0482444397 -0.0233393020 0.0440293462 -0.0275582141 0.2080141606 0.0592704670
438 0.0028640471 0.0483148487 -0.0230157016 0.0454314382 -0.0946989349 0.1909543138 0.0662361098
439 0.0028559831 0.0483841729 -0.0226926170 0.1317808239 0.1994384594 0.3033234657 0.1291038836
440 0.0028480556 0.0484524185 -0.0223700403 0.0088298914 -0.0433973205 -0.0833460494 0.0121544482
441 0.0028402634 0.0485195912 -0.0220479633 0.3874268001 0.3338724937 -0.5253151036 0.3347040935
442 0.0028326055 0.0485856969 -0.0217263781 0.0365650480 0.0914334544 -0.1679433576 0.0232153354
443 0.0028250805 0.0486507414 -0.0214052767 0.4224188106 0.5338908048 -0.3706472976 0.3574279083
444 0.0028176874 0.0487147301 -0.0210846512 0.0216854486 0.1295205542 -0.0700704978 0.0089291944
445 0.0028104252 0.0487776686 -0.0207644937 0.4836857760 -0.5582750938 0.4147465438 0.5581829202
446 0.0028032926 0.0488395623 -0.0204447965 0.2221302905 0.0442823572 0.4692220832 0.2397944212
447 0.0027962886 0.0489004165 -0.0201255517 0.0183288038 0.1321146275 -0.0295724357 0.0070138485
448 0.0027894121 0.0489602363 -0.0198067517 0.0164271347 0.1261024812 0.0229194006 0.0077764500
449 0.0027826623 0.0490190268 -0.0194883887 0.0609056246 -0.2259285257 0.0993072298 0.0897085556
450 0.0027760380 0.0490767931 -0.0191704550 0.1553038758 0.3931699576 -0.0268562883 0.1184591779
451 0.0027695382 0.0491335400 -0.0188529432 0.5075532408 -0.6956389050 0.1537522507 0.5844785478
452 0.0027631621 0.0491892723 -0.0185358456 0.0343296442 -0.1830195013 -0.0288705100 0.0540277199
453 0.0027569086 0.0492439948 -0.0182191547 0.1625695368 -0.2576982940 -0.3100985748 0.1794071646
454 0.0027507769 0.0492977120 -0.0179028629 0.0305155253 -0.1063875240 -0.1385540330 0.0387945976
455 0.0027447661 0.0493504285 -0.0175869630 0.1048246237 0.2542802210 0.2004150517 0.0895210982
456 0.0027388752 0.0494021487 -0.0172714473 0.0032396515 0.0361339152 0.0439771722 0.0039274394
457 0.0027331034 0.0494528769 -0.0169563087 0.0302075591 0.1282387768 -0.1173131504 0.0162787137
458 0.0027274500 0.0495026174 -0.0166415396 0.0009604701 0.0300607318 0.0075380718 0.0009626405
459 0.0027219140 0.0495513743 -0.0163271329 0.0894423850 0.2727744377 -0.1226233711 0.0611274263
460 0.0027164946 0.0495991517 -0.0160130811 0.0115603298 -0.0175176244 0.1060823389 0.0194119533
461 0.0027111912 0.0496459536 -0.0156993772 0.2970412668 -0.4836268197 -0.2512894070 0.3398825129
462 0.0027060028 0.0496917839 -0.0153860139 0.0095766090 0.0745567186 0.0633869442 0.0068234439
463 0.0027009288 0.0497366463 -0.0150729839 0.0429915101 0.0007019257 0.2073427534 0.0518731640
464 0.0026959685 0.0497805447 -0.0147602802 0.0318780068 0.0639667959 0.1666920988 0.0331262156
465 0.0026911211 0.0498234825 -0.0144478957 0.0075411351 0.0180974761 0.0849330119 0.0108831043
466 0.0026863859 0.0498654634 -0.0141358231 0.0494250209 -0.1341898862 -0.1772515030 0.0604830967
467 0.0026817623 0.0499064909 -0.0138240556 0.0332961185 0.1113010041 0.1445966979 0.0288664214
468 0.0026772497 0.0499465682 -0.0135125860 0.0426508534 0.1147190771 0.1717276528 0.0385094240
469 0.0026728472 0.0499856988 -0.0132014074 0.0282483960 -0.0580767235 -0.1577196570 0.0325630116
470 0.0026685545 0.0500238858 -0.0128905127 0.0069682697 -0.0816370128 0.0174260689 0.0182536874
471 0.0026643707 0.0500611323 -0.0125798951 0.0591491175 -0.2428662984 0.0128482925 0.0864530724
472 0.0026602954 0.0500974415 -0.0122695475 0.0375940536 -0.0134281442 0.1934263131 0.0463462871
473 0.0026563280 0.0501328163 -0.0119594631 0.0049820398 -0.0373241371 0.0599078341 0.0128136271
474 0.0026524679 0.0501672595 -0.0116496350 0.0076172614 0.0428174688 0.0760521256 0.0077456182
475 0.0026487146 0.0502007740 -0.0113400564 0.0437753255 0.0197759941 0.2082888272 0.0491625137
476 0.0026450675 0.0502333625 -0.0110307204 0.0043034889 -0.0447096164 -0.0480056154 0.0103813121
477 0.0026415262 0.0502650277 -0.0107216202 0.0082926941 0.0164189581 0.0895718253 0.0112043316
478 0.0026380900 0.0502957722 -0.0104127490 0.0161533566 -0.0343028047 0.1223792230 0.0247906270
479 0.0026347587 0.0503255984 -0.0101041000 0.0619437774 0.0111697745 0.2486342967 0.0684787365
480 0.0026315316 0.0503545088 -0.0097956665 0.0437706378 0.0972319712 -0.1852473525 0.0329807906
481 0.0026284084 0.0503825056 -0.0094874418 0.0586529559 0.1101107822 -0.2157048250 0.0460930761
482 0.0026253886 0.0504095913 -0.0091794191 0.0334058099 -0.1526230659 0.1005584887 0.0532646683
483 0.0026224718 0.0504357680 -0.0088715918 0.0073774685 -0.0798974578 0.0315256203 0.0186186845
484 0.0026196576 0.0504610377 -0.0085639532 0.0003888369 -0.0155339213 -0.0121463668 0.0043681683
485 0.0026169456 0.0504854026 -0.0082564966 0.0132149486 -0.0668660543 -0.0935087130 0.0210393048
486 0.0026143354 0.0505088646 -0.0079492154 0.0097660739 0.0357371746 -0.0921353801 0.0073055132
487 0.0026118267 0.0505314255 -0.0076421029 0.0015579789 -0.0300912503 -0.0255439924 0.0068204935
488 0.0026094191 0.0505530873 -0.0073351526 0.0044834901 0.0584734642 0.0326242866 0.0016594892
489 0.0026071123 0.0505738517 -0.0070283578 0.0055167512 0.0732749413 -0.0121463668 0.0005415335
490 0.0026049059 0.0505937202 -0.0067217120 0.0027405281 -0.0498672445 -0.0159306619 0.0101772102
491 0.0026027998 0.0506126946 -0.0064152085 0.0002585258 -0.0127262185 -0.0098269601 0.0040234580
492 0.0026007935 0.0506307764 -0.0061088409 0.0650566858 -0.1629383221 -0.1962340159 0.0817593420
493 0.0025988867 0.0506479669 -0.0058026025 0.0025260025 -0.0404370251 -0.0298471023 0.0088746137
494 0.0025970794 0.0506642676 -0.0054964870 0.0289629289 -0.1686758019 0.0226142155 0.0489002777
495 0.0025953711 0.0506796799 -0.0051904876 0.0100714984 -0.0939054537 -0.0354014710 0.0218175644
496 0.0025937617 0.0506942048 -0.0048845979 0.0032201894 0.0463881344 -0.0326853236 0.0007914226
497 0.0025922509 0.0507078437 -0.0045788115 0.0038465681 -0.0522476882 0.0334177679 0.0120435816
498 0.0025908386 0.0507205975 -0.0042731217 0.0007567346 -0.0023804437 -0.0274056215 0.0033548331
499 0.0025895245 0.0507324673 -0.0039675222 0.0006583884 0.0256355480 0.0010986663 0.0006555216
500 0.0025883084 0.0507434541 -0.0036620064 0.0240507649 0.1239051485 0.0932645650 0.0147473938
501 0.0025871903 0.0507535587 -0.0033565680 0.0444613945 -0.1484420301 -0.1497543260 0.0611111861
502 0.0025861699 0.0507627819 -0.0030512003 0.0019519869 0.0201116977 -0.0393383587 0.0022562468
503 0.0025852470 0.0507711245 -0.0027458970 0.0362435581 0.1890621662 -0.0223395489 0.0195083234
504 0.0025844217 0.0507785872 -0.0024406515 0.0066928152 -0.0714438307 0.0398571734 0.0167274254
505 0.0025836937 0.0507851705 -0.0021354576 0.0274719050 -0.1651966918 -0.0134891812 0.0467770719
506 0.0025830630 0.0507908749 -0.0018303086 0.0027887074 0.0376903592 0.0369884335 0.0016785183
507 0.0025825295 0.0507957010 -0.0015251983 0.0033309854 0.0549333171 0.0177007355 0.0003867564
508 0.0025820930 0.0507996491 -0.0012201201 0.0101812931 -0.0383617664 0.0933256020 0.0168886516
509 0.0025817537 0.0508027195 -0.0009150676 0.0084981340 -0.0269173254 0.0881679739 0.0139761936
510 0.0025815113 0.0508049125 -0.0006100343 0.0026640143 -0.0134281442 0.0498367260 0.0066707612
511 0.0025813659 0.0508062282 -0.0003050139 0.0221813448 -0.1409955138 0.0479750969 0.0391188773
512 0.0025813174 0.0508066668 0.0000000000 0.0042972952 0.0655537584 0.0000000000 0.0002174767
513 0.0025813659 0.0508062282 0.0003050139 0.0147515123 -0.0987273782 0.0707419050 0.0273216551
514 0.0025815113 0.0508049125 0.0006100343 0.0012057498 -0.0045472579 -0.0344248787 0.0042913079
515 0.0025817537 0.0508027195 0.0009150676 0.0002400509 -0.0088808863 0.0126956999 0.0037009161
516 0.0025820930 0.0507996491 0.0012201201 0.0138194837 -0.1160924100 -0.0184942167 0.0282416145
517 0.0025825295 0.0507957010 0.0015251983 0.1322868228 -0.2024903104 0.3021332438 0.1545190006
518 0.0025830630 0.0507908749 0.0018303086 0.0013278164 0.0292062136 -0.0217902158 0.0010238268
519 0.0025836937 0.0507851705 0.0021354576 0.0017566421 0.0210272530 0.0362559893 0.0020497443
520 0.0025844217 0.0507785872 0.0024406515 0.0066903834 -0.0714438307 -0.0398266549 0.0167248446
521 0.0025852470 0.0507711245 0.0027458970 0.0148914176 0.1153904843 0.0397045808 0.0055416060
522 0.0025861699 0.0507627819 0.0030512003 0.0015990388 0.0141911069 0.0373851741 0.0025163092
523 0.0025871903 0.0507535587 0.0033565680 0.0320059168 -0.1689809870 0.0587481307 0.0513514958
524 0.0025883084 0.0507434541 0.0036620064 0.0405618578 0.1930906095 0.0572527238 0.0231346776
525 0.0025895245 0.0507324673 0.0039675222 0.0001282668 -0.0109561449 0.0028687399 0.0038066922
526 0.0025908386 0.0507205975 0.0042731217 0.0005629052 0.0054017762 0.0231025117 0.0024083415
527 0.0025922509 0.0507078437 0.0045788115 0.0086389064 -0.0660725730 0.0653706473 0.0173333130
528 0.0025937617 0.0506942048 0.0048845979 0.0032162031 0.0463881344 0.0326242866 0.0007880326
529 0.0025953711 0.0506796799 0.0051904876 0.0010264565 -0.0179754021 -0.0265205847 0.0057191124
530 0.0025970794 0.0506642676 0.0054964870 0.0408146081 -0.2000183111 -0.0284127323 0.0639915904
531 0.0025988867 0.0506479669 0.0058026025 0.0233652417 0.1484725486 -0.0363475448 0.0113462837
532 0.0026007935 0.0506307764 0.0061088409 0.0251652731 -0.0093386639 0.1583605457 0.0267769154
533 0.0026027998 0.0506126946 0.0064152085 0.0095544105 0.0591448714 0.0778221992 0.0051717564
534 0.0026049059 0.0505937202 0.0067217120 0.0017615607 -0.0323801386 0.0267036958 0.0072839409
535 0.0026071123 0.0505738517 0.0070283578 0.0088715976 0.0918607135 0.0208136235 0.0018946385
536 0.0026094191 0.0505530873 0.0073351526 0.0044839083 0.0584429456 -0.0326853236 0.0016638884
537 0.0026118267 0.0505314255 0.0076421029 0.0029693801 0.0464796899 0.0284432508 0.0004491043
538 0.0026143354 0.0505088646 0.0079492154 0.0091133325 0.0484633930 0.0822473830 0.0055244017
539 0.0026169456 0.0504854026 0.0082564966 0.0205163309 -0.1424298837 0.0151676992 0.0372640724
540 0.0026196576 0.0504610377 0.0085639532 0.0009449263 -0.0100405896 -0.0290536210 0.0050755288
541 0.0026224718 0.0504357680 0.0088715918 0.0134497009 -0.1115451521 -0.0317392499 0.0278870589
542 0.0026253886 0.0504095913 0.0091794191 0.0392277211 -0.1399273659 -0.1401715140 0.0585338585
543 0.0026284084 0.0503825056 0.0094874418 0.0829912059 0.2120120853 0.1950437941 0.0605552809
544 0.0026315316 0.0503545088 0.0097956665 0.0437706378 0.0972319712 0.1852473525 0.0329807906
545 0.0026347587 0.0503255984 0.0101041000 0.0540536413 -0.1058381909 -0.2070070498 0.0715243804
546 0.0026380900 0.0502957722 0.0104127490 0.0108729727 -0.0122684408 -0.1035493027 0.0169016300
547 0.0026415262 0.0502650277 0.0107216202 0.0025263127 -0.0162053285 -0.0475783563 0.0078171955
548 0.0026450675 0.0502333625 0.0110307204 0.0027047575 0.0382396924 -0.0352488784 0.0022856494
549 0.0026487146 0.0502007740 0.0113400564 0.0001350761 -0.0070802942 -0.0092165899 0.0037036965
550 0.0026524679 0.0501672595 0.0116496350 0.0037044052 0.0010986663 -0.0608539079 0.0076644906
551 0.0026563280 0.0501328163 0.0119594631 0.0031649400 -0.0535599841 0.0172124393 0.0107797906
552 0.0026602954 0.0500974415 0.0122695475 0.0376176697 -0.0134281442 -0.1934873501 0.0463714009
553 0.0026643707 0.0500611323 0.0125798951 0.0316877222 -0.0157475509 0.1773125401 0.0314676271
554 0.0026685545 0.0500238858 0.0128905127 0.0032609177 -0.0452589496 -0.0348216193 0.0113552663
555 0.0026728472 0.0499856988 0.0132014074 0.0095229969 0.0199591052 0.0955229347 0.0076784302
556 0.0026772497 0.0499465682 0.0135125860 0.0632330896 -0.0283822138 -0.2498550371 0.0754979030
557 0.0026817623 0.0499064909 0.0138240556 0.0023408936 -0.0375682852 -0.0304879910 0.0096153939
558 0.0026863859 0.0498654634 0.0141358231 0.0937600905 -0.2069460128 0.2256843776 0.1107049252
559 0.0026911211 0.0498234825 0.0144478957 0.0061351527 -0.0093997009 -0.0777611621 0.0120098958
560 0.0026959685 0.0497805447 0.0147602802 0.0318881821 0.0639667959 -0.1667226173 0.0331372918
561 0.0027009288 0.0497366463 0.0150729839 0.2003001782 0.3441267129 -0.2861415448 0.1773957036
562 0.0027060028 0.0496917839 0.0153860139 0.0073549887 0.0503860591 -0.0693990905 0.0071889959
563 0.0027111912 0.0496459536 0.0156993772 0.0926246421 -0.2544938505 0.1669057283 0.1153643811
564 0.0027164946 0.0495991517 0.0160130811 0.0061215890 -0.0052186651 0.0780663472 0.0068556009
565 0.0027219140 0.0495513743 0.0163271329 0.0369579597 0.1706289865 0.0885647145 0.0198780564
566 0.0027274500 0.0495026174 0.0166415396 0.0141782073 0.1081270791 -0.0498672445 0.0078602459
567 0.0027331034 0.0494528769 0.0169563087 0.0011494004 -0.0206915494 -0.0268562883 0.0068397842
568 0.0027388752 0.0494021487 0.0172714473 0.0032396515 0.0361339152 -0.0439771722 0.0039274394
569 0.0027447661 0.0493504285 0.0175869630 0.1003617283 0.2959685049 -0.1129795221 0.0778680826
570 0.0027507769 0.0492977120 0.0179028629 0.0149546005 -0.1120639668 0.0489516892 0.0270016210
571 0.0027569086 0.0492439948 0.0182191547 0.2576663822 -0.4771263771 0.1732535783 0.3011014410
572 0.0027631621 0.0491892723 0.0185358456 0.0030166681 0.0535294656 -0.0122989593 0.0009696225
573 0.0027695382 0.0491335400 0.0188529432 0.2222596461 -0.4430066836 -0.1612598041 0.2746426014
574 0.0027760380 0.0490767931 0.0191704550 0.1417885424 0.3756828516 -0.0255134739 0.1086681710
575 0.0027826623 0.0490190268 0.0194883887 0.0665566016 -0.1387371441 -0.2175054170 0.0914184436
576 0.0027894121 0.0489602363 0.0198067517 0.0164285345 0.1261024812 -0.0229499191 0.0077790588
577 0.0027962886 0.0489004165 0.0201255517 0.0051346472 -0.0242011780 -0.0674459059 0.0130126033
578 0.0028032926 0.0488395623 0.0204447965 0.0024647438 0.0465102084 -0.0173650319 0.0014350090
579 0.0028104252 0.0487776686 0.0207644937 0.9961852338 -0.7846613971 -0.6168401135 1.1011603115
580 0.0028176874 0.0487147301 0.0210846512 0.0132733210 0.1060518204 -0.0450148015 0.0076566796
581 0.0028250805 0.0486507414 0.0214052767 0.5663070166 0.6682332835 0.3460798975 0.4892961359
582 0.0028326055 0.0485856969 0.0217263781 0.0593726709 0.1037018952 0.2204962310 0.0425472497
583 0.0028402634 0.0485195912 0.0220479633 0.7265485584 0.5434125797 0.6566972869 0.6476988341
584 0.0028480556 0.0484524185 0.0223700403 0.0088197207 -0.0433973205 0.0832850124 0.0121470084
585 0.0028559831 0.0483841729 0.0226926170 0.2010128567 -0.2431409650 -0.3766899625 0.2444933508
586 0.0028640471 0.0483148487 0.0230157016 0.0797798609 -0.1236610004 -0.2539445173 0.1062826555
587 0.0028722490 0.0482444397 0.0233393020 0.0892285496 -0.1457869198 -0.2607196265 0.1183376433
588 0.0028805899 0.0481729399 0.0236634266 0.0101587118 -0.0858180486 -0.0528580584 0.0238091227
589 0.0028890711 0.0481003431 0.0239880834 0.1327820736 -0.0612811670 -0.3592028565 0.1587996112
590 0.0028976940 0.0480266428 0.0243132807 0.0410677319 0.0523392438 0.1957762383 0.0294181444
591 0.0029064599 0.0479518327 0.0246390268 0.0093146921 0.0354014710 -0.0897854549 0.0132504736
592 0.0029153701 0.0478759061 0.0249653301 0.0074556038 0.0052797021 0.0861842708 0.0055621953
593 0.0029244260 0.0477988564 0.0252921990 0.1129161659 -0.0927457503 0.3229773858 0.1083692569
594 0.0029336290 0.0477206768 0.0256196419 0.0033645346 -0.0195013276 -0.0546281320 0.0109585031
595 0.0029429807 0.0476413604 0.0259476674 0.0298286181 0.1524094363 0.0812402722 0.0140336219
596 0.0029524823 0.0475609002 0.0262762841 0.1509979234 0.1575670644 -0.3552049318 0.1576292743
597 0.0029621355 0.0474792889 0.0266055006 0.0067784164 0.0029602954 -0.0822779015 0.0138375360
598 0.0029719418 0.0473965194 0.0269353256 0.0015722849 -0.0357066561 -0.0172429579 0.0088578585
599 0.0029819027 0.0473125842 0.0272657679 0.0729569292 -0.2328562273 -0.1368755150 0.1054369237
600 0.0029920198 0.0472274758 0.0275968363 0.0082214845 -0.0219122898 0.0879848628 0.0084270209
601 0.0030022948 0.0471411866 0.0279285396 0.0027517130 -0.0126651814 -0.0509048738 0.0097915087
602 0.0030127292 0.0470537088 0.0282608869 0.0001414598 -0.0067445906 0.0097964415 0.0032351928
603 0.0030233248 0.0469650344 0.0285938872 0.0593010143 -0.2434766686 0.0044862209 0.0849375624
604 0.0030340833 0.0468751556 0.0289275495 0.0295046564 0.1652577288 -0.0468459120 0.0197560511
605 0.0030450064 0.0467840640 0.0292618829 0.0028291926 0.0443739128 0.0293282876 0.0000058132
606 0.0030560960 0.0466917515 0.0295968968 0.0986353178 0.2853175451 -0.1312601093 0.0828172458
607 0.0030673537 0.0465982095 0.0299326004 0.0104963601 0.1018707846 -0.0108951079 0.0047219593
608 0.0030787815 0.0465034295 0.0302690031 0.0191603095 -0.1304055910 0.0464186529 0.0315576127
609 0.0030903813 0.0464074029 0.0306061142 0.0064495268 -0.0689718314 -0.0411389508 0.0184597221
610 0.0031021549 0.0463101206 0.0309439434 0.0093090144 -0.0963774529 -0.0045167394 0.0216172037
611 0.0031141044 0.0462115739 0.0312825001 0.0260972299 -0.0848719749 0.1374553667 0.0284555743
612 0.0031262317 0.0461117534 0.0316217941 0.0182035137 -0.0765709403 -0.1110873745 0.0354169501
613 0.0031385388 0.0460106500 0.0319618350 0.0227662846 -0.1369670705 -0.0632953887 0.0425547849
614 0.0031510279 0.0459082542 0.0323026327 0.0006270233 0.0249641408 0.0019531846 0.0013597449
615 0.0031637010 0.0458045565 0.0326441972 0.0141030310 0.0014343699 0.1187475204 0.0093824957
616 0.0031765603 0.0456995470 0.0329865382 0.0031000033 0.0390636921 0.0396740623 0.0000887575
617 0.0031896080 0.0455932159 0.0333296660 0.0248423154 0.0397045808 0.1525315104 0.0142437557
618 0.0032028463 0.0454855533 0.0336735906 0.0046473467 -0.0135807367 -0.0668050172 0.0135847773
619 0.0032162774 0.0453765487 0.0340183223 0.0032075748 -0.0436109500 -0.0361339152 0.0128401114
620 0.0032299038 0.0452661920 0.0343638714 0.0053246961 0.0454725791 0.0570696127 0.0005155933
621 0.0032437277 0.0451544725 0.0347102483 0.0074927397 -0.0157475509 -0.0851161229 0.0180674157
622 0.0032577516 0.0450413796 0.0350574635 0.0261624712 0.1294900357 0.0969267861 0.0109593886
623 0.0032719779 0.0449269024 0.0354055276 0.0773416474 -0.0366832484 -0.2756736961 0.1034305001
624 0.0032864092 0.0448110300 0.0357544511 0.0127993001 -0.1066927091 -0.0376293222 0.0283385611
625 0.0033010479 0.0446937509 0.0361042450 0.0058276038 0.0737327189 0.0197759941 0.0011098734
626 0.0033158966 0.0445750540 0.0364549201 0.0266963565 0.0404675436 0.1582995087 0.0148629754
627 0.0033309581 0.0444549277 0.0368064873 0.0002835510 -0.0122379223 -0.0115665151 0.0055540266
628 0.0033462350 0.0443333601 0.0371589577 0.0323733795 0.1000091556 -0.1495712149 0.0379679516
629 0.0033617299 0.0442103394 0.0375123424 0.0115732480 0.0125431074 -0.1068453017 0.0218419430
630 0.0033774459 0.0440858535 0.0378666527 0.0059830147 -0.0095828120 -0.0767540513 0.0160182315
631 0.0033933856 0.0439598901 0.0382219001 0.0182643439 -0.1241187780 0.0534684286 0.0284828953
632 0.0034095520 0.0438324366 0.0385780959 0.0093536610 -0.0711081271 -0.0655537584 0.0240547763
633 0.0034259480 0.0437034805 0.0389352517 0.0589701111 -0.1808832057 -0.1620227668 0.0908233048
634 0.0034425768 0.0435730088 0.0392933793 0.0225884964 -0.0450758385 0.1433759575 0.0186918012
635 0.0034594412 0.0434410085 0.0396524904 0.0380958781 0.0679036836 0.1829889828 0.0211437725
636 0.0034765445 0.0433074662 0.0400125969 0.1366187356 -0.1707815790 -0.3277993103 0.1811197184
637 0.0034938899 0.0431723685 0.0403737109 0.0268862648 -0.1137730033 0.1180761132 0.0306695131
638 0.0035114807 0.0430357018 0.0407358445 0.0070350683 0.0614947966 -0.0570390942 0.0099006768
639 0.0035293200 0.0428974520 0.0410990100 0.0930681417 -0.0625324259 0.2985930967 0.0774186639
640 0.0035474114 0.0427576050 0.0414632197 0.0161292041 0.0537736137 -0.1150547807 0.0246192369
641 0.0035657582 0.0426161466 0.0418284862 0.0198701827 -0.0915555284 0.1071810053 0.0222729901
642 0.0035843640 0.0424730621 0.0421948221 0.0025775599 -0.0249946593 0.0441908017 0.0045558774
643 0.0036032324 0.0423283367 0.0425622401 0.0003991752 0.0198980682 0.0018005921 0.0021646289
644 0.0036223669 0.0421819555 0.0429307531 0.0036729180 -0.0605182043 -0.0032349620 0.0126785961
645 0.0036417714 0.0420339031 0.0433003742 0.0819238358 -0.1325724052 0.2536698508 0.0747426795
646 0.0036614496 0.0418841641 0.0436711165 0.0030575258 -0.0545670949 -0.0089419233 0.0120709773
647 0.0036814054 0.0417327227 0.0440429933 0.0694407959 0.0368053224 0.2609332560 0.0470656653
648 0.0037016427 0.0415795630 0.0444160180 0.0055284969 -0.0563371685 0.0485244301 0.0096045654
649 0.0037221656 0.0414246687 0.0447902041 0.0048863983 0.0147404401 -0.0683309427 0.0135084419
650 0.0037429780 0.0412680233 0.0451655654 0.0067221425 -0.0402233955 -0.0714438307 0.0202386026
651 0.0037640843 0.0411096101 0.0455421156 0.0919464042 -0.2286751915 -0.1991332743 0.1326498856
652 0.0037854887 0.0409494121 0.0459198689 0.0533839804 -0.2253791925 -0.0508743553 0.0803000474
653 0.0038071955 0.0407874120 0.0462988393 0.0232924851 0.1524399548 0.0073854793 0.0139805399
654 0.0038292091 0.0406235923 0.0466790412 0.0344364818 -0.1723380230 -0.0688192389 0.0586925023
655 0.0038515341 0.0404579351 0.0470604889 0.0874957284 0.2957853938 -0.0025940733 0.0676576867
656 0.0038741751 0.0402904224 0.0474431972 0.0023441889 0.0480971709 0.0055543687 0.0018156193
657 0.0038971367 0.0401210359 0.0478271807 0.0081547298 0.0591448714 0.0682393872 0.0007785645
658 0.0039204238 0.0399497567 0.0482124543 0.0238564801 0.1080660421 0.1103549303 0.0085015156
659 0.0039440412 0.0397765660 0.0485990333 0.0040087483 -0.0489211707 -0.0401928770 0.0157512918
660 0.0039679940 0.0396014446 0.0489869327 0.0140521330 0.0048524430 -0.1184423353 0.0292400529
661 0.0039922871 0.0394243728 0.0493761681 0.0084831127 -0.0281075472 -0.0877101962 0.0233532315
662 0.0040169259 0.0392453307 0.0497667551 0.0017753973 -0.0054628132 -0.0417798395 0.0103795971
663 0.0040419155 0.0390642983 0.0501587095 0.0083901499 0.0756553850 0.0516373180 0.0013410939
664 0.0040672615 0.0388812550 0.0505520471 0.0414928787 -0.0804467910 0.1871395001 0.0328953149
665 0.0040929692 0.0386961799 0.0509467842 0.0036629178 -0.0252693258 -0.0549943541 0.0153151107
666 0.0041190443 0.0385090519 0.0513429370 0.0036406597 0.0486159856 0.0357371746 0.0003456899
667 0.0041454925 0.0383198495 0.0517405222 0.0003935954 0.0099185156 -0.0171819208 0.0055569389
668 0.0041723197 0.0381285509 0.0521395563 0.0035132945 0.0474257637 -0.0355540635 0.0077766091
669 0.0041995319 0.0379351339 0.0525400564 0.0081205854 0.0181890316 -0.0882595294 0.0202144319
670 0.0042271351 0.0377395759 0.0529420394 0.0015385131 0.0216376232 0.0327158422 0.0006683719
671 0.0042551356 0.0375418541 0.0533455228 0.1140232314 -0.1140781884 -0.3178197577 0.1607523027
672 0.0042835397 0.0373419451 0.0537505240 0.0284481508 0.0699484237 -0.1534775842 0.0440066713
673 0.0043123538 0.0371398253 0.0541570607 0.0253498389 -0.1247901852 0.0988799707 0.0282214670
674 0.0043415847 0.0369354706 0.0545651510 0.0087806726 0.0384533219 -0.0854518265 0.0196070579
675 0.0043712390 0.0367288568 0.0549748128 0.0644411223 -0.1275368511 0.2194891202 0.0540481801
676 0.0044013236 0.0365199589 0.0553860646 0.0036881470 -0.0350962859 -0.0495620594 0.0161429953
677 0.0044318455 0.0363087517 0.0557989250 0.0054546059 -0.0719931639 -0.0164799951 0.0169535472
678 0.0044628120 0.0360952097 0.0562134129 0.0093590490 -0.0933256020 0.0254829554 0.0176941075
679 0.0044942303 0.0358793068 0.0566295472 0.0225318350 -0.0332956938 0.1463667714 0.0128379501
680 0.0045261079 0.0356610164 0.0570473473 0.0343892721 -0.1812494278 0.0392162847 0.0473680876
681 0.0045584526 0.0354403118 0.0574668327 0.0642875071 0.2083193457 -0.1445356609 0.0706921677
682 0.0045912720 0.0352171656 0.0578880231 0.0040156107 0.0599688711 -0.0204779199 0.0067538679
683 0.0046245741 0.0349915500 0.0583109387 0.0219568638 0.0631733146 -0.1340372936 0.0377920543
684 0.0046583672 0.0347634367 0.0587355996 0.0293146839 -0.1635486923 -0.0506607257 0.0512952565
685 0.0046926595 0.0345327970 0.0591620265 0.0214974162 -0.0978118229 0.1092257454 0.0200214744
686 0.0047274594 0.0342996019 0.0595902401 0.0052940249 0.0591143529 -0.0424207282 0.0110220095
687 0.0047627757 0.0340638215 0.0600202616 0.0110094682 -0.0768456069 -0.0714438307 0.0295837088
688 0.0047986173 0.0338254257 0.0604521121 0.0293744747 -0.1668141728 0.0393383587 0.0407020391
689 0.0048349931 0.0335843839 0.0608858135 0.2295070838 -0.4701376385 -0.0920743431 0.2771326854
690 0.0048719125 0.0333406649 0.0613213875 0.0210632397 -0.1137119663 -0.0901821955 0.0445778120
691 0.0049093849 0.0330942370 0.0617588564 0.1851539678 0.4279915769 0.0444654683 0.1562429703
692 0.0049474199 0.0328450680 0.0621982426 0.0316112830 0.0657368694 0.1651966918 0.0116905511
693 0.0049860274 0.0325931250 0.0626395690 0.0287473136 0.0094607379 -0.1692861721 0.0543246567
694 0.0050252175 0.0323383748 0.0630828587 0.0063994419 -0.0441908017 -0.0666829432 0.0226958782
695 0.0050650006 0.0320807835 0.0635281349 0.0296734820 -0.0249336222 -0.1704458754 0.0579944800
696 0.0051053871 0.0318203166 0.0639754215 0.0357489584 0.1649525437 0.0924100467 0.0185327178
697 0.0051463878 0.0315569390 0.0644247425 0.1168218124 -0.2435682241 -0.2397839290 0.1682367712
698 0.0051880138 0.0312906152 0.0648761223 0.0223951933 0.1430707724 0.0438856166 0.0129354049
699 0.0052302763 0.0310213088 0.0653295855 0.1412793740 -0.1142918180 -0.3580736717 0.2003862230
700 0.0052731869 0.0307489830 0.0657851572 0.0106379643 -0.0961027863 0.0374462111 0.0168944672
701 0.0053167572 0.0304736002 0.0662428627 0.0194233758 0.0959196753 0.1011078219 0.0054987541
702 0.0053609993 0.0301951223 0.0667027279 0.2128181719 0.1530503250 -0.4351939451 0.2669936712
703 0.0054059256 0.0299135105 0.0671647788 0.3047831198 -0.1539658803 -0.5301675466 0.3906175374
704 0.0054515487 0.0296287253 0.0676290419 0.0241229366 0.0801110874 0.1330607013 0.0068297709
705 0.0054978813 0.0293407265 0.0680955440 0.0397965331 -0.0599078341 -0.1902829066 0.0747247293
706 0.0055449368 0.0290494731 0.0685643123 0.2100585235 -0.0650044252 -0.4536881619 0.2815937825
707 0.0055927286 0.0287549237 0.0690353744 0.2573953247 -0.1274452956 -0.4910733360 0.3381202760
708 0.0056412704 0.0284570358 0.0695087585 0.6750723029 0.1459700308 0.8085573901 0.5600021839
709 0.0056905764 0.0281557664 0.0699844927 0.3894062422 0.3267616810 0.5316324351 0.3022843149
710 0.0057406611 0.0278510717 0.0704626061 0.0571825108 -0.0027771844 -0.2391125217 0.0967748498
711 0.0057915391 0.0275429069 0.0709431278 0.1394849989 0.0570696127 -0.3690908536 0.1945017311
712 0.0058432257 0.0272312268 0.0714260874 0.0504051971 0.0163579211 0.2239143040 0.0233708850
713 0.0058957363 0.0269159851 0.0719115152 0.0041133087 -0.0238349559 0.0595416120 0.0027286725
714 0.0059490867 0.0265971347 0.0723994415 0.0133368476 0.1073030793 -0.0426953948 0.0197602708
715 0.0060032932 0.0262746277 0.0728898975 0.0115053467 -0.0441602832 0.0977507859 0.0055791404
716 0.0060583724 0.0259484155 0.0733829147 0.0663050286 0.1958983123 0.1671193579 0.0376694882
717 0.0061143413 0.0256184482 0.0738785248 0.0484835090 -0.1468855861 0.1640369884 0.0378861904
718 0.0061712173 0.0252846755 0.0743767604 0.0324636991 0.1483199561 0.1022980438 0.0159172783
719 0.0062290182 0.0249470458 0.0748776544 0.0541320737 -0.1498458815 0.1779839473 0.0411834751
720 0.0062877623 0.0246055067 0.0753812402 0.1382444956 0.3033234657 -0.2150334178 0.1620243742
721 0.0063474683 0.0242600048 0.0758875516 0.0047603547 0.0602435377 0.0336313974 0.0030803972
722 0.0064081554 0.0239104859 0.0763966232 0.0311146389 0.1599475082 -0.0743736076 0.0412377339
723 0.0064698431 0.0235568946 0.0769084900 0.0051646749 0.0590533158 0.0409558397 0.0025525890
724 0.0065325516 0.0231991744 0.0774231874 0.0090108444 -0.0469679861 -0.0824915311 0.0304961476
725 0.0065963015 0.0228372680 0.0779407515 0.0143808196 0.0851161229 0.0844752342 0.0039213552
726 0.0066611140 0.0224711169 0.0784612189 0.0069480998 0.0707724235 -0.0440382092 0.0173391261
727 0.0067270105 0.0221006615 0.0789846270 0.0933714622 0.2402722251 -0.1887874996 0.1193007430
728 0.0067940134 0.0217258410 0.0795110135 0.0214042410 -0.1175267800 0.0871303446 0.0194493467
729 0.0068621454 0.0213465936 0.0800404168 0.0088356249 -0.0465407270 -0.0816675314 0.0307581488
730 0.0069314297 0.0209628564 0.0805728760 0.0177277241 0.1250953703 0.0455946532 0.0120670565
731 0.0070018902 0.0205745650 0.0811084306 0.0307596939 -0.0359202857 0.1716666158 0.0113924531
732 0.0070735515 0.0201816540 0.0816471211 0.0545794022 -0.2328867458 -0.0185247353 0.0740780158
733 0.0071464387 0.0197840568 0.0821889884 0.0070107239 -0.0089114048 0.0832544939 0.0008245648
734 0.0072205775 0.0193817052 0.0827340741 0.0225889183 -0.1489608448 0.0199896237 0.0322760802
735 0.0072959944 0.0189745302 0.0832824204 0.0156965839 -0.0013733329 0.1252784814 0.0021777047
736 0.0073727163 0.0185624609 0.0838340706 0.0028175690 -0.0297250282 -0.0439771722 0.0186673954
737 0.0074507713 0.0181454254 0.0843890682 0.0065809966 -0.0156865139 0.0795922727 0.0011676094
738 0.0075301877 0.0177233502 0.0849474577 0.0083980331 0.0712607196 0.0576189459 0.0036130975
739 0.0076109949 0.0172961606 0.0855092844 0.0064234491 0.0709250160 -0.0373241371 0.0179641036
740 0.0076932228 0.0168637802 0.0860745941 0.0227054097 -0.0731833857 0.1317178869 0.0101918023
741 0.0077769024 0.0164261311 0.0866434337 0.0011624360 0.0321054720 -0.0114749596 0.0098730608
742 0.0078620652 0.0159831340 0.0872158507 0.0344229573 0.1101107822 0.1493270669 0.0127178173
743 0.0079487437 0.0155347079 0.0877918935 0.0782011728 0.2639240699 0.0924405652 0.0617188853
744 0.0080369713 0.0150807703 0.0883716112 0.0223676962 -0.0754112369 -0.1291543321 0.0555063394
745 0.0081267822 0.0146212368 0.0889550539 0.0008410915 -0.0157475509 -0.0243537706 0.0137611530
746 0.0082182115 0.0141560217 0.0895422725 0.0051177623 -0.0568254646 -0.0434583575 0.0227275390
747 0.0083112954 0.0136850371 0.0901333189 0.0000262370 -0.0046693319 0.0021057772 0.0080857310
748 0.0084060710 0.0132081937 0.0907282457 0.0183466294 0.0082705161 0.1351969970 0.0020018505
749 0.0085025762 0.0127254002 0.0913271067 0.0120709306 0.0206305124 -0.1079134495 0.0397592900
750 0.0086008504 0.0122365635 0.0919299564 0.0121865353 -0.0053407392 0.1102633747 0.0006450758
751 0.0087009336 0.0117415883 0.0925368504 0.0061474637 -0.0605792413 0.0497756890 0.0070588193
752 0.0088028672 0.0112403779 0.0931478453 0.0100690777 0.0024719993 0.1003143406 0.0001282431
753 0.0089066936 0.0107328330 0.0937629987 0.0034240311 0.0076296274 -0.0580156865 0.0230463992
754 0.0090124566 0.0102188526 0.0943823693 0.0087589873 0.0056764428 -0.0934171575 0.0352892958
755 0.0091202009 0.0096983335 0.0950060168 0.0029407188 0.0346079897 0.0417493210 0.0034567666
756 0.0092299727 0.0091711703 0.0956340021 0.0099382627 0.0887783441 -0.0453505051 0.0262139334
757 0.0093418195 0.0086372553 0.0962663871 0.0675932315 -0.0459303568 0.2558977020 0.0284597810
758 0.0094557899 0.0080964787 0.0969032348 0.0041045258 0.0574968719 -0.0282601398 0.0181062692
759 0.0095719342 0.0075487281 0.0975446097 0.0742502268 0.2660603656 0.0588396863 0.0683263378
760 0.0096903039 0.0069938891 0.0981905772 0.0184313077 -0.0779137547 -0.1111789300 0.0510448985
761 0.0098109522 0.0064318444 0.0988412039 0.0027400233 -0.0135196997 0.0505691702 0.0027282534
762 0.0099339337 0.0058624744 0.0994965580 0.0018825684 0.0375377667 0.0217596973 0.0070463437
763 0.0100593045 0.0052856569 0.1001567087 0.0164890304 0.1126438185 -0.0616473891 0.0377063410
764 0.0101871225 0.0047012670 0.1008217267 0.0091188788 0.0415051729 0.0860011597 0.0015741767
765 0.0103174472 0.0041091770 0.1014916839 0.0028755976 -0.0532547990 0.0062868130 0.0123545932
766 0.0104503400 0.0035092565 0.1021666537 0.0020233370 0.0449232459 -0.0022888882 0.0126260788
767 0.0105858639 0.0029013721 0.1028467110 0.0010926431 0.0194402905 0.0267342143 0.0060666480
768 0.0107240840 0.0022853877 0.1035319321 0.0001370739 -0.0116885891 -0.0006714072 0.0110536080
769 0.0108650670 0.0016611638 0.1042223947 0.0006086639 -0.0241706595 -0.0049439985 0.0125845845
770 0.0110088821 0.0010285580 0.1049181783 0.0026739950 -0.0406811731 -0.0319223609 0.0204650348
771 0.0111556001 0.0003874247 0.1056193637 0.0072601119 0.0762047182 0.0381176183 0.0103047476
772 0.0113052943 -0.0002623852 0.1063260336 0.0007103603 0.0190435499 -0.0186468093 0.0159909306
773 0.0114580400 -0.0009210239 0.1070382721 0.1572097426 -0.1120944853 0.3803216651 0.0870433514
774 0.0116139149 -0.0015886473 0.1077561652 0.0050096962 0.0691549425 0.0150761437 0.0135942419
775 0.0117729993 -0.0022654148 0.1084798007 0.0297462516 -0.1174657430 -0.1262855922 0.0683859053
776 0.0119353755 -0.0029514895 0.1092092680 0.0230832275 -0.1292458876 -0.0798669393 0.0517000872
777 0.0121011288 -0.0036470382 0.1099446586 0.0388858955 -0.0427259133 -0.1925107578 0.0930064373
778 0.0122703470 -0.0043522318 0.1106860656 0.0275324791 0.0995818964 0.1327249977 0.0112880175
779 0.0124431207 -0.0050672449 0.1114335843 0.0399952960 -0.1997436445 -0.0098879971 0.0526178267
780 0.0126195432 -0.0057922565 0.1121873120 0.0483008832 -0.1810357982 -0.1246070742 0.0867818803
781 0.0127997110 -0.0065274496 0.1129473480 0.0047640700 -0.0598773156 0.0343333232 0.0090263731
782 0.0129837236 -0.0072730118 0.1137137936 0.0011609402 0.0318918424 0.0119937742 0.0118808481
783 0.0131716835 -0.0080291350 0.1144867525 0.0009260342 0.0296029542 -0.0070497757 0.0161873018
784 0.0133636968 -0.0087960158 0.1152663304 0.0044592304 -0.0083315531 0.0662556841 0.0024022592
785 0.0135598729 -0.0095738555 0.1160526356 0.0070107732 0.0693990905 -0.0468459120 0.0327726630
786 0.0137603248 -0.0103628602 0.1168457785 0.0026578085 0.0236518448 -0.0458082827 0.0276133438
787 0.0139651692 -0.0111632414 0.1176458720 0.0198630297 0.0124515519 -0.1403851436 0.0671376635
788 0.0141745265 -0.0119752153 0.1184530316 0.0050393774 -0.0250862148 -0.0664082766 0.0343456016
789 0.0143885213 -0.0127990038 0.1192673753 0.0232648539 -0.1465193640 -0.0423902097 0.0440143095
790 0.0146072823 -0.0136348342 0.1200890237 0.0060340347 0.0724509415 -0.0280159917 0.0293458564
791 0.0148309425 -0.0144829395 0.1209181001 0.0488271004 -0.2175969726 -0.0384533219 0.0666545606
792 0.0150596393 -0.0153435583 0.1217547308 0.0041692576 0.0136417737 0.0631122776 0.0042790868
793 0.0152935148 -0.0162169357 0.1225990448 0.0177767584 -0.1065095981 0.0802026429 0.0099502198
794 0.0155327160 -0.0171033226 0.1234511741 0.0010954605 0.0149845882 -0.0295113987 0.0244271827
795 0.0157773950 -0.0180029766 0.1243112537 0.0075107601 0.0071718497 0.0863673818 0.0020735093
796 0.0160277088 -0.0189161616 0.1251794219 0.0198631722 -0.1221961119 -0.0702230903 0.0488488899
797 0.0162838203 -0.0198431485 0.1260558202 0.0624514285 -0.1973632008 0.1532944731 0.0322553132
798 0.0165458978 -0.0207842153 0.1269405933 0.0509256892 -0.1583300272 0.1608020264 0.0200654470
799 0.0168141156 -0.0217396472 0.1278338895 0.0168554528 0.1243934446 0.0371715445 0.0295745413
800 0.0170886539 -0.0227097367 0.1287358606 0.0083628819 -0.0845973083 -0.0347300638 0.0305511799
801 0.0173696998 -0.0236947844 0.1296466619 0.0061771961 0.0237434004 0.0749229408 0.0052450670
802 0.0176574465 -0.0246950985 0.1305664528 0.0024266169 0.0381786554 0.0311288797 0.0138409399
803 0.0179520945 -0.0257109957 0.1314953963 0.0048427380 0.0682699057 -0.0134891812 0.0298529375
804 0.0182538516 -0.0267428011 0.1324336595 0.0092751652 -0.0943937498 -0.0191045869 0.0275404910
805 0.0185629328 -0.0277908486 0.1333814136 0.0147076602 0.0730918302 0.0967741935 0.0115174034
806 0.0188795612 -0.0288554813 0.1343388342 0.0304459746 0.1675160985 0.0488296152 0.0458736239
807 0.0192039680 -0.0299370515 0.1353061011 0.0046856292 0.0175481429 -0.0661641285 0.0428450971
808 0.0195363932 -0.0310359213 0.1362833987 0.0001277191 -0.0083925901 0.0075685904 0.0170802223
809 0.0198770853 -0.0321524630 0.1372709163 0.0030209338 -0.0169682913 -0.0522782067 0.0361594291
810 0.0202263026 -0.0332870589 0.1382688478 0.0042496840 -0.0633564257 0.0153508103 0.0160130108
811 0.0205843126 -0.0344401024 0.1392773921 0.0563182783 -0.2368236335 -0.0152592547 0.0648406689
812 0.0209513934 -0.0356119979 0.1402967535 0.1010145675 -0.3170567949 0.0221259194 0.0931755199
813 0.0213278336 -0.0368031611 0.1413271414 0.0005208395 0.0028382214 -0.0226447340 0.0284582151
814 0.0217139326 -0.0380140199 0.1423687709 0.0457453345 0.1744438002 0.1237525559 0.0454848888
815 0.0221100018 -0.0392450143 0.1434218626 0.0512046252 0.1680349132 0.1515549181 0.0430311149
816 0.0225163645 -0.0404965971 0.1444866433 0.0110733283 -0.0558183538 -0.0892056032 0.0548468223
817 0.0229333565 -0.0417692344 0.1455633455 0.0759668494 -0.2052674947 -0.1839350566 0.1353008782
818 0.0233613272 -0.0430634058 0.1466522085 0.0117992696 0.0300912503 0.1043733024 0.0071391096
819 0.0238006396 -0.0443796053 0.1477534778 0.0231693083 0.1205786309 0.0928983428 0.0302203055
820 0.0242516712 -0.0457183414 0.1488674058 0.0127545380 -0.0414746544 0.1050447096 0.0019384376
821 0.0247148149 -0.0470801380 0.1499942517 0.1464668593 -0.3825495163 0.0110782189 0.1318373679
822 0.0251904793 -0.0484655347 0.1511342823 0.0382497876 0.0256660665 0.1938840907 0.0073230404
823 0.0256790898 -0.0498750874 0.1522877717 0.0026736345 0.0047914060 0.0514847255 0.0131496796
824 0.0261810889 -0.0513093692 0.1534550018 0.0066037567 -0.0775475326 0.0242927335 0.0173713328
825 0.0266969380 -0.0527689707 0.1546362626 0.3619721596 0.0631733146 0.5983153783 0.2102937712
826 0.0272271171 -0.0542545008 0.1558318524 0.0151398184 -0.0494399854 0.1126743370 0.0018857507
827 0.0277721267 -0.0557665876 0.1570420784 0.0207201092 0.0912808618 0.1113010041 0.0237151983
828 0.0283324882 -0.0573058788 0.1582672565 0.0390470251 0.0349131748 -0.1944944609 0.1329451831
829 0.0289087454 -0.0588730425 0.1595077121 0.2509184004 -0.0507827998 0.4983367412 0.1148705630
830 0.0295014650 -0.0604687684 0.1607637804 0.0799465285 0.0850245674 -0.2696615497 0.2064342756
831 0.0301112386 -0.0620937682 0.1620358064 0.1617508348 0.1005279702 -0.3894161809 0.3305451241
832 0.0307386831 -0.0637487766 0.1633241457 0.1170378570 -0.0803857540 0.3325296793 0.0289073016
833 0.0313844426 -0.0654345524 0.1646291648 0.1172397410 -0.2294076357 0.2541886654 0.0349080762
834 0.0320491894 -0.0671518792 0.1659512415 0.3072205099 0.2894375439 -0.4727011933 0.5350329490
835 0.0327336260 -0.0689015666 0.1672907651 0.0778216776 0.1134372997 -0.2548600726 0.2114587919
836 0.0334384859 -0.0706844513 0.1686481373 0.1299186146 -0.1767021699 0.3141575365 0.0324127419
837 0.0341645359 -0.0725013981 0.1700237724 0.0187840574 -0.1185949278 0.0686971648 0.0123916949
838 0.0349125776 -0.0743533009 0.1714180979 0.4581399227 -0.5326700644 0.4176152837 0.2706673100
839 0.0356834494 -0.0762410844 0.1728315552 0.0075769588 -0.0199896237 0.0847193823 0.0109279818
840 0.0364780281 -0.0781657049 0.1742645996 0.3624590102 0.4212469863 -0.4301278726 0.6147032966
841 0.0372972315 -0.0801281521 0.1757177018 0.0065479438 -0.0803857540 -0.0092776269 0.0342233380
842 0.0381420202 -0.0821294502 0.1771913475 0.0907175030 0.2617267373 -0.1490524003 0.2246720607
843 0.0390134005 -0.0841706595 0.1786860390 0.0562496253 -0.2370372631 0.0079348125 0.0525241799
844 0.0399124261 -0.0862528779 0.1802022952 0.2917127967 0.2744224372 -0.4651936399 0.5466225960
845 0.0408402019 -0.0883772429 0.1817406526 0.0140245744 0.1122470779 -0.0377513962 0.0884268776
846 0.0417978857 -0.0905449329 0.1833016661 0.0185135960 -0.1358989227 0.0067140721 0.0332401628
847 0.0427866921 -0.0927571693 0.1848859098 0.0296109156 0.1213721122 -0.1219824824 0.1400195593
848 0.0438078954 -0.0950152184 0.1864939777 0.1612684398 -0.3964354381 0.0640888699 0.1058371592
849 0.0448628332 -0.0973203935 0.1881264847 0.0000746417 -0.0038148137 -0.0077517014 0.0471115572
850 0.0459529099 -0.0996740568 0.1897840674 0.0926018736 -0.3038422803 0.0167851802 0.0716132785
851 0.0470796007 -0.1020776222 0.1914673856 0.0002252672 -0.0012817774 -0.0149540696 0.0527696195
852 0.0482444561 -0.1045325572 0.1931771224 0.1046650682 -0.3204748680 0.0442823572 0.0688007327
853 0.0494491062 -0.1070403857 0.1949139863 0.0089519580 0.0685750908 -0.0651875362 0.0984935976
854 0.0506952654 -0.1096026905 0.1966787118 0.0039554287 -0.0626545000 0.0054628132 0.0387676525
855 0.0519847379 -0.1122211165 0.1984720607 0.0169157130 -0.0036622211 0.1300088504 0.0164722449
856 0.0533194227 -0.1148973734 0.2002948234 0.0430447226 0.1930906095 0.0758995331 0.1103307858
857 0.0547013202 -0.1176332389 0.2021478205 0.0159478468 -0.0586870937 -0.1118198187 0.1020503265
858 0.0561325382 -0.1204305623 0.2040319040 0.0902480366 -0.1641590625 -0.2515945921 0.2095076857
859 0.0576152986 -0.1232912678 0.2059479591 0.0050809243 0.0546891690 0.0457167272 0.0573510836
860 0.0591519449 -0.1262173586 0.2078969053 0.0161498220 -0.1103549303 -0.0630207221 0.0736479775
861 0.0607449501 -0.1292109206 0.2098796990 0.0002264006 0.0054933317 0.0140079958 0.0565109597
862 0.0623969250 -0.1322741268 0.2118973345 0.0083599732 0.0483413190 0.0776085696 0.0506554117
863 0.0641106276 -0.1354092421 0.2139508466 0.0001748385 0.0127567370 0.0034791101 0.0662515092
864 0.0658889724 -0.1386186275 0.2160413121 0.0163718191 -0.0538651692 0.1160618915 0.0171790332
865 0.0677350415 -0.1419047461 0.2181698525 0.0000496360 -0.0044862209 0.0054322947 0.0641411196
866 0.0696520955 -0.1452701677 0.2203376362 0.0056436498 0.0092165899 -0.0745567186 0.1108288388
867 0.0716435862 -0.1487175751 0.2225458809 0.0117751934 -0.0248725852 -0.1056245613 0.1230334206
868 0.0737131695 -0.1522497703 0.2247958562 0.0076131224 0.0069277017 0.0869777520 0.0443312974
869 0.0758647199 -0.1558696808 0.2270888869 0.0154656764 0.1178319651 0.0397656178 0.1100025981
870 0.0781023460 -0.1595803671 0.2294263552 0.0327625154 -0.0286873989 -0.1787163915 0.1837134708
871 0.0804304073 -0.1633850297 0.2318097050 0.0137095567 0.0645466475 0.0976897488 0.0699410121
872 0.0828535320 -0.1672870175 0.2342404444 0.0049906783 0.0421765801 -0.0566728721 0.1285055564
873 0.0853766374 -0.1712898364 0.2367201499 0.0640013705 0.0771202734 -0.2409436323 0.2898702715
874 0.0880049506 -0.1753971582 0.2392504702 0.0002453849 -0.0017700735 -0.0155644398 0.0950770029
875 0.0907440320 -0.1796128308 0.2418331305 0.0046658318 -0.0618915372 -0.0289010285 0.0871552878
876 0.0935998006 -0.1839408887 0.2444699369 0.0415848515 0.1266518143 -0.1598254341 0.2599225742
877 0.0965785612 -0.1883855639 0.2471627814 0.0137949670 0.1076387829 0.0469985046 0.1276961517
878 0.0996870347 -0.1929512988 0.2499136471 0.0255813063 0.1544541765 -0.0415356914 0.2056332811
879 0.1029323903 -0.1976427585 0.2527246136 0.0050468191 -0.0313425092 0.0637531663 0.0633659808
880 0.1063222813 -0.2024648454 0.2555978633 0.0011029255 -0.0271004364 -0.0191961425 0.1062644215
881 0.1098648841 -0.2074227140 0.2585356877 0.0022901176 -0.0330515458 0.0346079897 0.0805489182
882 0.1135689402 -0.2125217874 0.2615404943 0.0035092681 0.0563676870 -0.0182195502 0.1505672319
883 0.1174438036 -0.2177677746 0.2646148143 0.0020967260 -0.0439771722 0.0127567370 0.0936356646
884 0.1214994909 -0.2231666898 0.2677613106 0.0662320783 -0.1884212775 0.1752983184 0.0097566486
885 0.1257467379 -0.2287248724 0.2709827867 0.0220314337 0.1186559648 -0.0891750847 0.2503871384
886 0.1301970610 -0.2344490096 0.2742821958 0.0078618352 0.0212103641 -0.0860927152 0.1952317918
887 0.1348628246 -0.2403461600 0.2776626514 0.0608275787 0.2356944487 -0.0726340526 0.3493224419
888 0.1397573159 -0.2464237798 0.2811274384 0.0054656325 -0.0284432508 -0.0682393872 0.1695726899
889 0.1448948268 -0.2526897510 0.2846800248 0.0132338482 0.0198370312 -0.1133152257 0.2326710664
890 0.1502907446 -0.2591524114 0.2883240751 0.0055659420 -0.0307016205 -0.0679952391 0.1791532176
891 0.1559616527 -0.2658205889 0.2920634643 0.0262686820 0.0953703421 0.1310464797 0.1563853580
892 0.1619254408 -0.2727036367 0.2959022935 0.0057334413 -0.0169682913 0.0737937559 0.1147327694
893 0.1682014286 -0.2798114733 0.2998449067 0.0087432908 0.0933256020 0.0057985168 0.2256945563
894 0.1748105023 -0.2871546252 0.3038959089 0.0133330736 -0.1154210028 -0.0033265175 0.1238780564
895 0.1817752661 -0.2947442746 0.3080601868 0.0004964774 -0.0126956999 -0.0183111057 0.1860696190
896 0.1891202120 -0.3025923099 0.3123429301 0.0010102132 0.0216986602 -0.0232245857 0.2177701909
897 0.1968719078 -0.3107113827 0.3167496558 0.0139933099 0.0104373302 0.1178319651 0.1427047435
898 0.2050592084 -0.3191149697 0.3212862347 0.0033746950 0.0113223670 0.0569780572 0.1790476461
899 0.2137134917 -0.3278174401 0.3259589201 0.0185524978 -0.0788598285 -0.1110568560 0.2529626810
900 0.2228689224 -0.3368341311 0.3307743802 0.0601291271 -0.1648915067 0.1814935759 0.0518490246
901 0.2325627500 -0.3461814295 0.3357397324 0.0329968961 -0.1706595050 -0.0622272408 0.1891856577
902 0.2428356420 -0.3558768632 0.3408625827 0.0005593716 0.0145878475 -0.0186162908 0.2664691624
903 0.2537320614 -0.3659392017 0.3461510683 0.0116961175 0.0049439985 0.1080355235 0.1942533609
904 0.2653006917 -0.3763885669 0.3516139053 0.0390000398 0.1372417371 -0.1420026246 0.5074733678
905 0.2775949188 -0.3872465574 0.3572604408 0.0105394634 0.0932645650 -0.0429090243 0.3910265396
906 0.2906733773 -0.3985363852 0.3631007119 0.0014275327 0.0002441481 -0.0377819147 0.3197327940
907 0.3046005716 -0.4102830288 0.3691455104 0.0158186990 -0.1156346324 -0.0494705039 0.2620570449
908 0.3194475834 -0.4225134036 0.3754064560 0.0048290253 -0.0557573168 -0.0414746544 0.3082998874
909 0.3352928804 -0.4352565530 0.3818960767 0.0010676030 0.0050050356 -0.0322885830 0.3653791988
910 0.3522232409 -0.4485438615 0.3886279007 0.0009856695 0.0295113987 0.0107119968 0.3713572622
911 0.3703348167 -0.4624092950 0.3956165576 0.0862248007 -0.1077913755 -0.2731406598 0.5729900846
912 0.3897343553 -0.4768896705 0.4028778941 0.0122749521 0.0735496078 -0.0828577532 0.5389225182
913 0.4105406107 -0.4920249608 0.4104291032 0.0205348160 -0.1238135929 0.0721457564 0.2500152341
914 0.4328859765 -0.5078586388 0.4182888709 0.0004621318 -0.0172124393 0.0128788110 0.4050910097
915 0.4569183813 -0.5244380679 0.4264775425 0.0204653872 -0.1083712271 0.0933866390 0.2840611660
916 0.4828034969 -0.5418149461 0.4350173113 0.0962918955 -0.2832728050 -0.1266823328 0.3823505289
917 0.5107273169 -0.5600458116 0.4439324339 0.0027209700 -0.0337229530 -0.0397961364 0.5110090812
918 0.5408991810 -0.5791926215 0.4532494768 0.0016398313 -0.0171514023 -0.0366832484 0.5559244072
919 0.5735553320 -0.5993234153 0.4629975981 0.0094615874 -0.0320749535 0.0918301950 0.4595360586
920 0.6089631177 -0.6205130783 0.4732088729 0.0309794389 0.0018311106 0.1760002441 0.4756452584
921 0.6474259710 -0.6428442223 0.4839186676 0.1098170270 0.3313394574 0.0055848872 1.1778370472
922 0.6892893398 -0.6664082069 0.4951660748 0.0023158749 0.0476088748 0.0070192572 0.7481077085
923 0.7349477761 -0.6913063261 0.5069944176 0.0107195932 0.0861232337 0.0574663533 0.8064722012
924 0.7848534500 -0.7176511939 0.5194518398 0.0431953145 -0.2030091250 0.0445265053 0.4904105324
925 0.8395264254 -0.7455683679 0.5325919960 0.0023262440 0.0399182104 0.0270699179 0.8725417361
926 0.8995671221 -0.7751982612 0.5464748649 0.0017655079 -0.0235602893 0.0347911008 0.8267799152
927 0.9656715125 -0.8066984023 0.5611677113 0.0596102733 -0.2265694143 0.0909756767 0.5576301921
928 1.0386497572 -0.8402461220 0.5767462281 0.0002205283 0.0144657735 0.0033570360 1.0593075899
929 1.1194491928 -0.8760417606 0.5932959013 0.0194712338 -0.1345561083 -0.0369579150 0.9470208455
930 1.2091828717 -0.9143125208 0.6109136486 0.0100212374 -0.0224005860 -0.0975676748 1.2974526851
931 1.3091652320 -0.9553171211 0.6297097984 0.0000875888 -0.0054628132 -0.0075991089 1.3083858495
932 1.4209570010 -0.9993514503 0.6498104953 0.0179105762 -0.0013428144 0.1338236641 1.2622636473
933 1.5464221581 -1.0467554853 0.6713606424 0.0037853542 -0.0608539079 -0.0090639973 1.4349796106
934 1.6878007908 -1.0979218128 0.6945275256 0.0100648083 -0.0301828059 -0.0956755272 1.7644874516
935 1.8478031033 -1.1533062072 0.7195053131 0.0026134898 0.0290231025 0.0420850246 1.8568008441
936 2.0297318705 -1.2134408672 0.7465206845 0.0078294362 0.0596331675 -0.0653706473 2.2798850325
937 2.2376435862 -1.2789511240 0.7758399376 0.0020420941 -0.0231330302 0.0388195441 2.1202781451
938 2.4765628840 -1.3505767342 0.8077780444 0.0008145779 -0.0278328806 -0.0063173315 2.4124025831
939 2.7527712870 -1.4291992932 0.8427103104 0.0649196464 -0.1803338725 -0.1799981689 2.6055974727
940 3.0742011630 -1.5158779257 0.8810875537 0.0533181608 0.0381786554 0.2277291177 2.8419691031
941 3.4509809456 -1.6118963233 0.9234561108 0.0327429462 0.0125125889 0.1805169836 3.1906628607
942 3.8962016310 -1.7188255740 0.9704845580 0.0158015690 -0.0701010163 -0.1043427839 3.8735464820
943 4.4270131556 -1.8386093351 1.0229999358 0.0299297231 -0.1716666158 0.0214545122 3.7817912649
944 5.0662230060 -1.9736812036 1.0820376669 0.0137426384 0.0272530290 -0.1140171514 5.4342849314
945 5.8446775444 -2.1271294391 1.1489116127 0.1374587690 -0.0279244362 0.3697012238 5.0138304745
946 6.8048955528 -2.3029329334 1.2253144319 0.3101318297 0.0376598407 -0.5556199835 8.6501019262
947 8.0067652112 -2.5063071731 1.3134647179 0.0917417987 0.1145970031 -0.2803735466 9.4094591141
948 9.5367575310 -2.7442250480 1.4163284990 0.0540245301 0.0130924406 0.2320627461 9.0052851062
949 11.5233683694 -3.0262250820 1.5379629783 0.0113579951 -0.0741904965 -0.0765099033 11.3210308789
950 14.1640988445 -3.3657108907 1.6840691923 0.0141004306 -0.0177922910 0.1174047060 13.6629965631
951 17.7749681747 -3.7821294426 1.8629184238 0.0322157156 0.0209662160 0.1782586138 17.3016152642
952 22.8868907565 -4.3048095809 2.0869847217 0.0024524971 -0.0495010224 0.0014648885 22.4570439033
953 30.4473030987 -4.9801519910 2.3760027873 0.0392982442 -0.0943937498 0.1743217261 28.7180330865
954 42.2819487541 -5.8861658658 2.7631504039 0.0845166741 0.1684011353 -0.2369762261 45.6585413664
955 62.2843579829 -7.1649078685 3.3088446955 0.0111940453 -0.1026947844 0.0254524369 60.6555183691
956 100.0102585360 -9.1051880850 4.1359168843 0.4407116417 0.5048371838 -0.4311044649 113.2102696685
957 184.3843475981 -12.3980599999 5.5382719179 0.0202229715 -0.0760216071 0.1201818903 181.1883297009
958 440.2665086896 -19.2111886051 8.4378161316 0.3560795502 0.5932493057 0.0643024995 462.3314915086
959 2058.6679652466 -41.6556596225 17.9853825830 0.2059927487 0.4022644734 -0.2101809748 2099.9475124455
960 96950.3976618345 286.6288936554 -121.6317186580 0.1262923019 -0.3202917570 0.1539658803 97171.5879672925
961 1266.9536563250 32.8526041754 -13.6989070812 0.0365031783 -0.1901608325 0.0184942167 1279.9914177392
962 361.3308549660 17.5900181705 -7.2057002247 0.2354291955 0.4568926054 -0.1633350627 343.1388987047
963 169.7637671288 12.0876187248 -4.8634597451 0.0732394846 0.2466811121 -0.1113010041 162.7908162485
964 98.9671395893 9.2522743870 -3.6554833137 0.0001203379 0.0060426649 -0.0091555528 98.7885071990
965 65.1221708639 7.5237182696 -2.9181902377 0.0106625369 -0.0533463546 -0.0884121220 65.4195525033
966 46.3132672887 6.3601350810 -2.4211462245 0.8031120672 -0.8935819575 -0.0679952391 58.1537304337
967 34.7688278700 5.5237590740 -2.0632289167 0.1493327734 -0.3800469985 0.0699789422 39.4055019108
968 27.1647663246 4.8938357147 -1.7930806791 0.0496413244 -0.1915646840 -0.1137730033 28.6813714852
969 21.8844912723 4.4025270407 -1.5818492115 0.0123272202 0.1087069308 -0.0225836970 20.8682000815
970 18.0643411582 4.0087877790 -1.4120770876 0.0343019012 0.0990936003 0.1564683981 17.7460435116
971 15.2084709239 3.6863269516 -1.2725818363 0.0152332963 0.0723288675 0.1000091556 14.9449881829
972 13.0155112271 3.4175251519 -1.1558689645 0.1401391598 0.2918485061 0.2344431898 11.7028223805
973 11.2936139292 3.1901318601 -1.0567273274 0.0010168586 0.0218512528 0.0232245857 11.2042981412
974 9.9158725226 2.9953653715 -0.9714210281 0.0618908703 -0.0913724174 -0.2313913388 10.0755941182
975 8.7955789612 2.8267663240 -0.8972018227 0.0118698244 0.0828577532 0.0707419050 8.4659493047
976 7.8718298272 2.6794777412 -0.8320029216 0.0300842203 -0.0798669393 -0.1539658803 8.0737172952
977 7.1008118360 2.5497772796 -0.7742400534 0.0038930933 0.0616779077 0.0094302194 6.8047775813
978 6.4503411951 2.4347642939 -0.7226783712 0.0064729380 0.0754417554 -0.0279549547 6.0490434661
979 5.8963378872 2.3321450624 -0.6763411086 0.0244660046 0.1307718131 0.0858180486 5.4269307637
980 5.4204885758 2.2400820366 -0.6344454627 0.0123402651 0.0340281381 0.1057466353 5.4145581452
981 5.0086608846 2.1570859018 -0.5963566857 0.0575908741 0.0971709342 -0.2194280831 4.3853248455
982 4.6498048793 2.0819369066 -0.5615546243 0.0776944884 -0.0086367382 0.2786034730 5.0763637929
983 4.3351777198 2.0136266019 -0.5296089386 0.0120819367 0.0874965667 -0.0665303507 3.9244186913
984 4.0577871064 1.9513140692 -0.5001604840 0.0013390153 0.0288399915 0.0225226600 3.9691042486
985 3.8119856197 1.8942926012 -0.4729071374 0.0376438899 0.1839045381 -0.0618305002 3.0944113282
986 3.5931708919 1.8419640353 -0.4475928783 0.0370487766 -0.0003662221 -0.1924802393 3.4592632359
987 3.3975611500 1.7938187636 -0.4239992847 0.0140517595 0.0642109439 0.0996429334 3.2657443824
988 3.2220252020 1.7494200095 -0.4019388418 0.0343700735 -0.1622669149 0.0896633808 3.8962196420
989 3.0639522600 1.7083913427 -0.3812496297 0.0144152471 -0.0504470962 -0.1089510788 3.1676591549
990 2.9211512626 1.6704066828 -0.3617910677 0.0068391936 -0.0126346629 0.0817285684 3.0293378390
991 2.7917722873 1.6351822298 -0.3434404788 0.0036590731 0.0594500565 -0.0111697745 2.5933357032
992 2.6742446727 1.6024699036 -0.3260902953 0.0003675940 0.0108035524 0.0158391064 2.6503174896
993 2.5672279062 1.5720519722 -0.3096457699 0.0092530422 0.0902127140 -0.0333872494 2.2721663573
994 2.4695723471 1.5437366259 -0.2940230891 0.0195515168 0.0917996765 -0.1054719687 2.1436724300
995 2.3802875964 1.5173543086 -0.2791478075 0.0060495338 0.0497146519 -0.0598162786 2.2020724815
996 2.2985168544 1.4927546599 -0.2649535424 0.0182602533 0.1030304880 0.0874355296 2.0555113321
997 2.2235160042 1.4698039523 -0.2513808782 0.0031615535 -0.0559404279 -0.0056764428 2.3882665833
998 2.1546364513 1.4483829338 -0.2383764429 0.0140476791 -0.0534684286 0.1057771538 2.3739992128
999 2.0913109662 1.4283850020 -0.2258921255 0.0008121219 -0.0025635548 0.0283822138 2.1122692117
1000 2.0330419461 1.4097146539 -0.2138844094 0.0366989012 0.0612201300 -0.1815240944 1.8194846711
1001 1.9793916342 1.3922861629 -0.2023138030 0.0069660866 0.0762657552 0.0339060640 1.7877095390
1002 1.9299739332 1.3760224456 -0.1911443498 0.0071170623 -0.0729392376 0.0423902097 2.1540283499
1003 1.8844475247 1.3608540894 -0.1803432066 0.0149946573 0.0925321207 -0.0802026429 1.6186687486
1004 1.8425100623 1.3467185131 -0.1698802776 0.0610229738 0.1990417188 -0.1463057344 1.3177177833
1005 1.8038932532 1.3335592421 -0.1597278967 0.0056336133 0.0068971831 0.0747398297 1.8150073334
1006 1.7683586787 1.3213252795 -0.1498605499 0.0060660555 0.0413830988 -0.0659810175 1.6452877618
1007 1.7356942305 1.3099705602 -0.1402546322 0.0580921136 0.2376171148 0.0403759880 1.1825693329
1008 1.7057110641 1.2994534753 -0.1308882332 0.0036740795 0.0239875484 0.0556657613 1.6616157235
1009 1.6782409882 1.2897364574 -0.1217409486 0.0044375572 -0.0033570360 -0.0665303507 1.6751389930
1010 1.6531342223 1.2807856186 -0.1127937123 0.0139988749 -0.1106601154 -0.0418713950 1.9411512056
1011 1.6302574684 1.2725704338 -0.1040286469 0.0235840246 0.1148106326 0.1019928587 1.3828526180
1012 1.6094922495 1.2650634643 -0.0954289307 0.0306413733 0.1662038026 0.0549333171 1.2301013617
1013 1.5907334788 1.2582401156 -0.0869786771 0.0765509734 0.2472914823 0.1240882595 1.0665663909
1014 1.5738882260 1.2520784263 -0.0786628269 0.0049330027 -0.0075685904 0.0698263497 1.6087596422
1015 1.5588746571 1.2465588843 -0.0704670494 0.0345290265 0.1474349193 -0.1131015961 1.2098911950
1016 1.5456211220 1.2416642664 -0.0623776531 0.2369154014 0.0203863643 -0.4863124485 1.6712404247
1017 1.5340653756 1.2373795003 -0.0543815033 0.0435937205 0.1514328440 -0.1437421796 1.1872654707
1018 1.5241539146 1.2336915459 -0.0464659458 0.0016209616 -0.0353404340 0.0192876980 1.6147657077
1019 1.5158414174 1.2305892940 -0.0386187366 0.1097393006 0.2770470290 -0.1816156499 0.9296909684
1020 1.5090902788 1.2280634816 -0.0308279752 0.1216937389 -0.0464186529 -0.3457441939 1.7234769359
1021 1.5038702282 1.2261066216 -0.0230820422 0.0414735097 -0.0356456191 -0.2005066073 1.6234981930
1022 1.5001580265 1.2247129475 -0.0153695399 0.0086366162 0.0254219184 0.0893887143 1.4492732643
1023 1.4979372359 1.2238783703 -0.0076792342 0.0560111410 0.1622058779 -0.1723380230 1.1542609979
